0.0	0.0
2.425	0.385855
4.85	0.613854
7.275	0.796045
9.7	0.904079
12.125	1.19826
14.55	1.38809
16.975	1.66192
19.4	1.89109
21.825	2.13708
24.25	2.31547
26.675	2.50376
29.1	2.71006
31.525	2.98284
33.95	3.14802
36.375	3.34872
38.8	3.44802
41.225	3.66819
43.65	3.97021
46.075	4.18669
48.5	4.41039
50.925	4.65845
53.35	4.92872
55.775	5.16553
58.2	5.45409
60.625	5.71547
63.05	5.96571
65.475	6.20329
67.9	6.43319
70.325	6.58657
72.75	6.94007
75.175	7.24461
77.6	7.31131
80.025	7.53005
82.45	7.71407
84.875	7.93534
87.3	8.06702
89.725	8.28902
92.15	8.49945
94.575	8.64347
97.0	8.85769
99.425	9.10587
101.85	9.28143
104.275	9.46299
106.7	9.67646
109.125	9.91447
111.55	10.2246
113.975	10.3849
116.4	10.6004
118.825	10.8026
121.25	11.0752
123.675	11.2021
126.1	11.3885
128.525	11.5409
130.95	11.7496
133.375	11.932
135.8	12.1116
138.225	12.2501
140.65	12.4249
143.075	12.6352
145.5	12.7708
147.925	12.9906
150.35	13.2049
152.775	13.4179
155.2	13.5713
157.625	13.7052
160.05	13.8473
162.475	14.0131
164.9	14.202
167.325	14.3635
169.75	14.5216
172.175	14.7157
174.6	14.8528
177.025	15.0788
179.45	15.2251
181.875	15.356
184.3	15.6191
186.725	15.7454
189.15	15.8926
191.575	16.0016
194.0	16.0944
196.425	16.3376
198.85	16.4514
201.275	16.5664
203.7	16.7109
206.125	16.9167
208.55	17.1033
210.975	17.2139
213.4	17.3938
215.825	17.6843
218.25	17.828
220.675	18.0657
223.1	18.29
225.525	18.3418
227.95	18.4631
230.375	18.6239
232.8	18.8699
235.225	18.9397
237.65	19.084
240.075	19.1889
242.5	19.2878
244.925	19.4331
247.35	19.6236
249.775	19.7868
252.2	19.9029
254.625	20.039
257.05	20.2542
259.475	20.4114
261.9	20.5264
264.325	20.6556
266.75	20.9038
269.175	21.0175
271.6	21.1226
274.025	21.2711
276.45	21.4577
278.875	21.6424
281.3	21.8045
283.725	21.9488
286.15	22.0932
288.575	22.1609
291.0	22.2852
293.425	22.4689
295.85	22.6211
298.275	22.7522
300.7	22.8287
303.125	22.9634
305.55	23.0886
307.975	23.1585
310.4	23.3287
312.825	23.4669
315.25	23.5821
317.675	23.5919
320.1	23.7694
322.525	23.8122
324.95	24.0521
327.375	24.2201
329.8	24.4072
332.225	24.4612
334.65	24.5287
337.075	24.5831
339.5	24.7567
341.925	24.8349
344.35	24.9532
346.775	25.1174
349.2	25.2569
351.625	25.3856
354.05	25.4731
356.475	25.5022
358.9	25.7317
361.325	25.8932
363.75	25.9713
366.175	26.0836
368.6	26.1846
371.025	26.2743
373.45	26.3235
375.875	26.3962
378.3	26.4533
380.725	26.6607
383.15	26.8359
385.575	26.8608
388.0	26.9631
390.425	27.0546
392.85	27.2539
395.275	27.3635
397.7	27.5669
400.125	27.6722
402.55	27.7988
404.975	27.8393
407.4	27.9256
409.825	27.9676
412.25	28.0233
414.675	28.1466
417.1	28.2121
419.525	28.2412
421.95	28.3925
424.375	28.4165
426.8	28.4608
429.225	28.528
431.65	28.5609
434.075	28.6875
436.5	28.8156
438.925	28.8952
441.35	28.9421
443.775	29.0962
446.2	29.1676
448.625	29.2344
451.05	29.3453
453.475	29.4128
455.9	29.5288
458.325	29.5631
460.75	29.584
463.175	29.5853
465.6	29.6245
468.025	29.7075
470.45	29.8178
472.875	29.8801
475.3	29.8238
477.725	29.8843
480.15	29.9649
482.575	29.9931
485.0	30.0787
487.425	30.1198
489.85	30.2225
492.275	30.2021
494.7	30.2574
497.125	30.3558
499.55	30.3449
501.975	30.377
504.4	30.4106
506.825	30.5043
509.25	30.5626
511.675	30.6053
514.1	30.6741
516.525	30.7167
518.95	30.7252
521.375	30.7231
523.8	30.8013
526.225	30.8568
528.65	30.915
531.075	31.1138
533.5	31.1054
535.925	31.1125
538.35	31.1809
540.775	31.2075
543.2	31.2898
545.625	31.3256
548.05	31.3663
550.475	31.4387
552.9	31.5164
555.325	31.5972
557.75	31.667
560.175	31.7198
562.6	31.7444
565.025	31.7526
567.45	31.7641
569.875	31.7871
572.3	31.813
574.725	31.8429
577.15	31.8599
579.575	31.9811
582.0	32.1111
584.425	32.116
586.85	32.1803
589.275	32.2018
591.7	32.1306
594.125	32.1486
596.55	32.1291
598.975	32.1887
601.4	32.2212
603.825	32.3202
606.25	32.3654
608.675	32.3936
611.1	32.4247
613.525	32.5061
615.95	32.5089
618.375	32.5974
620.8	32.6801
623.225	32.696
625.65	32.6631
628.075	32.6998
630.5	32.7824
632.925	32.7958
635.35	32.8457
637.775	32.8327
640.2	32.8712
642.625	32.9439
645.05	32.9958
647.475	33.0393
649.9	33.0584
652.325	33.103
654.75	33.1658
657.175	33.2369
659.6	33.3722
662.025	33.4088
664.45	33.4212
666.875	33.4029
669.3	33.4705
671.725	33.5313
674.15	33.5441
676.575	33.4913
679.0	33.5144
681.425	33.4645
683.85	33.4022
686.275	33.4649
688.7	33.4263
691.125	33.3645
693.55	33.3861
695.975	33.4092
698.4	33.4491
700.825	33.4992
703.25	33.5143
705.675	33.493
708.1	33.5602
710.525	33.5278
712.95	33.5384
715.375	33.5636
717.8	33.603
720.225	33.535
722.65	33.5365
725.075	33.6113
727.5	33.6693
729.925	33.6848
732.35	33.6957
734.775	33.7183
737.2	33.7887
739.625	33.8576
742.05	33.7891
744.475	33.7875
746.9	33.8195
749.325	33.9812
751.75	34.049
754.175	34.075
756.6	34.2331
759.025	34.2989
761.45	34.358
763.875	34.3868
766.3	34.4295
768.725	34.5179
771.15	34.5545
773.575	34.6612
776.0	34.6867
778.425	34.739
780.85	34.8081
783.275	34.8734
785.7	34.8986
788.125	34.9539
790.55	35.077
792.975	35.0708
795.4	35.0517
797.825	35.0625
800.25	35.0093
802.675	35.0052
805.1	35.0577
807.525	35.1422
809.95	35.1664
812.375	35.2151
814.8	35.2228
817.225	35.3
819.65	35.2895
822.075	35.3333
824.5	35.2965
826.925	35.3329
829.35	35.4004
831.775	35.3637
834.2	35.4075
836.625	35.3903
839.05	35.4018
841.475	35.3592
843.9	35.3751
846.325	35.3304
848.75	35.3437
851.175	35.3639
853.6	35.4346
856.025	35.4352
858.45	35.4689
860.875	35.4311
863.3	35.4559
865.725	35.4508
868.15	35.4942
870.575	35.491
873.0	35.5733
875.425	35.6516
877.85	35.7414
880.275	35.7479
882.7	35.7567
885.125	35.8016
887.55	35.8274
889.975	35.8589
892.4	35.8981
894.825	35.9129
897.25	35.9526
899.675	36.0271
902.1	36.0105
904.525	36.0279
906.95	36.0947
909.375	36.1271
911.8	36.2116
914.225	36.2359
916.65	36.2629
919.075	36.3634
921.5	36.3636
923.925	36.299
926.35	36.3595
928.775	36.3834
931.2	36.425
933.625	36.4348
936.05	36.514
938.475	36.5145
940.9	36.5838
943.325	36.6733
945.75	36.6925
948.175	36.713
950.6	36.8222
953.025	36.8415
955.45	36.8642
957.875	36.8484
960.3	36.9485
962.725	36.9422
965.15	37.0807
967.575	37.1448
970.0	37.1779
972.425	37.2225
974.85	37.2706
977.275	37.3134
979.7	37.342
982.125	37.3612
984.55	37.3142
986.975	37.4136
989.4	37.484
991.825	37.5184
994.25	37.5901
996.675	37.6178
999.1	37.6738
1001.53	37.728
1003.95	37.8029
1006.38	37.8261
1008.8	37.8802
1011.22	37.9819
1013.65	38.0203
1016.08	38.036
1018.5	38.0418
1020.92	38.1014
1023.35	38.1511
1025.78	38.169
1028.2	38.1314
1030.62	38.1516
1033.05	38.2146
1035.47	38.3416
1037.9	38.3846
1040.32	38.4454
1042.75	38.4916
1045.18	38.5293
1047.6	38.5688
1050.03	38.6021
1052.45	38.6291
1054.88	38.6735
1057.3	38.7276
1059.72	38.794
1062.15	38.8763
1064.57	39.0193
1067.0	39.0734
1069.43	39.1022
1071.85	39.1632
1074.28	39.1389
1076.7	39.2022
1079.12	39.2482
1081.55	39.4068
1083.97	39.4212
1086.4	39.4728
1088.82	39.4924
1091.25	39.534
1093.68	39.5737
1096.1	39.7049
1098.53	39.7276
1100.95	39.773
1103.38	39.7881
1105.8	39.8394
1108.22	39.9396
1110.65	39.9749
1113.07	39.9353
1115.5	40.062
1117.93	40.1247
1120.35	40.1029
1122.78	40.1159
1125.2	40.094
1127.62	40.1366
1130.05	40.2395
1132.47	40.2462
1134.9	40.2711
1137.32	40.2973
1139.75	40.3415
1142.18	40.3883
1144.6	40.4253
1147.03	40.4274
1149.45	40.5334
1151.88	40.5563
1154.3	40.6565
1156.72	40.6318
1159.15	40.6529
1161.57	40.6541
1164.0	40.7265
1166.43	40.7653
1168.85	40.8119
1171.28	40.8315
1173.7	40.8618
1176.12	40.9509
1178.55	41.0014
1180.97	41.0879
1183.4	41.1612
1185.82	41.2196
1188.25	41.2914
1190.68	41.3446
1193.1	41.3651
1195.53	41.3731
1197.95	41.3957
1200.38	41.4663
1202.8	41.5616
1205.22	41.57
1207.65	41.6146
1210.07	41.6343
1212.5	41.7648
1214.93	41.8327
1217.35	41.883
1219.78	41.9209
1222.2	41.9266
1224.62	41.978
1227.05	42.0255
1229.47	42.0775
1231.9	42.1622
1234.32	42.1946
1236.75	42.2522
1239.18	42.2884
1241.6	42.3305
1244.03	42.4044
1246.45	42.437
1248.88	42.4357
1251.3	42.4741
1253.72	42.5887
1256.15	42.6847
1258.57	42.7587
1261.0	42.813
1263.43	42.8972
1265.85	43.0096
1268.28	43.0539
1270.7	43.1445
1273.12	43.2163
1275.55	43.303
1277.97	43.3519
1280.4	43.4236
1282.82	43.5198
1285.25	43.605
1287.68	43.645
1290.1	43.711
1292.53	43.8091
1294.95	43.9261
1297.38	43.9811
1299.8	43.9907
1302.22	44.1472
1304.65	44.276
1307.07	44.3652
1309.5	44.474
1311.93	44.4938
1314.35	44.5739
1316.78	44.6165
1319.2	44.6544
1321.62	44.734
1324.05	44.7538
1326.47	44.769
1328.9	44.8032
1331.32	44.8763
1333.75	44.8834
1336.18	44.9108
1338.6	44.9703
1341.03	45.0539
1343.45	45.0596
1345.88	45.1018
1348.3	45.1607
1350.72	45.2545
1353.15	45.2762
1355.57	45.2876
1358.0	45.2964
1360.43	45.4312
1362.85	45.4847
1365.28	45.5012
1367.7	45.5518
1370.12	45.6416
1372.55	45.7739
1374.97	45.8159
1377.4	45.9526
1379.82	46.0196
1382.25	46.0462
1384.68	46.1286
1387.1	46.1476
1389.53	46.203
1391.95	46.2077
1394.38	46.2343
1396.8	46.2696
1399.22	46.3214
1401.65	46.4049
1404.07	46.5015
1406.5	46.5121
1408.93	46.5253
1411.35	46.615
1413.78	46.6419
1416.2	46.6072
1418.62	46.6183
1421.05	46.7181
1423.47	46.7631
1425.9	46.8556
1428.32	46.8533
1430.75	46.8691
1433.18	46.9112
1435.6	46.9423
1438.03	47.031
1440.45	47.0236
1442.88	47.0555
1445.3	47.0332
1447.72	47.0748
1450.15	47.161
1452.57	47.2059
1455.0	47.2462
1457.43	47.2537
1459.85	47.3173
1462.28	47.3216
1464.7	47.3221
1467.12	47.3698
1469.55	47.3174
1471.97	47.3456
1474.4	47.3463
1476.82	47.3995
1479.25	47.3877
1481.68	47.4184
1484.1	47.3898
1486.53	47.4135
1488.95	47.4506
1491.38	47.455
1493.8	47.4818
1496.22	47.5191
1498.65	47.5274
1501.07	47.5505
1503.5	47.5621
1505.93	47.6469
1508.35	47.6562
1510.78	47.6973
1513.2	47.7129
1515.62	47.8358
1518.05	47.9022
1520.47	47.929
1522.9	47.972
1525.32	48.0059
1527.75	47.9551
1530.18	47.8983
1532.6	47.8827
1535.03	47.8495
1537.45	47.8975
1539.88	47.9326
1542.3	47.8931
1544.72	47.9865
1547.15	48.1037
1549.57	48.1147
1552.0	48.1407
1554.43	48.1518
1556.85	48.1522
1559.28	48.1854
1561.7	48.2327
1564.12	48.2805
1566.55	48.2996
1568.97	48.2968
1571.4	48.3261
1573.82	48.3524
1576.25	48.3951
1578.68	48.4438
1581.1	48.4305
1583.53	48.4271
1585.95	48.4785
1588.38	48.4896
1590.8	48.5038
1593.22	48.5305
1595.65	48.5918
1598.07	48.5927
1600.5	48.6597
1602.93	48.7186
1605.35	48.7549
1607.78	48.818
1610.2	48.8215
1612.62	48.8468
1615.05	48.8226
1617.47	48.8032
1619.9	48.7995
1622.32	48.8397
1624.75	48.8856
1627.18	48.8869
1629.6	48.8961
1632.03	48.9501
1634.45	48.9961
1636.88	49.0495
1639.3	49.1323
1641.72	49.1493
1644.15	49.1691
1646.57	49.2069
1649.0	49.2527
1651.43	49.3012
1653.85	49.3119
1656.28	49.3183
1658.7	49.329
1661.12	49.351
1663.55	49.3254
1665.97	49.3567
1668.4	49.3974
1670.82	49.4612
1673.25	49.4957
1675.68	49.4853
1678.1	49.4848
1680.53	49.5043
1682.95	49.5084
1685.38	49.5315
1687.8	49.5863
1690.22	49.6026
1692.65	49.6347
1695.07	49.6341
1697.5	49.6943
1699.93	49.7177
1702.35	49.7333
1704.78	49.7234
1707.2	49.6525
1709.62	49.6422
1712.05	49.625
1714.47	49.6814
1716.9	49.6579
1719.32	49.6443
1721.75	49.6329
1724.18	49.6439
1726.6	49.6995
1729.03	49.7827
1731.45	49.8022
1733.88	49.8089
1736.3	49.9071
1738.72	49.9209
1741.15	49.9359
1743.57	49.9187
1746.0	49.9022
1748.43	49.899
1750.85	49.9158
1753.28	49.9245
1755.7	49.9265
1758.12	49.9579
1760.55	49.9577
1762.97	49.9589
1765.4	49.9888
1767.82	49.9492
1770.25	49.932
1772.68	49.9307
1775.1	49.9213
1777.53	49.8875
1779.95	49.8855
1782.38	49.9884
1784.8	50.0101
1787.22	49.9857
1789.65	50.0223
1792.07	50.0265
1794.5	50.0705
1796.93	50.0728
1799.35	50.0787
1801.78	50.0023
1804.2	50.0382
1806.62	50.0727
1809.05	50.0768
1811.47	50.0667
1813.9	50.0609
1816.32	50.1017
1818.75	50.1292
1821.18	50.1163
1823.6	50.1168
1826.03	50.0884
1828.45	50.0877
1830.88	50.1103
1833.3	50.1076
1835.72	50.1215
1838.15	50.1273
1840.57	50.0999
1843.0	50.1045
1845.43	50.1058
1847.85	50.1296
1850.28	50.1403
1852.7	50.1604
1855.12	50.1371
1857.55	50.1425
1859.97	50.1196
1862.4	50.1306
1864.82	50.1143
1867.25	50.1139
1869.68	50.1321
1872.1	50.1936
1874.53	50.1759
1876.95	50.216
1879.38	50.1884
1881.8	50.1753
1884.22	50.1694
1886.65	50.1651
1889.07	50.1399
1891.5	50.1382
1893.93	50.1455
1896.35	50.1678
1898.78	50.1807
1901.2	50.2089
1903.62	50.2045
1906.05	50.2438
1908.47	50.2474
1910.9	50.2564
1913.32	50.2608
1915.75	50.2774
1918.18	50.3161
1920.6	50.2983
1923.03	50.2739
1925.45	50.2747
1927.88	50.3571
1930.3	50.3062
1932.72	50.2974
1935.15	50.3129
1937.57	50.356
1940.0	50.3554
1942.43	50.3974
1944.85	50.3832
1947.28	50.3838
1949.7	50.3703
1952.12	50.3188
1954.55	50.3316
1956.97	50.2644
1959.4	50.2971
1961.82	50.2681
1964.25	50.3458
1966.68	50.3467
1969.1	50.353
1971.53	50.3952
1973.95	50.3778
1976.38	50.4135
1978.8	50.4512
1981.22	50.4047
1983.65	50.3941
1986.07	50.4101
1988.5	50.4579
1990.93	50.4211
1993.35	50.49
1995.78	50.5077
1998.2	50.5574
2000.62	50.557
2003.05	50.5496
2005.47	50.546
2007.9	50.5628
2010.32	50.6023
2012.75	50.6277
2015.18	50.6303
2017.6	50.6567
2020.03	50.6877
2022.45	50.6997
2024.88	50.7821
2027.3	50.7793
2029.72	50.7521
2032.15	50.7359
2034.57	50.7009
2037.0	50.7438
2039.43	50.7676
2041.85	50.7716
2044.28	50.8086
2046.7	50.8126
2049.12	50.7895
2051.55	50.7951
2053.98	50.7895
2056.4	50.8563
2058.82	50.8566
2061.25	50.8391
2063.68	50.8448
2066.1	50.8311
2068.52	50.8211
2070.95	50.9232
2073.38	50.952
2075.8	51.0335
2078.23	51.0669
2080.65	51.0609
2083.07	51.0607
2085.5	51.103
2087.93	51.1135
2090.35	51.1073
2092.77	51.1508
2095.2	51.1469
2097.62	51.2001
2100.05	51.2065
2102.48	51.2643
2104.9	51.186
2107.32	51.2435
2109.75	51.2781
2112.18	51.2634
2114.6	51.2952
2117.02	51.3243
2119.45	51.3403
2121.88	51.3439
2124.3	51.4721
2126.73	51.4982
2129.15	51.5488
2131.57	51.5561
2134.0	51.5911
2136.43	51.624
2138.85	51.6493
2141.27	51.6591
2143.7	51.6866
2146.12	51.6754
2148.55	51.6954
2150.98	51.6694
2153.4	51.6798
2155.82	51.7192
2158.25	51.7036
2160.68	51.6868
2163.1	51.6902
2165.52	51.7507
2167.95	51.7873
2170.38	51.8138
2172.8	51.8391
2175.23	51.8356
2177.65	51.8248
2180.07	51.8581
2182.5	51.922
2184.93	51.9267
2187.35	51.968
2189.77	52.0067
2192.2	52.0149
2194.62	52.0277
2197.05	52.074
2199.48	52.0769
2201.9	52.1097
2204.32	52.0937
2206.75	52.1391
2209.18	52.1726
2211.6	52.1393
2214.02	52.1037
2216.45	52.1185
2218.88	52.0527
2221.3	52.0474
2223.73	52.0462
2226.15	52.0759
2228.57	52.1266
2231.0	52.214
2233.43	52.2472
2235.85	52.2994
2238.27	52.3362
2240.7	52.3206
2243.12	52.4268
2245.55	52.4329
2247.98	52.5158
2250.4	52.5679
2252.82	52.61
2255.25	52.6186
2257.68	52.6278
2260.1	52.6437
2262.52	52.605
2264.95	52.6149
2267.38	52.5814
2269.8	52.583
2272.23	52.5948
2274.65	52.6289
2277.07	52.61
2279.5	52.5833
2281.93	52.5896
2284.35	52.5481
2286.77	52.6056
2289.2	52.6205
2291.62	52.6511
2294.05	52.6759
2296.48	52.6651
2298.9	52.6799
2301.32	52.6893
2303.75	52.7533
2306.18	52.7303
2308.6	52.7308
2311.02	52.7242
2313.45	52.7259
2315.88	52.7793
2318.3	52.7982
2320.73	52.8294
2323.15	52.849
2325.57	52.8428
2328.0	52.8377
2330.43	52.855
2332.85	52.9223
2335.27	52.9066
2337.7	52.9069
2340.12	52.8841
2342.55	52.8928
2344.98	52.9298
2347.4	52.9235
2349.82	52.9525
2352.25	52.9953
2354.68	52.9634
2357.1	52.9932
2359.52	53.0159
2361.95	53.0003
2364.38	53.0119
2366.8	53.054
2369.23	53.1067
2371.65	53.1316
2374.07	53.1091
2376.5	53.1165
2378.93	53.1049
2381.35	53.2217
2383.77	53.2317
2386.2	53.2802
2388.62	53.2624
2391.05	53.2496
2393.48	53.239
2395.9	53.3113
2398.32	53.3895
2400.75	53.4084
2403.18	53.4806
2405.6	53.4681
2408.02	53.4519
2410.45	53.4818
2412.88	53.4731
2415.3	53.4895
2417.73	53.5229
2420.15	53.4859
2422.57	53.4644
2425.0	53.4425
2427.43	53.434
2429.85	53.4379
2432.27	53.4971
2434.7	53.4757
2437.12	53.4839
2439.55	53.4522
2441.98	53.4553
2444.4	53.4825
2446.82	53.4902
2449.25	53.4842
2451.68	53.5187
2454.1	53.5286
2456.52	53.5158
2458.95	53.462
2461.38	53.525
2463.8	53.5683
2466.23	53.5979
2468.65	53.6218
2471.07	53.5926
2473.5	53.5724
2475.93	53.5943
2478.35	53.6377
2480.77	53.6313
2483.2	53.64
2485.62	53.668
2488.05	53.7132
2490.48	53.6863
2492.9	53.6801
2495.32	53.6927
2497.75	53.7087
2500.18	53.7879
2502.6	53.9022
2505.02	53.9462
2507.45	53.9985
2509.88	53.9499
2512.3	53.9521
2514.73	54.0034
2517.15	54.0166
2519.57	54.0186
2522.0	54.023
2524.43	54.0619
2526.85	54.0744
2529.27	54.0162
2531.7	54.0268
2534.12	54.0258
2536.55	54.069
2538.98	54.1223
2541.4	54.1877
2543.82	54.1938
2546.25	54.1767
2548.68	54.1913
2551.1	54.1817
2553.52	54.1649
2555.95	54.1716
2558.38	54.2442
2560.8	54.2905
2563.23	54.2413
2565.65	54.2418
2568.07	54.2868
2570.5	54.2936
2572.93	54.3155
2575.35	54.3264
2577.77	54.3913
2580.2	54.4061
2582.62	54.4446
2585.05	54.447
2587.48	54.5185
2589.9	54.576
2592.32	54.5535
2594.75	54.5976
2597.18	54.565
2599.6	54.5502
2602.02	54.546
2604.45	54.5908
2606.88	54.5882
2609.3	54.6406
2611.73	54.6289
2614.15	54.6552
2616.57	54.6081
2619.0	54.5889
2621.43	54.6256
2623.85	54.6635
2626.27	54.6833
2628.7	54.7181
2631.12	54.6977
2633.55	54.717
2635.98	54.6997
2638.4	54.7011
2640.82	54.7047
2643.25	54.7213
2645.68	54.7447
2648.1	54.7219
2650.52	54.7449
2652.95	54.7316
2655.38	54.7404
2657.8	54.757
2660.23	54.726
2662.65	54.7008
2665.07	54.7029
2667.5	54.6766
2669.93	54.6907
2672.35	54.6431
2674.77	54.5984
2677.2	54.561
2679.62	54.5829
2682.05	54.6366
2684.48	54.7233
2686.9	54.6905
2689.32	54.7455
2691.75	54.7694
2694.18	54.7276
2696.6	54.7091
2699.02	54.6836
2701.45	54.6998
2703.88	54.6764
2706.3	54.6961
2708.73	54.6878
2711.15	54.6781
2713.57	54.7051
2716.0	54.7057
2718.43	54.7581
2720.85	54.772
2723.27	54.76
2725.7	54.7147
2728.12	54.7359
2730.55	54.7394
2732.98	54.74
2735.4	54.7815
2737.82	54.8058
2740.25	54.8474
2742.68	54.8381
2745.1	54.9258
2747.52	54.8815
2749.95	54.9108
2752.38	54.8926
2754.8	54.8577
2757.23	54.8652
2759.65	54.8793
2762.07	54.9024
2764.5	54.855
2766.93	54.9179
2769.35	54.9092
2771.77	54.8965
2774.2	54.8882
2776.62	54.8999
2779.05	54.9014
2781.48	54.921
2783.9	54.923
2786.32	54.9533
2788.75	54.9121
2791.18	54.9031
2793.6	54.9276
2796.02	54.9732
2798.45	54.981
2800.88	54.9754
2803.3	54.9596
2805.73	55.0338
2808.15	55.0119
2810.57	55.0067
2813.0	55.0132
2815.43	55.0439
2817.85	55.038
2820.27	55.0385
2822.7	55.0179
2825.12	54.9841
2827.55	55.0015
2829.98	55.0641
2832.4	55.016
2834.82	55.0307
2837.25	55.0489
2839.68	55.0316
2842.1	54.9883
2844.52	54.9282
2846.95	54.9691
2849.38	54.9575
2851.8	55.0053
2854.23	55.0647
2856.65	55.0926
2859.07	55.0388
2861.5	55.099
2863.93	55.0943
2866.35	55.0992
2868.77	55.096
2871.2	55.093
2873.62	55.0702
2876.05	55.0308
2878.48	55.0966
2880.9	55.1292
2883.32	55.1174
2885.75	55.0663
2888.18	55.035
2890.6	55.0224
2893.02	54.9754
2895.45	54.9738
2897.88	54.9636
2900.3	54.9904
2902.73	54.9467
2905.15	54.9403
2907.57	54.9431
2910.0	54.9562
2912.43	54.9682
2914.85	54.9337
2917.27	54.9387
2919.7	54.9247
2922.12	54.8989
2924.55	54.8982
2926.98	54.8942
2929.4	54.9025
2931.82	54.8719
2934.25	54.8778
2936.68	54.8242
2939.1	54.7622
2941.52	54.7359
2943.95	54.7217
2946.38	54.6696
2948.8	54.6631
2951.23	54.6318
2953.65	54.6422
2956.07	54.6325
2958.5	54.5902
2960.93	54.5404
2963.35	54.5541
2965.77	54.6193
2968.2	54.6638
2970.62	54.6887
2973.05	54.7478
2975.48	54.7262
2977.9	54.7474
2980.32	54.7472
2982.75	54.7549
2985.18	54.7233
2987.6	54.7219
2990.02	54.7191
2992.45	54.7445
2994.88	54.7638
2997.3	54.7738
2999.73	54.7958
3002.15	54.7785
3004.57	54.8487
3007.0	54.8719
3009.43	54.8785
3011.85	54.8657
3014.27	54.8262
3016.7	54.8067
3019.12	54.7801
3021.55	54.7888
3023.98	54.797
3026.4	54.8484
3028.82	54.8144
3031.25	54.8242
3033.68	54.8424
3036.1	54.8414
3038.52	54.8714
3040.95	54.853
3043.38	54.8
3045.8	54.8349
3048.23	54.8729
3050.65	54.8506
3053.07	54.8971
3055.5	54.8538
3057.93	54.8637
3060.35	54.8717
3062.77	54.9116
3065.2	54.9954
3067.62	55.0003
3070.05	54.9781
3072.48	54.9878
3074.9	54.983
3077.32	54.9889
3079.75	55.0202
3082.18	55.0478
3084.6	55.0613
3087.02	55.0412
3089.45	55.0543
3091.88	55.0784
3094.3	55.0772
3096.73	55.054
3099.15	55.0362
3101.57	55.075
3104.0	55.0673
3106.43	55.1458
3108.85	55.138
3111.27	55.1562
3113.7	55.1664
3116.12	55.1837
3118.55	55.192
3120.98	55.2228
3123.4	55.2269
3125.82	55.2535
3128.25	55.2343
3130.68	55.2537
3133.1	55.2602
3135.52	55.2425
3137.95	55.2357
3140.38	55.271
3142.8	55.2469
3145.23	55.2204
3147.65	55.1909
3150.07	55.2602
3152.5	55.2777
3154.93	55.2926
3157.35	55.2972
3159.77	55.2769
3162.2	55.2951
3164.62	55.3138
3167.05	55.3341
3169.48	55.3263
3171.9	55.384
3174.32	55.4009
3176.75	55.4166
3179.18	55.4871
3181.6	55.4743
3184.02	55.4768
3186.45	55.4972
3188.88	55.4793
3191.3	55.4624
3193.73	55.4366
3196.15	55.4666
3198.57	55.4087
3201.0	55.4377
3203.43	55.4331
3205.85	55.4049
3208.27	55.3832
3210.7	55.3821
3213.12	55.3685
3215.55	55.4671
3217.98	55.4572
3220.4	55.4846
3222.82	55.4535
3225.25	55.514
3227.68	55.5327
3230.1	55.4966
3232.52	55.4813
3234.95	55.4933
3237.38	55.4822
3239.8	55.4745
3242.23	55.5097
3244.65	55.5563
3247.07	55.5775
3249.5	55.5678
3251.93	55.5526
3254.35	55.6156
3256.77	55.596
3259.2	55.6257
3261.62	55.5895
3264.05	55.5982
3266.48	55.6421
3268.9	55.6628
3271.32	55.6678
3273.75	55.656
3276.18	55.6525
3278.6	55.6276
3281.02	55.6157
3283.45	55.6416
3285.88	55.7073
3288.3	55.7308
3290.73	55.683
3293.15	55.6857
3295.57	55.621
3298.0	55.6068
3300.43	55.602
3302.85	55.6192
3305.27	55.6094
3307.7	55.5852
3310.12	55.6112
3312.55	55.6185
3314.98	55.6229
3317.4	55.5933
3319.82	55.6012
3322.25	55.6245
3324.68	55.651
3327.1	55.6647
3329.52	55.6367
3331.95	55.6145
3334.38	55.6809
3336.8	55.6856
3339.23	55.6026
3341.65	55.6235
3344.07	55.6681
3346.5	55.6205
3348.93	55.5915
3351.35	55.6607
3353.77	55.6654
3356.2	55.7462
3358.62	55.7206
3361.05	55.6876
3363.48	55.6905
3365.9	55.7168
3368.32	55.7558
3370.75	55.7736
3373.18	55.7707
3375.6	55.8108
3378.02	55.8747
3380.45	55.8319
3382.88	55.835
3385.3	55.8466
3387.73	55.8465
3390.15	55.8055
3392.57	55.7991
3395.0	55.7679
3397.43	55.7676
3399.85	55.723
3402.27	55.7515
3404.7	55.766
3407.12	55.7695
3409.55	55.8043
3411.98	55.8136
3414.4	55.9026
3416.82	55.911
3419.25	55.9629
3421.68	55.93
3424.1	55.8857
3426.52	55.9135
3428.95	55.9402
3431.38	55.9468
3433.8	55.9718
3436.23	56.0202
3438.65	55.9727
3441.07	56.0016
3443.5	56.0208
3445.93	55.9797
3448.35	55.9849
3450.77	55.9699
3453.2	55.9508
3455.62	55.9522
3458.05	56.0328
3460.48	56.0387
3462.9	56.1141
3465.32	56.1429
3467.75	56.1768
3470.18	56.1721
3472.6	56.1588
3475.02	56.1636
3477.45	56.166
3479.88	56.1196
3482.3	56.1207
3484.73	56.1204
3487.15	56.1484
3489.57	56.1053
3492.0	56.0952
3494.43	56.0832
3496.85	56.161
3499.27	56.1833
3501.7	56.2187
3504.12	56.2917
3506.55	56.2878
3508.98	56.2439
3511.4	56.2291
3513.82	56.2415
3516.25	56.2277
3518.68	56.2121
3521.1	56.2355
3523.52	56.2554
3525.95	56.2614
3528.38	56.2655
3530.8	56.298
3533.23	56.3093
3535.65	56.3431
3538.07	56.3038
3540.5	56.3693
3542.93	56.3873
3545.35	56.3631
3547.77	56.3351
3550.2	56.3594
3552.62	56.3241
3555.05	56.3602
3557.48	56.4128
3559.9	56.4134
3562.32	56.4198
3564.75	56.4103
3567.18	56.4074
3569.6	56.4058
3572.02	56.4654
3574.45	56.4714
3576.88	56.4763
3579.3	56.5007
3581.73	56.5544
3584.15	56.6137
3586.57	56.6177
3589.0	56.5853
3591.43	56.6184
3593.85	56.6319
3596.27	56.652
3598.7	56.6753
3601.12	56.6423
3603.55	56.6206
3605.98	56.6192
3608.4	56.5954
3610.82	56.5809
3613.25	56.5757
3615.68	56.5934
3618.1	56.5593
3620.52	56.5428
3622.95	56.5829
3625.38	56.6119
3627.8	56.5897
3630.23	56.5619
3632.65	56.5567
3635.07	56.5794
3637.5	56.5618
3639.93	56.5787
3642.35	56.6403
3644.77	56.634
3647.2	56.5942
3649.62	56.5347
3652.05	56.5839
3654.48	56.5918
3656.9	56.585
3659.32	56.5301
3661.75	56.5215
3664.18	56.5353
3666.6	56.5599
3669.02	56.5819
3671.45	56.5647
3673.88	56.6117
3676.3	56.6341
3678.73	56.6123
3681.15	56.609
3683.57	56.6333
3686.0	56.6332
3688.43	56.6306
3690.85	56.5994
3693.27	56.5567
3695.7	56.5918
3698.12	56.5775
3700.55	56.6454
3702.98	56.6256
3705.4	56.6085
3707.82	56.629
3710.25	56.625
3712.68	56.632
3715.1	56.6424
3717.52	56.6593
3719.95	56.7027
3722.38	56.7105
3724.8	56.6817
3727.23	56.7092
3729.65	56.7615
3732.07	56.7535
3734.5	56.7141
3736.93	56.7193
3739.35	56.7296
3741.77	56.7834
3744.2	56.7592
3746.62	56.8112
3749.05	56.851
3751.48	56.8338
3753.9	56.8605
3756.32	56.8354
3758.75	56.8578
3761.18	56.8539
3763.6	56.883
3766.02	56.891
3768.45	56.864
3770.88	56.9088
3773.3	56.9466
3775.73	56.9655
3778.15	56.9946
3780.57	56.9708
3783.0	56.9921
3785.43	56.9913
3787.85	56.9782
3790.27	57.0241
3792.7	57.1165
3795.12	57.11
3797.55	57.121
3799.98	57.1376
3802.4	57.1227
3804.82	57.1053
3807.25	57.0864
3809.68	57.0915
3812.1	57.1272
3814.52	57.135
3816.95	57.0906
3819.38	57.1027
3821.8	57.1238
3824.23	57.1242
3826.65	57.1197
3829.07	57.1222
3831.5	57.1378
3833.93	57.1297
3836.35	57.0531
3838.77	57.0335
3841.2	57.077
3843.62	57.0074
3846.05	57.0435
3848.48	57.0235
3850.9	56.9774
3853.32	57.0289
3855.75	57.087
3858.18	57.0693
3860.6	57.0671
3863.02	57.0844
3865.45	57.0941
3867.88	57.1005
3870.3	57.0996
3872.73	57.1024
3875.15	57.0707
3877.57	57.074
3880.0	57.0771
3882.43	57.0656
3884.85	57.0375
3887.27	57.0457
3889.7	57.0742
3892.12	57.1152
3894.55	57.1478
3896.98	57.1196
3899.4	57.127
3901.82	57.1275
3904.25	57.085
3906.68	57.0693
3909.1	57.081
3911.52	57.1023
3913.95	57.0922
3916.38	57.0685
3918.8	57.0876
3921.23	57.0657
3923.65	57.0499
3926.07	57.0368
3928.5	57.0362
3930.93	57.0403
3933.35	57.0532
3935.77	57.0438
3938.2	57.0653
3940.62	57.0116
3943.05	57.0422
3945.48	57.0618
3947.9	57.0795
3950.32	57.1058
3952.75	57.1215
3955.18	57.0899
3957.6	57.0752
3960.02	57.0844
3962.45	57.0618
3964.88	57.0769
3967.3	57.0842
3969.73	57.0951
3972.15	57.0853
3974.57	57.0327
3977.0	57.0199
3979.43	57.0273
3981.85	57.0599
3984.27	57.0941
3986.7	57.0991
3989.12	57.088
3991.55	57.1009
3993.98	57.128
3996.4	57.0665
3998.82	57.1116
4001.25	57.1087
4003.68	57.14
4006.1	57.1521
4008.52	57.1267
4010.95	57.1379
4013.38	57.1352
4015.8	57.0849
4018.23	57.0359
4020.65	57.0036
4023.07	56.9253
4025.5	56.9558
4027.93	56.9323
4030.35	56.9346
4032.77	56.872
4035.2	56.8693
4037.62	56.8421
4040.05	56.7962
4042.48	56.8278
4044.9	56.825
4047.32	56.8148
4049.75	56.8735
4052.18	56.8615
4054.6	56.8837
4057.02	56.9144
4059.45	56.9264
4061.88	56.9307
4064.3	56.894
4066.73	56.8701
4069.15	56.8326
4071.57	56.8076
4074.0	56.7993
4076.43	56.7885
4078.85	56.7764
4081.27	56.7402
4083.7	56.7296
4086.12	56.7011
4088.55	56.7082
4090.98	56.6812
4093.4	56.6879
4095.82	56.6707
4098.25	56.6466
4100.67	56.6823
4103.1	56.766
4105.52	56.7384
4107.95	56.7756
4110.38	56.7605
4112.8	56.7426
4115.23	56.757
4117.65	56.7547
4120.08	56.7913
4122.5	56.7753
4124.92	56.7806
4127.35	56.716
4129.77	56.7146
4132.2	56.6966
4134.62	56.6764
4137.05	56.6699
4139.48	56.6836
4141.9	56.6233
4144.33	56.6333
4146.75	56.5989
4149.17	56.5729
4151.6	56.56
4154.02	56.5613
4156.45	56.5605
4158.88	56.6405
4161.3	56.6075
4163.73	56.5835
4166.15	56.579
4168.58	56.6276
4171.0	56.5299
4173.42	56.5611
4175.85	56.6147
4178.27	56.6129
4180.7	56.615
4183.12	56.6126
4185.55	56.5713
4187.98	56.5943
4190.4	56.6127
4192.83	56.6773
4195.25	56.6777
4197.67	56.7224
4200.1	56.7746
4202.52	56.8031
4204.95	56.8595
4207.38	56.8455
4209.8	56.8302
4212.23	56.7807
4214.65	56.766
4217.08	56.7935
4219.5	56.7687
4221.92	56.7742
4224.35	56.7631
4226.77	56.6645
4229.2	56.7176
4231.62	56.7293
4234.05	56.7069
4236.48	56.6694
4238.9	56.6644
4241.33	56.6372
4243.75	56.6374
4246.17	56.6353
4248.6	56.6527
4251.02	56.6651
4253.45	56.5963
4255.88	56.5683
4258.3	56.5464
4260.73	56.5247
4263.15	56.5262
4265.58	56.5182
4268.0	56.5765
4270.42	56.557
4272.85	56.542
4275.27	56.5588
4277.7	56.5663
4280.12	56.5822
4282.55	56.613
4284.98	56.5805
4287.4	56.5671
4289.83	56.5814
4292.25	56.6081
4294.67	56.6433
4297.1	56.6799
4299.52	56.67
4301.95	56.6215
4304.38	56.6416
4306.8	56.6878
4309.23	56.6732
4311.65	56.6255
4314.08	56.665
4316.5	56.6569
4318.92	56.7115
4321.35	56.7016
4323.77	56.7161
4326.2	56.7212
4328.62	56.7261
4331.05	56.76
4333.48	56.7204
4335.9	56.7229
4338.33	56.758
4340.75	56.7928
4343.17	56.8394
4345.6	56.8615
4348.02	56.8868
4350.45	56.8965
4352.88	56.9508
4355.3	56.9798
4357.73	57.006
4360.15	57.0806
4362.58	57.0959
4365.0	57.0614
4367.42	57.1138
4369.85	57.1259
4372.27	57.132
4374.7	57.1037
4377.12	57.0646
4379.55	57.0836
4381.98	57.0338
4384.4	57.0165
4386.83	57.0058
4389.25	56.9977
4391.67	56.9892
4394.1	56.9672
4396.52	56.9585
4398.95	56.9393
4401.38	56.9603
4403.8	56.9925
4406.23	57.018
4408.65	57.0828
4411.08	57.1068
4413.5	57.0881
4415.92	57.0811
4418.35	57.0235
4420.77	57.015
4423.2	56.9842
4425.62	56.9212
4428.05	56.9081
4430.48	56.9495
4432.9	56.9599
4435.33	56.9648
4437.75	56.9481
4440.17	57.0365
4442.6	57.0755
4445.02	57.0268
4447.45	57.0369
4449.88	57.0106
4452.3	57.0063
4454.73	57.0692
4457.15	56.9881
4459.58	57.0664
4462.0	57.063
4464.42	57.1366
4466.85	57.1176
4469.27	57.1394
4471.7	57.1268
4474.12	57.1242
4476.55	57.1254
4478.98	57.1778
4481.4	57.162
4483.83	57.1512
4486.25	57.1451
4488.67	57.074
4491.1	57.0705
4493.52	57.0909
4495.95	57.1126
4498.38	57.0659
4500.8	57.0883
4503.23	57.155
4505.65	57.1516
4508.08	57.1585
4510.5	57.1301
4512.92	57.1376
4515.35	57.1698
4517.77	57.172
4520.2	57.1708
4522.62	57.175
4525.05	57.1659
4527.48	57.1523
4529.9	57.1767
4532.33	57.1958
4534.75	57.1526
4537.17	57.1656
4539.6	57.1308
4542.02	57.106
4544.45	57.114
4546.88	57.1668
4549.3	57.1152
4551.73	57.0895
4554.15	57.15
4556.58	57.1365
4559.0	57.0911
4561.42	57.1016
4563.85	57.0676
4566.27	57.0262
4568.7	57.0243
4571.12	57.0323
4573.55	57.0046
4575.98	56.9656
4578.4	56.9765
4580.83	56.9987
4583.25	57.0207
4585.67	56.9816
4588.1	56.9433
4590.52	56.9265
4592.95	56.8992
4595.38	56.8836
4597.8	56.8635
4600.23	56.8842
4602.65	56.9343
4605.08	56.9217
4607.5	56.9119
4609.92	56.9032
4612.35	56.8945
4614.77	56.9232
4617.2	56.9145
4619.62	56.8658
4622.05	56.8752
4624.48	56.8619
4626.9	56.8367
4629.33	56.8301
4631.75	56.8141
4634.17	56.7875
4636.6	56.814
4639.02	56.8279
4641.45	56.8052
4643.88	56.8114
4646.3	56.8776
4648.73	56.8839
4651.15	56.9262
4653.58	56.9109
4656.0	56.9191
4658.42	56.9163
4660.85	56.869
4663.27	56.8527
4665.7	56.8574
4668.12	56.8544
4670.55	56.8546
4672.98	56.9134
4675.4	56.9563
4677.83	56.9448
4680.25	56.9713
4682.67	56.9488
4685.1	56.9691
4687.52	56.9748
4689.95	57.0112
4692.38	56.9897
4694.8	57.0284
4697.23	57.0685
4699.65	57.0975
4702.08	57.0864
4704.5	57.0701
4706.92	57.1032
4709.35	57.0784
4711.77	57.1332
4714.2	57.0979
4716.62	57.1033
4719.05	57.1499
4721.48	57.1595
4723.9	57.1648
4726.33	57.188
4728.75	57.1554
4731.17	57.1444
4733.6	57.1503
4736.02	57.1218
4738.45	57.1359
4740.88	57.1497
4743.3	57.1586
4745.73	57.1479
4748.15	57.1315
4750.58	57.0911
4753.0	57.0606
4755.42	57.08
4757.85	57.1175
4760.27	57.1464
4762.7	57.1625
4765.12	57.1295
4767.55	57.0728
4769.98	57.029
4772.4	56.9805
4774.83	56.9451
4777.25	56.8885
4779.67	56.8643
4782.1	56.8961
4784.52	56.8994
4786.95	56.9221
4789.38	56.946
4791.8	56.919
4794.23	56.955
4796.65	56.9286
4799.08	56.9242
4801.5	56.9334
4803.92	56.9404
4806.35	56.8804
4808.77	56.8856
4811.2	56.8207
4813.62	56.839
4816.05	56.8565
4818.48	56.8734
4820.9	56.8909
4823.33	56.8409
4825.75	56.8434
4828.17	56.8534
4830.6	56.8712
4833.02	56.8984
4835.45	56.8934
4837.88	56.9188
4840.3	56.9452
4842.73	56.952
4845.15	57.0377
4847.58	57.0157
4850.0	57.0025
4852.42	56.958
4854.85	56.9362
4857.27	56.9007
4859.7	56.8941
4862.12	56.8917
4864.55	56.9315
4866.98	56.9124
4869.4	56.9881
4871.83	57.018
4874.25	56.9842
4876.67	56.9768
4879.1	56.9804
4881.52	57.0245
4883.95	56.9548
4886.38	56.9624
4888.8	56.8988
4891.23	56.9061
4893.65	56.8747
4896.08	56.8787
4898.5	56.8699
4900.92	56.94
4903.35	56.8955
4905.77	56.9181
4908.2	56.9057
4910.62	56.9093
4913.05	56.904
4915.48	56.9244
4917.9	56.8946
4920.33	56.937
4922.75	56.9451
4925.17	56.9319
4927.6	56.9758
4930.02	56.978
4932.45	57.002
4934.88	57.0206
4937.3	57.0331
4939.73	57.0321
4942.15	56.9777
4944.58	56.9923
4947.0	57.0346
4949.42	57.0887
4951.85	57.066
4954.27	57.0617
4956.7	57.023
4959.12	56.9929
4961.55	56.9302
4963.98	56.9118
4966.4	56.9126
4968.83	56.915
4971.25	56.9021
4973.67	56.9138
4976.1	56.8965
4978.52	56.9368
4980.95	56.9458
4983.38	56.9215
4985.8	56.8782
4988.23	56.8797
4990.65	56.8714
4993.08	56.865
4995.5	56.8578
4997.92	56.8495
5000.35	56.8768
5002.77	56.8419
5005.2	56.7994
5007.62	56.8143
5010.05	56.8266
5012.48	56.8672
5014.9	56.8654
5017.33	56.8362
5019.75	56.8755
5022.17	56.9075
5024.6	56.9104
5027.02	56.8495
5029.45	56.8265
5031.88	56.7862
5034.3	56.804
5036.73	56.8994
5039.15	56.8823
5041.58	56.9373
5044.0	56.8828
5046.42	56.8842
5048.85	56.8602
5051.27	56.8761
5053.7	56.8952
5056.12	56.9494
5058.55	56.9136
5060.98	56.9261
5063.4	56.9081
5065.83	56.9039
5068.25	56.8728
5070.67	56.8742
5073.1	56.8774
5075.52	56.8865
5077.95	56.8633
5080.38	56.8384
5082.8	56.9043
5085.23	56.9252
5087.65	56.9467
5090.08	56.9426
5092.5	56.9794
5094.92	57.0258
5097.35	57.0268
5099.77	57.0607
5102.2	57.0054
5104.62	56.9946
5107.05	57.0794
5109.48	57.0481
5111.9	57.0367
5114.33	57.072
5116.75	57.089
5119.17	57.1633
5121.6	57.113
5124.02	57.1284
5126.45	57.12
5128.88	57.0773
5131.3	57.083
5133.73	57.1144
5136.15	57.0778
5138.58	57.084
5141.0	57.0734
5143.42	57.0762
5145.85	57.1292
5148.27	57.1341
5150.7	57.1946
5153.12	57.2241
5155.55	57.2689
5157.98	57.2402
5160.4	57.3079
5162.83	57.3314
5165.25	57.3319
5167.67	57.3291
5170.1	57.3436
5172.52	57.3597
5174.95	57.3705
5177.38	57.3536
5179.8	57.35
5182.23	57.3549
5184.65	57.3776
5187.08	57.2832
5189.5	57.3405
5191.92	57.3503
5194.35	57.341
5196.77	57.3221
5199.2	57.2526
5201.62	57.3049
5204.05	57.3038
5206.48	57.3255
5208.9	57.3205
5211.33	57.3316
5213.75	57.315
5216.17	57.339
5218.6	57.3191
5221.02	57.336
5223.45	57.3219
5225.88	57.25
5228.3	57.3033
5230.73	57.3046
5233.15	57.2662
5235.58	57.267
5238.0	57.3059
5240.42	57.326
5242.85	57.2607
5245.27	57.2585
5247.7	57.2629
5250.12	57.245
5252.55	57.2265
5254.98	57.2112
5257.4	57.1859
5259.83	57.2368
5262.25	57.2853
5264.67	57.27
5267.1	57.2615
5269.52	57.2939
5271.95	57.3098
5274.38	57.3783
5276.8	57.364
5279.23	57.3969
5281.65	57.4152
5284.08	57.4271
5286.5	57.4055
5288.92	57.4285
5291.35	57.4654
5293.77	57.5316
5296.2	57.5478
5298.62	57.4992
5301.05	57.4655
5303.48	57.4629
5305.9	57.4574
5308.33	57.502
5310.75	57.4904
5313.17	57.4775
5315.6	57.4559
5318.02	57.4412
5320.45	57.4671
5322.88	57.4689
5325.3	57.5189
5327.73	57.5083
5330.15	57.5329
5332.58	57.6502
5335.0	57.5897
5337.42	57.5647
5339.85	57.6233
5342.27	57.6223
5344.7	57.664
5347.12	57.7222
5349.55	57.6839
5351.98	57.7496
5354.4	57.751
5356.83	57.7694
5359.25	57.7929
5361.67	57.8963
5364.1	57.9107
5366.52	57.9334
5368.95	57.9872
5371.38	58.003
5373.8	58.0422
5376.23	58.097
5378.65	58.1881
5381.08	58.207
5383.5	58.22
5385.92	58.2656
5388.35	58.2563
5390.77	58.2444
5393.2	58.2375
5395.62	58.2426
5398.05	58.2341
5400.48	58.2305
5402.9	58.2618
5405.33	58.2636
5407.75	58.23
5410.17	58.2536
5412.6	58.2436
5415.02	58.2548
5417.45	58.2869
5419.88	58.2917
5422.3	58.2644
5424.73	58.3159
5427.15	58.3147
5429.58	58.3181
5432.0	58.2649
5434.42	58.2303
5436.85	58.256
5439.27	58.2625
5441.7	58.2302
5444.12	58.266
5446.55	58.2999
5448.98	58.3403
5451.4	58.3373
5453.83	58.3292
5456.25	58.3026
5458.67	58.2939
5461.1	58.3109
5463.52	58.3091
5465.95	58.2939
5468.38	58.3235
5470.8	58.3292
5473.23	58.3086
5475.65	58.3196
5478.08	58.3304
5480.5	58.3063
5482.92	58.2882
5485.35	58.317
5487.77	58.3126
5490.2	58.3727
5492.62	58.3188
5495.05	58.3251
5497.48	58.3511
5499.9	58.3392
5502.33	58.3519
5504.75	58.3461
5507.17	58.3382
5509.6	58.3505
5512.02	58.3141
5514.45	58.3349
5516.88	58.3391
5519.3	58.2392
5521.73	58.2289
5524.15	58.2372
5526.58	58.233
5529.0	58.2159
5531.42	58.2453
5533.85	58.2574
5536.27	58.2713
5538.7	58.2668
5541.12	58.2849
5543.55	58.2422
5545.98	58.1817
5548.4	58.203
5550.83	58.171
5553.25	58.2104
5555.67	58.2263
5558.1	58.2169
5560.52	58.2335
5562.95	58.276
5565.38	58.284
5567.8	58.25
5570.23	58.322
5572.65	58.2755
5575.08	58.2782
5577.5	58.2274
5579.92	58.202
5582.35	58.1936
5584.77	58.1395
5587.2	58.1898
5589.62	58.1935
5592.05	58.1578
5594.48	58.1324
5596.9	58.0848
5599.33	58.0496
5601.75	58.0428
5604.17	58.0951
5606.6	58.1343
5609.02	58.1219
5611.45	58.0972
5613.88	58.0908
5616.3	58.1257
5618.73	58.0739
5621.15	58.07
5623.58	58.0332
5626.0	58.0998
5628.42	58.1763
5630.85	58.1805
5633.27	58.1798
5635.7	58.1879
5638.12	58.1964
5640.55	58.21
5642.98	58.1848
5645.4	58.1275
5647.83	58.193
5650.25	58.1766
5652.67	58.1335
5655.1	58.131
5657.52	58.0993
5659.95	58.1246
5662.38	58.2081
5664.8	58.2001
5667.23	58.2697
5669.65	58.2719
5672.08	58.2702
5674.5	58.2961
5676.92	58.2874
5679.35	58.2818
5681.77	58.3016
5684.2	58.2968
5686.62	58.2981
5689.05	58.3141
5691.48	58.3109
5693.9	58.3163
5696.33	58.36
5698.75	58.3787
5701.17	58.3746
5703.6	58.4272
5706.02	58.4677
5708.45	58.4949
5710.88	58.5108
5713.3	58.5138
5715.73	58.5448
5718.15	58.5721
5720.58	58.5375
5723.0	58.5508
5725.42	58.5025
5727.85	58.4899
5730.27	58.5093
5732.7	58.5303
5735.12	58.4894
5737.55	58.4923
5739.98	58.4721
5742.4	58.429
5744.83	58.4259
5747.25	58.4144
5749.67	58.3764
5752.1	58.3847
5754.52	58.31
5756.95	58.2856
5759.38	58.2746
5761.8	58.3387
5764.23	58.3812
5766.65	58.3731
5769.08	58.3997
5771.5	58.3858
5773.92	58.3547
5776.35	58.3402
5778.77	58.3265
5781.2	58.3353
5783.62	58.3247
5786.05	58.3416
5788.48	58.3118
5790.9	58.3174
5793.33	58.2863
5795.75	58.3098
5798.17	58.3056
5800.6	58.3281
5803.02	58.2801
5805.45	58.3077
5807.88	58.3223
5810.3	58.3698
5812.73	58.4065
5815.15	58.4594
5817.58	58.4812
5820.0	58.4429
5822.42	58.3825
5824.85	58.3671
5827.27	58.4495
5829.7	58.4612
5832.12	58.4655
5834.55	58.5074
5836.98	58.541
5839.4	58.5446
5841.83	58.5526
5844.25	58.6098
5846.67	58.5924
5849.1	58.5872
5851.52	58.6512
5853.95	58.6294
5856.38	58.6063
5858.8	58.6075
5861.23	58.6924
5863.65	58.7192
5866.08	58.7196
5868.5	58.7298
5870.92	58.7047
5873.35	58.7258
5875.77	58.7103
5878.2	58.7339
5880.62	58.7217
5883.05	58.7567
5885.48	58.7657
5887.9	58.7521
5890.33	58.7549
5892.75	58.7976
5895.17	58.7975
5897.6	58.7914
5900.02	58.8016
5902.45	58.7677
5904.88	58.7836
5907.3	58.788
5909.73	58.7776
5912.15	58.8213
5914.58	58.8926
5917.0	58.8656
5919.42	58.8544
5921.85	58.8214
5924.27	58.8215
5926.7	58.8789
5929.12	58.8907
5931.55	58.9037
5933.98	58.9514
5936.4	58.9575
5938.83	58.9841
5941.25	58.9603
5943.67	58.9311
5946.1	58.967
5948.52	58.961
5950.95	58.9592
5953.38	58.971
5955.8	58.9994
5958.23	58.9782
5960.65	58.8814
5963.08	58.8999
5965.5	58.8596
5967.92	58.8748
5970.35	58.8995
5972.77	58.9073
5975.2	58.9152
5977.62	58.92
5980.05	58.9197
5982.48	58.9104
5984.9	58.9202
5987.33	58.8618
5989.75	58.8451
5992.17	58.8056
5994.6	58.7751
5997.02	58.8217
5999.45	58.8111
6001.88	58.7926
6004.3	58.7984
6006.73	58.7572
6009.15	58.7441
6011.58	58.7439
6014.0	58.7447
6016.42	58.8264
6018.85	58.7639
6021.27	58.7567
6023.7	58.7823
6026.12	58.7891
6028.55	58.7552
6030.98	58.767
6033.4	58.7604
6035.83	58.7905
6038.25	58.8144
6040.67	58.7734
6043.1	58.7488
6045.52	58.7932
6047.95	58.8063
6050.38	58.8112
6052.8	58.7795
6055.23	58.7662
6057.65	58.7569
6060.08	58.7087
6062.5	58.7123
6064.92	58.6528
6067.35	58.6497
6069.77	58.6475
6072.2	58.6009
6074.62	58.5839
6077.05	58.5415
6079.48	58.5609
6081.9	58.54
6084.33	58.5479
6086.75	58.5478
6089.17	58.5512
6091.6	58.5894
6094.02	58.5746
6096.45	58.5722
6098.88	58.5412
6101.3	58.5338
6103.73	58.5037
6106.15	58.5448
6108.58	58.5518
6111.0	58.5779
6113.42	58.5666
6115.85	58.5542
6118.27	58.5454
6120.7	58.5395
6123.12	58.499
6125.55	58.5122
6127.98	58.4987
6130.4	58.5189
6132.83	58.4919
6135.25	58.48
6137.67	58.4542
6140.1	58.474
6142.52	58.482
6144.95	58.4976
6147.38	58.4974
6149.8	58.4952
6152.23	58.5152
6154.65	58.5699
6157.08	58.6121
6159.5	58.5724
6161.92	58.6091
6164.35	58.5525
6166.77	58.5023
6169.2	58.5265
6171.62	58.4791
6174.05	58.4485
6176.48	58.4792
6178.9	58.4225
6181.33	58.429
6183.75	58.441
6186.17	58.5164
6188.6	58.4815
6191.02	58.5109
6193.45	58.5096
6195.88	58.468
6198.3	58.4912
6200.73	58.4934
6203.15	58.4682
6205.58	58.4149
6208.0	58.4123
6210.42	58.4285
6212.85	58.4191
6215.27	58.4647
6217.7	58.4408
6220.12	58.4397
6222.55	58.4261
6224.98	58.435
6227.4	58.4879
6229.83	58.4189
6232.25	58.398
6234.67	58.407
6237.1	58.4315
6239.52	58.4166
6241.95	58.4078
6244.38	58.3839
6246.8	58.4242
6249.23	58.4613
6251.65	58.4946
6254.08	58.4728
6256.5	58.4928
6258.92	58.5253
6261.35	58.5326
6263.77	58.542
6266.2	58.5156
6268.62	58.5309
6271.05	58.5695
6273.48	58.565
6275.9	58.5312
6278.33	58.4763
6280.75	58.4974
6283.17	58.5325
6285.6	58.5843
6288.02	58.5682
6290.45	58.5767
6292.88	58.5552
6295.3	58.5649
6297.73	58.4926
6300.15	58.4442
6302.58	58.4792
6305.0	58.5025
6307.42	58.5109
6309.85	58.5275
6312.27	58.5373
6314.7	58.5883
6317.12	58.5644
6319.55	58.5322
6321.98	58.5033
6324.4	58.5197
6326.83	58.5844
6329.25	58.5636
6331.67	58.5912
6334.1	58.5289
6336.52	58.5037
6338.95	58.5179
6341.38	58.515
6343.8	58.5175
6346.23	58.548
6348.65	58.5647
6351.08	58.5135
6353.5	58.535
6355.92	58.5104
6358.35	58.5252
6360.77	58.5793
6363.2	58.5632
6365.62	58.6242
6368.05	58.5526
6370.48	58.587
6372.9	58.6332
6375.33	58.5924
6377.75	58.6559
6380.17	58.6859
6382.6	58.6927
6385.02	58.6897
6387.45	58.7444
6389.88	58.7425
6392.3	58.7776
6394.73	58.7676
6397.15	58.7634
6399.58	58.7009
6402.0	58.7184
6404.42	58.7365
6406.85	58.7615
6409.27	58.7373
6411.7	58.8368
6414.12	58.8518
6416.55	58.8597
6418.98	58.8553
6421.4	58.7985
6423.83	58.7949
6426.25	58.8487
6428.67	58.8108
6431.1	58.8105
6433.52	58.8262
6435.95	58.8018
6438.38	58.81
6440.8	58.7944
6443.23	58.8426
6445.65	58.8762
6448.08	58.8446
6450.5	58.8444
6452.92	58.7896
6455.35	58.8149
6457.77	58.8402
6460.2	58.8535
6462.62	58.8121
6465.05	58.8016
6467.48	58.7751
6469.9	58.7772
6472.33	58.7637
6474.75	58.753
6477.17	58.7345
6479.6	58.7019
6482.02	58.7545
6484.45	58.7681
6486.88	58.8217
6489.3	58.7988
6491.73	58.8233
6494.15	58.7557
6496.58	58.7365
6499.0	58.7548
6501.42	58.7395
6503.85	58.7361
6506.27	58.7024
6508.7	58.6927
6511.12	58.6881
6513.55	58.7056
6515.98	58.6196
6518.4	58.6261
6520.83	58.6391
6523.25	58.6811
6525.67	58.6771
6528.1	58.707
6530.52	58.7654
6532.95	58.8273
6535.38	58.8465
6537.8	58.8169
6540.23	58.7849
6542.65	58.7891
6545.08	58.785
6547.5	58.6869
6549.92	58.6666
6552.35	58.6443
6554.77	58.5968
6557.2	58.5725
6559.62	58.6003
6562.05	58.6677
6564.48	58.7013
6566.9	58.7116
6569.33	58.7001
6571.75	58.7118
6574.17	58.7282
6576.6	58.6825
6579.02	58.6604
6581.45	58.6918
6583.88	58.6257
6586.3	58.6481
6588.73	58.6827
6591.15	58.6709
6593.58	58.6668
6596.0	58.6527
6598.42	58.6713
6600.85	58.6709
6603.27	58.6696
6605.7	58.647
6608.12	58.6829
6610.55	58.6857
6612.98	58.7032
6615.4	58.7358
6617.83	58.7206
6620.25	58.6451
6622.67	58.6639
6625.1	58.664
6627.52	58.6325
6629.95	58.6045
6632.38	58.6054
6634.8	58.5678
6637.23	58.5356
6639.65	58.5603
6642.08	58.5652
6644.5	58.614
6646.92	58.6339
6649.35	58.6331
6651.77	58.6746
6654.2	58.6588
6656.62	58.6933
6659.05	58.7255
6661.48	58.6782
6663.9	58.6738
6666.33	58.6999
6668.75	58.643
6671.17	58.6135
6673.6	58.6554
6676.02	58.6287
6678.45	58.6411
6680.88	58.6623
6683.3	58.6277
6685.73	58.6513
6688.15	58.6755
6690.58	58.7403
6693.0	58.708
6695.42	58.7047
6697.85	58.6808
6700.27	58.6833
6702.7	58.7086
6705.12	58.741
6707.55	58.7244
6709.98	58.7009
6712.4	58.6603
6714.83	58.6655
6717.25	58.6187
6719.67	58.5917
6722.1	58.5645
6724.52	58.5914
6726.95	58.6335
6729.38	58.6441
6731.8	58.6745
6734.23	58.7012
6736.65	58.6788
6739.08	58.6596
6741.5	58.6959
6743.92	58.7369
6746.35	58.7583
6748.77	58.741
6751.2	58.7193
6753.62	58.7467
6756.05	58.7893
6758.48	58.7772
6760.9	58.7918
6763.33	58.7741
6765.75	58.8132
6768.17	58.8115
6770.6	58.8421
6773.02	58.8649
6775.45	58.821
6777.88	58.7925
6780.3	58.8427
6782.73	58.8015
6785.15	58.8391
6787.58	58.7648
6790.0	58.7918
6792.42	58.7669
6794.85	58.7795
6797.27	58.7813
6799.7	58.7528
6802.12	58.7903
6804.55	58.8246
6806.98	58.7882
6809.4	58.7899
6811.83	58.7933
6814.25	58.8199
6816.67	58.8143
6819.1	58.8226
6821.52	58.8424
6823.95	58.825
6826.38	58.7909
6828.8	58.8246
6831.23	58.821
6833.65	58.8326
6836.08	58.8484
6838.5	58.8211
6840.92	58.8412
6843.35	58.8397
6845.77	58.7834
6848.2	58.7892
6850.62	58.8038
6853.05	58.8105
6855.48	58.834
6857.9	58.8767
6860.33	58.9229
6862.75	58.8868
6865.17	58.8818
6867.6	58.907
6870.02	58.9229
6872.45	58.9416
6874.88	58.8684
6877.3	58.9119
6879.73	58.928
6882.15	58.9232
6884.58	58.9853
6887.0	58.9321
6889.42	58.9545
6891.85	58.9816
6894.27	58.9849
6896.7	58.9465
6899.12	58.9341
6901.55	58.9098
6903.98	58.8506
6906.4	58.8536
6908.83	58.8717
6911.25	58.8691
6913.67	58.9078
6916.1	58.9167
6918.52	58.9257
6920.95	58.8742
6923.38	58.8712
6925.8	58.8407
6928.23	58.8414
6930.65	58.8697
6933.08	58.8467
6935.5	58.8338
6937.92	58.8593
6940.35	58.8976
6942.77	58.8782
6945.2	58.8355
6947.62	58.831
6950.05	58.8349
6952.48	58.8183
6954.9	58.8178
6957.33	58.7745
6959.75	58.7561
6962.17	58.7288
6964.6	58.7108
6967.02	58.6809
6969.45	58.6823
6971.88	58.7471
6974.3	58.74
6976.73	58.7469
6979.15	58.748
6981.58	58.7404
6984.0	58.7196
6986.42	58.763
6988.85	58.8012
6991.27	58.7838
6993.7	58.8033
6996.12	58.8357
6998.55	58.848
7000.98	58.8687
7003.4	58.8021
7005.83	58.7733
7008.25	58.8048
7010.67	58.8216
7013.1	58.8211
7015.52	58.8273
7017.95	58.8707
7020.38	58.8935
7022.8	58.8303
7025.23	58.8418
7027.65	58.8729
7030.08	58.9036
7032.5	58.924
7034.92	58.9176
7037.35	58.9116
7039.77	58.9383
7042.2	58.9271
7044.62	58.9229
7047.05	58.8656
7049.48	58.858
7051.9	58.8332
7054.33	58.8271
7056.75	58.7958
7059.17	58.7711
7061.6	58.7733
7064.02	58.7701
7066.45	58.7712
7068.88	58.7844
7071.3	58.7912
7073.73	58.7636
7076.15	58.7784
7078.58	58.825
7081.0	58.827
7083.42	58.8141
7085.85	58.8501
7088.27	58.8321
7090.7	58.8141
7093.12	58.7771
7095.55	58.8068
7097.98	58.7507
7100.4	58.766
7102.83	58.7617
7105.25	58.7676
7107.67	58.7528
7110.1	58.7896
7112.52	58.7983
7114.95	58.7983
7117.38	58.8284
7119.8	58.7398
7122.23	58.7315
7124.65	58.6911
7127.08	58.7334
7129.5	58.708
7131.92	58.679
7134.35	58.6359
7136.77	58.6443
7139.2	58.6786
7141.62	58.7018
7144.05	58.7341
7146.48	58.7325
7148.9	58.6972
7151.33	58.7083
7153.75	58.7001
7156.17	58.7448
7158.6	58.7324
7161.02	58.7122
7163.45	58.7254
7165.88	58.6676
7168.3	58.7712
7170.73	58.8236
7173.15	58.7952
7175.58	58.806
7178.0	58.7901
7180.42	58.7887
7182.85	58.8003
7185.27	58.794
7187.7	58.8085
7190.12	58.8302
7192.55	58.7764
7194.98	58.8038
7197.4	58.8361
7199.83	58.8334
7202.25	58.8157
7204.67	58.8236
7207.1	58.7899
7209.52	58.8415
7211.95	58.8003
7214.38	58.8281
7216.8	58.7898
7219.23	58.7965
7221.65	58.7967
7224.08	58.7768
7226.5	58.7518
7228.92	58.7297
7231.35	58.6942
7233.77	58.7318
7236.2	58.7331
7238.62	58.7125
7241.05	58.7574
7243.48	58.7678
7245.9	58.6966
7248.33	58.6549
7250.75	58.6607
7253.17	58.6637
7255.6	58.6952
7258.02	58.7422
7260.45	58.7409
7262.88	58.6877
7265.3	58.6545
7267.73	58.6375
7270.15	58.5631
7272.58	58.5713
7275.0	58.594
7277.42	58.5733
7279.85	58.5047
7282.27	58.4836
7284.7	58.4837
7287.12	58.4745
7289.55	58.4379
7291.98	58.4216
7294.4	58.4558
7296.83	58.4799
7299.25	58.4635
7301.67	58.402
7304.1	58.4369
7306.52	58.456
7308.95	58.438
7311.38	58.443
7313.8	58.4439
7316.23	58.4647
7318.65	58.5098
7321.08	58.4886
7323.5	58.4753
7325.92	58.5133
7328.35	58.5041
7330.77	58.5005
7333.2	58.4752
7335.62	58.5121
7338.05	58.4646
7340.48	58.4283
7342.9	58.4396
7345.33	58.4161
7347.75	58.3319
7350.17	58.3015
7352.6	58.3333
7355.02	58.336
7357.45	58.3181
7359.88	58.2475
7362.3	58.2463
7364.73	58.255
7367.15	58.2248
7369.58	58.2295
7372.0	58.3005
7374.42	58.3173
7376.85	58.3367
7379.27	58.3312
7381.7	58.4011
7384.12	58.4552
7386.55	58.4803
7388.98	58.4969
7391.4	58.5321
7393.83	58.5336
7396.25	58.53
7398.67	58.5444
7401.1	58.5717
7403.52	58.5709
7405.95	58.6042
7408.38	58.6083
7410.8	58.6032
7413.23	58.6201
7415.65	58.6528
7418.08	58.6391
7420.5	58.6244
7422.92	58.6405
7425.35	58.6696
7427.77	58.704
7430.2	58.7341
7432.62	58.7209
7435.05	58.7632
7437.48	58.7599
7439.9	58.7704
7442.33	58.7464
7444.75	58.6882
7447.17	58.668
7449.6	58.6529
7452.02	58.6406
7454.45	58.6631
7456.88	58.6765
7459.3	58.6577
7461.73	58.6467
7464.15	58.6547
7466.58	58.6374
7469.0	58.654
7471.42	58.6177
7473.85	58.6328
7476.27	58.6096
7478.7	58.6351
7481.12	58.636
7483.55	58.6373
7485.98	58.6342
7488.4	58.5618
7490.83	58.5142
7493.25	58.4909
7495.67	58.4698
7498.1	58.4172
7500.52	58.4435
7502.95	58.491
7505.38	58.4722
7507.8	58.4815
7510.23	58.4848
7512.65	58.4657
7515.08	58.4319
7517.5	58.4426
7519.92	58.4407
7522.35	58.4699
7524.77	58.5164
7527.2	58.5333
7529.62	58.509
7532.05	58.4925
7534.48	58.5014
7536.9	58.458
7539.33	58.4423
7541.75	58.4571
7544.17	58.4403
7546.6	58.45
7549.02	58.4523
7551.45	58.4749
7553.88	58.453
7556.3	58.5247
7558.73	58.5287
7561.15	58.5244
7563.58	58.5703
7566.0	58.5583
7568.42	58.5673
7570.85	58.5619
7573.27	58.5231
7575.7	58.5832
7578.12	58.6118
7580.55	58.573
7582.98	58.5739
7585.4	58.5718
7587.83	58.5306
7590.25	58.5277
7592.67	58.5594
7595.1	58.5363
7597.52	58.5251
7599.95	58.5331
7602.38	58.5281
7604.8	58.5194
7607.23	58.5566
7609.65	58.6094
7612.08	58.6188
7614.5	58.5979
7616.92	58.6044
7619.35	58.5843
7621.77	58.5537
7624.2	58.5508
7626.62	58.5187
7629.05	58.5575
7631.48	58.5744
7633.9	58.541
7636.33	58.5355
7638.75	58.524
7641.17	58.5452
7643.6	58.5347
7646.02	58.5486
7648.45	58.512
7650.88	58.4978
7653.3	58.4457
7655.73	58.4153
7658.15	58.3699
7660.58	58.3694
7663.0	58.3376
7665.42	58.3441
7667.85	58.3925
7670.27	58.4311
7672.7	58.4264
7675.12	58.4858
7677.55	58.5051
7679.98	58.5301
7682.4	58.4989
7684.83	58.4996
7687.25	58.4543
7689.67	58.4357
7692.1	58.4659
7694.52	58.457
7696.95	58.4388
7699.38	58.4016
7701.8	58.4235
7704.23	58.4348
7706.65	58.4411
7709.08	58.449
7711.5	58.4109
7713.92	58.4622
7716.35	58.4448
7718.77	58.4297
7721.2	58.3894
7723.62	58.3996
7726.05	58.4028
7728.48	58.4238
7730.9	58.4432
7733.33	58.4408
7735.75	58.403
7738.17	58.3655
7740.6	58.3447
7743.02	58.3591
7745.45	58.3572
7747.88	58.3811
7750.3	58.386
7752.73	58.3848
7755.15	58.4212
7757.58	58.4653
7760.0	58.4197
7762.42	58.4191
7764.85	58.4231
7767.27	58.4184
7769.7	58.3915
7772.12	58.4209
7774.55	58.4348
7776.98	58.4489
7779.4	58.4656
7781.83	58.4708
7784.25	58.5035
7786.67	58.4993
7789.1	58.4771
7791.52	58.4819
7793.95	58.5108
7796.38	58.5214
7798.8	58.5334
7801.23	58.5101
7803.65	58.4806
7806.08	58.5072
7808.5	58.5037
7810.92	58.5308
7813.35	58.602
7815.77	58.564
7818.2	58.6025
7820.62	58.5764
7823.05	58.5667
7825.48	58.6151
7827.9	58.635
7830.33	58.6892
7832.75	58.6858
7835.17	58.6498
7837.6	58.6319
7840.02	58.6717
7842.45	58.673
7844.88	58.6884
7847.3	58.7388
7849.73	58.7347
7852.15	58.7521
7854.58	58.8141
7857.0	58.8151
7859.42	58.8767
7861.85	58.8533
7864.27	58.8659
7866.7	58.8837
7869.12	58.909
7871.55	58.8825
7873.98	58.8653
7876.4	58.9199
7878.83	58.9174
7881.25	58.9214
7883.67	59.0051
7886.1	58.9907
7888.52	58.9971
7890.95	58.9763
7893.38	58.9862
7895.8	58.9674
7898.23	58.93
7900.65	58.9039
7903.08	58.8976
7905.5	58.9118
7907.92	58.9207
7910.35	58.9511
7912.77	58.9415
7915.2	58.9655
7917.62	58.981
7920.05	58.9843
7922.48	58.9718
7924.9	58.9691
7927.33	58.9492
7929.75	58.9437
7932.17	58.9362
7934.6	58.9346
7937.02	58.9519
7939.45	58.9744
7941.88	58.9796
7944.3	58.9626
7946.73	59.0339
7949.15	59.0392
7951.58	59.0552
7954.0	59.007
7956.42	59.0286
7958.85	59.1039
7961.27	59.0963
7963.7	59.1032
7966.12	59.0983
7968.55	59.085
7970.98	59.0649
7973.4	59.0614
7975.83	59.0721
7978.25	59.0782
7980.67	59.0745
7983.1	59.0974
7985.52	59.1379
7987.95	59.1482
7990.38	59.1728
7992.8	59.1217
7995.23	59.1539
7997.65	59.1422
8000.08	59.1121
8002.5	59.1205
8004.92	59.0842
8007.35	59.0965
8009.77	59.1119
8012.2	59.0966
8014.62	59.1053
8017.05	59.1063
8019.48	59.1171
8021.9	59.125
8024.33	59.0518
8026.75	59.0323
8029.17	58.994
8031.6	58.9909
8034.02	58.9905
8036.45	58.9815
8038.88	58.99
8041.3	58.9652
8043.73	58.956
8046.15	58.9767
8048.58	58.9703
8051.0	58.9815
8053.42	58.9792
8055.85	58.9895
8058.27	59.0431
8060.7	59.0467
8063.12	59.0387
8065.55	59.0317
8067.98	59.0272
8070.4	59.0313
8072.83	59.0386
8075.25	59.0254
8077.67	59.0261
8080.1	59.085
8082.52	59.0906
8084.95	59.0837
8087.38	59.0907
8089.8	59.0494
8092.23	59.051
8094.65	58.9587
8097.08	58.9826
8099.5	58.997
8101.92	59.0188
8104.35	59.015
8106.77	59.0392
8109.2	59.0554
8111.62	59.0268
8114.05	59.0074
8116.48	59.0382
8118.9	59.0593
8121.33	59.1024
8123.75	59.0901
8126.17	59.0752
8128.6	59.1191
8131.02	59.0844
8133.45	59.0607
8135.88	59.0978
8138.3	59.0424
8140.73	59.0768
8143.15	59.1227
8145.58	59.1417
8148.0	59.1423
8150.42	59.1656
8152.85	59.1614
8155.27	59.1749
8157.7	59.1733
8160.12	59.1495
8162.55	59.1797
8164.98	59.201
8167.4	59.1943
8169.83	59.165
8172.25	59.1634
8174.67	59.187
8177.1	59.1436
8179.52	59.1763
8181.95	59.1736
8184.38	59.2038
8186.8	59.1529
8189.23	59.1622
8191.65	59.1824
8194.08	59.198
8196.5	59.2216
8198.92	59.2003
8201.35	59.2233
8203.78	59.2245
8206.2	59.2464
8208.62	59.2782
8211.05	59.2263
8213.47	59.236
8215.9	59.2209
8218.33	59.2129
8220.75	59.2168
8223.17	59.1687
8225.6	59.2133
8228.03	59.2312
8230.45	59.247
8232.88	59.2361
8235.3	59.2102
8237.72	59.1648
8240.15	59.1443
8242.58	59.1233
8245.0	59.1765
8247.42	59.1332
8249.85	59.1537
8252.28	59.139
8254.7	59.1418
8257.12	59.1557
8259.55	59.1684
8261.97	59.1148
8264.4	59.1721
8266.83	59.1683
8269.25	59.1435
8271.67	59.1452
8274.1	59.107
8276.53	59.125
8278.95	59.1166
8281.38	59.1801
8283.8	59.2476
8286.22	59.2397
8288.65	59.2404
8291.08	59.2188
8293.5	59.2337
8295.92	59.2427
8298.35	59.2298
8300.78	59.2114
8303.2	59.2595
8305.62	59.2703
8308.05	59.2781
8310.47	59.2924
8312.9	59.2679
8315.33	59.2877
8317.75	59.2671
8320.17	59.2403
8322.6	59.2309
8325.03	59.2123
8327.45	59.2718
8329.88	59.3027
8332.3	59.2838
8334.72	59.3361
8337.15	59.3248
8339.58	59.3254
8342.0	59.3159
8344.42	59.2624
8346.85	59.2561
8349.28	59.2592
8351.7	59.2489
8354.12	59.2544
8356.55	59.2183
8358.97	59.2426
8361.4	59.232
8363.83	59.1991
8366.25	59.1982
8368.67	59.1136
8371.1	59.1408
8373.53	59.1188
8375.95	59.1559
8378.38	59.1064
8380.8	59.0877
8383.22	59.0708
8385.65	59.0319
8388.08	59.0261
8390.5	59.0404
8392.92	59.0667
8395.35	59.0771
8397.78	59.0467
8400.2	59.0288
8402.62	59.0662
8405.05	59.0807
8407.47	59.0871
8409.9	59.0796
8412.33	59.0909
8414.75	59.0839
8417.17	59.0955
8419.6	59.1225
8422.03	59.1035
8424.45	59.1257
8426.88	59.1316
8429.3	59.1589
8431.72	59.1912
8434.15	59.192
8436.58	59.1813
8439.0	59.1944
8441.42	59.2064
8443.85	59.2088
8446.28	59.2519
8448.7	59.2393
8451.12	59.2354
8453.55	59.2248
8455.97	59.2328
8458.4	59.2318
8460.83	59.2623
8463.25	59.2373
8465.67	59.2908
8468.1	59.2988
8470.53	59.3344
8472.95	59.3599
8475.38	59.35
8477.8	59.3603
8480.22	59.4132
8482.65	59.4482
8485.08	59.4379
8487.5	59.4604
8489.92	59.4646
8492.35	59.4699
8494.78	59.5192
8497.2	59.5026
8499.62	59.5226
8502.05	59.532
8504.47	59.5109
8506.9	59.492
8509.33	59.4902
8511.75	59.498
8514.17	59.5077
8516.6	59.5039
8519.03	59.4885
8521.45	59.4869
8523.88	59.5008
8526.3	59.5101
8528.72	59.5461
8531.15	59.5446
8533.58	59.5404
8536.0	59.548
8538.42	59.5699
8540.85	59.5263
8543.28	59.5362
8545.7	59.516
8548.12	59.6257
8550.55	59.6685
8552.97	59.63
8555.4	59.6154
8557.83	59.6414
8560.25	59.6173
8562.67	59.6696
8565.1	59.6872
8567.53	59.6941
8569.95	59.7392
8572.38	59.7429
8574.8	59.7732
8577.22	59.7725
8579.65	59.7718
8582.08	59.806
8584.5	59.8097
8586.92	59.8061
8589.35	59.78
8591.78	59.7955
8594.2	59.8177
8596.62	59.8044
8599.05	59.8105
8601.47	59.7893
8603.9	59.7542
8606.33	59.7438
8608.75	59.747
8611.17	59.7871
8613.6	59.8119
8616.03	59.842
8618.45	59.8484
8620.88	59.8684
8623.3	59.8527
8625.72	59.8284
8628.15	59.7636
8630.58	59.7712
8633.0	59.7584
8635.42	59.7869
8637.85	59.769
8640.28	59.7598
8642.7	59.7753
8645.12	59.7908
8647.55	59.8228
8649.97	59.8114
8652.4	59.8251
8654.83	59.8072
8657.25	59.8315
8659.67	59.8599
8662.1	59.8414
8664.53	59.8794
8666.95	59.8494
8669.38	59.7904
8671.8	59.8084
8674.22	59.7807
8676.65	59.8066
8679.08	59.8073
8681.5	59.8067
8683.92	59.8358
8686.35	59.8646
8688.78	59.8405
8691.2	59.8622
8693.62	59.8353
8696.05	59.8421
8698.47	59.8617
8700.9	59.8714
8703.33	59.9507
8705.75	59.9116
8708.17	59.9519
8710.6	59.9469
8713.03	59.9523
8715.45	59.9504
8717.88	59.9827
8720.3	59.9614
8722.72	59.9934
8725.15	59.9892
8727.58	60.0039
8730.0	60.0037
8732.42	60.0304
8734.85	60.0254
8737.28	60.0508
8739.7	60.0557
8742.12	60.0688
8744.55	60.0905
8746.97	60.0918
8749.4	60.0484
8751.83	60.1019
8754.25	60.1203
8756.67	60.0857
8759.1	60.1291
8761.53	60.1504
8763.95	60.1536
8766.38	60.1053
8768.8	60.1065
8771.22	60.1169
8773.65	60.1308
8776.08	60.1229
8778.5	60.1329
8780.92	60.1343
8783.35	60.1234
8785.78	60.1401
8788.2	60.1475
8790.62	60.1299
8793.05	60.1759
8795.47	60.2051
8797.9	60.2004
8800.33	60.1621
8802.75	60.1516
8805.17	60.0912
8807.6	60.0847
8810.03	60.0692
8812.45	60.0591
8814.88	60.0514
8817.3	60.0745
8819.72	60.0598
8822.15	60.0744
8824.58	60.0552
8827.0	60.0702
8829.42	60.0505
8831.85	60.0555
8834.28	60.0448
8836.7	60.0171
8839.12	60.0176
8841.55	60.091
8843.97	60.0766
8846.4	60.0743
8848.83	60.1221
8851.25	60.1233
8853.67	60.1577
8856.1	60.2008
8858.53	60.2373
8860.95	60.2514
8863.38	60.2626
8865.8	60.2467
8868.22	60.3155
8870.65	60.3228
8873.08	60.3468
8875.5	60.3482
8877.92	60.3697
8880.35	60.3685
8882.78	60.3405
8885.2	60.3447
8887.62	60.3331
8890.05	60.36
8892.47	60.3793
8894.9	60.395
8897.33	60.3618
8899.75	60.321
8902.17	60.3652
8904.6	60.3068
8907.03	60.2937
8909.45	60.287
8911.88	60.303
8914.3	60.2715
8916.72	60.2555
8919.15	60.2368
8921.58	60.3095
8924.0	60.2763
8926.42	60.3063
8928.85	60.2979
8931.28	60.3251
8933.7	60.3666
8936.12	60.3575
8938.55	60.3897
8940.97	60.3845
8943.4	60.383
8945.83	60.3701
8948.25	60.4034
8950.67	60.418
8953.1	60.3961
8955.53	60.3917
8957.95	60.432
8960.38	60.4644
8962.8	60.4865
8965.22	60.4967
8967.65	60.5087
8970.08	60.5638
8972.5	60.5823
8974.92	60.5503
8977.35	60.5474
8979.78	60.5685
8982.2	60.559
8984.62	60.5458
8987.05	60.5607
8989.47	60.56
8991.9	60.577
8994.33	60.5593
8996.75	60.5425
8999.17	60.5719
9001.6	60.5719
9004.03	60.549
9006.45	60.5795
9008.88	60.6037
9011.3	60.6481
9013.72	60.6121
9016.15	60.6063
9018.58	60.5575
9021.0	60.5445
9023.42	60.5698
9025.85	60.5741
9028.28	60.5877
9030.7	60.6036
9033.12	60.6219
9035.55	60.6728
9037.97	60.7104
9040.4	60.648
9042.83	60.6459
9045.25	60.6216
9047.67	60.6355
9050.1	60.6195
9052.53	60.6239
9054.95	60.6392
9057.38	60.6356
9059.8	60.6365
9062.22	60.655
9064.65	60.7061
9067.08	60.7331
9069.5	60.7687
9071.92	60.7691
9074.35	60.7205
9076.78	60.7237
9079.2	60.7256
9081.62	60.749
9084.05	60.7327
9086.47	60.7691
9088.9	60.7559
9091.33	60.7616
9093.75	60.7421
9096.17	60.7216
9098.6	60.7158
9101.03	60.7757
9103.45	60.7994
9105.88	60.765
9108.3	60.7348
9110.72	60.7865
9113.15	60.7709
9115.58	60.8221
9118.0	60.7835
9120.42	60.8239
9122.85	60.8572
9125.28	60.8378
9127.7	60.855
9130.12	60.8693
9132.55	60.8742
9134.97	60.8644
9137.4	60.8866
9139.83	60.8768
9142.25	60.8278
9144.67	60.8088
9147.1	60.8162
9149.53	60.8151
9151.95	60.8362
9154.38	60.915
9156.8	60.9007
9159.22	60.8918
9161.65	60.89
9164.08	60.8557
9166.5	60.8798
9168.92	60.8619
9171.35	60.8666
9173.78	60.8981
9176.2	60.8759
9178.62	60.8713
9181.05	60.904
9183.47	60.9216
9185.9	60.9007
9188.33	60.8983
9190.75	60.9173
9193.17	60.947
9195.6	60.9438
9198.03	60.9555
9200.45	60.9917
9202.88	60.9436
9205.3	60.8777
9207.72	60.9612
9210.15	60.9682
9212.58	60.9276
9215.0	60.968
9217.42	60.9915
9219.85	60.9413
9222.28	60.9373
9224.7	60.9333
9227.12	60.9442
9229.55	60.9893
9231.97	60.9568
9234.4	60.938
9236.83	60.8919
9239.25	60.8205
9241.67	60.8347
9244.1	60.854
9246.53	60.802
9248.95	60.7917
9251.38	60.7908
9253.8	60.8177
9256.22	60.8395
9258.65	60.8622
9261.08	60.8649
9263.5	60.8526
9265.92	60.8804
9268.35	60.865
9270.78	60.8858
9273.2	60.8425
9275.62	60.837
9278.05	60.8099
9280.47	60.8316
9282.9	60.8679
9285.33	60.8919
9287.75	60.8605
9290.17	60.882
9292.6	60.8695
9295.03	60.8726
9297.45	60.8855
9299.88	60.8998
9302.3	60.8552
9304.72	60.8411
9307.15	60.8085
9309.58	60.7994
9312.0	60.7977
9314.42	60.8066
9316.85	60.7966
9319.28	60.7907
9321.7	60.7956
9324.12	60.7983
9326.55	60.8058
9328.97	60.8
9331.4	60.8351
9333.83	60.823
9336.25	60.8364
9338.67	60.8367
9341.1	60.8908
9343.53	60.8594
9345.95	60.8596
9348.38	60.8845
9350.8	60.8524
9353.22	60.867
9355.65	60.8081
9358.08	60.8645
9360.5	60.8516
9362.92	60.8698
9365.35	60.818
9367.78	60.8564
9370.2	60.7853
9372.62	60.8202
9375.05	60.8079
9377.47	60.8131
9379.9	60.8383
9382.33	60.8355
9384.75	60.8396
9387.17	60.8652
9389.6	60.8815
9392.03	60.8898
9394.45	60.9214
9396.88	60.8675
9399.3	60.8538
9401.72	60.8436
9404.15	60.8722
9406.58	60.888
9409.0	60.8387
9411.42	60.8722
9413.85	60.8403
9416.28	60.86
9418.7	60.8485
9421.12	60.8458
9423.55	60.8445
9425.97	60.8502
9428.4	60.8785
9430.83	60.836
9433.25	60.8327
9435.67	60.8435
9438.1	60.8858
9440.53	60.8741
9442.95	60.8939
9445.38	60.9104
9447.8	60.9505
9450.22	60.8994
9452.65	60.9158
9455.08	60.8707
9457.5	60.8809
9459.92	60.886
9462.35	60.881
9464.78	60.9345
9467.2	60.9511
9469.62	60.9791
9472.05	60.9858
9474.47	60.9913
9476.9	61.0347
9479.33	61.0969
9481.75	61.164
9484.17	61.159
9486.6	61.1439
9489.03	61.103
9491.45	61.1404
9493.88	61.1418
9496.3	61.1079
9498.72	61.0999
9501.15	61.1028
9503.58	61.0721
9506.0	61.0779
9508.42	61.0915
9510.85	61.0582
9513.28	61.0427
9515.7	61.0028
9518.12	61.0237
9520.55	61.0594
9522.97	61.0786
9525.4	61.0226
9527.83	61.0419
9530.25	61.0548
9532.67	61.0446
9535.1	61.0044
9537.53	60.9467
9539.95	60.9612
9542.38	60.9544
9544.8	60.9629
9547.22	60.9321
9549.65	60.9343
9552.08	60.9343
9554.5	60.8932
9556.92	60.9157
9559.35	60.9467
9561.78	60.9314
9564.2	60.9135
9566.62	60.9423
9569.05	60.9164
9571.47	60.8886
9573.9	60.9056
9576.33	60.9328
9578.75	60.9591
9581.17	60.9485
9583.6	60.9713
9586.03	60.9105
9588.45	60.9182
9590.88	60.9125
9593.3	60.9097
9595.72	60.923
9598.15	60.9474
9600.58	60.9576
9603.0	60.9716
9605.42	60.9452
9607.85	60.9525
9610.28	60.9344
9612.7	60.9441
9615.12	60.9831
9617.55	60.9852
9619.97	60.9561
9622.4	60.9985
9624.83	61.0363
9627.25	61.0685
9629.67	61.0301
9632.1	61.0208
9634.53	61.0172
9636.95	61.0208
9639.38	61.0222
9641.8	61.055
9644.22	61.0573
9646.65	61.1067
9649.08	61.1093
9651.5	61.1344
9653.92	61.1128
9656.35	61.1618
9658.78	61.1014
9661.2	61.0999
9663.62	61.1195
9666.05	61.0658
9668.47	61.0709
9670.9	61.0995
9673.33	61.1105
9675.75	61.0959
9678.17	61.0672
9680.6	61.0544
9683.03	61.1131
9685.45	61.0554
9687.88	61.0115
9690.3	61.0125
9692.72	61.0075
9695.15	61.0387
9697.58	60.9978
9700.0	61.0233
9702.42	61.0345
9704.85	61.0031
9707.28	60.9741
9709.7	60.9782
9712.12	61.0303
9714.55	61.1213
9716.97	61.1128
9719.4	61.0782
9721.83	61.0982
9724.25	61.1298
9726.67	61.145
9729.1	61.1893
9731.53	61.1834
9733.95	61.1643
9736.38	61.1926
9738.8	61.2173
9741.22	61.2476
9743.65	61.2815
9746.08	61.2878
9748.5	61.2892
9750.92	61.2409
9753.35	61.2106
9755.78	61.2136
9758.2	61.2176
9760.62	61.2469
9763.05	61.1978
9765.47	61.1788
9767.9	61.1696
9770.33	61.1594
9772.75	61.0737
9775.17	61.051
9777.6	61.1041
9780.03	61.0763
9782.45	61.109
9784.88	61.0967
9787.3	61.0837
9789.72	61.1085
9792.15	61.0703
9794.58	61.0544
9797.0	61.036
9799.42	61.0392
9801.85	61.0408
9804.28	61.0694
9806.7	61.0577
9809.12	61.055
9811.55	61.0406
9813.97	61.0302
9816.4	61.0405
9818.83	61.0587
9821.25	61.0145
9823.67	61.0282
9826.1	61.0524
9828.53	61.0541
9830.95	61.0795
9833.38	61.0839
9835.8	61.079
9838.22	61.0389
9840.65	61.0417
9843.08	61.0353
9845.5	61.0396
9847.92	61.0648
9850.35	61.0685
9852.78	61.0749
9855.2	61.0505
9857.62	61.0859
9860.05	61.1139
9862.47	61.0656
9864.9	61.0813
9867.33	61.098
9869.75	61.1127
9872.17	61.1242
9874.6	61.161
9877.03	61.191
9879.45	61.2734
9881.88	61.2625
9884.3	61.2541
9886.72	61.2729
9889.15	61.3023
9891.58	61.3755
9894.0	61.4166
9896.42	61.4532
9898.85	61.4953
9901.28	61.4834
9903.7	61.4896
9906.12	61.5247
9908.55	61.5238
9910.97	61.524
9913.4	61.5355
9915.83	61.5636
9918.25	61.6087
9920.67	61.5935
9923.1	61.6039
9925.53	61.6013
9927.95	61.6156
9930.38	61.5937
9932.8	61.5993
9935.22	61.5879
9937.65	61.6202
9940.08	61.6441
9942.5	61.6452
9944.92	61.6149
9947.35	61.6221
9949.78	61.5895
9952.2	61.5746
9954.62	61.5868
9957.05	61.5805
9959.47	61.5649
9961.9	61.5715
9964.33	61.5999
9966.75	61.5752
9969.17	61.6337
9971.6	61.64
9974.03	61.6512
9976.45	61.7147
9978.88	61.7413
9981.3	61.7395
9983.72	61.743
9986.15	61.7707
9988.58	61.8267
9991.0	61.8052
9993.42	61.8039
9995.85	61.7656
9998.28	61.756
10000.7	61.7847
10003.1	61.796
10005.5	61.775
10008.0	61.7684
10010.4	61.7339
10012.8	61.7167
10015.2	61.7289
10017.7	61.728
10020.1	61.7399
10022.5	61.7541
10025.0	61.7971
10027.4	61.7787
10029.8	61.7593
10032.2	61.8209
10034.7	61.7959
10037.1	61.8002
10039.5	61.8024
10041.9	61.7979
10044.3	61.8069
10046.8	61.8256
10049.2	61.8561
10051.6	61.8579
10054.0	61.8323
10056.5	61.8811
10058.9	61.8814
10061.3	61.8228
10063.8	61.7774
10066.2	61.7553
10068.6	61.708
10071.0	61.7374
10073.5	61.7429
10075.9	61.7642
10078.3	61.7959
10080.7	61.8077
10083.2	61.8725
10085.6	61.9014
10088.0	61.9141
10090.4	61.9211
10092.8	61.9054
10095.3	61.9359
10097.7	61.937
10100.1	61.9512
10102.5	61.9408
10105.0	61.958
10107.4	61.9829
10109.8	61.9934
10112.2	61.9869
10114.7	62.0015
10117.1	62.0003
10119.5	62.0718
10122.0	62.1507
10124.4	62.1177
10126.8	62.1459
10129.2	62.1528
10131.7	62.2166
10134.1	62.2048
10136.5	62.2502
10138.9	62.2545
10141.3	62.2232
10143.8	62.2478
10146.2	62.237
10148.6	62.2836
10151.0	62.2866
10153.5	62.3001
10155.9	62.2747
10158.3	62.2551
10160.8	62.2742
10163.2	62.3267
10165.6	62.3746
10168.0	62.4196
10170.5	62.399
10172.9	62.4138
10175.3	62.4285
10177.7	62.4364
10180.2	62.4379
10182.6	62.4457
10185.0	62.4475
10187.4	62.3933
10189.8	62.3925
10192.3	62.3874
10194.7	62.3655
10197.1	62.3468
10199.5	62.3129
10202.0	62.3313
10204.4	62.3416
10206.8	62.3415
10209.2	62.3484
10211.7	62.3628
10214.1	62.3622
10216.5	62.3703
10219.0	62.3572
10221.4	62.3954
10223.8	62.39
10226.2	62.4452
10228.7	62.4292
10231.1	62.3718
10233.5	62.4172
10235.9	62.3846
10238.3	62.3251
10240.8	62.31
10243.2	62.296
10245.6	62.3057
10248.0	62.3437
10250.5	62.3498
10252.9	62.2814
10255.3	62.2726
10257.8	62.2399
10260.2	62.1897
10262.6	62.2398
10265.0	62.1995
10267.5	62.193
10269.9	62.2275
10272.3	62.2137
10274.7	62.2154
10277.2	62.2153
10279.6	62.2215
10282.0	62.2228
10284.4	62.2049
10286.8	62.1843
10289.3	62.1654
10291.7	62.1498
10294.1	62.1691
10296.5	62.109
10299.0	62.165
10301.4	62.1016
10303.8	62.0956
10306.2	62.0958
10308.7	62.0082
10311.1	62.0253
10313.5	62.0027
10316.0	62.039
10318.4	62.0113
10320.8	62.0016
10323.2	61.9886
10325.7	61.9699
10328.1	61.9824
10330.5	61.9532
10332.9	61.9761
10335.3	61.9493
10337.8	61.8997
10340.2	61.901
10342.6	61.9368
10345.0	61.956
10347.5	61.97
10349.9	61.9854
10352.3	61.9935
10354.8	62.0037
10357.2	61.9728
10359.6	61.9475
10362.0	61.9634
10364.5	61.9627
10366.9	61.8921
10369.3	61.8858
10371.7	61.929
10374.2	61.9263
10376.6	61.9174
10379.0	61.9517
10381.4	61.9884
10383.8	61.9885
10386.3	62.0138
10388.7	62.0136
10391.1	62.0337
10393.5	62.0354
10396.0	62.0117
10398.4	62.0269
10400.8	62.0187
10403.2	62.056
10405.7	62.0396
10408.1	62.0334
10410.5	62.0184
10413.0	62.0115
10415.4	62.0245
10417.8	61.9412
10420.2	61.9601
10422.7	61.9743
10425.1	61.9453
10427.5	61.93
10429.9	61.9157
10432.3	61.9
10434.8	61.8891
10437.2	61.8908
10439.6	61.8645
10442.0	61.859
10444.5	61.9095
10446.9	61.8985
10449.3	61.952
10451.8	61.9249
10454.2	61.917
10456.6	61.9504
10459.0	61.9425
10461.5	61.9468
10463.9	61.9717
10466.3	61.9364
10468.7	61.9043
10471.2	61.916
10473.6	61.9193
10476.0	61.9602
10478.4	61.9736
10480.8	61.9839
10483.3	61.9668
10485.7	61.9869
10488.1	61.9765
10490.5	61.9701
10493.0	61.9759
10495.4	61.9344
10497.8	61.9388
10500.2	61.8712
10502.7	61.8775
10505.1	61.8555
10507.5	61.8745
10510.0	61.8938
10512.4	61.864
10514.8	61.8841
10517.2	61.8551
10519.7	61.8936
10522.1	61.9019
10524.5	61.8458
10526.9	61.8418
10529.3	61.8073
10531.8	61.8125
10534.2	61.846
10536.6	61.8489
10539.0	61.8552
10541.5	61.8597
10543.9	61.8802
10546.3	61.8732
10548.8	61.8476
10551.2	61.8539
10553.6	61.9059
10556.0	61.8768
10558.5	61.8848
10560.9	61.9246
10563.3	61.9836
10565.7	61.9848
10568.2	62.0128
10570.6	61.9689
10573.0	61.9389
10575.4	61.9167
10577.8	61.9156
10580.3	61.8889
10582.7	61.9149
10585.1	61.8942
10587.5	61.8898
10590.0	61.81
10592.4	61.8543
10594.8	61.862
10597.2	61.8512
10599.7	61.8622
10602.1	61.8352
10604.5	61.828
10607.0	61.8187
10609.4	61.916
10611.8	61.9411
10614.2	61.9579
10616.7	61.9195
10619.1	61.9438
10621.5	61.9289
10623.9	61.9318
10626.3	61.9352
10628.8	61.9348
10631.2	61.9387
10633.6	61.9118
10636.0	61.9638
10638.5	61.9166
10640.9	61.8917
10643.3	61.9234
10645.8	61.897
10648.2	61.8954
10650.6	61.8939
10653.0	61.8969
10655.5	61.9522
10657.9	61.9329
10660.3	61.914
10662.7	61.916
10665.2	61.9411
10667.6	61.9566
10670.0	61.953
10672.4	61.9765
10674.8	62.0113
10677.3	62.054
10679.7	62.0975
10682.1	62.0833
10684.5	62.1069
10687.0	62.0925
10689.4	62.1206
10691.8	62.1383
10694.2	62.1716
10696.7	62.1548
10699.1	62.1959
10701.5	62.176
10704.0	62.2068
10706.4	62.1888
10708.8	62.2138
10711.2	62.2223
10713.7	62.2208
10716.1	62.2282
10718.5	62.2639
10720.9	62.3075
10723.3	62.3054
10725.8	62.2893
10728.2	62.2717
10730.6	62.3201
10733.0	62.2848
10735.5	62.3057
10737.9	62.328
10740.3	62.3419
10742.8	62.3278
10745.2	62.2805
10747.6	62.2384
10750.0	62.2574
10752.5	62.2369
10754.9	62.2431
10757.3	62.2574
10759.7	62.2359
10762.2	62.2057
10764.6	62.2165
10767.0	62.2181
10769.4	62.1949
10771.8	62.1934
10774.3	62.2094
10776.7	62.2459
10779.1	62.2233
10781.5	62.2308
10784.0	62.2143
10786.4	62.2076
10788.8	62.1957
10791.2	62.2017
10793.7	62.2953
10796.1	62.2948
10798.5	62.2712
10801.0	62.2781
10803.4	62.2938
10805.8	62.2792
10808.2	62.2994
10810.7	62.3675
10813.1	62.3799
10815.5	62.4333
10817.9	62.4815
10820.3	62.5187
10822.8	62.5424
10825.2	62.5342
10827.6	62.5116
10830.0	62.4714
10832.5	62.4658
10834.9	62.4231
10837.3	62.4073
10839.8	62.3943
10842.2	62.3623
10844.6	62.3886
10847.0	62.4153
10849.5	62.3998
10851.9	62.4101
10854.3	62.4553
10856.7	62.4627
10859.2	62.4564
10861.6	62.4695
10864.0	62.4524
10866.4	62.4612
10868.8	62.4249
10871.3	62.433
10873.7	62.4264
10876.1	62.399
10878.5	62.3854
10881.0	62.4066
10883.4	62.4267
10885.8	62.4077
10888.2	62.42
10890.7	62.4939
10893.1	62.4617
10895.5	62.4742
10898.0	62.4677
10900.4	62.4593
10902.8	62.421
10905.2	62.4116
10907.7	62.4129
10910.1	62.4304
10912.5	62.4639
10914.9	62.4514
10917.3	62.448
10919.8	62.3894
10922.2	62.434
10924.6	62.4395
10927.0	62.4798
10929.5	62.4863
10931.9	62.4787
10934.3	62.4872
10936.8	62.4573
10939.2	62.4441
10941.6	62.4228
10944.0	62.4606
10946.5	62.4596
10948.9	62.5009
10951.3	62.5454
10953.7	62.5494
10956.2	62.5551
10958.6	62.5279
10961.0	62.5049
10963.4	62.5311
10965.8	62.5182
10968.3	62.5445
10970.7	62.5099
10973.1	62.4623
10975.5	62.4713
10978.0	62.4715
10980.4	62.5268
10982.8	62.513
10985.2	62.5145
10987.7	62.5375
10990.1	62.5892
10992.5	62.5999
10995.0	62.5681
10997.4	62.5737
10999.8	62.5684
11002.2	62.5852
11004.7	62.577
11007.1	62.5496
11009.5	62.515
11011.9	62.4911
11014.3	62.4914
11016.8	62.4752
11019.2	62.4535
11021.6	62.4231
11024.0	62.4404
11026.5	62.4274
11028.9	62.3947
11031.3	62.3833
11033.8	62.3866
11036.2	62.4202
11038.6	62.4408
11041.0	62.4313
11043.5	62.4424
11045.9	62.4365
11048.3	62.438
11050.7	62.4684
11053.2	62.4639
11055.6	62.4385
11058.0	62.4563
11060.4	62.4463
11062.8	62.4638
11065.3	62.4535
11067.7	62.42
11070.1	62.3994
11072.5	62.4703
11075.0	62.444
11077.4	62.4646
11079.8	62.4676
11082.2	62.4641
11084.7	62.4842
11087.1	62.4515
11089.5	62.46
11092.0	62.471
11094.4	62.4995
11096.8	62.5288
11099.2	62.5251
11101.7	62.5369
11104.1	62.5532
11106.5	62.5766
11108.9	62.5753
11111.3	62.6105
11113.8	62.6131
11116.2	62.6235
11118.6	62.6252
11121.0	62.61
11123.5	62.5386
11125.9	62.5621
11128.3	62.5667
11130.8	62.5546
11133.2	62.5386
11135.6	62.5462
11138.0	62.5588
11140.5	62.5597
11142.9	62.6046
11145.3	62.6333
11147.7	62.609
11150.2	62.6125
11152.6	62.6186
11155.0	62.5884
11157.4	62.5888
11159.8	62.6148
11162.3	62.6263
11164.7	62.6318
11167.1	62.5707
11169.5	62.5354
11172.0	62.5174
11174.4	62.5736
11176.8	62.5806
11179.2	62.5446
11181.7	62.5948
11184.1	62.6199
11186.5	62.6279
11189.0	62.6286
11191.4	62.647
11193.8	62.6724
11196.2	62.6971
11198.7	62.7176
11201.1	62.6949
11203.5	62.6952
11205.9	62.7015
11208.3	62.666
11210.8	62.6795
11213.2	62.7136
11215.6	62.7778
11218.0	62.7743
11220.5	62.7607
11222.9	62.8147
11225.3	62.7872
11227.8	62.7756
11230.2	62.7972
11232.6	62.7797
11235.0	62.8147
11237.5	62.8205
11239.9	62.8275
11242.3	62.8416
11244.7	62.869
11247.2	62.845
11249.6	62.8312
11252.0	62.9017
11254.4	62.9022
11256.8	62.8981
11259.3	62.8947
11261.7	62.9107
11264.1	62.9996
11266.5	63.0069
11269.0	63.0233
11271.4	63.0312
11273.8	63.0439
11276.2	63.014
11278.7	63.0144
11281.1	63.0256
11283.5	63.0636
11286.0	63.0083
11288.4	62.9552
11290.8	62.961
11293.2	63.0169
11295.7	63.0275
11298.1	63.0143
11300.5	63.0163
11302.9	63.0326
11305.3	63.0127
11307.8	63.0162
11310.2	63.0331
11312.6	63.0288
11315.0	63.028
11317.5	63.0098
11319.9	62.9885
11322.3	62.9403
11324.8	62.9785
11327.2	62.9675
11329.6	62.9841
11332.0	63.008
11334.5	63.0381
11336.9	63.0826
11339.3	63.0804
11341.7	63.0929
11344.2	63.0917
11346.6	63.0568
11349.0	63.099
11351.4	63.0911
11353.8	63.097
11356.3	63.0805
11358.7	63.0999
11361.1	63.1037
11363.5	63.1035
11366.0	63.1065
11368.4	63.1126
11370.8	63.0466
11373.2	63.0294
11375.7	63.0563
11378.1	63.0527
11380.5	63.0781
11383.0	63.1067
11385.4	63.0845
11387.8	63.0921
11390.2	63.0959
11392.7	63.0981
11395.1	63.0932
11397.5	63.1084
11399.9	63.0976
11402.3	63.0892
11404.8	63.1005
11407.2	63.0951
11409.6	63.1326
11412.0	63.1293
11414.5	63.133
11416.9	63.1227
11419.3	63.1207
11421.8	63.09
11424.2	63.1357
11426.6	63.1171
11429.0	63.1437
11431.5	63.1681
11433.9	63.1846
11436.3	63.1826
11438.7	63.164
11441.2	63.0828
11443.6	63.0814
11446.0	63.0957
11448.4	63.103
11450.8	63.0933
11453.3	63.0969
11455.7	63.0951
11458.1	63.0835
11460.5	63.0604
11463.0	63.062
11465.4	63.0916
11467.8	63.1068
11470.2	63.1182
11472.7	63.1215
11475.1	63.1177
11477.5	63.1659
11480.0	63.1431
11482.4	63.1463
11484.8	63.1266
11487.2	63.1219
11489.7	63.1519
11492.1	63.1889
11494.5	63.2083
11496.9	63.2149
11499.3	63.2282
11501.8	63.2534
11504.2	63.2436
11506.6	63.2678
11509.0	63.2522
11511.5	63.2408
11513.9	63.2731
11516.3	63.2874
11518.8	63.3325
11521.2	63.3423
11523.6	63.3495
11526.0	63.3465
11528.5	63.3171
11530.9	63.3416
11533.3	63.3601
11535.7	63.3958
11538.2	63.4223
11540.6	63.3861
11543.0	63.3927
11545.4	63.3663
11547.8	63.3712
11550.3	63.3942
11552.7	63.3937
11555.1	63.4052
11557.5	63.4183
11560.0	63.4847
11562.4	63.4787
11564.8	63.4911
11567.2	63.4592
11569.7	63.437
11572.1	63.3967
11574.5	63.4268
11577.0	63.4647
11579.4	63.4805
11581.8	63.5141
11584.2	63.5268
11586.7	63.5065
11589.1	63.4872
11591.5	63.4917
11593.9	63.418
11596.3	63.4597
11598.8	63.4631
11601.2	63.4543
11603.6	63.4844
11606.0	63.5082
11608.5	63.533
11610.9	63.5265
11613.3	63.5485
11615.8	63.5487
11618.2	63.546
11620.6	63.5443
11623.0	63.5318
11625.5	63.5182
11627.9	63.568
11630.3	63.5824
11632.7	63.5688
11635.2	63.5984
11637.6	63.6163
11640.0	63.5921
11642.4	63.5486
11644.8	63.5536
11647.3	63.5788
11649.7	63.5613
11652.1	63.5727
11654.5	63.5958
11657.0	63.5609
11659.4	63.5658
11661.8	63.5498
11664.2	63.5123
11666.7	63.5471
11669.1	63.5425
11671.5	63.4989
11674.0	63.4872
11676.4	63.5126
11678.8	63.5236
11681.2	63.5161
11683.7	63.5122
11686.1	63.571
11688.5	63.5343
11690.9	63.4882
11693.3	63.4981
11695.8	63.5211
11698.2	63.492
11700.6	63.4936
11703.0	63.5212
11705.5	63.5147
11707.9	63.5583
11710.3	63.5408
11712.8	63.5637
11715.2	63.578
11717.6	63.5771
11720.0	63.568
11722.5	63.5523
11724.9	63.5668
11727.3	63.5459
11729.7	63.5523
11732.2	63.5613
11734.6	63.548
11737.0	63.6076
11739.4	63.5688
11741.8	63.5482
11744.3	63.5443
11746.7	63.5065
11749.1	63.5144
11751.5	63.5087
11754.0	63.4921
11756.4	63.507
11758.8	63.5144
11761.2	63.4722
11763.7	63.483
11766.1	63.4539
11768.5	63.4929
11771.0	63.4858
11773.4	63.5236
11775.8	63.5402
11778.2	63.5324
11780.7	63.5186
11783.1	63.5186
11785.5	63.5091
11787.9	63.5099
11790.3	63.5334
11792.8	63.5523
11795.2	63.5605
11797.6	63.5714
11800.0	63.5658
11802.5	63.5378
11804.9	63.514
11807.3	63.5353
11809.8	63.5661
11812.2	63.5293
11814.6	63.5389
11817.0	63.5253
11819.5	63.5176
11821.9	63.5058
11824.3	63.5389
11826.7	63.5374
11829.2	63.509
11831.6	63.5259
11834.0	63.523
11836.4	63.509
11838.8	63.5358
11841.3	63.5281
11843.7	63.5131
11846.1	63.482
11848.5	63.4727
11851.0	63.4624
11853.4	63.477
11855.8	63.4865
11858.2	63.4977
11860.7	63.5009
11863.1	63.5223
11865.5	63.5201
11868.0	63.5238
11870.4	63.5445
11872.8	63.563
11875.2	63.5769
11877.7	63.5743
11880.1	63.588
11882.5	63.5985
11884.9	63.5896
11887.3	63.5648
11889.8	63.5975
11892.2	63.6071
11894.6	63.6323
11897.0	63.5869
11899.5	63.6178
11901.9	63.6181
11904.3	63.6347
11906.8	63.6437
11909.2	63.6342
11911.6	63.6461
11914.0	63.6919
11916.5	63.684
11918.9	63.6955
11921.3	63.7005
11923.7	63.709
11926.2	63.7319
11928.6	63.7388
11931.0	63.7479
11933.4	63.8171
11935.8	63.8344
11938.3	63.8372
11940.7	63.8374
11943.1	63.8326
11945.5	63.8138
11948.0	63.7956
11950.4	63.7684
11952.8	63.7822
11955.2	63.7813
11957.7	63.8125
11960.1	63.7952
11962.5	63.7985
11965.0	63.804
11967.4	63.7768
11969.8	63.7851
11972.2	63.811
11974.7	63.7895
11977.1	63.8367
11979.5	63.8403
11981.9	63.8526
11984.3	63.8431
11986.8	63.9068
11989.2	63.9332
11991.6	63.9146
11994.0	63.9376
11996.5	63.941
11998.9	63.9363
12001.3	63.9604
12003.8	63.964
12006.2	63.9168
12008.6	63.9052
12011.0	63.8734
12013.5	63.8644
12015.9	63.8655
12018.3	63.8961
12020.7	63.8843
12023.2	63.8414
12025.6	63.8068
12028.0	63.7522
12030.4	63.7313
12032.8	63.7318
12035.3	63.6728
12037.7	63.6501
12040.1	63.6594
12042.5	63.6441
12045.0	63.617
12047.4	63.5983
12049.8	63.6018
12052.2	63.6156
12054.7	63.6272
12057.1	63.5993
12059.5	63.5915
12062.0	63.6226
12064.4	63.6059
12066.8	63.5964
12069.2	63.6277
12071.7	63.6222
12074.1	63.5883
12076.5	63.5719
12078.9	63.5458
12081.3	63.5838
12083.8	63.6051
12086.2	63.5778
12088.6	63.5213
12091.0	63.5171
12093.5	63.5354
12095.9	63.4881
12098.3	63.5156
12100.8	63.528
12103.2	63.5415
12105.6	63.5026
12108.0	63.5065
12110.5	63.4833
12112.9	63.4922
12115.3	63.494
12117.7	63.4958
12120.2	63.5072
12122.6	63.5142
12125.0	63.4551
12127.4	63.3511
12129.8	63.3534
12132.3	63.3618
12134.7	63.3573
12137.1	63.3535
12139.5	63.3291
12142.0	63.3444
12144.4	63.3483
12146.8	63.3672
12149.2	63.3988
12151.7	63.3876
12154.1	63.374
12156.5	63.4552
12159.0	63.414
12161.4	63.4255
12163.8	63.414
12166.2	63.4177
12168.7	63.4229
12171.1	63.4202
12173.5	63.3938
12175.9	63.3459
12178.3	63.3914
12180.8	63.3923
12183.2	63.414
12185.6	63.4242
12188.0	63.4606
12190.5	63.4349
12192.9	63.5339
12195.3	63.5306
12197.8	63.5037
12200.2	63.521
12202.6	63.5318
12205.0	63.5118
12207.5	63.5551
12209.9	63.5781
12212.3	63.5659
12214.7	63.5823
12217.2	63.5469
12219.6	63.5372
12222.0	63.5575
12224.4	63.5551
12226.8	63.5984
12229.3	63.5873
12231.7	63.5965
12234.1	63.602
12236.5	63.617
12239.0	63.5952
12241.4	63.586
12243.8	63.6064
12246.2	63.6164
12248.7	63.6441
12251.1	63.6668
12253.5	63.6856
12256.0	63.7178
12258.4	63.7369
12260.8	63.7172
12263.2	63.7231
12265.7	63.7188
12268.1	63.7212
12270.5	63.7059
12272.9	63.7099
12275.3	63.7072
12277.8	63.7063
12280.2	63.6696
12282.6	63.6648
12285.0	63.6134
12287.5	63.6342
12289.9	63.5965
12292.3	63.6269
12294.8	63.6307
12297.2	63.6112
12299.6	63.6091
12302.0	63.5974
12304.5	63.6299
12306.9	63.7
12309.3	63.6813
12311.7	63.6746
12314.2	63.7
12316.6	63.6488
12319.0	63.6513
12321.4	63.6367
12323.8	63.6355
12326.3	63.6966
12328.7	63.7132
12331.1	63.6286
12333.5	63.6508
12336.0	63.6311
12338.4	63.6319
12340.8	63.6653
12343.2	63.6035
12345.7	63.5995
12348.1	63.5639
12350.5	63.6264
12353.0	63.6584
12355.4	63.7302
12357.8	63.7393
12360.2	63.7533
12362.7	63.827
12365.1	63.8355
12367.5	63.8776
12369.9	63.8394
12372.3	63.8107
12374.8	63.8248
12377.2	63.8044
12379.6	63.8141
12382.0	63.8074
12384.5	63.7974
12386.9	63.8108
12389.3	63.8414
12391.8	63.8456
12394.2	63.8516
12396.6	63.7925
12399.0	63.7652
12401.5	63.7607
12403.9	63.806
12406.3	63.7979
12408.7	63.8591
12411.2	63.8683
12413.6	63.8543
12416.0	63.8416
12418.4	63.8524
12420.8	63.8719
12423.3	63.9001
12425.7	63.9233
12428.1	63.9382
12430.5	63.9463
12433.0	63.9577
12435.4	63.9527
12437.8	63.9902
12440.2	64.0168
12442.7	64.0201
12445.1	64.0387
12447.5	64.0174
12450.0	64.0101
12452.4	64.0331
12454.8	64.0315
12457.2	64.0802
12459.7	64.0745
12462.1	64.0958
12464.5	64.094
12466.9	64.1326
12469.3	64.1554
12471.8	64.0883
12474.2	64.0786
12476.6	64.028
12479.0	64.0946
12481.5	64.1015
12483.9	63.9735
12486.3	64.0051
12488.8	64.0606
12491.2	64.0798
12493.6	64.0686
12496.0	64.0142
12498.5	64.0432
12500.9	64.0671
12503.3	64.103
12505.7	64.1104
12508.2	64.0905
12510.6	64.0817
12513.0	64.0697
12515.4	64.0365
12517.8	63.9987
12520.3	63.9761
12522.7	63.9915
12525.1	64.0153
12527.5	64.0181
12530.0	64.0213
12532.4	63.9837
12534.8	63.9638
12537.2	63.9609
12539.7	64.0264
12542.1	64.0394
12544.5	64.03
12547.0	64.0754
12549.4	64.0395
12551.8	64.0623
12554.2	64.106
12556.7	64.0417
12559.1	64.0179
12561.5	64.0107
12563.9	64.0124
12566.3	64.0354
12568.8	64.0535
12571.2	64.0538
12573.6	64.0473
12576.0	63.9945
12578.5	63.9862
12580.9	63.9844
12583.3	63.9644
12585.8	63.9517
12588.2	63.9411
12590.6	63.9687
12593.0	63.9766
12595.5	63.958
12597.9	63.9167
12600.3	63.8891
12602.7	63.8987
12605.2	63.8727
12607.6	63.8844
12610.0	63.8828
12612.4	63.8887
12614.8	63.921
12617.3	63.9154
12619.7	63.8968
12622.1	63.9073
12624.5	63.9286
12627.0	63.9438
12629.4	63.9011
12631.8	63.8715
12634.2	63.8502
12636.7	63.9032
12639.1	63.9239
12641.5	63.9336
12644.0	63.906
12646.4	63.9219
12648.8	63.9303
12651.2	63.981
12653.7	63.9791
12656.1	64.0082
12658.5	64.0305
12660.9	63.9923
12663.3	63.9936
12665.8	64.0383
12668.2	64.0369
12670.6	64.0533
12673.0	64.0891
12675.5	64.0982
12677.9	64.0999
12680.3	64.1158
12682.8	64.1061
12685.2	64.0821
12687.6	64.0939
12690.0	64.0867
12692.5	64.1223
12694.9	64.1489
12697.3	64.1383
12699.7	64.116
12702.2	64.0832
12704.6	64.052
12707.0	64.0359
12709.4	63.9769
12711.8	63.9865
12714.3	63.9987
12716.7	63.9587
12719.1	63.9953
12721.5	64.0368
12724.0	64.0286
12726.4	64.0366
12728.8	64.1016
12731.2	64.142
12733.7	64.1638
12736.1	64.1294
12738.5	64.1532
12741.0	64.1842
12743.4	64.1804
12745.8	64.1456
12748.2	64.1407
12750.7	64.1139
12753.1	64.0934
12755.5	64.099
12757.9	64.0878
12760.3	64.0872
12762.8	64.0709
12765.2	64.0605
12767.6	64.1079
12770.0	64.0882
12772.5	64.0668
12774.9	64.0663
12777.3	64.0771
12779.8	64.0024
12782.2	63.9817
12784.6	63.9655
12787.0	63.9476
12789.5	64.0057
12791.9	63.9794
12794.3	63.9773
12796.7	63.9642
12799.2	64.026
12801.6	64.04
12804.0	64.044
12806.4	64.0514
12808.8	64.0697
12811.3	64.0923
12813.7	64.09
12816.1	64.0744
12818.5	64.057
12821.0	64.0783
12823.4	64.0343
12825.8	64.0969
12828.2	64.1233
12830.7	64.0703
12833.1	64.0826
12835.5	64.0917
12838.0	64.0924
12840.4	64.1201
12842.8	64.057
12845.2	64.0508
12847.7	64.0474
12850.1	64.0254
12852.5	63.9865
12854.9	63.9522
12857.3	63.9577
12859.8	63.9549
12862.2	63.9234
12864.6	63.9017
12867.0	63.8595
12869.5	63.8595
12871.9	63.8743
12874.3	63.8443
12876.8	63.8801
12879.2	63.9166
12881.6	63.938
12884.0	63.932
12886.5	63.9353
12888.9	63.9277
12891.3	63.9263
12893.7	63.9304
12896.2	63.927
12898.6	63.9049
12901.0	63.9327
12903.4	63.9446
12905.8	64.0067
12908.3	64.0125
12910.7	63.9954
12913.1	64.0117
12915.5	63.9815
12918.0	63.9893
12920.4	63.9838
12922.8	64.0075
12925.2	64.0277
12927.7	64.0485
12930.1	63.999
12932.5	63.9862
12935.0	64.0256
12937.4	64.0737
12939.8	64.0578
12942.2	64.06
12944.7	64.0781
12947.1	64.1435
12949.5	64.1508
12951.9	64.1718
12954.3	64.1721
12956.8	64.2047
12959.2	64.2066
12961.6	64.2296
12964.0	64.2027
12966.5	64.2117
12968.9	64.2314
12971.3	64.2145
12973.8	64.2079
12976.2	64.2332
12978.6	64.2197
12981.0	64.2697
12983.5	64.3274
12985.9	64.3618
12988.3	64.35
12990.7	64.3101
12993.2	64.2883
12995.6	64.3011
12998.0	64.2955
13000.4	64.2905
13002.8	64.2541
13005.3	64.2317
13007.7	64.2254
13010.1	64.2055
13012.5	64.2454
13015.0	64.2212
13017.4	64.2146
13019.8	64.21
13022.2	64.219
13024.7	64.178
13027.1	64.2048
13029.5	64.2166
13032.0	64.2419
13034.4	64.2252
13036.8	64.1882
13039.2	64.1995
13041.7	64.1873
13044.1	64.1702
13046.5	64.1887
13048.9	64.181
13051.3	64.2021
13053.8	64.1994
13056.2	64.2178
13058.6	64.2169
13061.0	64.2546
13063.5	64.2792
13065.9	64.2794
13068.3	64.234
13070.8	64.235
13073.2	64.2135
13075.6	64.2201
13078.0	64.2359
13080.5	64.201
13082.9	64.2613
13085.3	64.3135
13087.7	64.3121
13090.2	64.2705
13092.6	64.2765
13095.0	64.3246
13097.4	64.3178
13099.8	64.3037
13102.3	64.2915
13104.7	64.3152
13107.1	64.339
13109.5	64.337
13112.0	64.3272
13114.4	64.2559
13116.8	64.2718
13119.2	64.2696
13121.7	64.2719
13124.1	64.2943
13126.5	64.2695
13129.0	64.2886
13131.4	64.2987
13133.8	64.3172
13136.2	64.3327
13138.7	64.3224
13141.1	64.2826
13143.5	64.2869
13145.9	64.2808
13148.3	64.2772
13150.8	64.2858
13153.2	64.3038
13155.6	64.2961
13158.0	64.2945
13160.5	64.3074
13162.9	64.3105
13165.3	64.3626
13167.8	64.383
13170.2	64.4005
13172.6	64.349
13175.0	64.3652
13177.5	64.3381
13179.9	64.3241
13182.3	64.3128
13184.7	64.2461
13187.2	64.2909
13189.6	64.3137
13192.0	64.2947
13194.4	64.2443
13196.8	64.2427
13199.3	64.2214
13201.7	64.2292
13204.1	64.1985
13206.5	64.1903
13209.0	64.176
13211.4	64.1449
13213.8	64.1905
13216.2	64.2394
13218.7	64.2108
13221.1	64.234
13223.5	64.2526
13226.0	64.2416
13228.4	64.2416
13230.8	64.2141
13233.2	64.2137
13235.7	64.2285
13238.1	64.2104
13240.5	64.2105
13242.9	64.1811
13245.3	64.1841
13247.8	64.1915
13250.2	64.1744
13252.6	64.1502
13255.0	64.1502
13257.5	64.1514
13259.9	64.1204
13262.3	64.1281
13264.8	64.1787
13267.2	64.1795
13269.6	64.1812
13272.0	64.1452
13274.5	64.1689
13276.9	64.158
13279.3	64.1508
13281.7	64.1183
13284.2	64.1723
13286.6	64.1795
13289.0	64.2069
13291.4	64.1868
13293.8	64.2
13296.3	64.1764
13298.7	64.1772
13301.1	64.1406
13303.5	64.1706
13306.0	64.1598
13308.4	64.1088
13310.8	64.1245
13313.2	64.146
13315.7	64.1622
13318.1	64.1764
13320.5	64.1734
13323.0	64.212
13325.4	64.2027
13327.8	64.1935
13330.2	64.1896
13332.7	64.1937
13335.1	64.1917
13337.5	64.2319
13339.9	64.1945
13342.3	64.1887
13344.8	64.123
13347.2	64.1062
