-7.950000000000000178e+00 2.995590490797556776e-07
-7.850000000000000533e+00 0.000000000000000000e+00
-7.750000000000000888e+00 4.493385736196335429e-07
-7.650000000000001243e+00 1.497795245398778388e-07
-7.550000000000001599e+00 2.995590490797556776e-07
-7.450000000000001954e+00 4.493385736196335429e-07
-7.350000000000002309e+00 4.493385736196335429e-07
-7.250000000000002665e+00 4.493385736196335429e-07
-7.150000000000003020e+00 5.991180981595113552e-07
-7.050000000000003375e+00 0.000000000000000000e+00
-6.950000000000003730e+00 4.493385736196335429e-07
-6.850000000000004086e+00 1.497795245398778388e-07
-6.750000000000004441e+00 5.991180981595113552e-07
-6.650000000000004796e+00 7.488976226993891676e-07
-6.550000000000005151e+00 8.986771472392670858e-07
-6.450000000000005507e+00 7.488976226993891676e-07
-6.350000000000005862e+00 1.198236196319022710e-06
-6.250000000000006217e+00 1.348015720858900629e-06
-6.150000000000006573e+00 1.348015720858900417e-06
-6.050000000000006928e+00 1.797354294478534172e-06
-5.950000000000007283e+00 1.647574769938656253e-06
-5.850000000000007638e+00 1.497795245398778335e-06
-5.750000000000007994e+00 2.696031441717801257e-06
-5.650000000000008349e+00 1.797354294478534172e-06
-5.550000000000008704e+00 3.295149539877312507e-06
-5.450000000000009059e+00 1.797354294478533960e-06
-5.350000000000009415e+00 2.546251917177923127e-06
-5.250000000000009770e+00 4.643165260736213559e-06
-5.150000000000010125e+00 4.493385736196335429e-06
-5.050000000000010481e+00 5.991180981595113341e-06
-4.950000000000010836e+00 8.387653374233158338e-06
-4.850000000000011191e+00 1.213214148773010312e-05
-4.750000000000011546e+00 1.333037768404912816e-05
-4.650000000000011902e+00 1.797354294478534172e-05
-4.550000000000012257e+00 2.426428297546020962e-05
-4.450000000000012612e+00 3.370039302147250979e-05
-4.350000000000012967e+00 4.718055023006152455e-05
-4.250000000000013323e+00 8.148006134969354008e-05
-4.150000000000013678e+00 1.091892733895709247e-04
-4.050000000000014033e+00 1.503786426380373782e-04
-3.950000000000014388e+00 2.131362634202462825e-04
-3.850000000000014744e+00 2.868277894938663563e-04
-3.750000000000015099e+00 4.237262749233149366e-04
-3.650000000000015454e+00 6.247303968558298726e-04
-3.550000000000015810e+00 8.452058569785279862e-04
-3.450000000000016165e+00 1.178465299079753002e-03
-3.350000000000016520e+00 1.613874376917173638e-03
-3.250000000000016875e+00 2.209547546012262387e-03
-3.150000000000017231e+00 3.009370207055202771e-03
-3.050000000000017586e+00 4.068311445552129715e-03
-2.950000000000017941e+00 5.394758914877275865e-03
-2.850000000000018296e+00 7.180280626917142153e-03
-2.750000000000018652e+00 9.431317101226945054e-03
-2.650000000000019007e+00 1.225481209769449173e-02
-2.550000000000019362e+00 1.586374856211655165e-02
-2.450000000000019718e+00 2.017380533964360789e-02
-2.350000000000020073e+00 2.570351560613273051e-02
-2.250000000000020428e+00 3.224558449962016543e-02
-2.150000000000020783e+00 4.010556578826453278e-02
-2.050000000000021139e+00 4.933333251564118310e-02
-1.950000000000021272e+00 5.990671849148480888e-02
-1.850000000000021627e+00 7.263588234340118133e-02
-1.750000000000021982e+00 8.639762505812870197e-02
-1.650000000000022338e+00 1.023735584841284352e-01
-1.550000000000022693e+00 1.201198929663865322e-01
-1.450000000000023048e+00 1.393300144864089152e-01
-1.350000000000023404e+00 1.601845713031839757e-01
-1.250000000000023759e+00 1.826251470434078761e-01
-1.150000000000024114e+00 2.055883011860179521e-01
-1.050000000000024469e+00 2.299258298870721640e-01
-9.500000000000248246e-01 2.534726736574501871e-01
-8.500000000000251799e-01 2.774622704198473344e-01
-7.500000000000255351e-01 3.001917626073562495e-01
-6.500000000000258904e-01 3.222517686249609103e-01
-5.500000000000262457e-01 3.422585497455161718e-01
-4.500000000000266565e-01 3.597988088305997811e-01
-3.500000000000270117e-01 3.748139148622364747e-01
-2.500000000000273670e-01 3.859885052352851620e-01
-1.500000000000277223e-01 3.939272917824308551e-01
-5.000000000002806366e-02 3.977262949253940194e-01
4.999999999997158107e-02 3.978927070533560539e-01
1.499999999999712119e-01 3.938422122950265836e-01
2.499999999999708566e-01 3.861803810617847610e-01
3.499999999999705014e-01 3.741220667272586176e-01
4.499999999999701461e-01 3.597102985665276975e-01
5.499999999999698463e-01 3.425471866829676859e-01
6.499999999999694911e-01 3.224413647363353341e-01
7.499999999999691358e-01 3.008629352711165161e-01
8.499999999999687805e-01 2.775832899169430323e-01
9.499999999999684253e-01 2.538203154720062305e-01
1.049999999999968070e+00 2.294896601179488294e-01
1.149999999999967715e+00 2.057958885308320274e-01
1.249999999999967359e+00 1.822971287052995992e-01
1.349999999999967004e+00 1.604817350592374070e-01
1.449999999999966649e+00 1.393816919604740912e-01
1.549999999999966294e+00 1.201435522344321549e-01
1.649999999999965938e+00 1.026732696714654225e-01
1.749999999999965583e+00 8.654995083458580374e-02
1.849999999999965228e+00 7.247382207721532466e-02
1.949999999999964873e+00 5.971605269484453471e-02
2.049999999999964295e+00 4.932794045275776251e-02
2.149999999999963940e+00 3.994619919478776399e-02
2.249999999999963585e+00 3.214912766518283893e-02
2.349999999999963229e+00 2.561874039524314473e-02
2.449999999999962874e+00 2.022203434654547272e-02
2.549999999999962519e+00 1.587677938075152811e-02
2.649999999999962164e+00 1.223264354869625647e-02
2.749999999999961808e+00 9.456779620398723940e-03
2.849999999999961453e+00 7.189566957438614167e-03
2.949999999999961098e+00 5.435798504601201467e-03
3.049999999999960743e+00 4.038655099693234073e-03
3.149999999999960387e+00 2.983608128834344241e-03
3.249999999999960032e+00 2.215538726993857444e-03
3.349999999999959677e+00 1.593803920628830521e-03
3.449999999999959321e+00 1.166932275690182571e-03
3.549999999999958966e+00 8.323248178680985043e-04
3.649999999999958611e+00 6.066070743865047696e-04
3.749999999999958256e+00 4.394531250000021250e-04
3.849999999999957900e+00 2.887749233128847500e-04
3.949999999999957545e+00 2.155327358128843597e-04
4.049999999999957190e+00 1.376473830521477456e-04
4.149999999999956835e+00 1.009513995398776529e-04
4.249999999999956479e+00 6.904836081288368748e-05
4.349999999999956124e+00 5.182371549079773472e-05
4.449999999999955769e+00 3.340083397239275692e-05
4.549999999999955413e+00 2.456384202453996588e-05
4.649999999999955058e+00 1.632596817484668398e-05
4.749999999999954703e+00 1.153302338957059399e-05
4.849999999999954348e+00 8.387653374233158338e-06
4.949999999999953992e+00 4.643165260736213559e-06
5.049999999999953637e+00 4.193826687116579169e-06
5.149999999999953282e+00 3.295149539877312507e-06
5.249999999999952927e+00 3.295149539877312083e-06
5.349999999999952571e+00 8.986771472392670858e-07
5.449999999999952216e+00 1.048456671779144792e-06
5.549999999999951861e+00 8.986771472392669799e-07
5.649999999999951505e+00 8.986771472392670858e-07
5.749999999999951150e+00 4.493385736196335429e-07
5.849999999999950795e+00 4.493385736196335429e-07
5.949999999999950440e+00 4.493385736196335429e-07
6.049999999999950084e+00 2.995590490797556776e-07
6.149999999999949729e+00 4.493385736196335429e-07
6.249999999999949374e+00 1.497795245398778388e-07
6.349999999999949019e+00 7.488976226993891676e-07
6.449999999999948663e+00 4.493385736196335429e-07
6.549999999999948308e+00 1.497795245398778388e-07
6.649999999999947953e+00 2.995590490797556776e-07
6.749999999999947597e+00 1.497795245398778388e-07
6.849999999999947242e+00 0.000000000000000000e+00
6.949999999999946887e+00 1.497795245398778388e-07
7.049999999999946532e+00 1.497795245398778388e-07
7.149999999999946176e+00 0.000000000000000000e+00
7.249999999999945821e+00 1.497795245398778388e-07
7.349999999999945466e+00 1.497795245398778388e-07
7.449999999999945111e+00 0.000000000000000000e+00
7.549999999999944755e+00 0.000000000000000000e+00
7.649999999999944400e+00 0.000000000000000000e+00
7.749999999999944045e+00 0.000000000000000000e+00
7.849999999999943689e+00 0.000000000000000000e+00
7.949999999999943334e+00 0.000000000000000000e+00
