-7.950000000000000178e+00 8.234716366423947172e-05
-7.850000000000000533e+00 7.766834754695313317e-05
-7.750000000000000888e+00 8.983326945189760797e-05
-7.650000000000001243e+00 6.924647853583774004e-05
-7.550000000000001599e+00 8.702597978152581027e-05
-7.450000000000001954e+00 1.085485339210429486e-04
-7.350000000000002309e+00 9.264055912226940568e-05
-7.250000000000002665e+00 1.197776926025301394e-04
-7.150000000000003020e+00 1.375571938482181961e-04
-7.050000000000003375e+00 1.207134558259873963e-04
-6.950000000000003730e+00 1.553366950939062663e-04
-6.850000000000004086e+00 1.637585641050216866e-04
-6.750000000000004441e+00 1.712446698926798228e-04
-6.650000000000004796e+00 1.871526446914533793e-04
-6.550000000000005151e+00 2.292619897470303720e-04
-6.450000000000005507e+00 2.582706496742056602e-04
-6.350000000000005862e+00 2.592064128976628900e-04
-6.250000000000006217e+00 2.835362567075518396e-04
-6.150000000000006573e+00 2.900865992717527190e-04
-6.050000000000006928e+00 3.499754455730178090e-04
-5.950000000000007283e+00 3.443608662322742136e-04
-5.850000000000007638e+00 3.817913951705649220e-04
-5.750000000000007994e+00 4.042497125335393036e-04
-5.650000000000008349e+00 5.006480609783536817e-04
-5.550000000000008704e+00 4.875326394212360593e-04
-5.450000000000009059e+00 5.258989315829840517e-04
-5.350000000000009415e+00 5.951454101188217646e-04
-5.250000000000009770e+00 7.551756577587301518e-04
-5.150000000000010125e+00 7.373814200843262180e-04
-5.050000000000010481e+00 8.393943478698841915e-04
-4.950000000000010836e+00 9.123765110851929459e-04
-4.850000000000011191e+00 1.033097335125538179e-03
-4.750000000000011546e+00 1.092050418203345877e-03
-4.650000000000011902e+00 1.281096693984786969e-03
-4.550000000000012257e+00 1.416752888528658490e-03
-4.450000000000012612e+00 1.687210564750881662e-03
-4.350000000000012967e+00 1.792001309349379543e-03
-4.250000000000013323e+00 1.991326244160135112e-03
-4.150000000000013678e+00 2.302007002562306281e-03
-4.050000000000014033e+00 2.723100453118077781e-03
-3.950000000000014388e+00 2.883182278258492395e-03
-3.850000000000014744e+00 3.309890308155007815e-03
-3.750000000000015099e+00 3.759086128271927826e-03
-3.650000000000015454e+00 4.116518206775170337e-03
-3.550000000000015810e+00 4.764950543130545314e-03
-3.450000000000016165e+00 5.558536702337163460e-03
-3.350000000000016520e+00 6.212620459105071095e-03
-3.250000000000016875e+00 7.168167338113374566e-03
-3.150000000000017231e+00 8.026240109380616133e-03
-3.050000000000017586e+00 9.271755696230970026e-03
-2.950000000000017941e+00 1.045464882925326716e-02
-2.850000000000018296e+00 1.170210962469411808e-02
-2.750000000000018652e+00 1.341942671331153129e-02
-2.650000000000019007e+00 1.567823387509331701e-02
-2.550000000000019362e+00 1.783737856946972927e-02
-2.450000000000019718e+00 2.048655372793472748e-02
-2.350000000000020073e+00 2.354845941365924650e-02
-2.250000000000020428e+00 2.713352305522561542e-02
-2.150000000000020783e+00 3.110054756089274466e-02
-2.050000000000021139e+00 3.600422684395418460e-02
-1.950000000000021272e+00 4.182216153276204634e-02
-1.850000000000021627e+00 4.809248984671822547e-02
-1.750000000000021982e+00 5.550888495833571773e-02
-1.650000000000022338e+00 6.412229806989963588e-02
-1.550000000000022693e+00 7.438753958086746776e-02
-1.450000000000023048e+00 8.602382157848739719e-02
-1.350000000000023404e+00 9.921337474025986036e-02
-1.250000000000023759e+00 1.153438843490714460e-01
-1.150000000000024114e+00 1.340951057042830408e-01
-1.050000000000024469e+00 1.559006729572874339e-01
-9.500000000000248246e-01 1.807325205795959344e-01
-8.500000000000251799e-01 2.097180001044007536e-01
-7.500000000000255351e-01 2.443564842078264909e-01
-6.500000000000258904e-01 2.847789060590110166e-01
-5.500000000000262457e-01 3.310427082570900348e-01
-4.500000000000266565e-01 3.858756258620125168e-01
-3.500000000000270117e-01 4.484215092064595121e-01
-2.500000000000273670e-01 5.198672965731367945e-01
-1.500000000000277223e-01 5.949403453450070600e-01
-5.000000000002806366e-02 6.674336864833789740e-01
4.999999999997158107e-02 6.636772013347759236e-01
1.499999999999712119e-01 5.936122026023471498e-01
2.499999999999708566e-01 5.151744808485707594e-01
3.499999999999705014e-01 4.442078116205180893e-01
4.499999999999701461e-01 3.830149534786175813e-01
5.499999999999698463e-01 3.288675229600565575e-01
6.499999999999694911e-01 2.826244033396804189e-01
7.499999999999691358e-01 2.430181512247092390e-01
8.499999999999687805e-01 2.071458817316910450e-01
9.499999999999684253e-01 1.790604959046366851e-01
1.049999999999968070e+00 1.534863448950528897e-01
1.149999999999967715e+00 1.307499216493537009e-01
1.249999999999967359e+00 1.132248374772308885e-01
1.349999999999967004e+00 9.742695853739377632e-02
1.449999999999966649e+00 8.424346204782362513e-02
1.549999999999966294e+00 7.199034998522951811e-02
1.649999999999965938e+00 6.204782889492466147e-02
1.749999999999965583e+00 5.375746040545550941e-02
1.849999999999965228e+00 4.654080284865282080e-02
1.949999999999964873e+00 4.034941758332754452e-02
2.049999999999964295e+00 3.488607084228075028e-02
2.149999999999963940e+00 2.984561539609298375e-02
2.249999999999963585e+00 2.625856233664998138e-02
2.349999999999963229e+00 2.257244363516458865e-02
2.449999999999962874e+00 1.953100684892640146e-02
2.549999999999962519e+00 1.715307776561993125e-02
2.649999999999962164e+00 1.512245683428891166e-02
2.749999999999961808e+00 1.305063284826835091e-02
2.849999999999961453e+00 1.157385848557996449e-02
2.949999999999961098e+00 9.765013438208326735e-03
3.049999999999960743e+00 8.912503668781310284e-03
3.149999999999960387e+00 7.645421318505297124e-03
3.249999999999960032e+00 6.805032261697095339e-03
3.349999999999959677e+00 6.012448179643154617e-03
3.449999999999959321e+00 5.317176104614412466e-03
3.549999999999958966e+00 4.480544837128759908e-03
3.649999999999958611e+00 4.057550387268647751e-03
3.749999999999958256e+00 3.670122308114265926e-03
3.849999999999957900e+00 3.144193903673849280e-03
3.949999999999957545e+00 2.797968879209017292e-03
4.049999999999957190e+00 2.465780303096044238e-03
4.149999999999956835e+00 2.226210181462267255e-03
4.249999999999956479e+00 1.878098894121806028e-03
4.349999999999956124e+00 1.765844148378723725e-03
4.449999999999955769e+00 1.573054819703453497e-03
4.549999999999955413e+00 1.389645227905829741e-03
4.649999999999955058e+00 1.223978296282104234e-03
4.749999999999954703e+00 1.062098626838355346e-03
4.849999999999954348e+00 9.722727256008159135e-04
4.949999999999953992e+00 9.086260899770059324e-04
5.049999999999953637e+00 8.403153746646256118e-04
5.149999999999953282e+00 7.111800498275228088e-04
5.249999999999952927e+00 6.288328861632833371e-04
5.349999999999952571e+00 6.016957526830226440e-04
5.449999999999952216e+00 5.221558786891549158e-04
5.549999999999951861e+00 5.015690877730951021e-04
5.649999999999951505e+00 4.229649770026846036e-04
5.749999999999951150e+00 4.005066596397102220e-04
5.849999999999950795e+00 3.340674707742442525e-04
5.949999999999950440e+00 3.256456017631288594e-04
6.049999999999950084e+00 3.228383120927570617e-04
6.149999999999949729e+00 2.629494657914919716e-04
6.249999999999949374e+00 2.797932038137227579e-04
6.349999999999949019e+00 2.498487806630902671e-04
6.449999999999948663e+00 2.273904633001158312e-04
6.549999999999948308e+00 2.011890930433123678e-04
6.649999999999947953e+00 1.834095917976242976e-04
6.749999999999947597e+00 1.787307756803379320e-04
6.849999999999947242e+00 1.487863525297054141e-04
6.949999999999946887e+00 1.721804331161370797e-04
7.049999999999946532e+00 1.497221157531626709e-04
7.149999999999946176e+00 1.076127706975856782e-04
7.249999999999945821e+00 1.179061661556156122e-04
7.349999999999945466e+00 8.796174300498308069e-05
7.449999999999945111e+00 8.702597978152581027e-05
7.549999999999944755e+00 7.392529465312407859e-05
7.649999999999944400e+00 8.141140044078220130e-05
7.749999999999944045e+00 1.001266649099275419e-04
7.849999999999943689e+00 8.234716366423947172e-05
7.949999999999943334e+00 5.895308307780780608e-05
