-7.950000000000000178e+00 2.696031441717800919e-05
-7.850000000000000533e+00 3.145370015337434970e-05
-7.750000000000000888e+00 4.178848734662591864e-05
-7.650000000000001243e+00 4.238760544478543116e-05
-7.550000000000001599e+00 4.972680214723944429e-05
-7.450000000000001954e+00 5.407040835889590836e-05
-7.350000000000002309e+00 5.751533742331308672e-05
-7.250000000000002665e+00 6.635232937116587097e-05
-7.150000000000003020e+00 7.429064417177938984e-05
-7.050000000000003375e+00 9.076639187116596042e-05
-6.950000000000003730e+00 9.675757285276107207e-05
-6.850000000000004086e+00 1.096386119631905811e-04
-6.750000000000004441e+00 1.106870686349697161e-04
-6.650000000000004796e+00 1.297090682515342132e-04
-6.550000000000005151e+00 1.389953987730066336e-04
-6.450000000000005507e+00 1.640085793711662694e-04
-6.350000000000005862e+00 1.833313174031455251e-04
-6.250000000000006217e+00 2.037013327405689373e-04
-6.150000000000006573e+00 2.267662001533752008e-04
-6.050000000000006928e+00 2.523784988496943424e-04
-5.950000000000007283e+00 2.651097584355840021e-04
-5.850000000000007638e+00 2.976119152607375681e-04
-5.750000000000007994e+00 3.349081962375022401e-04
-5.650000000000008349e+00 3.708576408597428673e-04
-5.550000000000008704e+00 3.981163349596656981e-04
-5.450000000000009059e+00 4.403565196125811898e-04
-5.350000000000009415e+00 4.813961093365077127e-04
-5.250000000000009770e+00 5.297713576638830553e-04
-5.150000000000010125e+00 5.917836189223968629e-04
-5.050000000000010481e+00 6.573870506708626334e-04
-4.950000000000010836e+00 7.327273308807554864e-04
-4.850000000000011191e+00 8.219959275065219506e-04
-4.750000000000011546e+00 8.940445962755422683e-04
-4.650000000000011902e+00 1.017011227190110865e-03
-4.550000000000012257e+00 1.113929193864425645e-03
-4.450000000000012612e+00 1.234197434604606671e-03
-4.350000000000012967e+00 1.368701806374085722e-03
-4.250000000000013323e+00 1.530770328124241844e-03
-4.150000000000013678e+00 1.720837006666340241e-03
-4.050000000000014033e+00 1.930233499438427196e-03
-3.950000000000014388e+00 2.113719313831450859e-03
-3.850000000000014744e+00 2.425114483448858986e-03
-3.750000000000015099e+00 2.730971348757296486e-03
-3.650000000000015454e+00 3.037735146777317905e-03
-3.550000000000015810e+00 3.506241961439046217e-03
-3.450000000000016165e+00 3.952763028884457956e-03
-3.350000000000016520e+00 4.532124382200719212e-03
-3.250000000000016875e+00 5.173336423587605697e-03
-3.150000000000017231e+00 5.936761480801020126e-03
-3.050000000000017586e+00 6.828446165040302773e-03
-2.950000000000017941e+00 8.037161031245432588e-03
-2.850000000000018296e+00 9.371272023015145280e-03
-2.750000000000018652e+00 1.101812973822213076e-02
-2.650000000000019007e+00 1.306564532284061608e-02
-2.550000000000019362e+00 1.548193696673767078e-02
-2.450000000000019718e+00 1.837375265499019070e-02
-2.350000000000020073e+00 2.179474530027390722e-02
-2.250000000000020428e+00 2.616133854116601404e-02
-2.150000000000020783e+00 3.135559220607139763e-02
-2.050000000000021139e+00 3.754203261618074827e-02
-1.950000000000021272e+00 4.470769853547481437e-02
-1.850000000000021627e+00 5.346090829889217633e-02
-1.750000000000021982e+00 6.383484337826729471e-02
-1.650000000000022338e+00 7.554260640149386419e-02
-1.550000000000022693e+00 8.909399497798395351e-02
-1.450000000000023048e+00 1.047758805337864058e-01
-1.350000000000023404e+00 1.225596834845059796e-01
-1.250000000000023759e+00 1.428067133211537165e-01
-1.150000000000024114e+00 1.654359770606753655e-01
-1.050000000000024469e+00 1.906162042858818295e-01
-9.500000000000248246e-01 2.179327781474214853e-01
-8.500000000000251799e-01 2.482266870882602894e-01
-7.500000000000255351e-01 2.809494243371549183e-01
-6.500000000000258904e-01 3.159025497145642181e-01
-5.500000000000262457e-01 3.527415915426390658e-01
-4.500000000000266565e-01 3.902854863782636574e-01
-3.500000000000270117e-01 4.283558857268001674e-01
-2.500000000000273670e-01 4.632327108197880627e-01
-1.500000000000277223e-01 4.908268839292511121e-01
-5.000000000002806366e-02 5.070379818230756896e-01
4.999999999997158107e-02 5.068781305100353851e-01
1.499999999999712119e-01 4.913633930067858313e-01
2.499999999999708566e-01 4.636708477719583277e-01
3.499999999999705014e-01 4.284328535325521159e-01
4.499999999999701461e-01 3.905518097046573045e-01
5.499999999999698463e-01 3.524523837918812630e-01
6.499999999999694911e-01 3.158428950066095586e-01
7.499999999999691358e-01 2.813090143120505759e-01
8.499999999999687805e-01 2.482576301227904514e-01
9.499999999999684253e-01 2.181380173738627359e-01
1.049999999999968070e+00 1.904074104493065911e-01
1.149999999999967715e+00 1.653194049540291088e-01
1.249999999999967359e+00 1.428453257749604521e-01
1.349999999999967004e+00 1.225542760898601924e-01
1.449999999999966649e+00 1.050134473708352473e-01
1.549999999999966294e+00 8.907089826768015139e-02
1.649999999999965938e+00 7.548786257495766761e-02
1.749999999999965583e+00 6.362942724687561946e-02
1.849999999999965228e+00 5.345133302361859684e-02
1.949999999999964873e+00 4.466496655506023428e-02
2.049999999999964295e+00 3.754173305713166819e-02
2.149999999999963940e+00 3.129091929436121633e-02
2.249999999999963585e+00 2.611997816379897294e-02
2.349999999999963229e+00 2.178803116772896897e-02
2.449999999999962874e+00 1.827157943192727479e-02
2.549999999999962519e+00 1.546876226540982828e-02
2.649999999999962164e+00 1.295735354723195204e-02
2.749999999999961808e+00 1.104585899948970149e-02
2.849999999999961453e+00 9.419207367699581473e-03
2.949999999999961098e+00 7.975436535372647934e-03
3.049999999999960743e+00 6.924577494369199560e-03
3.149999999999960387e+00 5.967790609073809344e-03
3.249999999999960032e+00 5.175729357881237239e-03
3.349999999999959677e+00 4.488832202777020761e-03
3.449999999999959321e+00 3.939742824546503541e-03
3.549999999999958966e+00 3.473757495108917466e-03
3.649999999999958611e+00 3.058244327342266033e-03
3.749999999999958256e+00 2.690982574437819110e-03
3.849999999999957900e+00 2.403547411281451406e-03
3.949999999999957545e+00 2.134089329168874054e-03
4.049999999999957190e+00 1.901770672310510975e-03
4.149999999999956835e+00 1.708103388347780895e-03
4.249999999999956479e+00 1.543349449452921561e-03
4.349999999999956124e+00 1.349229288817566834e-03
4.449999999999955769e+00 1.252918695805756329e-03
4.549999999999955413e+00 1.108230495733900740e-03
4.649999999999955058e+00 1.012820938601999288e-03
4.749999999999954703e+00 8.763741504788417035e-04
4.849999999999954348e+00 8.210996090919524867e-04
4.949999999999953992e+00 7.529475666936388594e-04
5.049999999999953637e+00 6.635280111769977299e-04
5.149999999999953282e+00 5.985189800613514421e-04
5.249999999999952927e+00 5.366647538917222260e-04
5.349999999999952571e+00 4.933772919333629303e-04
5.449999999999952216e+00 4.443958493098181016e-04
5.549999999999951861e+00 3.957175038343577179e-04
5.649999999999951505e+00 3.671143321125808537e-04
5.749999999999951150e+00 3.325117238448641629e-04
5.849999999999950795e+00 3.054004505368112512e-04
5.949999999999950440e+00 2.749952070552159553e-04
6.049999999999950084e+00 2.448895226227004664e-04
6.149999999999949729e+00 2.257189228479310173e-04
6.249999999999949374e+00 1.966605157208597119e-04
6.349999999999949019e+00 1.848279332822093380e-04
6.449999999999948663e+00 1.662552722392644431e-04
6.549999999999948308e+00 1.502288631134975018e-04
6.649999999999947953e+00 1.268632572852765338e-04
6.749999999999947597e+00 1.120350843558286041e-04
6.849999999999947242e+00 1.028985333588960737e-04
6.949999999999946887e+00 9.316286426380401050e-05
7.049999999999946532e+00 7.893380943251561356e-05
7.149999999999946176e+00 7.354174654908000766e-05
7.249999999999945821e+00 6.799990414110453887e-05
7.349999999999945466e+00 6.260784125766893297e-05
7.449999999999945111e+00 5.137437691717810541e-05
7.549999999999944755e+00 4.852856595092042602e-05
7.649999999999944400e+00 4.583253450920262307e-05
7.749999999999944045e+00 3.879289685582836282e-05
7.849999999999943689e+00 3.489862921779153483e-05
7.949999999999943334e+00 2.905722776073630301e-05
