-7.950000000000000178e+00 7.488976226993891676e-07
-7.850000000000000533e+00 5.991180981595113552e-07
-7.750000000000000888e+00 5.991180981595113552e-07
-7.650000000000001243e+00 8.986771472392670858e-07
-7.550000000000001599e+00 1.048456671779144792e-06
-7.450000000000001954e+00 2.246692868098167715e-06
-7.350000000000002309e+00 2.246692868098167715e-06
-7.250000000000002665e+00 2.096913343558289585e-06
-7.150000000000003020e+00 2.546251917177923127e-06
-7.050000000000003375e+00 4.193826687116579169e-06
-6.950000000000003730e+00 4.193826687116579169e-06
-6.850000000000004086e+00 7.339196702454013122e-06
-6.750000000000004441e+00 8.687212423312914598e-06
-6.650000000000004796e+00 1.078412576687120503e-05
-6.550000000000005151e+00 1.273125958588961564e-05
-6.450000000000005507e+00 1.767398389570558884e-05
-6.350000000000005862e+00 2.111891296012277398e-05
-6.250000000000006217e+00 2.621141679447862023e-05
-6.150000000000006573e+00 3.340083397239275692e-05
-6.050000000000006928e+00 4.208804639570567829e-05
-5.950000000000007283e+00 4.718055023006152455e-05
-5.850000000000007638e+00 5.601754217791431558e-05
-5.750000000000007994e+00 6.125982553681003149e-05
-5.650000000000008349e+00 8.866947852760767676e-05
-5.550000000000008704e+00 1.042465490797549616e-04
-5.450000000000009059e+00 1.389953987730066607e-04
-5.350000000000009415e+00 1.613125479294484936e-04
-5.250000000000009770e+00 1.909688937883443531e-04
-5.150000000000010125e+00 2.511802626533753309e-04
-5.050000000000010481e+00 3.016559624233142861e-04
-4.950000000000010836e+00 3.567748274539894651e-04
-4.850000000000011191e+00 4.393033454754620860e-04
-4.750000000000011546e+00 5.324662097392657712e-04
-4.650000000000011902e+00 6.262281921012285285e-04
-4.550000000000012257e+00 7.417082055214733148e-04
-4.450000000000012612e+00 9.001749424846625840e-04
-4.350000000000012967e+00 1.101328843941716800e-03
-4.250000000000013323e+00 1.293196414877298243e-03
-4.150000000000013678e+00 1.557257716641100454e-03
-4.050000000000014033e+00 1.872393836273000692e-03
-3.950000000000014388e+00 2.179441861579747494e-03
-3.850000000000014744e+00 2.625035947085879728e-03
-3.750000000000015099e+00 3.134885448619619333e-03
-3.650000000000015454e+00 3.686673217024524340e-03
-3.550000000000015810e+00 4.331324290644152954e-03
-3.450000000000016165e+00 5.129050038343534526e-03
-3.350000000000016520e+00 5.968414493865001856e-03
-3.250000000000016875e+00 7.084421731211622102e-03
-3.150000000000017231e+00 8.252851802147197907e-03
-3.050000000000017586e+00 9.743906968941670049e-03
-2.950000000000017941e+00 1.140331432131896049e-02
-2.850000000000018296e+00 1.326851874041404082e-02
-2.750000000000018652e+00 1.550682395513798897e-02
-2.650000000000019007e+00 1.800724451717368793e-02
-2.550000000000019362e+00 2.103413892860088452e-02
-2.450000000000019718e+00 2.429379072116302773e-02
-2.350000000000020073e+00 2.812650133334750058e-02
-2.250000000000020428e+00 3.257405217630235383e-02
-2.150000000000020783e+00 3.775372651457327422e-02
-2.050000000000021139e+00 4.350526025690400894e-02
-1.950000000000021272e+00 5.013001098603519362e-02
-1.850000000000021627e+00 5.781609824668994951e-02
-1.750000000000021982e+00 6.632193238325205520e-02
-1.650000000000022338e+00 7.603438211394464297e-02
-1.550000000000022693e+00 8.714817615242981264e-02
-1.450000000000023048e+00 1.001069472979985442e-01
-1.350000000000023404e+00 1.143697095985080625e-01
-1.250000000000023759e+00 1.305562353947425369e-01
-1.150000000000024114e+00 1.489413701142317525e-01
-1.050000000000024469e+00 1.701932931889762468e-01
-9.500000000000248246e-01 1.941138309762474590e-01
-8.500000000000251799e-01 2.213445198431748251e-01
-7.500000000000255351e-01 2.517957550737306982e-01
-6.500000000000258904e-01 2.866529000807068739e-01
-5.500000000000262457e-01 3.254360589087184064e-01
-4.500000000000266565e-01 3.707195099365239166e-01
-3.500000000000270117e-01 4.213986279912736443e-01
-2.500000000000273670e-01 4.785969081071766995e-01
-1.500000000000277223e-01 5.441167900063925700e-01
-5.000000000002806366e-02 6.195881426320544172e-01
4.999999999997158107e-02 6.188556181521833732e-01
1.499999999999712119e-01 5.429461179600534315e-01
2.499999999999708566e-01 4.767513318819946999e-01
3.499999999999705014e-01 4.189187236860016372e-01
4.499999999999701461e-01 3.686970452722266312e-01
5.499999999999698463e-01 3.232046577045187830e-01
6.499999999999694911e-01 2.840488202940253393e-01
7.499999999999691358e-01 2.495619208367823305e-01
8.499999999999687805e-01 2.190417976392358135e-01
9.499999999999684253e-01 1.922874277095723838e-01
1.049999999999968070e+00 1.687179660516247848e-01
1.149999999999967715e+00 1.471819194743924641e-01
1.249999999999967359e+00 1.288842406654718831e-01
1.349999999999967004e+00 1.122832784629346492e-01
1.449999999999966649e+00 9.796464957913803007e-02
1.549999999999966294e+00 8.551408153969937420e-02
1.649999999999965938e+00 7.452849759485392911e-02
1.749999999999965583e+00 6.476542002613405735e-02
1.849999999999965228e+00 5.625239765176089785e-02
1.949999999999964873e+00 4.872583266093924448e-02
2.049999999999964295e+00 4.235855411385849173e-02
2.149999999999963940e+00 3.654800370076009830e-02
2.249999999999963585e+00 3.150612534569950662e-02
2.349999999999963229e+00 2.728264113335696767e-02
2.449999999999962874e+00 2.345382832690953712e-02
2.549999999999962519e+00 2.025992974562038779e-02
2.649999999999962164e+00 1.741172230696930168e-02
2.749999999999961808e+00 1.491893932131893932e-02
2.849999999999961453e+00 1.268363087645215867e-02
2.949999999999961098e+00 1.082142204784787565e-02
3.049999999999960743e+00 9.355081681968819424e-03
3.149999999999960387e+00 7.940561493481556460e-03
3.249999999999960032e+00 6.677320983512237407e-03
3.349999999999959677e+00 5.717234231211629561e-03
3.449999999999959321e+00 4.860046012269916664e-03
3.549999999999958966e+00 4.079695868783496035e-03
3.649999999999958611e+00 3.459757237346611052e-03
3.749999999999958256e+00 2.923846098542933272e-03
3.849999999999957900e+00 2.432119919478518879e-03
3.949999999999957545e+00 2.054675517638030260e-03
4.049999999999957190e+00 1.708085697852756079e-03
4.149999999999956835e+00 1.436984758435579622e-03
4.249999999999956479e+00 1.201531345858894081e-03
4.349999999999956124e+00 1.018950105444784652e-03
4.449999999999955769e+00 8.335230540644175158e-04
4.549999999999955413e+00 6.987214819785287235e-04
4.649999999999955058e+00 5.875850747699405165e-04
4.749999999999954703e+00 4.831887461656462612e-04
4.849999999999954348e+00 3.987130943251551924e-04
4.949999999999953992e+00 3.211273006134984396e-04
5.049999999999953637e+00 2.598674750766882726e-04
5.149999999999953282e+00 2.162816334355837419e-04
5.249999999999952927e+00 1.819821223159516586e-04
5.349999999999952571e+00 1.473830521472398224e-04
5.449999999999952216e+00 1.223698715490801866e-04
5.549999999999951861e+00 9.600867523006168989e-05
5.649999999999951505e+00 7.533910084355855200e-05
5.749999999999951150e+00 5.961225076687137715e-05
5.849999999999950795e+00 5.586776265337443237e-05
5.949999999999950440e+00 3.999113305214738786e-05
6.049999999999950084e+00 3.429951111963202908e-05
6.149999999999949729e+00 2.291626725460130815e-05
6.249999999999949374e+00 2.606163726993874379e-05
6.349999999999949019e+00 1.737442484662582920e-05
6.449999999999948663e+00 1.392949578220863898e-05
6.549999999999948308e+00 1.228192101226998294e-05
6.649999999999947953e+00 6.740078604294502296e-06
6.749999999999947597e+00 7.638755751533769382e-06
6.849999999999947242e+00 6.290740030674868754e-06
6.949999999999946887e+00 4.643165260736213559e-06
7.049999999999946532e+00 3.145370015337434800e-06
7.149999999999946176e+00 2.995590490797556670e-06
7.249999999999945821e+00 1.797354294478534172e-06
7.349999999999945466e+00 1.497795245398778335e-06
7.449999999999945111e+00 2.995590490797556776e-07
7.549999999999944755e+00 1.647574769938656253e-06
7.649999999999944400e+00 1.348015720858900417e-06
7.749999999999944045e+00 2.995590490797556776e-07
7.849999999999943689e+00 2.995590490797556776e-07
7.949999999999943334e+00 1.497795245398778388e-07
