-7.950000000000000178e+00 1.003522814417181607e-05
-7.850000000000000533e+00 1.168280291411047042e-05
-7.750000000000000888e+00 1.797354294478534172e-05
-7.650000000000001243e+00 1.767398389570558546e-05
-7.550000000000001599e+00 1.962111771472399606e-05
-7.450000000000001954e+00 2.306604677914118797e-05
-7.350000000000002309e+00 2.920700728527617605e-05
-7.250000000000002665e+00 3.654620398773018918e-05
-7.150000000000003020e+00 4.103958972392652969e-05
-7.050000000000003375e+00 4.478407783742347447e-05
-6.950000000000003730e+00 5.931269171779162427e-05
-6.850000000000004086e+00 6.605277032208613165e-05
-6.750000000000004441e+00 7.728623466257695921e-05
-6.650000000000004796e+00 9.181484854294510902e-05
-6.550000000000005151e+00 1.030483128834359366e-04
-6.450000000000005507e+00 1.193742810582826172e-04
-6.350000000000005862e+00 1.451363592791416488e-04
-6.250000000000006217e+00 1.635592407975466401e-04
-6.150000000000006573e+00 2.020525786042953178e-04
-6.050000000000006928e+00 2.180789877300622862e-04
-5.950000000000007283e+00 2.699038825871951080e-04
-5.850000000000007638e+00 2.988101514570566338e-04
-5.750000000000007994e+00 3.470391583588973341e-04
-5.650000000000008349e+00 4.099465586656461419e-04
-5.550000000000008704e+00 4.562284317484683943e-04
-5.450000000000009059e+00 5.335146664110449605e-04
-5.350000000000009415e+00 6.063075153374250167e-04
-5.250000000000009770e+00 7.084571510736207460e-04
-5.150000000000010125e+00 7.953292753067490789e-04
-5.050000000000010481e+00 9.133555406441717104e-04
-4.950000000000010836e+00 1.033928057898772295e-03
-4.850000000000011191e+00 1.206024731595090266e-03
-4.750000000000011546e+00 1.358950805516639113e-03
-4.650000000000011902e+00 1.531647776677451649e-03
-4.550000000000012257e+00 1.791213333972387339e-03
-4.450000000000012612e+00 2.050032352377294254e-03
-4.350000000000012967e+00 2.333715951222154958e-03
-4.250000000000013323e+00 2.656493185338258851e-03
-4.150000000000013678e+00 2.996942044617397719e-03
-4.050000000000014033e+00 3.362855781800985593e-03
-3.950000000000014388e+00 3.892321683584109258e-03
-3.850000000000014744e+00 4.419247230281729728e-03
-3.750000000000015099e+00 4.947372192542004270e-03
-3.650000000000015454e+00 5.677699512931112108e-03
-3.550000000000015810e+00 6.338077436627427043e-03
-3.450000000000016165e+00 7.266862627031870671e-03
-3.350000000000016520e+00 8.277872058943367903e-03
-3.250000000000016875e+00 9.365720745676490294e-03
-3.150000000000017231e+00 1.068633506910892511e-02
-3.050000000000017586e+00 1.201981627925577042e-02
-2.950000000000017941e+00 1.361437263560629982e-02
-2.850000000000018296e+00 1.551791707488460806e-02
-2.750000000000018652e+00 1.756332749059573775e-02
-2.650000000000019007e+00 1.996114318148993483e-02
-2.550000000000019362e+00 2.264700848540105588e-02
-2.450000000000019718e+00 2.565503657356781042e-02
-2.350000000000020073e+00 2.919644488038346253e-02
-2.250000000000020428e+00 3.317399818962886437e-02
-2.150000000000020783e+00 3.762337940913458578e-02
-2.050000000000021139e+00 4.281938797114495654e-02
-1.950000000000021272e+00 4.883562930799136004e-02
-1.850000000000021627e+00 5.544404463401725325e-02
-1.750000000000021982e+00 6.318562461883130144e-02
-1.650000000000022338e+00 7.224702875163607763e-02
-1.550000000000022693e+00 8.217055085466221098e-02
-1.450000000000023048e+00 9.400100217834753136e-02
-1.350000000000023404e+00 1.075206374956348132e-01
-1.250000000000023759e+00 1.230406962997852016e-01
-1.150000000000024114e+00 1.413233782863909938e-01
-1.050000000000024469e+00 1.622929504462499450e-01
-9.500000000000248246e-01 1.869302575585239934e-01
-8.500000000000251799e-01 2.154404610114767915e-01
-7.500000000000255351e-01 2.480631302061958865e-01
-6.500000000000258904e-01 2.864974831850856107e-01
-5.500000000000262457e-01 3.323496105072225593e-01
-4.500000000000266565e-01 3.850034053023851377e-01
-3.500000000000270117e-01 4.472639267124921547e-01
-2.500000000000273670e-01 5.203059922565728135e-01
-1.500000000000277223e-01 6.034786695559443137e-01
-5.000000000002806366e-02 6.909271571931845379e-01
4.999999999997158107e-02 6.857748818936078017e-01
1.499999999999712119e-01 5.905157352472102383e-01
2.499999999999708566e-01 5.018965755636033421e-01
3.499999999999705014e-01 4.262993751151269994e-01
4.499999999999701461e-01 3.622292481530504094e-01
5.499999999999698463e-01 3.086261023773271273e-01
6.499999999999694911e-01 2.629360553705970549e-01
7.499999999999691358e-01 2.251789181285831498e-01
8.499999999999687805e-01 1.925315813076022287e-01
9.499999999999684253e-01 1.652335895420362077e-01
1.049999999999968070e+00 1.419864086049748564e-01
1.149999999999967715e+00 1.220446376949019529e-01
1.249999999999967359e+00 1.051384448705803554e-01
1.349999999999967004e+00 9.083039608217421956e-02
1.449999999999966649e+00 7.842123441538897954e-02
1.549999999999966294e+00 6.783957518470244696e-02
1.649999999999965938e+00 5.883596707850966695e-02
1.749999999999965583e+00 5.103691657219346783e-02
1.849999999999965228e+00 4.431703461638539232e-02
1.949999999999964873e+00 3.826576256129200770e-02
2.049999999999964295e+00 3.330283098869352143e-02
2.149999999999963940e+00 2.890451633149083988e-02
2.249999999999963585e+00 2.515104380525336192e-02
2.349999999999963229e+00 2.189377197395517977e-02
2.449999999999962874e+00 1.912447239867729951e-02
2.549999999999962519e+00 1.659559726507797359e-02
2.649999999999962164e+00 1.448295235397738766e-02
2.749999999999961808e+00 1.259931679779955835e-02
2.849999999999961453e+00 1.097212501622802511e-02
2.949999999999961098e+00 9.481798697828560177e-03
3.049999999999960743e+00 8.269489123034474629e-03
3.149999999999960387e+00 7.270749818471897857e-03
3.249999999999960032e+00 6.275469595369759235e-03
3.349999999999959677e+00 5.525372557107723417e-03
3.449999999999959321e+00 4.790400892091544079e-03
3.549999999999958966e+00 4.137810324304967008e-03
3.649999999999958611e+00 3.602052503124834014e-03
3.749999999999958256e+00 3.160652244305817669e-03
3.849999999999957900e+00 2.725988525992091398e-03
3.949999999999957545e+00 2.383442753369394151e-03
4.049999999999957190e+00 2.097363861498230050e-03
4.149999999999956835e+00 1.821021818088493140e-03
4.249999999999956479e+00 1.556361398226531207e-03
4.349999999999956124e+00 1.369887069540719942e-03
4.449999999999955769e+00 1.170227425230059744e-03
4.549999999999955413e+00 1.016254074003066768e-03
4.649999999999955058e+00 8.663259493049855695e-04
4.749999999999954703e+00 7.527918903374241711e-04
4.849999999999954348e+00 6.590310873417964737e-04
4.949999999999953992e+00 5.829419095092042927e-04
5.049999999999953637e+00 4.959200057515359208e-04
5.149999999999953282e+00 4.078496453220878176e-04
5.249999999999952927e+00 3.608188746165661830e-04
5.349999999999952571e+00 3.229246549079769569e-04
5.449999999999952216e+00 2.702022622699399093e-04
5.549999999999951861e+00 2.326076016104304902e-04
5.649999999999951505e+00 1.903697756901848203e-04
5.749999999999951150e+00 1.611627684049085900e-04
5.849999999999950795e+00 1.439381230828226102e-04
5.949999999999950440e+00 1.225196510736200630e-04
6.049999999999950084e+00 1.018500766871169251e-04
6.149999999999949729e+00 8.237873849693279869e-05
6.249999999999949374e+00 8.177962039877329295e-05
6.349999999999949019e+00 6.515409317484684593e-05
6.449999999999948663e+00 5.556820360429468627e-05
6.549999999999948308e+00 4.987658167177932072e-05
6.649999999999947953e+00 3.969157400306762821e-05
6.749999999999947597e+00 3.654620398773019595e-05
6.849999999999947242e+00 2.980612538343569196e-05
6.949999999999946887e+00 2.081935391104302110e-05
7.049999999999946532e+00 2.171803105828228650e-05
7.149999999999946176e+00 1.917177914110436337e-05
7.249999999999945821e+00 1.183258243865035025e-05
7.349999999999945466e+00 1.063434624233132690e-05
7.449999999999945111e+00 7.938314800613525642e-06
7.549999999999944755e+00 7.788535276073647512e-06
7.649999999999944400e+00 7.938314800613525642e-06
7.749999999999944045e+00 6.740078604294502296e-06
7.849999999999943689e+00 6.290740030674868754e-06
7.949999999999943334e+00 4.643165260736212712e-06
