-7.950000000000000178e+00 4.680610141871182668e-06
-7.850000000000000533e+00 1.872244056748473025e-06
-7.750000000000000888e+00 9.361220283742365124e-07
-7.650000000000001243e+00 9.361220283742365124e-07
-7.550000000000001599e+00 9.361220283742365124e-07
-7.450000000000001954e+00 0.000000000000000000e+00
-7.350000000000002309e+00 9.361220283742365124e-07
-7.250000000000002665e+00 9.361220283742365124e-07
-7.150000000000003020e+00 0.000000000000000000e+00
-7.050000000000003375e+00 0.000000000000000000e+00
-6.950000000000003730e+00 0.000000000000000000e+00
-6.850000000000004086e+00 0.000000000000000000e+00
-6.750000000000004441e+00 9.361220283742365124e-07
-6.650000000000004796e+00 0.000000000000000000e+00
-6.550000000000005151e+00 1.872244056748473025e-06
-6.450000000000005507e+00 9.361220283742365124e-07
-6.350000000000005862e+00 6.552854198619655905e-06
-6.250000000000006217e+00 9.361220283742363642e-06
-6.150000000000006573e+00 4.680610141871182668e-06
-6.050000000000006928e+00 1.216958636886507561e-05
-5.950000000000007283e+00 5.616732170245418863e-06
-5.850000000000007638e+00 9.361220283742365336e-06
-5.750000000000007994e+00 1.872244056748473067e-05
-5.650000000000008349e+00 2.246692868098167545e-05
-5.550000000000008704e+00 3.838100316334369584e-05
-5.450000000000009059e+00 4.867834547546029568e-05
-5.350000000000009415e+00 7.114527415644197113e-05
-5.250000000000009770e+00 6.178405387269959902e-05
-5.150000000000010125e+00 7.769812835506161941e-05
-5.050000000000010481e+00 8.893159269555246053e-05
-4.950000000000010836e+00 1.085901552914114189e-04
-4.850000000000011191e+00 1.104623993481599150e-04
-4.750000000000011546e+00 1.254403518021477077e-04
-4.650000000000011902e+00 1.535240126533747834e-04
-4.550000000000012257e+00 1.685019651073625625e-04
-4.450000000000012612e+00 2.227970427530682855e-04
-4.350000000000012967e+00 2.490084595475468786e-04
-4.250000000000013323e+00 3.370039302147250708e-04
-4.150000000000013678e+00 3.922351298888050622e-04
-4.050000000000014033e+00 5.017614072085907224e-04
-3.950000000000014388e+00 6.075431964148795801e-04
-3.850000000000014744e+00 8.097455545437147201e-04
-3.750000000000015099e+00 1.040031573523776936e-03
-3.650000000000015454e+00 1.323676548121170173e-03
-3.550000000000015810e+00 1.583918472009207459e-03
-3.450000000000016165e+00 2.084743757189424455e-03
-3.350000000000016520e+00 2.580888432227771735e-03
-3.250000000000016875e+00 3.141625527223941908e-03
-3.150000000000017231e+00 4.050600016775329076e-03
-3.050000000000017586e+00 5.169265840682548026e-03
-2.950000000000017941e+00 6.412443265403133807e-03
-2.850000000000018296e+00 8.172352678746695048e-03
-2.750000000000018652e+00 1.018032705856979775e-02
-2.650000000000019007e+00 1.281082995830135074e-02
-2.550000000000019362e+00 1.608632093558277909e-02
-2.450000000000019718e+00 1.986639642823721102e-02
-2.350000000000020073e+00 2.485029536522255500e-02
-2.250000000000020428e+00 3.085177368912985288e-02
-2.150000000000020783e+00 3.792698397958204487e-02
-2.050000000000021139e+00 4.633616816046753906e-02
-1.950000000000021272e+00 5.632178920817489109e-02
-1.850000000000021627e+00 6.772188326971645411e-02
-1.750000000000021982e+00 8.055704502971633429e-02
-1.650000000000022338e+00 9.609293358365490756e-02
-1.550000000000022693e+00 1.128279870849012156e-01
-1.450000000000023048e+00 1.329424558506582532e-01
-1.350000000000023404e+00 1.528266164843172237e-01
-1.250000000000023759e+00 1.747805650358300600e-01
-1.150000000000024114e+00 1.994342821461341231e-01
-1.050000000000024469e+00 2.242330834287566410e-01
-9.500000000000248246e-01 2.485385926286631797e-01
-8.500000000000251799e-01 2.743475138061380880e-01
-7.500000000000255351e-01 3.018507347735351898e-01
-6.500000000000258904e-01 3.256049934064026985e-01
-5.500000000000262457e-01 3.464036641803465710e-01
-4.500000000000266565e-01 3.667774166348444220e-01
-3.500000000000270117e-01 3.839496612364604600e-01
-2.500000000000273670e-01 3.974120247554712160e-01
-1.500000000000277223e-01 4.060973870478463699e-01
-5.000000000002806366e-02 4.127044773557949631e-01
4.999999999997158107e-02 4.104858976327064313e-01
1.499999999999712119e-01 4.055507138963944658e-01
2.499999999999708566e-01 3.987131975197131251e-01
3.499999999999705014e-01 3.844111325412510882e-01
4.499999999999701461e-01 3.673213477595672072e-01
5.499999999999698463e-01 3.467725183726450000e-01
6.499999999999694911e-01 3.246762497886613863e-01
7.499999999999691358e-01 3.015530921947499055e-01
8.499999999999687805e-01 2.755606984707527074e-01
9.499999999999684253e-01 2.496563223305418577e-01
1.049999999999968070e+00 2.228363819913826704e-01
1.149999999999967715e+00 1.988267463207589181e-01
1.249999999999967359e+00 1.748058182174773711e-01
1.349999999999967004e+00 1.531655000296282265e-01
1.449999999999966649e+00 1.320521816885554256e-01
1.549999999999966294e+00 1.130657768221874498e-01
1.649999999999965938e+00 9.646831851703306648e-02
1.749999999999965583e+00 8.083320102808673469e-02
1.849999999999965228e+00 6.776026427287978882e-02
1.949999999999964873e+00 5.660355456767592053e-02
2.049999999999964295e+00 4.620604719852351022e-02
2.149999999999963940e+00 3.801966006039110557e-02
2.249999999999963585e+00 3.031350352281466515e-02
2.349999999999963229e+00 2.482876455856995040e-02
2.449999999999962874e+00 1.995156879074008391e-02
2.549999999999962519e+00 1.629414739692145592e-02
2.649999999999962164e+00 1.298588477760733231e-02
2.749999999999961808e+00 1.036662271325586131e-02
2.849999999999961453e+00 8.111497375862773695e-03
2.949999999999961098e+00 6.461114239838999795e-03
3.049999999999960743e+00 4.955830018213220473e-03
3.149999999999960387e+00 4.084300409796802304e-03
3.249999999999960032e+00 3.235237730061365710e-03
3.349999999999959677e+00 2.593058018596636899e-03
3.449999999999959321e+00 2.075382536905681988e-03
3.549999999999958966e+00 1.527751150306753524e-03
3.649999999999958611e+00 1.274062080617335791e-03
3.749999999999958256e+00 1.005395058473930198e-03
3.849999999999957900e+00 8.378292153949417958e-04
3.949999999999957545e+00 7.151972296779168662e-04
4.049999999999957190e+00 5.120587495207073493e-04
4.149999999999956835e+00 3.753849333780688276e-04
4.249999999999956479e+00 3.145370015337434428e-04
4.349999999999956124e+00 2.630502899731604165e-04
4.449999999999955769e+00 2.302860189800621615e-04
4.549999999999955413e+00 2.012662361004608175e-04
4.649999999999955058e+00 1.675658430789883212e-04
4.749999999999954703e+00 1.188874976035280459e-04
4.849999999999954348e+00 1.057817892062887222e-04
4.949999999999953992e+00 1.104623993481599015e-04
5.049999999999953637e+00 6.833690807131926085e-05
5.149999999999953282e+00 7.114527415644197113e-05
5.249999999999952927e+00 7.301751821319044013e-05
5.349999999999952571e+00 4.493385736196335090e-05
5.449999999999952216e+00 5.055058953220877146e-05
5.549999999999951861e+00 3.276427099309827529e-05
5.649999999999951505e+00 3.463651504984675107e-05
5.749999999999951150e+00 2.059468462423320306e-05
5.849999999999950795e+00 1.685019651073625489e-05
5.949999999999950440e+00 1.123346434049083773e-05
6.049999999999950084e+00 9.361220283742365336e-06
6.149999999999949729e+00 4.680610141871182668e-06
6.249999999999949374e+00 7.488976226993892099e-06
6.349999999999949019e+00 4.680610141871182668e-06
6.449999999999948663e+00 9.361220283742365124e-07
6.549999999999948308e+00 4.680610141871182668e-06
6.649999999999947953e+00 0.000000000000000000e+00
6.749999999999947597e+00 9.361220283742365124e-07
6.849999999999947242e+00 1.872244056748473025e-06
6.949999999999946887e+00 0.000000000000000000e+00
7.049999999999946532e+00 9.361220283742365124e-07
7.149999999999946176e+00 9.361220283742365124e-07
7.249999999999945821e+00 9.361220283742365124e-07
7.349999999999945466e+00 0.000000000000000000e+00
7.449999999999945111e+00 9.361220283742365124e-07
7.549999999999944755e+00 0.000000000000000000e+00
7.649999999999944400e+00 1.872244056748473025e-06
7.749999999999944045e+00 1.872244056748473025e-06
7.849999999999943689e+00 9.361220283742365124e-07
7.949999999999943334e+00 9.361220283742365124e-07
