-7.950000000000000178e+00 0.000000000000000000e+00
-7.850000000000000533e+00 0.000000000000000000e+00
-7.750000000000000888e+00 1.497795245398778388e-07
-7.650000000000001243e+00 1.497795245398778388e-07
-7.550000000000001599e+00 0.000000000000000000e+00
-7.450000000000001954e+00 0.000000000000000000e+00
-7.350000000000002309e+00 0.000000000000000000e+00
-7.250000000000002665e+00 0.000000000000000000e+00
-7.150000000000003020e+00 0.000000000000000000e+00
-7.050000000000003375e+00 0.000000000000000000e+00
-6.950000000000003730e+00 0.000000000000000000e+00
-6.850000000000004086e+00 0.000000000000000000e+00
-6.750000000000004441e+00 0.000000000000000000e+00
-6.650000000000004796e+00 1.497795245398778388e-07
-6.550000000000005151e+00 0.000000000000000000e+00
-6.450000000000005507e+00 0.000000000000000000e+00
-6.350000000000005862e+00 1.497795245398778388e-07
-6.250000000000006217e+00 0.000000000000000000e+00
-6.150000000000006573e+00 1.497795245398778388e-07
-6.050000000000006928e+00 1.497795245398778388e-07
-5.950000000000007283e+00 1.797354294478534172e-06
-5.850000000000007638e+00 4.493385736196335429e-07
-5.750000000000007994e+00 8.986771472392670858e-07
-5.650000000000008349e+00 5.991180981595113552e-07
-5.550000000000008704e+00 2.546251917177923127e-06
-5.450000000000009059e+00 2.845810966257678964e-06
-5.350000000000009415e+00 3.295149539877312507e-06
-5.250000000000009770e+00 5.691621932515357928e-06
-5.150000000000010125e+00 6.440519555214746884e-06
-5.050000000000010481e+00 8.836991947852791034e-06
-4.950000000000010836e+00 1.288103911042949546e-05
-4.850000000000011191e+00 2.096913343558289754e-05
-4.750000000000011546e+00 2.621141679447862701e-05
-4.650000000000011902e+00 4.014091257668726430e-05
-4.550000000000012257e+00 5.242283358895724046e-05
-4.450000000000012612e+00 7.174439225460147688e-05
-4.350000000000012967e+00 1.028985333588960601e-04
-4.250000000000013323e+00 1.463345954754606602e-04
-4.150000000000013678e+00 1.996561062116572677e-04
-4.050000000000014033e+00 2.755943251533754610e-04
-3.950000000000014388e+00 3.644135832055232175e-04
-3.850000000000014744e+00 5.031094229294499898e-04
-3.750000000000015099e+00 6.669682227760749191e-04
-3.650000000000015454e+00 9.208445168711655322e-04
-3.550000000000015810e+00 1.202729582055213093e-03
-3.450000000000016165e+00 1.615821510736192195e-03
-3.350000000000016520e+00 2.145741468558275133e-03
-3.250000000000016875e+00 2.816603958972381527e-03
-3.150000000000017231e+00 3.652373705904892257e-03
-3.050000000000017586e+00 4.793094564800592060e-03
-2.950000000000017941e+00 6.186643261119601986e-03
-2.850000000000018296e+00 7.975909461272967516e-03
-2.750000000000018652e+00 1.023443491180976370e-02
-2.650000000000019007e+00 1.296192005368091218e-02
-2.550000000000019362e+00 1.641014426763818396e-02
-2.450000000000019718e+00 2.059034101802280012e-02
-2.350000000000020073e+00 2.575968174846885589e-02
-2.250000000000020428e+00 3.193673912001900039e-02
-2.150000000000020783e+00 3.930169790069273916e-02
-2.050000000000021139e+00 4.793349189992524018e-02
-1.950000000000021272e+00 5.800002396472578314e-02
-1.850000000000021627e+00 6.990854462232097555e-02
-1.750000000000021982e+00 8.359779404717150586e-02
-1.650000000000022338e+00 9.885568443252708282e-02
-1.550000000000022693e+00 1.160815279908112146e-01
-1.450000000000023048e+00 1.350937919382829699e-01
-1.350000000000023404e+00 1.560840442868261790e-01
-1.250000000000023759e+00 1.781486651648912511e-01
-1.150000000000024114e+00 2.015000419382769192e-01
-1.050000000000024469e+00 2.263674870590542954e-01
-9.500000000000248246e-01 2.515249053393421863e-01
-8.500000000000251799e-01 2.759554435870548161e-01
-7.500000000000255351e-01 3.000864227856840927e-01
-6.500000000000258904e-01 3.235910240126840809e-01
-5.500000000000262457e-01 3.448496812692047331e-01
-4.500000000000266565e-01 3.639855133244198626e-01
-3.500000000000270117e-01 3.796172534030222701e-01
-2.500000000000273670e-01 3.925646448428204982e-01
-1.500000000000277223e-01 4.005134442101506154e-01
-5.000000000002806366e-02 4.046060199386769529e-01
4.999999999997158107e-02 4.045142050901342490e-01
1.499999999999712119e-01 4.006554351994143781e-01
2.499999999999708566e-01 3.924825656633737503e-01
3.499999999999705014e-01 3.799702837423624691e-01
4.499999999999701461e-01 3.635851526553243174e-01
5.499999999999698463e-01 3.452473459068576278e-01
6.499999999999694911e-01 3.233305574195092236e-01
7.499999999999691358e-01 3.005108979582302720e-01
8.499999999999687805e-01 2.759070648006283211e-01
9.499999999999684253e-01 2.510926416315197862e-01
1.049999999999968070e+00 2.260477077741616103e-01
1.149999999999967715e+00 2.018873717887371133e-01
1.249999999999967359e+00 1.783228587519313235e-01
1.349999999999967004e+00 1.557717539781606209e-01
1.449999999999966649e+00 1.354472716161967960e-01
1.549999999999966294e+00 1.158504181844461633e-01
1.649999999999965938e+00 9.899467983130003090e-02
1.749999999999965583e+00 8.366130056557639916e-02
1.849999999999965228e+00 6.994643884202947359e-02
1.949999999999964873e+00 5.813482553681169340e-02
2.049999999999964295e+00 4.792989719133626536e-02
2.149999999999963940e+00 3.914802410851486031e-02
2.249999999999963585e+00 3.184462471242698045e-02
2.349999999999963229e+00 2.563446606595348037e-02
2.449999999999962874e+00 2.074566238497068532e-02
2.549999999999962519e+00 1.641853192101242268e-02
2.649999999999962164e+00 1.303815783167171054e-02
2.749999999999961808e+00 1.022559791986191180e-02
2.849999999999961453e+00 7.934720092024500140e-03
2.949999999999961098e+00 6.187991276840460603e-03
3.049999999999960743e+00 4.791896328604272615e-03
3.149999999999960387e+00 3.663008052147223755e-03
3.249999999999960032e+00 2.814806604677903227e-03
3.349999999999959677e+00 2.103952981211649770e-03
3.449999999999959321e+00 1.597398629217787556e-03
3.549999999999958966e+00 1.212914589723924474e-03
3.649999999999958611e+00 9.102101706288342510e-04
3.749999999999958256e+00 6.961752300613508783e-04
3.849999999999957900e+00 4.932239743098181450e-04
3.949999999999957545e+00 3.753474884969343599e-04
4.049999999999957190e+00 2.826339628067497077e-04
4.149999999999956835e+00 1.983080904907983798e-04
4.249999999999956479e+00 1.406429735429453286e-04
4.349999999999956124e+00 1.055945648006138631e-04
4.449999999999955769e+00 7.593821894171805774e-05
4.549999999999955413e+00 5.287217216257688332e-05
4.649999999999955058e+00 3.474884969325165839e-05
4.749999999999954703e+00 3.040524348159520109e-05
4.849999999999954348e+00 1.797354294478534172e-05
4.949999999999953992e+00 1.273125958588961564e-05
5.049999999999953637e+00 9.735669095092059814e-06
5.149999999999953282e+00 6.740078604294503144e-06
5.249999999999952927e+00 4.792944785276090842e-06
5.349999999999952571e+00 1.947133819018411878e-06
5.449999999999952216e+00 3.744488113496945626e-06
5.549999999999951861e+00 1.497795245398778335e-06
5.649999999999951505e+00 1.497795245398778335e-06
5.749999999999951150e+00 4.493385736196335429e-07
5.849999999999950795e+00 4.493385736196335429e-07
5.949999999999950440e+00 5.991180981595113552e-07
6.049999999999950084e+00 1.497795245398778388e-07
6.149999999999949729e+00 4.493385736196335429e-07
6.249999999999949374e+00 4.493385736196335429e-07
6.349999999999949019e+00 0.000000000000000000e+00
6.449999999999948663e+00 0.000000000000000000e+00
6.549999999999948308e+00 0.000000000000000000e+00
6.649999999999947953e+00 0.000000000000000000e+00
6.749999999999947597e+00 0.000000000000000000e+00
6.849999999999947242e+00 0.000000000000000000e+00
6.949999999999946887e+00 0.000000000000000000e+00
7.049999999999946532e+00 2.995590490797556776e-07
7.149999999999946176e+00 0.000000000000000000e+00
7.249999999999945821e+00 0.000000000000000000e+00
7.349999999999945466e+00 0.000000000000000000e+00
7.449999999999945111e+00 0.000000000000000000e+00
7.549999999999944755e+00 0.000000000000000000e+00
7.649999999999944400e+00 0.000000000000000000e+00
7.749999999999944045e+00 0.000000000000000000e+00
7.849999999999943689e+00 1.497795245398778388e-07
7.949999999999943334e+00 0.000000000000000000e+00
