-7.950000000000000178e+00 0.000000000000000000e+00
-7.850000000000000533e+00 0.000000000000000000e+00
-7.750000000000000888e+00 0.000000000000000000e+00
-7.650000000000001243e+00 0.000000000000000000e+00
-7.550000000000001599e+00 0.000000000000000000e+00
-7.450000000000001954e+00 0.000000000000000000e+00
-7.350000000000002309e+00 0.000000000000000000e+00
-7.250000000000002665e+00 0.000000000000000000e+00
-7.150000000000003020e+00 0.000000000000000000e+00
-7.050000000000003375e+00 0.000000000000000000e+00
-6.950000000000003730e+00 0.000000000000000000e+00
-6.850000000000004086e+00 4.678816117286333466e-06
-6.750000000000004441e+00 2.807289670371800249e-06
-6.650000000000004796e+00 1.122915868148720269e-05
-6.550000000000005151e+00 1.029339545802993566e-05
-6.450000000000005507e+00 1.029339545802993396e-05
-6.350000000000005862e+00 1.590797479877353616e-05
-6.250000000000006217e+00 2.900865992717527122e-05
-6.150000000000006573e+00 2.432984380988893606e-05
-6.050000000000006928e+00 2.994442315063253825e-05
-5.950000000000007283e+00 3.368747604446160638e-05
-5.850000000000007638e+00 5.053121406669241296e-05
-5.750000000000007994e+00 5.708155663089327202e-05
-5.650000000000008349e+00 5.427426696052148108e-05
-5.550000000000008704e+00 8.796174300498308069e-05
-5.450000000000009059e+00 1.113558235914147599e-04
-5.350000000000009415e+00 1.197776926025301530e-04
-5.250000000000009770e+00 1.328783777309318847e-04
-5.150000000000010125e+00 2.049321459371414495e-04
-5.050000000000010481e+00 2.039963827136841656e-04
-4.950000000000010836e+00 2.872793096013809212e-04
-4.850000000000011191e+00 3.555900249137613502e-04
-4.750000000000011546e+00 3.125449166347271006e-04
-4.650000000000011902e+00 3.902132641816802609e-04
-4.550000000000012257e+00 4.903399290916076944e-04
-4.450000000000012612e+00 6.026315159064796027e-04
-4.350000000000012967e+00 7.663900800115011538e-04
-4.250000000000013323e+00 9.058188003066336468e-04
-4.150000000000013678e+00 1.035889888367193951e-03
-4.050000000000014033e+00 1.224914059505561410e-03
-3.950000000000014388e+00 1.598283585665010234e-03
-3.850000000000014744e+00 1.676887696435420787e-03
-3.750000000000015099e+00 1.951066320908400112e-03
-3.650000000000015454e+00 2.302913292928332814e-03
-3.550000000000015810e+00 2.601421761211201306e-03
-3.450000000000016165e+00 3.258327544078203162e-03
-3.350000000000016520e+00 3.947985039766207030e-03
-3.250000000000016875e+00 4.599276243292460195e-03
-3.150000000000017231e+00 6.305172599655049087e-03
-3.050000000000017586e+00 7.606819243484101711e-03
-2.950000000000017941e+00 8.922502335665029316e-03
-2.850000000000018296e+00 1.010717857656194367e-02
-2.750000000000018652e+00 1.251115429762369134e-02
-2.650000000000019007e+00 1.500028447202005066e-02
-2.550000000000019362e+00 1.758579825843251815e-02
-2.450000000000019718e+00 2.080669527357249110e-02
-2.350000000000020073e+00 2.432703652021878798e-02
-2.250000000000020428e+00 3.076321597115790063e-02
-2.150000000000020783e+00 3.624023811805308221e-02
-2.050000000000021139e+00 4.361498808211944356e-02
-1.950000000000021272e+00 5.147352763271326181e-02
-1.850000000000021627e+00 6.012933744969264915e-02
-1.750000000000021982e+00 6.993707179474784041e-02
-1.650000000000022338e+00 8.328199112447137731e-02
-1.550000000000022693e+00 9.825607422623419684e-02
-1.450000000000023048e+00 1.163584137840146665e-01
-1.350000000000023404e+00 1.351990705251028269e-01
-1.250000000000023759e+00 1.561994687859299402e-01
-1.150000000000024114e+00 1.772569486033880870e-01
-1.050000000000024469e+00 2.056807565159021745e-01
-9.500000000000248246e-01 2.317969723193710752e-01
-8.500000000000251799e-01 2.621606173941121720e-01
-7.500000000000255351e-01 2.929706215264415436e-01
-6.500000000000258904e-01 3.195172884126994961e-01
-5.500000000000262457e-01 3.537091408346028643e-01
-4.500000000000266565e-01 3.835478227409829799e-01
-3.500000000000270117e-01 4.079300692913845894e-01
-2.500000000000273670e-01 4.308918272685778872e-01
-1.500000000000277223e-01 4.471291907220082962e-01
-5.000000000002806366e-02 4.550485548821264770e-01
4.999999999997158107e-02 4.532930630749208989e-01
1.499999999999712119e-01 4.473275725253812451e-01
2.499999999999708566e-01 4.297427100301726144e-01
3.499999999999705014e-01 4.039895703574060137e-01
4.499999999999701461e-01 3.832184340863259986e-01
5.499999999999698463e-01 3.508354119753657741e-01
6.499999999999694911e-01 3.198635208053786094e-01
7.499999999999691358e-01 2.922875143733176806e-01
8.499999999999687805e-01 2.593888867262320597e-01
9.499999999999684253e-01 2.316378925713833692e-01
1.049999999999968070e+00 2.065173288376728200e-01
1.149999999999967715e+00 1.809129755174355147e-01
1.249999999999967359e+00 1.568301731985401459e-01
1.349999999999967004e+00 1.338337919820787869e-01
1.449999999999966649e+00 1.167701496023360319e-01
1.549999999999966294e+00 1.004270449046550107e-01
1.649999999999965938e+00 8.431975253928547520e-02
1.749999999999965583e+00 7.236724888606631267e-02
1.849999999999965228e+00 6.123166652692530604e-02
1.949999999999964873e+00 5.231758606027166192e-02
2.049999999999964295e+00 4.342970696387488810e-02
2.149999999999963940e+00 3.672964228392118502e-02
2.249999999999963585e+00 3.052833940207014610e-02
2.349999999999963229e+00 2.490814548198575298e-02
2.449999999999962874e+00 2.108087389804547476e-02
2.549999999999962519e+00 1.777575819279435254e-02
2.649999999999962164e+00 1.460164933882725918e-02
2.749999999999961808e+00 1.225475517439640095e-02
2.849999999999961453e+00 9.913475589306285779e-03
2.949999999999961098e+00 8.589370628114236655e-03
3.049999999999960743e+00 7.229706664430820932e-03
3.149999999999960387e+00 5.599607129168272801e-03
3.249999999999960032e+00 4.338198303947886532e-03
3.349999999999959677e+00 3.835693452951334688e-03
3.449999999999959321e+00 3.322895206496754780e-03
3.549999999999958966e+00 2.691255030663098832e-03
3.649999999999958611e+00 2.293555660693760191e-03
3.749999999999958256e+00 1.908956975852823526e-03
3.849999999999957900e+00 1.551495424492147336e-03
3.949999999999957545e+00 1.354049384342664213e-03
4.049999999999957190e+00 1.155667580969723697e-03
4.149999999999956835e+00 9.657076466078988453e-04
4.249999999999956479e+00 7.907199238213901034e-04
4.349999999999956124e+00 7.065012337102363890e-04
4.449999999999955769e+00 5.783016720965906531e-04
4.549999999999955413e+00 4.491663472594880670e-04
4.649999999999955058e+00 4.379371885780008761e-04
4.749999999999954703e+00 3.452966294557314434e-04
4.849999999999954348e+00 2.208401207359149518e-04
4.949999999999953992e+00 1.965102769260260293e-04
5.049999999999953637e+00 1.974460401494832862e-04
5.149999999999953282e+00 1.777950124568807022e-04
5.249999999999952927e+00 1.590797479877353480e-04
5.349999999999952571e+00 1.375571938482182232e-04
5.449999999999952216e+00 1.253922719432737484e-04
5.549999999999951861e+00 9.825513846301301465e-05
5.649999999999951505e+00 8.141140044078221485e-05
5.749999999999951150e+00 7.860411077041041714e-05
5.849999999999950795e+00 6.831071531238048318e-05
5.949999999999950440e+00 3.649476571483339731e-05
6.049999999999950084e+00 5.053121406669241296e-05
6.149999999999949729e+00 3.555900249137614044e-05
6.249999999999949374e+00 2.339408058643167241e-05
6.349999999999949019e+00 1.777950124568807022e-05
6.449999999999948663e+00 6.550342564200867530e-06
6.549999999999948308e+00 6.550342564200867530e-06
6.649999999999947953e+00 9.357632234572666933e-06
6.749999999999947597e+00 1.777950124568807022e-05
6.849999999999947242e+00 7.486105787658134562e-06
6.949999999999946887e+00 0.000000000000000000e+00
7.049999999999946532e+00 0.000000000000000000e+00
7.149999999999946176e+00 0.000000000000000000e+00
7.249999999999945821e+00 0.000000000000000000e+00
7.349999999999945466e+00 0.000000000000000000e+00
7.449999999999945111e+00 0.000000000000000000e+00
7.549999999999944755e+00 0.000000000000000000e+00
7.649999999999944400e+00 0.000000000000000000e+00
7.749999999999944045e+00 0.000000000000000000e+00
7.849999999999943689e+00 0.000000000000000000e+00
7.949999999999943334e+00 0.000000000000000000e+00
