-7.950000000000000178e+00 2.807289670371800419e-05
-7.850000000000000533e+00 3.462323926791887002e-05
-7.750000000000000888e+00 3.555900249137614044e-05
-7.650000000000001243e+00 3.181594959754707231e-05
-7.550000000000001599e+00 5.146697729014966982e-05
-7.450000000000001954e+00 5.708155663089326524e-05
-7.350000000000002309e+00 5.333850373706419711e-05
-7.250000000000002665e+00 7.486105787658133546e-05
-7.150000000000003020e+00 8.609021655806853985e-05
-7.050000000000003375e+00 8.328292688769675569e-05
-6.950000000000003730e+00 7.205376820620953775e-05
-6.850000000000004086e+00 1.085485339210429622e-04
-6.750000000000004441e+00 1.160346397087010849e-04
-6.650000000000004796e+00 1.029339545802993396e-04
-6.550000000000005151e+00 1.562724583173635503e-04
-6.450000000000005507e+00 1.721804331161371068e-04
-6.350000000000005862e+00 1.562724583173635503e-04
-6.250000000000006217e+00 1.759234860099661885e-04
-6.150000000000006573e+00 1.918314608087396908e-04
-6.050000000000006928e+00 2.227116471828295198e-04
-5.950000000000007283e+00 2.180328310655431541e-04
-5.850000000000007638e+00 2.395553852050603060e-04
-5.750000000000007994e+00 3.050588108470689373e-04
-5.650000000000008349e+00 3.312601811038724548e-04
-5.550000000000008704e+00 3.967636067458811403e-04
-5.450000000000009059e+00 4.154788712150264945e-04
-5.350000000000009415e+00 5.081194303372959815e-04
-5.250000000000009770e+00 5.932738836719071967e-04
-5.150000000000010125e+00 6.625203622077449096e-04
-5.050000000000010481e+00 7.420602362016126378e-04
-4.950000000000010836e+00 8.197359519629236757e-04
-4.850000000000011191e+00 9.217341433197654603e-04
-4.750000000000011546e+00 1.020917676791877841e-03
-4.650000000000011902e+00 1.178140634761414268e-03
-4.550000000000012257e+00 1.383058044269839040e-03
-4.450000000000012612e+00 1.486006735278854081e-03
-4.350000000000012967e+00 1.691867276225094557e-03
-4.250000000000013323e+00 2.037171273895183824e-03
-4.150000000000013678e+00 2.229938497927381070e-03
-4.050000000000014033e+00 2.633296656523611765e-03
-3.950000000000014388e+00 3.010372394505101638e-03
-3.850000000000014744e+00 3.312616547467442038e-03
-3.750000000000015099e+00 3.726238628664270153e-03
-3.650000000000015454e+00 4.380315017217821863e-03
-3.550000000000015810e+00 4.990462111769386477e-03
-3.450000000000016165e+00 5.478915777985359295e-03
-3.350000000000016520e+00 6.392257525151432904e-03
-3.250000000000016875e+00 7.141781762497624760e-03
-3.150000000000017231e+00 7.900722577793256596e-03
-3.050000000000017586e+00 9.000251733569917395e-03
-2.950000000000017941e+00 1.058081476370412687e-02
-2.850000000000018296e+00 1.188711075079305728e-02
-2.750000000000018652e+00 1.363045974073704390e-02
-2.650000000000019007e+00 1.540936773317240147e-02
-2.550000000000019362e+00 1.776846366058000212e-02
-2.450000000000019718e+00 2.034663133727761253e-02
-2.350000000000020073e+00 2.350311542250054300e-02
-2.250000000000020428e+00 2.738094769336495149e-02
-2.150000000000020783e+00 3.157130277622094416e-02
-2.050000000000021139e+00 3.650950214354929668e-02
-1.950000000000021272e+00 4.153104338348019564e-02
-1.850000000000021627e+00 4.832670327651374109e-02
-1.750000000000021982e+00 5.565105465437199250e-02
-1.650000000000022338e+00 6.418559839944856793e-02
-1.550000000000022693e+00 7.373635890055654785e-02
-1.450000000000023048e+00 8.576703193989906882e-02
-1.350000000000023404e+00 1.003244867290070397e-01
-1.250000000000023759e+00 1.168791107562611731e-01
-1.150000000000024114e+00 1.353765560725568862e-01
-1.050000000000024469e+00 1.582083019074047026e-01
-9.500000000000248246e-01 1.847976528594386936e-01
-8.500000000000251799e-01 2.142202885420998459e-01
-7.500000000000255351e-01 2.504154921339974416e-01
-6.500000000000258904e-01 2.909527770788075673e-01
-5.500000000000262457e-01 3.371902010694849405e-01
-4.500000000000266565e-01 3.929207513885625280e-01
-3.500000000000270117e-01 4.533443384786375319e-01
-2.500000000000273670e-01 5.167854672357887758e-01
-1.500000000000277223e-01 5.746056210421329746e-01
-5.000000000002806366e-02 6.126093528481830752e-01
4.999999999997158107e-02 6.135050403537474217e-01
1.499999999999712119e-01 5.768634555996194901e-01
2.499999999999708566e-01 5.192362532226664218e-01
3.499999999999705014e-01 4.565802077053527919e-01
4.499999999999701461e-01 3.957930139731422603e-01
5.499999999999698463e-01 3.394434599658548990e-01
6.499999999999694911e-01 2.916467670845380722e-01
7.499999999999691358e-01 2.500591284465760178e-01
8.499999999999687805e-01 2.155914469201816175e-01
9.499999999999684253e-01 1.846744563153741581e-01
1.049999999999968070e+00 1.585270066512426690e-01
1.149999999999967715e+00 1.363932591307359665e-01
1.249999999999967359e+00 1.161441240058432300e-01
1.349999999999967004e+00 9.941370912043756558e-02
1.449999999999966649e+00 8.571753227584252843e-02
1.549999999999966294e+00 7.365406331439282306e-02
1.649999999999965938e+00 6.414716579335760782e-02
1.749999999999965583e+00 5.528978373618825132e-02
1.849999999999965228e+00 4.751810806466004455e-02
1.949999999999964873e+00 4.141865600987867935e-02
2.049999999999964295e+00 3.608564561260933085e-02
2.149999999999963940e+00 3.124773501090675337e-02
2.249999999999963585e+00 2.705068958941374974e-02
2.349999999999963229e+00 2.370898333166113897e-02
2.449999999999962874e+00 2.029431701533630089e-02
2.549999999999962519e+00 1.757566696369037076e-02
2.649999999999962164e+00 1.554318924234115301e-02
2.749999999999961808e+00 1.378406490545683663e-02
2.849999999999961453e+00 1.218938437661283222e-02
2.949999999999961098e+00 1.041982664819768312e-02
3.049999999999960743e+00 9.193962089039931646e-03
3.149999999999960387e+00 7.960581951237090392e-03
3.249999999999960032e+00 7.042612965454228893e-03
3.349999999999959677e+00 6.206055380112153810e-03
3.449999999999959321e+00 5.432157089669927691e-03
3.549999999999958966e+00 4.880963078196171208e-03
3.649999999999958611e+00 4.188498292837799716e-03
3.749999999999958256e+00 3.843194295167711751e-03
3.849999999999957900e+00 3.389371236434011656e-03
3.949999999999957545e+00 2.972978706638600317e-03
4.049999999999957190e+00 2.621094893546877577e-03
4.149999999999956835e+00 2.309478371921248798e-03
4.249999999999956479e+00 2.016569746550408472e-03
4.349999999999956124e+00 1.695610329118923260e-03
4.449999999999955769e+00 1.515008026991671464e-03
4.549999999999955413e+00 1.373700412035266417e-03
4.649999999999955058e+00 1.202470478571303000e-03
4.749999999999954703e+00 1.071456259072927969e-03
4.849999999999954348e+00 8.899329301509343194e-04
4.949999999999953992e+00 8.328292688769674485e-04
5.049999999999953637e+00 7.785550019164459538e-04
5.149999999999953282e+00 6.363189919509413921e-04
5.249999999999952927e+00 5.614579340743600837e-04
5.349999999999952571e+00 4.603955059409753120e-04
5.449999999999952216e+00 4.416802414718300120e-04
5.549999999999951861e+00 3.602688410310477159e-04
5.649999999999951505e+00 3.658834203717913655e-04
5.749999999999951150e+00 2.760501509198936762e-04
5.849999999999950795e+00 2.517203071100047808e-04
5.949999999999950440e+00 2.161613046186286404e-04
6.049999999999950084e+00 1.937029872556542045e-04
6.149999999999949729e+00 1.880884079149106633e-04
6.249999999999949374e+00 1.544009318704490095e-04
6.349999999999949019e+00 1.562724583173635503e-04
6.449999999999948663e+00 1.394287202951327641e-04
6.549999999999948308e+00 1.544009318704490366e-04
6.649999999999947953e+00 1.150988764852438145e-04
6.749999999999947597e+00 1.038697178037566101e-04
6.849999999999947242e+00 1.160346397087010713e-04
6.949999999999946887e+00 1.085485339210429486e-04
7.049999999999946532e+00 9.076903267535487839e-05
7.149999999999946176e+00 6.831071531238048318e-05
7.249999999999945821e+00 5.801731985435054244e-05
7.349999999999945466e+00 6.082460952472234014e-05
7.449999999999945111e+00 4.398087150249153357e-05
7.549999999999944755e+00 4.865968761977787212e-05
7.649999999999944400e+00 3.368747604446160638e-05
7.749999999999944045e+00 3.181594959754707231e-05
7.849999999999943689e+00 3.555900249137614044e-05
7.949999999999943334e+00 2.058679091605986793e-05
