-7.950000000000000178e+00 1.437883435582827337e-05
-7.850000000000000533e+00 1.243170053680986107e-05
-7.750000000000000888e+00 1.482817292944790607e-05
-7.650000000000001243e+00 2.111891296012277398e-05
-7.550000000000001599e+00 2.111891296012277398e-05
-7.450000000000001954e+00 2.216736963190191919e-05
-7.350000000000002309e+00 3.220259777607373188e-05
-7.250000000000002665e+00 3.355061349693263335e-05
-7.150000000000003020e+00 3.609686541411055987e-05
-7.050000000000003375e+00 4.238760544478543116e-05
-6.950000000000003730e+00 4.733032975460140098e-05
-6.850000000000004086e+00 6.440519555214746375e-05
-6.750000000000004441e+00 6.066070743865052575e-05
-6.650000000000004796e+00 6.859902223926404462e-05
-6.550000000000005151e+00 7.713645513803708278e-05
-6.450000000000005507e+00 9.271352569018438119e-05
-6.350000000000005862e+00 1.096386119631905811e-04
-6.250000000000006217e+00 1.226694305981599394e-04
-6.150000000000006573e+00 1.358500287576692284e-04
-6.050000000000006928e+00 1.545724693251539455e-04
-5.950000000000007283e+00 1.755416027607368905e-04
-5.850000000000007638e+00 2.057970667177922829e-04
-5.750000000000007994e+00 2.209247986963199656e-04
-5.650000000000008349e+00 2.718498370398785501e-04
-5.550000000000008704e+00 3.052506710122713748e-04
-5.450000000000009059e+00 3.557275501485452273e-04
-5.350000000000009415e+00 4.053033934049098640e-04
-5.250000000000009770e+00 4.697085889570573819e-04
-5.150000000000010125e+00 5.251270130368118801e-04
-5.050000000000010481e+00 6.220355447804470483e-04
-4.950000000000010836e+00 6.982745021375790515e-04
-4.850000000000011191e+00 8.002719996165650555e-04
-4.750000000000011546e+00 9.203951782975458486e-04
-4.650000000000011902e+00 1.065980876150305744e-03
-4.550000000000012257e+00 1.199737529663420310e-03
-4.450000000000012612e+00 1.370186628589799803e-03
-4.350000000000012967e+00 1.624508723159505136e-03
-4.250000000000013323e+00 1.856367427147233859e-03
-4.150000000000013678e+00 2.113391449990331943e-03
-4.050000000000014033e+00 2.434667350762032001e-03
-3.950000000000014388e+00 2.793248967441176126e-03
-3.850000000000014744e+00 3.256364898585803729e-03
-3.750000000000015099e+00 3.750486370676521519e-03
-3.650000000000015454e+00 4.303472375277745537e-03
-3.550000000000015810e+00 4.952314916851819487e-03
-3.450000000000016165e+00 5.682347395657188355e-03
-3.350000000000016520e+00 6.543578482395142476e-03
-3.250000000000016875e+00 7.530038224678118307e-03
-3.150000000000017231e+00 8.609348299146134254e-03
-3.050000000000017586e+00 9.980138763299426646e-03
-2.950000000000017941e+00 1.146040980432702638e-02
-2.850000000000018296e+00 1.318827465498338680e-02
-2.750000000000018652e+00 1.514260968484304644e-02
-2.650000000000019007e+00 1.739693894996057616e-02
-2.550000000000019362e+00 1.994561564432385803e-02
-2.450000000000019718e+00 2.302629033999151545e-02
-2.350000000000020073e+00 2.643364951044299693e-02
-2.250000000000020428e+00 3.033993371206752249e-02
-2.150000000000020783e+00 3.481701352931630689e-02
-2.050000000000021139e+00 4.001422504498831217e-02
-1.950000000000021272e+00 4.593860789673721162e-02
-1.850000000000021627e+00 5.277257821369043395e-02
-1.750000000000021982e+00 6.060487269825663714e-02
-1.650000000000022338e+00 6.947204463062350843e-02
-1.550000000000022693e+00 7.987387762065414898e-02
-1.450000000000023048e+00 9.190273020477078558e-02
-1.350000000000023404e+00 1.052155789669853153e-01
-1.250000000000023759e+00 1.208454969246036820e-01
-1.150000000000024114e+00 1.387047805001270784e-01
-1.050000000000024469e+00 1.592496852507276073e-01
-9.500000000000248246e-01 1.834557617800890439e-01
-8.500000000000251799e-01 2.107708838416696429e-01
-7.500000000000255351e-01 2.426199241016455399e-01
-6.500000000000258904e-01 2.797052718713174402e-01
-5.500000000000262457e-01 3.215305754968343366e-01
-4.500000000000266565e-01 3.722740020391089311e-01
-3.500000000000270117e-01 4.307843661217520825e-01
-2.500000000000273670e-01 4.986325094028536409e-01
-1.500000000000277223e-01 5.793671003684607301e-01
-5.000000000002806366e-02 6.754587876567776927e-01
4.999999999997158107e-02 6.744683381181831860e-01
1.499999999999712119e-01 5.778756489345769909e-01
2.499999999999708566e-01 4.965043581831813935e-01
3.499999999999705014e-01 4.280278284695864244e-01
4.499999999999701461e-01 3.696800565473452038e-01
5.499999999999698463e-01 3.193193744792205413e-01
6.499999999999694911e-01 2.761897942921078819e-01
7.499999999999691358e-01 2.398707362604788340e-01
8.499999999999687805e-01 2.082202670896864949e-01
9.499999999999684253e-01 1.807699707762581154e-01
1.049999999999968070e+00 1.571324561426831745e-01
1.149999999999967715e+00 1.363799263075456680e-01
1.249999999999967359e+00 1.188536851707177877e-01
1.349999999999967004e+00 1.030410067090023474e-01
1.449999999999966649e+00 8.966309230608805747e-02
1.549999999999966294e+00 7.807390277417886049e-02
1.649999999999965938e+00 6.794364718756477906e-02
1.749999999999965583e+00 5.913779051095278960e-02
1.849999999999965228e+00 5.150443743659937484e-02
1.949999999999964873e+00 4.472647168879442803e-02
2.049999999999964295e+00 3.897788164483560053e-02
2.149999999999963940e+00 3.384807445330562103e-02
2.249999999999963585e+00 2.934087244049531085e-02
2.349999999999963229e+00 2.556177110443283440e-02
2.449999999999962874e+00 2.215980635559742368e-02
2.549999999999962519e+00 1.931323115995396689e-02
2.649999999999962164e+00 1.681983254507658440e-02
2.749999999999961808e+00 1.452581052658982394e-02
2.849999999999961453e+00 1.253058214843177226e-02
2.949999999999961098e+00 1.099489622142342526e-02
3.049999999999960743e+00 9.540986376714844647e-03
3.149999999999960387e+00 8.253465072641377048e-03
3.249999999999960032e+00 7.111998854221983531e-03
3.349999999999959677e+00 6.118203453335559205e-03
3.449999999999959321e+00 5.348340235299598421e-03
3.549999999999958966e+00 4.643024916142315592e-03
3.649999999999958611e+00 4.038208119852284075e-03
3.749999999999958256e+00 3.497653815787870289e-03
3.849999999999957900e+00 3.001734989402674199e-03
3.949999999999957545e+00 2.614558456566098629e-03
4.049999999999957190e+00 2.286088421151144263e-03
4.149999999999956835e+00 1.974993989949150840e-03
4.249999999999956479e+00 1.688616718395242154e-03
4.349999999999956124e+00 1.471434049079751311e-03
4.449999999999955769e+00 1.305182314939493321e-03
4.549999999999955413e+00 1.123347613415413317e-03
4.649999999999955058e+00 9.612861678632671214e-04
4.749999999999954703e+00 8.468534317484665728e-04
4.849999999999954348e+00 7.300265819736979044e-04
4.949999999999953992e+00 6.304220187883450687e-04
5.049999999999953637e+00 5.417525402607382187e-04
5.149999999999953282e+00 4.758495494631922074e-04
5.249999999999952927e+00 4.237262749233148824e-04
5.349999999999952571e+00 3.600699769938667466e-04
5.449999999999952216e+00 3.112418519938664864e-04
5.549999999999951861e+00 2.740965299079766966e-04
5.649999999999951505e+00 2.381494440184059455e-04
5.749999999999951150e+00 2.119380272239272981e-04
5.849999999999950795e+00 1.824314608895712879e-04
5.949999999999950440e+00 1.601143117331294550e-04
6.049999999999950084e+00 1.371980444785281163e-04
6.149999999999949729e+00 1.160791315184053220e-04
6.249999999999949374e+00 1.108368481595095926e-04
6.349999999999949019e+00 8.537432898773036807e-05
6.449999999999948663e+00 8.133028182515366364e-05
6.549999999999948308e+00 6.755056556748490957e-05
6.649999999999947953e+00 5.631710122699406845e-05
6.749999999999947597e+00 5.347129026073639584e-05
6.849999999999947242e+00 4.688099118098176490e-05
6.949999999999946887e+00 4.178848734662591864e-05
7.049999999999946532e+00 3.459907016871178196e-05
7.149999999999946176e+00 3.414973159509214587e-05
7.249999999999945821e+00 2.696031441717801257e-05
7.349999999999945466e+00 2.366516487730069710e-05
7.449999999999945111e+00 2.276648773006143510e-05
7.549999999999944755e+00 1.917177914110435998e-05
7.649999999999944400e+00 1.392949578220863898e-05
7.749999999999944045e+00 1.407927530674851711e-05
7.849999999999943689e+00 1.168280291411047042e-05
7.949999999999943334e+00 1.018500766871169251e-05
