-7.950000000000000178e+00 0.000000000000000000e+00
-7.850000000000000533e+00 0.000000000000000000e+00
-7.750000000000000888e+00 0.000000000000000000e+00
-7.650000000000001243e+00 0.000000000000000000e+00
-7.550000000000001599e+00 0.000000000000000000e+00
-7.450000000000001954e+00 0.000000000000000000e+00
-7.350000000000002309e+00 0.000000000000000000e+00
-7.250000000000002665e+00 0.000000000000000000e+00
-7.150000000000003020e+00 1.123346434049083603e-05
-7.050000000000003375e+00 9.361220283742363642e-06
-6.950000000000003730e+00 1.778631853911048939e-05
-6.850000000000004086e+00 7.114527415644199824e-05
-6.750000000000004441e+00 7.020915212806772986e-05
-6.650000000000004796e+00 8.893159269555244697e-05
-6.550000000000005151e+00 4.493385736196335768e-05
-6.450000000000005507e+00 2.153080665260743417e-05
-6.350000000000005862e+00 1.872244056748472728e-05
-6.250000000000006217e+00 1.965856259585896517e-05
-6.150000000000006573e+00 5.991180981595113002e-05
-6.050000000000006928e+00 8.986771472392670180e-05
-5.950000000000007283e+00 2.078190902990805606e-04
-5.850000000000007638e+00 2.939423169095105141e-04
-5.750000000000007994e+00 2.883255847392647412e-04
-5.650000000000008349e+00 2.873894627108906355e-04
-5.550000000000008704e+00 2.873894627108906355e-04
-5.450000000000009059e+00 3.407484183282220359e-04
-5.350000000000009415e+00 4.661887701303698249e-04
-5.250000000000009770e+00 4.839750886694804363e-04
-5.150000000000010125e+00 5.541842407975479086e-04
-5.050000000000010481e+00 6.805607146280702371e-04
-4.950000000000010836e+00 8.060010664302176466e-04
-4.850000000000011191e+00 8.219151409125797754e-04
-4.750000000000011546e+00 9.389303944593592032e-04
-4.650000000000011902e+00 1.044712183665648169e-03
-4.550000000000012257e+00 1.197300074290648820e-03
-4.450000000000012612e+00 1.429458337327460006e-03
-4.350000000000012967e+00 1.582046227952461307e-03
-4.250000000000013323e+00 1.833863053585130503e-03
-4.150000000000013678e+00 2.232651037672556474e-03
-4.050000000000014033e+00 2.250437356211666597e-03
-3.950000000000014388e+00 2.548124161234674619e-03
-3.850000000000014744e+00 3.023674151648787778e-03
-3.750000000000015099e+00 3.154731235621182316e-03
-3.650000000000015454e+00 4.536447349501560380e-03
-3.550000000000015810e+00 5.213263576016136797e-03
-3.450000000000016165e+00 6.494814632860456544e-03
-3.350000000000016520e+00 7.183800445743893787e-03
-3.250000000000016875e+00 8.018821295053707790e-03
-3.150000000000017231e+00 8.738699134873489927e-03
-3.050000000000017586e+00 9.199271172833606985e-03
-2.950000000000017941e+00 1.046865264330905029e-02
-2.850000000000018296e+00 1.197674523101992933e-02
-2.750000000000018652e+00 1.266573104390336310e-02
-2.650000000000019007e+00 1.481132273293710166e-02
-2.550000000000019362e+00 1.707486579754603079e-02
-2.450000000000019718e+00 1.955558917273778757e-02
-2.350000000000020073e+00 2.207843803920640779e-02
-2.250000000000020428e+00 2.405833612921794151e-02
-2.150000000000020783e+00 2.892710679879236663e-02
-2.050000000000021139e+00 3.529648107985051964e-02
-1.950000000000021272e+00 3.956800589532200041e-02
-1.850000000000021627e+00 4.817471182419448550e-02
-1.750000000000021982e+00 5.583780674846590408e-02
-1.650000000000022338e+00 6.583278164541767064e-02
-1.550000000000022693e+00 7.721508938842031045e-02
-1.450000000000023048e+00 9.142635790116988848e-02
-1.350000000000023404e+00 1.085452214340497518e-01
-1.250000000000023759e+00 1.270560984231224322e-01
-1.150000000000024114e+00 1.533601912984115245e-01
-1.050000000000024469e+00 1.796436894890765801e-01
-9.500000000000248246e-01 2.133347212902655943e-01
-8.500000000000251799e-01 2.457694773293762069e-01
-7.500000000000255351e-01 2.824673330857020437e-01
-6.500000000000258904e-01 3.283672683809476522e-01
-5.500000000000262457e-01 3.655593965682563118e-01
-4.500000000000266565e-01 4.035790566286484582e-01
-3.500000000000270117e-01 4.516882399108575474e-01
-2.500000000000273670e-01 4.785764729318506827e-01
-1.500000000000277223e-01 5.041185624760415873e-01
-5.000000000002806366e-02 5.122300598519043957e-01
4.999999999997158107e-02 5.176043364168002592e-01
1.499999999999712119e-01 5.016809007141549426e-01
2.499999999999708566e-01 4.775448664565823398e-01
3.499999999999705014e-01 4.458590080401710898e-01
4.499999999999701461e-01 4.016469007620840914e-01
5.499999999999698463e-01 3.604762539541838118e-01
6.499999999999694911e-01 3.214118817101265235e-01
7.499999999999691358e-01 2.828380374089379812e-01
8.499999999999687805e-01 2.467121522119489208e-01
9.499999999999684253e-01 2.135734324075013735e-01
1.049999999999968070e+00 1.797569602545098788e-01
1.149999999999967715e+00 1.487132815495617877e-01
1.249999999999967359e+00 1.251838543663738035e-01
1.349999999999967004e+00 1.075426347416609807e-01
1.449999999999966649e+00 9.075703065088236432e-02
1.549999999999966294e+00 7.912665057036057104e-02
1.649999999999965938e+00 6.545084385784094572e-02
1.749999999999965583e+00 5.578912840299039833e-02
1.849999999999965228e+00 4.980637251965072676e-02
1.949999999999964873e+00 3.987411779860040861e-02
2.049999999999964295e+00 3.360116408646478259e-02
2.149999999999963940e+00 3.048481385400703125e-02
2.249999999999963585e+00 2.543724387701316175e-02
2.349999999999963229e+00 2.325607955090119860e-02
2.449999999999962874e+00 2.165999149252309519e-02
2.549999999999962519e+00 1.816544796060203318e-02
2.649999999999962164e+00 1.635030734758435855e-02
2.749999999999961808e+00 1.348202945264568957e-02
2.849999999999961453e+00 1.198142584116180381e-02
2.949999999999961098e+00 1.093671365749617277e-02
3.049999999999960743e+00 1.085339879697086105e-02
3.149999999999960387e+00 8.584239000191741173e-03
3.249999999999960032e+00 7.221245326878872328e-03
3.349999999999959677e+00 6.549109710506165194e-03
3.449999999999959321e+00 6.005222812020739875e-03
3.549999999999958966e+00 5.197349501533766319e-03
3.649999999999958611e+00 4.642229138707846745e-03
3.749999999999958256e+00 3.872736831384221336e-03
3.849999999999957900e+00 3.502032508148024068e-03
3.949999999999957545e+00 3.209962435295262741e-03
4.049999999999957190e+00 2.564038235717036856e-03
4.149999999999956835e+00 2.196142278565960983e-03
4.249999999999956479e+00 1.827310199386510299e-03
4.349999999999956124e+00 1.563323787384975506e-03
4.449999999999955769e+00 1.526815028278379798e-03
4.549999999999955413e+00 1.324612670149544549e-03
4.649999999999955058e+00 1.058754014091261436e-03
4.749999999999954703e+00 7.114527415644196842e-04
4.849999999999954348e+00 6.805607146280696950e-04
4.949999999999953992e+00 4.736777463573636467e-04
5.049999999999953637e+00 5.186116037193271196e-04
5.149999999999953282e+00 5.897568778757693482e-04
5.249999999999952927e+00 4.708693802722409500e-04
5.349999999999952571e+00 3.997241061157990466e-04
5.449999999999952216e+00 2.883255847392649038e-04
5.549999999999951861e+00 2.246692868098167681e-04
5.649999999999951505e+00 1.928411378450927002e-04
5.749999999999951150e+00 1.853521616180988513e-04
5.849999999999950795e+00 2.340305070935592621e-04
5.949999999999950440e+00 1.535240126533748105e-04
6.049999999999950084e+00 6.740078604294504668e-05
6.149999999999949729e+00 4.867834547546031601e-05
6.249999999999949374e+00 2.340305070935590995e-05
6.349999999999949019e+00 2.901978287960132712e-05
6.449999999999948663e+00 2.901978287960133051e-05
6.549999999999948308e+00 4.212549127684065418e-05
6.649999999999947953e+00 2.246692868098167884e-05
6.749999999999947597e+00 2.059468462423320306e-05
6.849999999999947242e+00 2.808366085122709601e-05
6.949999999999946887e+00 8.705934863880396442e-05
7.049999999999946532e+00 6.740078604294501958e-05
7.149999999999946176e+00 2.059468462423320645e-05
7.249999999999945821e+00 2.340305070935592012e-05
7.349999999999945466e+00 3.838100316334369584e-05
7.449999999999945111e+00 0.000000000000000000e+00
7.549999999999944755e+00 0.000000000000000000e+00
7.649999999999944400e+00 0.000000000000000000e+00
7.749999999999944045e+00 0.000000000000000000e+00
7.849999999999943689e+00 0.000000000000000000e+00
7.949999999999943334e+00 0.000000000000000000e+00
