-7.950000000000000178e+00 5.841043110852116372e-06
-7.850000000000000533e+00 8.237368489663240821e-06
-7.750000000000000888e+00 1.153231588552853546e-05
-7.650000000000001243e+00 1.377887092816396600e-05
-7.550000000000001599e+00 1.662450731550217724e-05
-7.450000000000001954e+00 1.707381832402926402e-05
-7.350000000000002309e+00 2.531118681369250146e-05
-7.250000000000002665e+00 3.534579933746407926e-05
-7.150000000000003020e+00 3.534579933746407926e-05
-7.050000000000003375e+00 4.597949320593844622e-05
-6.950000000000003730e+00 5.047260329120929377e-05
-6.850000000000004086e+00 6.934366564934689816e-05
-6.750000000000004441e+00 8.342207724986222994e-05
-6.650000000000004796e+00 9.675163716949911085e-05
-6.550000000000005151e+00 1.187678765873263228e-04
-6.450000000000005507e+00 1.418325083583834038e-04
-6.350000000000005862e+00 1.720861162658739142e-04
-6.250000000000006217e+00 2.012913318201345553e-04
-6.150000000000006573e+00 2.417293225875723661e-04
-6.050000000000006928e+00 2.782732846144420915e-04
-5.950000000000007283e+00 3.360846343782605914e-04
-5.850000000000007638e+00 4.000365679252826379e-04
-5.750000000000007994e+00 4.576981473529254151e-04
-5.650000000000008349e+00 5.457631050242344253e-04
-5.550000000000008704e+00 6.408672684958011557e-04
-5.450000000000009059e+00 7.705683796239534873e-04
-5.350000000000009415e+00 8.739099115851835025e-04
-5.250000000000009770e+00 1.031917616250542166e-03
-5.150000000000010125e+00 1.185881521839157347e-03
-5.050000000000010481e+00 1.419523246273242476e-03
-4.950000000000010836e+00 1.615723565957389359e-03
-4.850000000000011191e+00 1.863742063370355667e-03
-4.750000000000011546e+00 2.155644448576785922e-03
-4.650000000000011902e+00 2.513146241028171770e-03
-4.550000000000012257e+00 2.871547834790596793e-03
-4.450000000000012612e+00 3.318911828947399782e-03
-4.350000000000012967e+00 3.810158531603681335e-03
-4.250000000000013323e+00 4.383178658517906598e-03
-4.150000000000013678e+00 5.110613181323259320e-03
-4.050000000000014033e+00 5.838197474464788470e-03
-3.950000000000014388e+00 6.688594622564374148e-03
-3.850000000000014744e+00 7.630349317143159636e-03
-3.750000000000015099e+00 8.753629197048697422e-03
-3.650000000000015454e+00 9.928878204313179578e-03
-3.550000000000015810e+00 1.143122444649134761e-02
-3.450000000000016165e+00 1.298059975352267373e-02
-3.350000000000016520e+00 1.481184637111858382e-02
-3.250000000000016875e+00 1.681861556765446020e-02
-3.150000000000017231e+00 1.920595708488263831e-02
-3.050000000000017586e+00 2.186812363111121510e-02
-2.950000000000017941e+00 2.477906342290353559e-02
-2.850000000000018296e+00 2.823666847961903148e-02
-2.750000000000018652e+00 3.197897869034697915e-02
-2.650000000000019007e+00 3.644587778749446005e-02
-2.550000000000019362e+00 4.123958401323515877e-02
-2.450000000000019718e+00 4.670232494431844628e-02
-2.350000000000020073e+00 5.277460755775695289e-02
-2.250000000000020428e+00 5.990998242395612072e-02
-2.150000000000020783e+00 6.742008267126502197e-02
-2.050000000000021139e+00 7.635286313484611342e-02
-1.950000000000021272e+00 8.612043043203958248e-02
-1.850000000000021627e+00 9.731249641683223373e-02
-1.750000000000021982e+00 1.096250060794957543e-01
-1.650000000000022338e+00 1.230389161807499410e-01
-1.550000000000022693e+00 1.385412368218645884e-01
-1.450000000000023048e+00 1.556384311112701813e-01
-1.350000000000023404e+00 1.745935464689351013e-01
-1.250000000000023759e+00 1.959589724527883159e-01
-1.150000000000024114e+00 2.193048670187131566e-01
-1.050000000000024469e+00 2.445112405415515722e-01
-9.500000000000248246e-01 2.727803113027292281e-01
-8.500000000000251799e-01 3.028215083154109921e-01
-7.500000000000255351e-01 3.359708171778106323e-01
-6.500000000000258904e-01 3.709447627150153637e-01
-5.500000000000262457e-01 4.076606268882855266e-01
-4.500000000000266565e-01 4.455373739094876662e-01
-3.500000000000270117e-01 4.825391944676915568e-01
-2.500000000000273670e-01 5.167165446070114410e-01
-1.500000000000277223e-01 5.446789494015713551e-01
-5.000000000002806366e-02 5.582211277717611386e-01
4.999999999997158107e-02 5.346295190488699056e-01
1.499999999999712119e-01 4.792684461844113342e-01
2.499999999999708566e-01 4.170235017648985520e-01
3.499999999999705014e-01 3.573501635478723570e-01
4.499999999999701461e-01 3.029784263524337717e-01
5.499999999999698463e-01 2.551214122121894246e-01
6.499999999999694911e-01 2.135309847003413197e-01
7.499999999999691358e-01 1.781058129811773916e-01
8.499999999999687805e-01 1.477852235338998899e-01
9.499999999999684253e-01 1.227858125676705436e-01
1.049999999999968070e+00 1.013274287353952141e-01
1.149999999999967715e+00 8.361312405482818066e-02
1.249999999999967359e+00 6.899553452690676547e-02
1.349999999999967004e+00 5.701404089307254841e-02
1.449999999999966649e+00 4.689118769682416865e-02
1.549999999999966294e+00 3.859570477884079892e-02
1.649999999999965938e+00 3.162972016285510446e-02
1.749999999999965583e+00 2.588348049550884614e-02
1.849999999999965228e+00 2.124599180616531732e-02
1.949999999999964873e+00 1.738774520370998944e-02
2.049999999999964295e+00 1.423508198580004415e-02
2.149999999999963940e+00 1.170740920145718796e-02
2.249999999999963585e+00 9.483310274896569053e-03
2.349999999999963229e+00 7.823257048019399348e-03
2.449999999999962874e+00 6.407479239444550771e-03
2.549999999999962519e+00 5.228934105490030959e-03
2.649999999999962164e+00 4.239099595116887706e-03
2.749999999999961808e+00 3.468680985829109345e-03
2.849999999999961453e+00 2.836352985083293900e-03
2.949999999999961098e+00 2.287891655419925594e-03
3.049999999999960743e+00 1.882915024988815900e-03
3.149999999999960387e+00 1.490066253905980619e-03
3.249999999999960032e+00 1.236503895466542404e-03
3.349999999999959677e+00 9.865372043893064821e-04
3.449999999999959321e+00 8.099579780381614561e-04
3.549999999999958966e+00 6.625839672412769899e-04
3.649999999999958611e+00 5.223989325808259124e-04
3.749999999999958256e+00 4.347832859180440161e-04
3.849999999999957900e+00 3.476169502637891252e-04
3.949999999999957545e+00 3.011881460493235447e-04
4.049999999999957190e+00 2.327431024170306304e-04
4.149999999999956835e+00 1.827198101343483014e-04
4.249999999999956479e+00 1.454269964266000981e-04
4.349999999999956124e+00 1.214637426384888299e-04
4.449999999999955769e+00 1.021433692718241387e-04
4.549999999999955413e+00 7.293815371756356535e-05
4.649999999999955058e+00 6.170537850438643634e-05
4.749999999999954703e+00 4.837581858474956898e-05
4.849999999999954348e+00 4.058776110361341833e-05
4.949999999999953992e+00 3.324901463100435447e-05
5.049999999999953637e+00 2.426279446046263229e-05
5.149999999999953282e+00 2.111761740077303494e-05
5.249999999999952927e+00 1.437795227286674669e-05
5.349999999999952571e+00 1.288024891110979412e-05
5.449999999999952216e+00 8.237368489663240821e-06
5.549999999999951861e+00 6.140583783203505870e-06
5.649999999999951505e+00 6.889435464081983001e-06
5.749999999999951150e+00 4.043799076743772613e-06
5.849999999999950795e+00 4.642880421446553301e-06
5.949999999999950440e+00 3.894028740568077017e-06
6.049999999999950084e+00 2.096784706459734104e-06
6.149999999999949729e+00 2.546095714986820044e-06
6.249999999999949374e+00 1.497703361756952780e-06
6.349999999999949019e+00 1.048392353229867052e-06
6.449999999999948663e+00 1.198162689405562224e-06
6.549999999999948308e+00 4.493110085270858341e-07
6.649999999999947953e+00 2.995406723513905561e-07
6.749999999999947597e+00 2.995406723513905561e-07
6.849999999999947242e+00 2.995406723513905561e-07
6.949999999999946887e+00 1.497703361756952780e-07
7.049999999999946532e+00 1.497703361756952780e-07
7.149999999999946176e+00 0.000000000000000000e+00
7.249999999999945821e+00 0.000000000000000000e+00
7.349999999999945466e+00 2.995406723513905561e-07
7.449999999999945111e+00 0.000000000000000000e+00
7.549999999999944755e+00 0.000000000000000000e+00
7.649999999999944400e+00 1.497703361756952780e-07
7.749999999999944045e+00 0.000000000000000000e+00
7.849999999999943689e+00 0.000000000000000000e+00
7.949999999999943334e+00 0.000000000000000000e+00
