-7.950000000000000178e+00 9.361220283742363642e-06
-7.850000000000000533e+00 7.488976226993891252e-06
-7.750000000000000888e+00 9.361220283742365336e-06
-7.650000000000001243e+00 1.029734231211660153e-05
-7.550000000000001599e+00 1.965856259585896517e-05
-7.450000000000001954e+00 8.425098255368127447e-06
-7.350000000000002309e+00 1.591407448236202039e-05
-7.250000000000002665e+00 2.246692868098167545e-05
-7.150000000000003020e+00 2.059468462423320306e-05
-7.050000000000003375e+00 1.872244056748473067e-05
-6.950000000000003730e+00 2.901978287960133051e-05
-6.850000000000004086e+00 2.901978287960133051e-05
-6.750000000000004441e+00 4.306161330521488190e-05
-6.650000000000004796e+00 3.370039302147250979e-05
-6.550000000000005151e+00 3.089202693634979951e-05
-6.450000000000005507e+00 4.586997939033759218e-05
-6.350000000000005862e+00 4.774222344708606118e-05
-6.250000000000006217e+00 5.242283358895724046e-05
-6.150000000000006573e+00 6.272017590107384030e-05
-6.050000000000006928e+00 7.676200632668737814e-05
-5.950000000000007283e+00 6.084793184432537130e-05
-5.850000000000007638e+00 1.179513755751538046e-04
-5.750000000000007994e+00 1.011011790644175429e-04
-5.650000000000008349e+00 1.048456671779144809e-04
-5.550000000000008704e+00 1.507156465682520595e-04
-5.450000000000009059e+00 1.563323787384974801e-04
-5.350000000000009415e+00 1.750548193059822243e-04
-5.250000000000009770e+00 1.713103311924852592e-04
-5.150000000000010125e+00 2.190525546395713204e-04
-5.050000000000010481e+00 2.405833612921787614e-04
-4.950000000000010836e+00 3.295149539877311948e-04
-4.850000000000011191e+00 3.267065879026084980e-04
-4.750000000000011546e+00 3.800655435199399527e-04
-4.650000000000011902e+00 4.437218414493880343e-04
-4.550000000000012257e+00 4.980169190950938657e-04
-4.450000000000012612e+00 5.420146544286829618e-04
-4.350000000000012967e+00 6.281378810391128340e-04
-4.250000000000013323e+00 7.077082534509229359e-04
-4.150000000000013678e+00 8.752740965299113385e-04
-4.050000000000014033e+00 1.031606475268408846e-03
-3.950000000000014388e+00 1.160791315184053329e-03
-3.850000000000014744e+00 1.320875553075640842e-03
-3.750000000000015099e+00 1.515581563937888360e-03
-3.650000000000015454e+00 1.825445326369354044e-03
-3.550000000000015810e+00 2.200830259747423630e-03
-3.450000000000016165e+00 2.586505164398017129e-03
-3.350000000000016520e+00 3.093890674816449429e-03
-3.250000000000016875e+00 3.747311221661262827e-03
-3.150000000000017231e+00 4.572049470738155826e-03
-3.050000000000017586e+00 5.554034107463141912e-03
-2.950000000000017941e+00 6.754142547838917765e-03
-2.850000000000018296e+00 8.382994877210083601e-03
-2.750000000000018652e+00 1.001282018380756159e-02
-2.650000000000019007e+00 1.223797487421348328e-02
-2.550000000000019362e+00 1.510342966098778689e-02
-2.450000000000019718e+00 1.849034127276461340e-02
-2.350000000000020073e+00 2.288078306999824507e-02
-2.250000000000020428e+00 2.850125235731765586e-02
-2.150000000000020783e+00 3.488093872276713803e-02
-2.050000000000021139e+00 4.259840980611957761e-02
-1.950000000000021272e+00 5.191184364017706332e-02
-1.850000000000021627e+00 6.294889188861982343e-02
-1.750000000000021982e+00 7.565023979583938851e-02
-1.650000000000022338e+00 8.990370013922206749e-02
-1.550000000000022693e+00 1.068999316863847443e-01
-1.450000000000023048e+00 1.257592377170416997e-01
-1.350000000000023404e+00 1.463532663187525618e-01
-1.250000000000023759e+00 1.691630589064269941e-01
-1.150000000000024114e+00 1.939339534331491199e-01
-1.050000000000024469e+00 2.200713944742676564e-01
-9.500000000000248246e-01 2.473984254822616802e-01
-8.500000000000251799e-01 2.758635892297286452e-01
-7.500000000000255351e-01 3.020213817111643273e-01
-6.500000000000258904e-01 3.277011843880809350e-01
-5.500000000000262457e-01 3.523648376597567355e-01
-4.500000000000266565e-01 3.750548066277986092e-01
-3.500000000000270117e-01 3.928257270651986932e-01
-2.500000000000273670e-01 4.073021539852451633e-01
-1.500000000000277223e-01 4.181104346488644374e-01
-5.000000000002806366e-02 4.230110334674037076e-01
4.999999999997158107e-02 4.228325216305283685e-01
1.499999999999712119e-01 4.177230644051073138e-01
2.499999999999708566e-01 4.095711368770740823e-01
3.499999999999705014e-01 3.932408861282232770e-01
4.499999999999701461e-01 3.750795438366742451e-01
5.499999999999698463e-01 3.529954448390597577e-01
6.499999999999694911e-01 3.293149997966811626e-01
7.499999999999691358e-01 3.020241311089327807e-01
8.499999999999687805e-01 2.736899138798437048e-01
9.499999999999684253e-01 2.484643883730752734e-01
1.049999999999968070e+00 2.189777091035427503e-01
1.149999999999967715e+00 1.932759407286374631e-01
1.249999999999967359e+00 1.695899158092864789e-01
1.349999999999967004e+00 1.462689121416445026e-01
1.449999999999966649e+00 1.257984811318374196e-01
1.549999999999966294e+00 1.069486542580977972e-01
1.649999999999965938e+00 8.966023470144882102e-02
1.749999999999965583e+00 7.563418567160476447e-02
1.849999999999965228e+00 6.302278656054466355e-02
1.949999999999964873e+00 5.148783932964028087e-02
2.049999999999964295e+00 4.259466531800606970e-02
2.149999999999963940e+00 3.459174335535582928e-02
2.249999999999963585e+00 2.819981369314155176e-02
2.349999999999963229e+00 2.294913472014875611e-02
2.449999999999962874e+00 1.859053581395903390e-02
2.549999999999962519e+00 1.493776554612392948e-02
2.649999999999962164e+00 1.227166052515576977e-02
2.749999999999961808e+00 1.009800728838961513e-02
2.849999999999961453e+00 8.275326101867859149e-03
2.949999999999961098e+00 6.677395283591416875e-03
3.049999999999960743e+00 5.616732170245435085e-03
3.149999999999960387e+00 4.673135907723387043e-03
3.249999999999960032e+00 3.686463289816937008e-03
3.349999999999959677e+00 3.048020695426111037e-03
3.449999999999959321e+00 2.694159197661054848e-03
3.549999999999958966e+00 2.238267769842799265e-03
3.649999999999958611e+00 1.752427808156163495e-03
3.749999999999958256e+00 1.626980085314422286e-03
3.849999999999957900e+00 1.363937166380855886e-03
3.949999999999957545e+00 1.151430094900310862e-03
4.049999999999957190e+00 9.848003738496969445e-04
4.149999999999956835e+00 8.799547066717825720e-04
4.249999999999956479e+00 7.357919143021500116e-04
4.349999999999956124e+00 6.543492978335913729e-04
4.449999999999955769e+00 5.616732170245419473e-04
4.549999999999955413e+00 4.961446750383453289e-04
4.649999999999955058e+00 4.278077669670260681e-04
4.749999999999954703e+00 3.716404452645718625e-04
4.849999999999954348e+00 3.257704658742342839e-04
4.949999999999953992e+00 3.145370015337433886e-04
5.049999999999953637e+00 2.274776528949394648e-04
5.149999999999953282e+00 2.330943850651848582e-04
5.249999999999952927e+00 1.685019651073625625e-04
5.349999999999952571e+00 1.816076735046018591e-04
5.449999999999952216e+00 1.628852329371171419e-04
5.549999999999951861e+00 1.497795245398778454e-04
5.649999999999951505e+00 1.207597416602765013e-04
5.749999999999951150e+00 1.076540332630372048e-04
5.849999999999950795e+00 9.173995878067518436e-05
5.949999999999950440e+00 8.518710458205552252e-05
6.049999999999950084e+00 6.646466401457079185e-05
6.149999999999949729e+00 5.710344373082841974e-05
6.249999999999949374e+00 6.740078604294501958e-05
6.349999999999949019e+00 4.867834547546030246e-05
6.449999999999948663e+00 3.182814896472404079e-05
6.549999999999948308e+00 3.650875910659522684e-05
6.649999999999947953e+00 3.089202693634980629e-05
6.749999999999947597e+00 2.714753882285285812e-05
6.849999999999947242e+00 2.808366085122709601e-05
6.949999999999946887e+00 2.808366085122708923e-05
7.049999999999946532e+00 1.685019651073625489e-05
7.149999999999946176e+00 1.872244056748473067e-05
7.249999999999945821e+00 1.216958636886507561e-05
7.349999999999945466e+00 1.123346434049083773e-05
7.449999999999945111e+00 1.404183042561354800e-05
7.549999999999944755e+00 1.216958636886507392e-05
7.649999999999944400e+00 1.778631853911049617e-05
7.749999999999944045e+00 1.216958636886507561e-05
7.849999999999943689e+00 1.310570839723931012e-05
7.949999999999943334e+00 6.552854198619655058e-06
