-7.950000000000000178e+00 5.988884630126507650e-05
-7.850000000000000533e+00 7.766834754695314672e-05
-7.750000000000000888e+00 8.421869011115399900e-05
-7.650000000000001243e+00 7.298953142966682173e-05
-7.550000000000001599e+00 9.170479589881214881e-05
-7.450000000000001954e+00 7.673258432349587630e-05
-7.350000000000002309e+00 9.451208556918394652e-05
-7.250000000000002665e+00 7.486105787658133546e-05
-7.150000000000003020e+00 1.048054810272138805e-04
-7.050000000000003375e+00 8.702597978152581027e-05
-6.950000000000003730e+00 9.825513846301300110e-05
-6.850000000000004086e+00 9.076903267535486484e-05
-6.750000000000004441e+00 1.169704029321583417e-04
-6.650000000000004796e+00 1.291353248371028030e-04
-6.550000000000005151e+00 1.609512744346498889e-04
-6.450000000000005507e+00 1.693731434457653091e-04
-6.350000000000005862e+00 1.581513529786359958e-04
-6.250000000000006217e+00 1.731309327683102002e-04
-6.150000000000006573e+00 1.927672240321969747e-04
-6.050000000000006928e+00 2.096109620544277610e-04
-5.950000000000007283e+00 2.395553852050603060e-04
-5.850000000000007638e+00 2.564064914416490240e-04
-5.750000000000007994e+00 2.638925972293071874e-04
-5.650000000000008349e+00 3.060019422848842072e-04
-5.550000000000008704e+00 2.489130174396329831e-04
-5.450000000000009059e+00 2.826152299128104192e-04
-5.350000000000009415e+00 3.341558893465394341e-04
-5.250000000000009770e+00 3.443682344466321454e-04
-5.150000000000010125e+00 3.743421304546963634e-04
-5.050000000000010481e+00 3.584267874415649293e-04
-4.950000000000010836e+00 3.453776798136686931e-04
-4.850000000000011191e+00 4.548103994576633896e-04
-4.750000000000011546e+00 4.744687953646239595e-04
-4.650000000000011902e+00 4.679037163717072708e-04
-4.550000000000012257e+00 5.138076918216187864e-04
-4.450000000000012612e+00 5.661662230490780139e-04
-4.350000000000012967e+00 6.373284373179781024e-04
-4.250000000000013323e+00 6.363632012370890913e-04
-4.150000000000013678e+00 7.018445222360238187e-04
-4.050000000000014033e+00 7.898357380984386130e-04
-3.950000000000014388e+00 8.506824522662348367e-04
-3.850000000000014744e+00 9.124428250144142778e-04
-3.750000000000015099e+00 1.072428863368174966e-03
-3.650000000000015454e+00 1.197865344597595898e-03
-3.550000000000015810e+00 1.509445025151433337e-03
-3.450000000000016165e+00 1.768680910906527412e-03
-3.350000000000016520e+00 2.073857613183323258e-03
-3.250000000000016875e+00 2.599727071908876884e-03
-3.150000000000017231e+00 3.203382769611111229e-03
-3.050000000000017586e+00 4.163321104376747905e-03
-2.950000000000017941e+00 5.084207903045345409e-03
-2.850000000000018296e+00 6.572970350494053079e-03
-2.750000000000018652e+00 8.429583531548134542e-03
-2.650000000000019007e+00 1.079626871974439725e-02
-2.550000000000019362e+00 1.357727596950149274e-02
-2.450000000000019718e+00 1.752634413677837261e-02
-2.350000000000020073e+00 2.210952819991319346e-02
-2.250000000000020428e+00 2.742948212134064395e-02
-2.150000000000020783e+00 3.407180210537147369e-02
-2.050000000000021139e+00 4.215510166673953896e-02
-1.950000000000021272e+00 5.134703749683072749e-02
-1.850000000000021627e+00 6.258780848414569054e-02
-1.750000000000021982e+00 7.572721357899782346e-02
-1.650000000000022338e+00 9.088826512009304248e-02
-1.550000000000022693e+00 1.075291635692641468e-01
-1.450000000000023048e+00 1.257479503867575399e-01
-1.350000000000023404e+00 1.462386745240178143e-01
-1.250000000000023759e+00 1.689878668851995391e-01
-1.150000000000024114e+00 1.934866712185297488e-01
-1.050000000000024469e+00 2.206868618772654111e-01
-9.500000000000248246e-01 2.463580449017298002e-01
-8.500000000000251799e-01 2.746844229157883177e-01
-7.500000000000255351e-01 3.020199750404923833e-01
-6.500000000000258904e-01 3.289094038904666339e-01
-5.500000000000262457e-01 3.521191317536616072e-01
-4.500000000000266565e-01 3.761597068360710283e-01
-3.500000000000270117e-01 3.956588608943268914e-01
-2.500000000000273670e-01 4.118529066155461882e-01
-1.500000000000277223e-01 4.230855283577808490e-01
-5.000000000002806366e-02 4.280722547848706538e-01
4.999999999997158107e-02 4.281884736299382821e-01
1.499999999999712119e-01 4.220986076220368810e-01
2.499999999999708566e-01 4.104901258971895839e-01
3.499999999999705014e-01 3.952733043416193914e-01
4.499999999999701461e-01 3.752664287366015428e-01
5.499999999999698463e-01 3.531801840940610449e-01
6.499999999999694911e-01 3.291724491430446653e-01
7.499999999999691358e-01 3.022224904121201261e-01
8.499999999999687805e-01 2.753635954424449861e-01
9.499999999999684253e-01 2.468078596518527568e-01
1.049999999999968070e+00 2.186748383189738854e-01
1.149999999999967715e+00 1.931198594031487137e-01
1.249999999999967359e+00 1.696642468586144759e-01
1.349999999999967004e+00 1.463491093208144911e-01
1.449999999999966649e+00 1.263201290727226644e-01
1.549999999999966294e+00 1.079378636832698246e-01
1.649999999999965938e+00 9.048024288180829544e-02
1.749999999999965583e+00 7.629438924741394068e-02
1.849999999999965228e+00 6.311454739216545984e-02
1.949999999999964873e+00 5.196666011504656041e-02
2.049999999999964295e+00 4.221314845945133704e-02
2.149999999999963940e+00 3.429547898863516409e-02
2.249999999999963585e+00 2.755316496755287961e-02
2.349999999999963229e+00 2.184867867521370771e-02
2.449999999999962874e+00 1.740183605055804772e-02
2.549999999999962519e+00 1.397798157092887232e-02
2.649999999999962164e+00 1.075219206145525477e-02
2.749999999999961808e+00 8.419408027519831653e-03
2.849999999999961453e+00 6.335330701022056504e-03
2.949999999999961098e+00 5.271390020594228509e-03
3.049999999999960743e+00 3.995826855592257698e-03
3.149999999999960387e+00 3.100286714314936902e-03
3.249999999999960032e+00 2.550986333931161247e-03
3.349999999999959677e+00 2.087820379391602983e-03
3.449999999999959321e+00 1.759330646886312667e-03
3.549999999999958966e+00 1.410254123464963188e-03
3.649999999999958611e+00 1.256781586603613991e-03
3.749999999999958256e+00 1.088388415667454045e-03
3.849999999999957900e+00 9.321233255644485348e-04
3.949999999999957545e+00 8.142318958375490030e-04
4.049999999999957190e+00 7.458769712390209833e-04
4.149999999999956835e+00 7.018445222360238187e-04
4.249999999999956479e+00 6.298275951016040755e-04
4.349999999999956124e+00 6.017325937548122488e-04
4.449999999999955769e+00 5.530655379206764720e-04
4.549999999999955413e+00 5.034553506487254252e-04
4.649999999999955058e+00 4.819622693666400005e-04
4.749999999999954703e+00 4.267227663252295489e-04
4.849999999999954348e+00 4.286016609865020486e-04
4.949999999999953992e+00 3.612046042545049998e-04
5.049999999999953637e+00 3.780704469198096357e-04
5.149999999999953282e+00 3.696338414799783248e-04
5.249999999999952927e+00 3.499975502160915502e-04
5.349999999999952571e+00 3.677991561048534700e-04
5.449999999999952216e+00 2.835509931362677032e-04
5.549999999999951861e+00 3.116165216256278027e-04
5.649999999999951505e+00 2.573422546651063080e-04
5.749999999999951150e+00 2.629642022202078352e-04
5.849999999999950795e+00 2.330197790695752902e-04
5.949999999999950440e+00 2.180401992799010859e-04
6.049999999999950084e+00 1.834243282263401612e-04
6.149999999999949729e+00 1.852884864588967703e-04
6.249999999999949374e+00 1.834169600119822023e-04
6.349999999999949019e+00 1.647016955428368752e-04
6.449999999999948663e+00 1.609512744346498889e-04
6.549999999999948308e+00 1.347499041778463984e-04
6.649999999999947953e+00 1.300710880605600870e-04
6.749999999999947597e+00 1.506578789766199549e-04
6.849999999999947242e+00 9.170479589881214881e-05
6.949999999999946887e+00 9.825513846301301465e-05
7.049999999999946532e+00 1.066770074741284078e-04
7.149999999999946176e+00 1.048054810272138805e-04
7.249999999999945821e+00 7.486105787658133546e-05
7.349999999999945466e+00 9.264055912226940568e-05
7.449999999999945111e+00 8.234716366423948527e-05
7.549999999999944755e+00 5.708155663089326524e-05
7.649999999999944400e+00 7.673258432349587630e-05
7.749999999999944045e+00 6.831071531238046962e-05
7.849999999999943689e+00 7.111800498275228088e-05
7.949999999999943334e+00 9.357632234572668965e-05
