-7.950000000000000178e+00 9.357632234572667144e-07
-7.850000000000000533e+00 9.357632234572667144e-07
-7.750000000000000888e+00 3.743052893829066858e-06
-7.650000000000001243e+00 2.807289670371800249e-06
-7.550000000000001599e+00 2.807289670371800249e-06
-7.450000000000001954e+00 3.743052893829066858e-06
-7.350000000000002309e+00 4.678816117286333466e-06
-7.250000000000002665e+00 3.743052893829066858e-06
-7.150000000000003020e+00 8.421869011115399900e-06
-7.050000000000003375e+00 9.357632234572666933e-06
-6.950000000000003730e+00 2.620137025680346673e-05
-6.850000000000004086e+00 2.152255413951713835e-05
-6.750000000000004441e+00 2.245831736297440199e-05
-6.650000000000004796e+00 2.620137025680347012e-05
-6.550000000000005151e+00 2.620137025680347012e-05
-6.450000000000005507e+00 3.462323926791887002e-05
-6.350000000000005862e+00 4.585239794940607441e-05
-6.250000000000006217e+00 4.959545084323514254e-05
-6.150000000000006573e+00 6.363189919509414463e-05
-6.050000000000006928e+00 6.269613597163687421e-05
-5.950000000000007283e+00 9.170479589881213526e-05
-5.850000000000007638e+00 1.066770074741283942e-04
-5.750000000000007994e+00 1.431717731889617915e-04
-5.650000000000008349e+00 1.525294054235344686e-04
-5.550000000000008704e+00 1.983818033729405701e-04
-5.450000000000009059e+00 2.245831736297440335e-04
-5.350000000000009415e+00 2.676282819087783373e-04
-5.250000000000009770e+00 3.696264732656204472e-04
-5.150000000000010125e+00 3.930205538520521128e-04
-5.050000000000010481e+00 4.725604278459197868e-04
-4.950000000000010836e+00 5.511645386163301769e-04
-4.850000000000011191e+00 6.821713899003475478e-04
-4.750000000000011546e+00 7.897841605979332531e-04
-4.650000000000011902e+00 9.292128808930658545e-04
-4.550000000000012257e+00 1.080806523093142931e-03
-4.450000000000012612e+00 1.294160538041399123e-03
-4.350000000000012967e+00 1.516872185224227938e-03
-4.250000000000013323e+00 1.722740094384826075e-03
-4.150000000000013678e+00 2.142897781717139315e-03
-4.050000000000014033e+00 2.558376652932166460e-03
-3.950000000000014388e+00 2.882150728248381727e-03
-3.850000000000014744e+00 3.426764924300513410e-03
-3.750000000000015099e+00 3.908682984381005657e-03
-3.650000000000015454e+00 4.712503593330791447e-03
-3.550000000000015810e+00 5.479829436565742187e-03
-3.450000000000016165e+00 6.335117022805676103e-03
-3.350000000000016520e+00 7.405630150440781212e-03
-3.250000000000016875e+00 8.651138369076771806e-03
-3.150000000000017231e+00 1.001640954388658550e-02
-3.050000000000017586e+00 1.184114782962828252e-02
-2.950000000000017941e+00 1.349557720870075105e-02
-2.850000000000018296e+00 1.588271655995462939e-02
-2.750000000000018652e+00 1.812293371691136440e-02
-2.650000000000019007e+00 2.102379970962893474e-02
-2.550000000000019362e+00 2.436914586527436435e-02
-2.450000000000019718e+00 2.829373682445420618e-02
-2.350000000000020073e+00 3.254397338539707224e-02
-2.250000000000020428e+00 3.756341468423593510e-02
-2.150000000000020783e+00 4.356448634091016070e-02
-2.050000000000021139e+00 4.999878689718771640e-02
-1.950000000000021272e+00 5.773754138696469973e-02
-1.850000000000021627e+00 6.656928205816842192e-02
-1.750000000000021982e+00 7.621419360234200913e-02
-1.650000000000022338e+00 8.769225793305412964e-02
-1.550000000000022693e+00 1.005253368841898254e-01
-1.450000000000023048e+00 1.145589853145926873e-01
-1.350000000000023404e+00 1.319950393526285182e-01
-1.250000000000023759e+00 1.509845266555321364e-01
-1.150000000000024114e+00 1.719924110221470182e-01
-1.050000000000024469e+00 1.949729137366675857e-01
-9.500000000000248246e-01 2.210844949333052312e-01
-8.500000000000251799e-01 2.514940071424250356e-01
-7.500000000000255351e-01 2.850897194452714500e-01
-6.500000000000258904e-01 3.209211321896728863e-01
-5.500000000000262457e-01 3.575188171226560963e-01
-4.500000000000266565e-01 3.988749538337057476e-01
-3.500000000000270117e-01 4.414607202614503900e-01
-2.500000000000273670e-01 4.837458930162495951e-01
-1.500000000000277223e-01 5.214994223673479201e-01
-5.000000000002806366e-02 5.476147539850930723e-01
4.999999999997158107e-02 5.423650707239973112e-01
1.499999999999712119e-01 5.062715484902409191e-01
2.499999999999708566e-01 4.620624318115845175e-01
3.499999999999705014e-01 4.129282459235862901e-01
4.499999999999701461e-01 3.662364388898838863e-01
5.499999999999698463e-01 3.231070824478833314e-01
6.499999999999694911e-01 2.822169705585438892e-01
7.499999999999691358e-01 2.460655931056488777e-01
8.499999999999687805e-01 2.138407149794507023e-01
9.499999999999684253e-01 1.856583266103740693e-01
1.049999999999968070e+00 1.602074384587840183e-01
1.149999999999967715e+00 1.380653501196241750e-01
1.249999999999967359e+00 1.187006659734001213e-01
1.349999999999967004e+00 1.018737643209773891e-01
1.449999999999966649e+00 8.697078448776857096e-02
1.549999999999966294e+00 7.495370580391644277e-02
1.649999999999965938e+00 6.449842330822885828e-02
1.749999999999965583e+00 5.508650943848163173e-02
1.849999999999965228e+00 4.680035556762524723e-02
1.949999999999964873e+00 3.982795431678803899e-02
2.049999999999964295e+00 3.403464420036441535e-02
2.149999999999963940e+00 2.932682679136539711e-02
2.249999999999963585e+00 2.462460922527820104e-02
2.349999999999963229e+00 2.101631360384127734e-02
2.449999999999962874e+00 1.794138828334628996e-02
2.549999999999962519e+00 1.503490771128797657e-02
2.649999999999962164e+00 1.290043179858192321e-02
2.749999999999961808e+00 1.086796144544706702e-02
2.849999999999961453e+00 9.166736536987374687e-03
2.949999999999961098e+00 7.850117681582982967e-03
3.049999999999960743e+00 6.550342564200845562e-03
3.149999999999960387e+00 5.462985698543512160e-03
3.249999999999960032e+00 4.747126832598710412e-03
3.349999999999959677e+00 4.037818309218108026e-03
3.449999999999959321e+00 3.386527105691850524e-03
3.549999999999958966e+00 2.794188985243398551e-03
3.649999999999958611e+00 2.463864567362982622e-03
3.749999999999958256e+00 1.922993424204680942e-03
3.849999999999957900e+00 1.617934613357612222e-03
3.949999999999957545e+00 1.398030255845155367e-03
4.049999999999957190e+00 1.204327268589501813e-03
4.149999999999956835e+00 1.001266649099275419e-03
4.249999999999956479e+00 8.047563721732494714e-04
4.349999999999956124e+00 6.634561254312023020e-04
4.449999999999955769e+00 5.586506444039882318e-04
4.549999999999955413e+00 4.566524530471462303e-04
4.649999999999955058e+00 3.836629216174793815e-04
4.749999999999954703e+00 3.181594959754707502e-04
4.849999999999954348e+00 2.826004934840945556e-04
4.949999999999953992e+00 1.946387504791114885e-04
5.049999999999953637e+00 2.030606194902268816e-04
5.149999999999953282e+00 1.618870376581071457e-04
5.249999999999952927e+00 1.225849822729019507e-04
5.349999999999952571e+00 1.281995616136455461e-04
5.449999999999952216e+00 1.085485339210429351e-04
5.549999999999951861e+00 5.521003018397873795e-05
5.649999999999951505e+00 5.614579340743600837e-05
5.749999999999951150e+00 4.585239794940607441e-05
5.849999999999950795e+00 3.368747604446159960e-05
5.949999999999950440e+00 3.649476571483339731e-05
6.049999999999950084e+00 3.088018637408980189e-05
6.149999999999949729e+00 1.965102769260260090e-05
6.249999999999949374e+00 1.403644835185900209e-05
6.349999999999949019e+00 1.029339545802993396e-05
6.449999999999948663e+00 1.216492190494446803e-05
6.549999999999948308e+00 8.421869011115399900e-06
6.649999999999947953e+00 8.421869011115399900e-06
6.749999999999947597e+00 3.743052893829066858e-06
6.849999999999947242e+00 3.743052893829066858e-06
6.949999999999946887e+00 4.678816117286333466e-06
7.049999999999946532e+00 1.871526446914533429e-06
7.149999999999946176e+00 2.807289670371800249e-06
7.249999999999945821e+00 0.000000000000000000e+00
7.349999999999945466e+00 1.871526446914533429e-06
7.449999999999945111e+00 1.871526446914533429e-06
7.549999999999944755e+00 0.000000000000000000e+00
7.649999999999944400e+00 0.000000000000000000e+00
7.749999999999944045e+00 0.000000000000000000e+00
7.849999999999943689e+00 0.000000000000000000e+00
7.949999999999943334e+00 0.000000000000000000e+00
