-7.950000000000000178e+00 0.000000000000000000e+00
-7.850000000000000533e+00 0.000000000000000000e+00
-7.750000000000000888e+00 0.000000000000000000e+00
-7.650000000000001243e+00 0.000000000000000000e+00
-7.550000000000001599e+00 0.000000000000000000e+00
-7.450000000000001954e+00 0.000000000000000000e+00
-7.350000000000002309e+00 0.000000000000000000e+00
-7.250000000000002665e+00 0.000000000000000000e+00
-7.150000000000003020e+00 0.000000000000000000e+00
-7.050000000000003375e+00 0.000000000000000000e+00
-6.950000000000003730e+00 0.000000000000000000e+00
-6.850000000000004086e+00 0.000000000000000000e+00
-6.750000000000004441e+00 0.000000000000000000e+00
-6.650000000000004796e+00 0.000000000000000000e+00
-6.550000000000005151e+00 0.000000000000000000e+00
-6.450000000000005507e+00 0.000000000000000000e+00
-6.350000000000005862e+00 0.000000000000000000e+00
-6.250000000000006217e+00 0.000000000000000000e+00
-6.150000000000006573e+00 0.000000000000000000e+00
-6.050000000000006928e+00 0.000000000000000000e+00
-5.950000000000007283e+00 0.000000000000000000e+00
-5.850000000000007638e+00 0.000000000000000000e+00
-5.750000000000007994e+00 0.000000000000000000e+00
-5.650000000000008349e+00 0.000000000000000000e+00
-5.550000000000008704e+00 0.000000000000000000e+00
-5.450000000000009059e+00 0.000000000000000000e+00
-5.350000000000009415e+00 0.000000000000000000e+00
-5.250000000000009770e+00 0.000000000000000000e+00
-5.150000000000010125e+00 0.000000000000000000e+00
-5.050000000000010481e+00 0.000000000000000000e+00
-4.950000000000010836e+00 0.000000000000000000e+00
-4.850000000000011191e+00 0.000000000000000000e+00
-4.750000000000011546e+00 0.000000000000000000e+00
-4.650000000000011902e+00 0.000000000000000000e+00
-4.550000000000012257e+00 0.000000000000000000e+00
-4.450000000000012612e+00 0.000000000000000000e+00
-4.350000000000012967e+00 0.000000000000000000e+00
-4.250000000000013323e+00 0.000000000000000000e+00
-4.150000000000013678e+00 0.000000000000000000e+00
-4.050000000000014033e+00 0.000000000000000000e+00
-3.950000000000014388e+00 0.000000000000000000e+00
-3.850000000000014744e+00 0.000000000000000000e+00
-3.750000000000015099e+00 0.000000000000000000e+00
-3.650000000000015454e+00 0.000000000000000000e+00
-3.550000000000015810e+00 0.000000000000000000e+00
-3.450000000000016165e+00 0.000000000000000000e+00
-3.350000000000016520e+00 0.000000000000000000e+00
-3.250000000000016875e+00 0.000000000000000000e+00
-3.150000000000017231e+00 0.000000000000000000e+00
-3.050000000000017586e+00 0.000000000000000000e+00
-2.950000000000017941e+00 0.000000000000000000e+00
-2.850000000000018296e+00 0.000000000000000000e+00
-2.750000000000018652e+00 0.000000000000000000e+00
-2.650000000000019007e+00 0.000000000000000000e+00
-2.550000000000019362e+00 0.000000000000000000e+00
-2.450000000000019718e+00 0.000000000000000000e+00
-2.350000000000020073e+00 0.000000000000000000e+00
-2.250000000000020428e+00 0.000000000000000000e+00
-2.150000000000020783e+00 0.000000000000000000e+00
-2.050000000000021139e+00 0.000000000000000000e+00
-1.950000000000021272e+00 0.000000000000000000e+00
-1.850000000000021627e+00 0.000000000000000000e+00
-1.750000000000021982e+00 0.000000000000000000e+00
-1.650000000000022338e+00 0.000000000000000000e+00
-1.550000000000022693e+00 0.000000000000000000e+00
-1.450000000000023048e+00 0.000000000000000000e+00
-1.350000000000023404e+00 0.000000000000000000e+00
-1.250000000000023759e+00 0.000000000000000000e+00
-1.150000000000024114e+00 0.000000000000000000e+00
-1.050000000000024469e+00 0.000000000000000000e+00
-9.500000000000248246e-01 0.000000000000000000e+00
-8.500000000000251799e-01 0.000000000000000000e+00
-7.500000000000255351e-01 0.000000000000000000e+00
-6.500000000000258904e-01 0.000000000000000000e+00
-5.500000000000262457e-01 0.000000000000000000e+00
-4.500000000000266565e-01 0.000000000000000000e+00
-3.500000000000270117e-01 0.000000000000000000e+00
-2.500000000000273670e-01 0.000000000000000000e+00
-1.500000000000277223e-01 0.000000000000000000e+00
-5.000000000002806366e-02 1.694380871357366954e-04
4.999999999997158107e-02 3.469268237154920012e-03
1.499999999999712119e-01 2.202414296156059853e-02
2.499999999999708566e-01 6.058675379840878367e-02
3.499999999999705014e-01 1.094401540931754929e-01
4.499999999999701461e-01 1.662674418256354647e-01
5.499999999999698463e-01 2.073959631422579442e-01
6.499999999999694911e-01 2.499792180909748696e-01
7.499999999999691358e-01 2.817820917609324960e-01
8.499999999999687805e-01 3.177909617043771506e-01
9.499999999999684253e-01 3.533242816574057032e-01
1.049999999999968070e+00 3.646897392038975783e-01
1.149999999999967715e+00 3.850157568059866531e-01
1.249999999999967359e+00 4.006592920221485055e-01
1.349999999999967004e+00 4.052313120087286391e-01
1.449999999999966649e+00 4.103490911378516737e-01
1.549999999999966294e+00 4.021552150234914969e-01
1.649999999999965938e+00 4.004935984231270396e-01
1.749999999999965583e+00 3.795038703029193217e-01
1.849999999999965228e+00 3.840768264115273500e-01
1.949999999999964873e+00 3.611989401600898542e-01
2.049999999999964295e+00 3.490705431604729236e-01
2.149999999999963940e+00 3.305109878259247513e-01
2.249999999999963585e+00 3.270510808090536514e-01
2.349999999999963229e+00 3.048013324386550926e-01
2.449999999999962874e+00 2.847945324482410445e-01
2.549999999999962519e+00 2.711823820336499713e-01
2.649999999999962164e+00 2.593816277439642271e-01
2.749999999999961808e+00 2.385809962734894152e-01
2.849999999999961453e+00 2.292562847488542055e-01
2.949999999999961098e+00 2.025300008387703188e-01
3.049999999999960743e+00 1.841015025881935219e-01
3.149999999999960387e+00 1.778294849980860126e-01
3.249999999999960032e+00 1.494940073212254472e-01
3.349999999999959677e+00 1.330351098183495395e-01
3.449999999999959321e+00 1.156513237514391751e-01
3.549999999999958966e+00 9.774611771472449528e-02
3.649999999999958611e+00 8.021161600124643298e-02
3.749999999999958256e+00 7.743882255320194696e-02
3.849999999999957900e+00 6.918316238496932669e-02
3.949999999999957545e+00 5.930801110764956363e-02
4.049999999999957190e+00 5.347409862682108578e-02
4.149999999999956835e+00 5.733841035995013852e-02
4.249999999999956479e+00 4.553297546012247121e-02
4.349999999999956124e+00 3.859631122986963148e-02
4.449999999999955769e+00 3.406080000239654348e-02
4.549999999999955413e+00 3.029946169238879189e-02
4.649999999999955058e+00 2.251279866037206312e-02
4.749999999999954703e+00 1.741748645993102668e-02
4.849999999999954348e+00 1.396413229725847888e-02
4.949999999999953992e+00 1.201887072229684134e-02
5.049999999999953637e+00 1.202823194258057470e-02
5.149999999999953282e+00 9.743158071319066998e-03
5.249999999999952927e+00 8.944645981115804251e-03
5.349999999999952571e+00 5.974330785084377635e-03
5.449999999999952216e+00 5.037272634681760897e-03
5.549999999999951861e+00 3.250215682515346198e-03
5.649999999999951505e+00 2.676372879121942123e-03
5.749999999999951150e+00 2.826152403661812921e-03
5.849999999999950795e+00 2.548124161234668113e-03
5.949999999999950440e+00 3.166900821990045745e-03
6.049999999999950084e+00 1.957431161330535664e-03
6.149999999999949729e+00 1.377035503738499459e-03
6.249999999999949374e+00 1.416352628930217647e-03
6.349999999999949019e+00 6.356268572661077400e-04
6.449999999999948663e+00 1.311506961752304141e-03
6.549999999999948308e+00 1.688764139187116410e-03
6.649999999999947953e+00 8.275318730828233257e-04
6.749999999999947597e+00 9.632695671970823749e-04
6.849999999999947242e+00 6.609021520322081074e-04
6.949999999999946887e+00 5.916291219325191860e-04
7.049999999999946532e+00 2.621141679447868528e-04
7.149999999999946176e+00 1.348015720858901205e-04
7.249999999999945821e+00 0.000000000000000000e+00
7.349999999999945466e+00 0.000000000000000000e+00
7.449999999999945111e+00 0.000000000000000000e+00
7.549999999999944755e+00 0.000000000000000000e+00
7.649999999999944400e+00 0.000000000000000000e+00
7.749999999999944045e+00 0.000000000000000000e+00
7.849999999999943689e+00 0.000000000000000000e+00
7.949999999999943334e+00 0.000000000000000000e+00
