-7.950000000000000178e+00 4.165743026265352270e-04
-7.850000000000000533e+00 4.427857194210138743e-04
-7.750000000000000888e+00 4.708693802722409500e-04
-7.650000000000001243e+00 5.289089460314436381e-04
-7.550000000000001599e+00 5.991180981595113815e-04
-7.450000000000001954e+00 5.279728240030693697e-04
-7.350000000000002309e+00 5.860123897622720578e-04
-7.250000000000002665e+00 5.897568778757691314e-04
-7.150000000000003020e+00 6.000615912274791242e-04
-7.050000000000003375e+00 6.515556738276556247e-04
-6.950000000000003730e+00 6.740594577066048951e-04
-6.850000000000004086e+00 7.910599691741974828e-04
-6.750000000000004441e+00 8.191878562629855125e-04
-6.650000000000004796e+00 8.762765579146270922e-04
-6.550000000000005151e+00 8.359864554965673730e-04
-6.450000000000005507e+00 9.408173805952947969e-04
-6.350000000000005862e+00 9.736111357467671116e-04
-6.250000000000006217e+00 1.093456868497449767e-03
-6.150000000000006573e+00 1.126221139490548185e-03
-6.050000000000006928e+00 1.209550742095042092e-03
-5.950000000000007283e+00 1.248897351445133960e-03
-5.850000000000007638e+00 1.326602850839788891e-03
-5.750000000000007994e+00 1.399627740092572806e-03
-5.650000000000008349e+00 1.466136630344704430e-03
-5.550000000000008704e+00 1.487645323878531312e-03
-5.450000000000009059e+00 1.651555131319144441e-03
-5.350000000000009415e+00 1.812634459555854559e-03
-5.250000000000009770e+00 1.780813681630724100e-03
-5.150000000000010125e+00 1.952264062575486021e-03
-5.050000000000010481e+00 2.049642866645186995e-03
-4.950000000000010836e+00 2.304290171481760720e-03
-4.850000000000011191e+00 2.379238902068448250e-03
-4.750000000000011546e+00 2.646977173223074783e-03
-4.650000000000011902e+00 2.727586862217567902e-03
-4.550000000000012257e+00 2.933622160935022566e-03
-4.450000000000012612e+00 3.050703753838143913e-03
-4.350000000000012967e+00 3.214643045437132456e-03
-4.250000000000013323e+00 3.393479208054580101e-03
-4.150000000000013678e+00 3.605123867902686359e-03
-4.050000000000014033e+00 3.971324485947259030e-03
-3.950000000000014388e+00 4.315205596102719178e-03
-3.850000000000014744e+00 4.608263388261010611e-03
-3.750000000000015099e+00 4.962493438005742032e-03
-3.650000000000015454e+00 5.328767766446249228e-03
-3.550000000000015810e+00 5.717486910448958334e-03
-3.450000000000016165e+00 6.294514002946758474e-03
-3.350000000000016520e+00 6.574554539182930757e-03
-3.250000000000016875e+00 7.173827429173906291e-03
-3.150000000000017231e+00 7.652340577504601962e-03
-3.050000000000017586e+00 8.179863768092467124e-03
-2.950000000000017941e+00 8.957633752879574224e-03
-2.850000000000018296e+00 9.768853515341978377e-03
-2.750000000000018652e+00 1.064433400098049182e-02
-2.650000000000019007e+00 1.146480441813273188e-02
-2.550000000000019362e+00 1.249415535528551439e-02
-2.450000000000019718e+00 1.355201747358595471e-02
-2.350000000000020073e+00 1.453798984273101287e-02
-2.250000000000020428e+00 1.617815671787820042e-02
-2.150000000000020783e+00 1.800750869523212727e-02
-2.050000000000021139e+00 1.995456143281505029e-02
-1.950000000000021272e+00 2.199639836853075486e-02
-1.850000000000021627e+00 2.526334631092339716e-02
-1.750000000000021982e+00 2.843043877994288343e-02
-1.650000000000022338e+00 3.146071738306741028e-02
-1.550000000000022693e+00 3.568880466221448916e-02
-1.450000000000023048e+00 4.116690969082482943e-02
-1.350000000000023404e+00 4.717829469194558673e-02
-1.250000000000023759e+00 5.383774149412667853e-02
-1.150000000000024114e+00 6.370992961352994755e-02
-1.050000000000024469e+00 7.381908191378516726e-02
-9.500000000000248246e-01 8.872976626044290493e-02
-8.500000000000251799e-01 1.060326183126159560e-01
-7.500000000000255351e-01 1.318760064712312108e-01
-6.500000000000258904e-01 1.627921293360130028e-01
-5.500000000000262457e-01 2.082114949628819101e-01
-4.500000000000266565e-01 2.736312404046775670e-01
-3.500000000000270117e-01 3.723862101954458215e-01
-2.500000000000273670e-01 5.388891125098536072e-01
-1.500000000000277223e-01 8.535083969585799402e-01
-5.000000000002806366e-02 1.590120324673426566e+00
4.999999999997158107e-02 1.590522643385479551e+00
1.499999999999712119e-01 8.582130661736836474e-01
2.499999999999708566e-01 5.412774988720574498e-01
3.499999999999705014e-01 3.732898406812917291e-01
4.499999999999701461e-01 2.730942159440539752e-01
5.499999999999698463e-01 2.073098251735678854e-01
6.499999999999694911e-01 1.626291114243633151e-01
7.499999999999691358e-01 1.308937712191600156e-01
8.499999999999687805e-01 1.067718451313686423e-01
9.499999999999684253e-01 8.866324262811153822e-02
1.049999999999968070e+00 7.446303067475229520e-02
1.149999999999967715e+00 6.297547922843378665e-02
1.249999999999967359e+00 5.371523481608275752e-02
1.349999999999967004e+00 4.630644812882667161e-02
1.449999999999966649e+00 4.004623894414821583e-02
1.549999999999966294e+00 3.526230894029511176e-02
1.649999999999965938e+00 3.108903271156530923e-02
1.749999999999965583e+00 2.747810783550255764e-02
1.849999999999965228e+00 2.484549681844718666e-02
1.949999999999964873e+00 2.223535273007278684e-02
2.049999999999964295e+00 1.993611172071252380e-02
2.149999999999963940e+00 1.752589233923256343e-02
2.249999999999963585e+00 1.623454517076845793e-02
2.349999999999963229e+00 1.438428892512738644e-02
2.449999999999962874e+00 1.294279368014376180e-02
2.549999999999962519e+00 1.187471530096673687e-02
2.649999999999962164e+00 1.074730742410165592e-02
2.749999999999961808e+00 9.838185513758417045e-03
2.849999999999961453e+00 8.999737131037636312e-03
2.949999999999961098e+00 8.350702352750967103e-03
3.049999999999960743e+00 7.624551758237117435e-03
3.149999999999960387e+00 7.202117479133750971e-03
3.249999999999960032e+00 6.708316794686139568e-03
3.349999999999959677e+00 6.166221058821926872e-03
3.449999999999959321e+00 5.786789424707027008e-03
3.549999999999958966e+00 5.315492524138359237e-03
3.649999999999958611e+00 4.899603728194017876e-03
3.749999999999958256e+00 4.387449155158592434e-03
3.849999999999957900e+00 4.318212980256866222e-03
3.949999999999957545e+00 3.800191059705016611e-03
4.049999999999957190e+00 3.637991333450094067e-03
4.149999999999956835e+00 3.391724900631327370e-03
4.249999999999956479e+00 3.200638070209486236e-03
4.349999999999956124e+00 2.969312734646739702e-03
4.449999999999955769e+00 2.720223193663663143e-03
4.549999999999955413e+00 2.646335892778440245e-03
4.649999999999955058e+00 2.455101641564728758e-03
4.749999999999954703e+00 2.169591793950179266e-03
4.849999999999954348e+00 2.187341257291322560e-03
4.949999999999953992e+00 2.036544529287541254e-03
5.049999999999953637e+00 1.950325479162396108e-03
5.149999999999953282e+00 1.743471995050063523e-03
5.249999999999952927e+00 1.632080844713122963e-03
5.349999999999952571e+00 1.584301766068069422e-03
5.449999999999952216e+00 1.537451438411796675e-03
5.549999999999951861e+00 1.417473026948431157e-03
5.649999999999951505e+00 1.327612683264098228e-03
5.749999999999951150e+00 1.248057052931475074e-03
5.849999999999950795e+00 1.199334481218453791e-03
5.949999999999950440e+00 1.192796369099021186e-03
6.049999999999950084e+00 1.116063846930707894e-03
6.149999999999949729e+00 1.005549850305393483e-03
6.249999999999949374e+00 9.717757468879861631e-04
6.349999999999949019e+00 8.791217791977172687e-04
6.449999999999948663e+00 8.342395191129083325e-04
6.549999999999948308e+00 8.098192649396496797e-04
6.649999999999947953e+00 7.723522706858997142e-04
6.749999999999947597e+00 7.170989578930393000e-04
6.849999999999947242e+00 6.730864804802632554e-04
6.949999999999946887e+00 6.946099160932770866e-04
7.049999999999946532e+00 6.300101250958612623e-04
7.149999999999946176e+00 5.626167100925096899e-04
7.249999999999945821e+00 5.176754816909528512e-04
7.349999999999945466e+00 5.523119967407995887e-04
7.449999999999945111e+00 5.251644579179466730e-04
7.549999999999944755e+00 4.493385736196334819e-04
7.649999999999944400e+00 4.624442820168728056e-04
7.749999999999944045e+00 4.306161330521488190e-04
7.849999999999943689e+00 3.716404452645718625e-04
7.949999999999943334e+00 3.987879840874247782e-04
