-7.950000000000000178e+00 2.901978287960133051e-05
-7.850000000000000533e+00 3.276427099309828206e-05
-7.750000000000000888e+00 2.714753882285286151e-05
-7.650000000000001243e+00 3.463651504984675107e-05
-7.550000000000001599e+00 4.586997939033759218e-05
-7.450000000000001954e+00 4.399773533358911640e-05
-7.350000000000002309e+00 4.025324722009217162e-05
-7.250000000000002665e+00 4.212549127684064062e-05
-7.150000000000003020e+00 3.931712519171793035e-05
-7.050000000000003375e+00 5.710344373082842652e-05
-6.950000000000003730e+00 7.020915212806774341e-05
-6.850000000000004086e+00 7.488976226993892269e-05
-6.750000000000004441e+00 7.488976226993892269e-05
-6.650000000000004796e+00 9.642056892254635009e-05
-6.550000000000005151e+00 8.331486052530705352e-05
-6.450000000000005507e+00 1.095262773197856738e-04
-6.350000000000005862e+00 1.132707654332826118e-04
-6.250000000000006217e+00 1.310570839723931283e-04
-6.150000000000006573e+00 1.497868955794713468e-04
-6.050000000000006928e+00 1.666297210506140799e-04
-5.950000000000007283e+00 1.479146515227228371e-04
-5.850000000000007638e+00 2.246692868098167410e-04
-5.750000000000007994e+00 1.909688937883442447e-04
-5.650000000000008349e+00 2.677309001150315958e-04
-5.550000000000008704e+00 3.238982218174858013e-04
-5.450000000000009059e+00 3.005099131873168535e-04
-5.350000000000009415e+00 3.501096386119643944e-04
-5.250000000000009770e+00 4.746212394253313351e-04
-5.150000000000010125e+00 4.952159240495645348e-04
-5.050000000000010481e+00 5.747862964613747452e-04
-4.950000000000010836e+00 6.281452520787063083e-04
-4.850000000000011191e+00 7.554504768980091056e-04
-4.750000000000011546e+00 8.790259556830018863e-04
-4.650000000000011902e+00 9.567314550776570342e-04
-4.550000000000012257e+00 1.143027109763723303e-03
-4.450000000000012612e+00 1.387340217090211620e-03
-4.350000000000012967e+00 1.426664713321522957e-03
-4.250000000000013323e+00 1.728110748537213699e-03
-4.150000000000013678e+00 2.042640379031363668e-03
-4.050000000000014033e+00 2.394622261700078171e-03
-3.950000000000014388e+00 2.650213059604620072e-03
-3.850000000000014744e+00 3.226842115964371517e-03
-3.750000000000015099e+00 3.690244633128401345e-03
-3.650000000000015454e+00 4.101187461505506615e-03
-3.550000000000015810e+00 4.874446370061410495e-03
-3.450000000000016165e+00 5.652363775640404861e-03
-3.350000000000016520e+00 6.467762917552336357e-03
-3.250000000000016875e+00 7.500298143809528383e-03
-3.150000000000017231e+00 8.725681878951386389e-03
-3.050000000000017586e+00 9.987567002160240015e-03
-2.950000000000017941e+00 1.138894904967603823e-02
-2.850000000000018296e+00 1.342880317574102027e-02
-2.750000000000018652e+00 1.573074198559243353e-02
-2.650000000000019007e+00 1.782488381826360588e-02
-2.550000000000019362e+00 2.054899154979309903e-02
-2.450000000000019718e+00 2.432356087587118215e-02
-2.350000000000020073e+00 2.780405520632705380e-02
-2.250000000000020428e+00 3.219551420702447542e-02
-2.150000000000020783e+00 3.699518875144923447e-02
-2.050000000000021139e+00 4.283739365181993275e-02
-1.950000000000021272e+00 4.966668394831437461e-02
-1.850000000000021627e+00 5.754803535494917854e-02
-1.750000000000021982e+00 6.635350873750030243e-02
-1.650000000000022338e+00 7.731202593011440860e-02
-1.550000000000022693e+00 8.826787480639547434e-02
-1.450000000000023048e+00 1.028454766159021538e-01
-1.350000000000023404e+00 1.178585152183549561e-01
-1.250000000000023759e+00 1.351354433242783204e-01
-1.150000000000024114e+00 1.558547427438806143e-01
-1.050000000000024469e+00 1.799802437858755433e-01
-9.500000000000248246e-01 2.066861762556428395e-01
-8.500000000000251799e-01 2.367037915070951681e-01
-7.500000000000255351e-01 2.704427645497993193e-01
-6.500000000000258904e-01 3.071905075020944786e-01
-5.500000000000262457e-01 3.499395223891891837e-01
-4.500000000000266565e-01 3.944196701510551129e-01
-3.500000000000270117e-01 4.409558072446557730e-01
-2.500000000000273670e-01 4.901786293017694751e-01
-1.500000000000277223e-01 5.369425904871238941e-01
-5.000000000002806366e-02 5.711073147767480318e-01
4.999999999997158107e-02 5.689427721449191733e-01
1.499999999999712119e-01 5.302569396391880741e-01
2.499999999999708566e-01 4.803451759954300848e-01
3.499999999999705014e-01 4.284916151653176408e-01
4.499999999999701461e-01 3.797349892493734336e-01
5.499999999999698463e-01 3.330101019449018818e-01
6.499999999999694911e-01 2.911138573704585286e-01
7.499999999999691358e-01 2.528513362975414180e-01
8.499999999999687805e-01 2.194901290340036670e-01
9.499999999999684253e-01 1.898619847725922516e-01
1.049999999999968070e+00 1.638745959844778166e-01
1.149999999999967715e+00 1.420170827439665162e-01
1.249999999999967359e+00 1.225459140876916653e-01
1.349999999999967004e+00 1.051765162900686751e-01
1.449999999999966649e+00 9.053508127768235270e-02
1.549999999999966294e+00 7.784938945855957027e-02
1.649999999999965938e+00 6.676323534434444595e-02
1.749999999999965583e+00 5.735239322205856055e-02
1.849999999999965228e+00 4.910684612014862283e-02
1.949999999999964873e+00 4.185454660346255712e-02
2.049999999999964295e+00 3.641844175845602993e-02
2.149999999999963940e+00 3.118826164657301572e-02
2.249999999999963585e+00 2.682493053296433269e-02
2.349999999999963229e+00 2.290812225585053125e-02
2.449999999999962874e+00 1.957542464028387552e-02
2.549999999999962519e+00 1.690087977898105734e-02
2.649999999999962164e+00 1.440700646915452250e-02
2.749999999999961808e+00 1.229982526744252680e-02
2.849999999999961453e+00 1.067093608287341885e-02
2.949999999999961098e+00 9.101973450199449950e-03
3.049999999999960743e+00 7.712783102171291358e-03
3.149999999999960387e+00 6.468662184382741737e-03
3.249999999999960032e+00 5.638270347937636082e-03
3.349999999999959677e+00 4.948385268223788255e-03
3.449999999999959321e+00 4.083386400887208459e-03
3.549999999999958966e+00 3.604099293399190725e-03
3.649999999999958611e+00 3.100450900054662132e-03
3.749999999999958256e+00 2.603384845067127206e-03
3.849999999999957900e+00 2.274783899988988122e-03
3.949999999999957545e+00 1.960254269494837286e-03
4.049999999999957190e+00 1.729024757446807328e-03
4.149999999999956835e+00 1.471583828604299156e-03
4.249999999999956479e+00 1.272211949679367786e-03
4.349999999999956124e+00 1.061569751215977932e-03
4.449999999999955769e+00 9.267681791300879475e-04
4.549999999999955413e+00 7.563939699659768482e-04
4.649999999999955058e+00 6.974109111388064174e-04
4.749999999999954703e+00 5.738428033934070025e-04
4.849999999999954348e+00 5.120661205603009320e-04
4.949999999999953992e+00 4.409134753642653375e-04
5.049999999999953637e+00 3.810016655483141669e-04
5.149999999999953282e+00 3.295149539877311948e-04
5.249999999999952927e+00 2.939423169095101889e-04
5.349999999999952571e+00 2.536890696894180579e-04
5.449999999999952216e+00 2.153080665260743824e-04
5.549999999999951861e+00 2.059542172819254981e-04
5.649999999999951505e+00 1.769344344023241812e-04
5.749999999999951150e+00 1.394821822277612184e-04
5.849999999999950795e+00 1.357376941142643075e-04
5.949999999999950440e+00 1.170299956259665661e-04
6.049999999999950084e+00 1.085975263310049339e-04
6.149999999999949729e+00 8.986771472392670180e-05
6.249999999999949374e+00 8.799547066717823280e-05
6.349999999999949019e+00 8.237873849693279869e-05
6.449999999999948663e+00 7.676200632668739169e-05
6.549999999999948308e+00 6.459241995782232285e-05
6.649999999999947953e+00 6.272017590107384030e-05
6.749999999999947597e+00 3.744488113496946134e-05
6.849999999999947242e+00 5.710344373082843329e-05
6.949999999999946887e+00 3.370039302147251656e-05
7.049999999999946532e+00 3.463651504984675107e-05
7.149999999999946176e+00 3.182814896472404079e-05
7.249999999999945821e+00 2.714753882285285812e-05
7.349999999999945466e+00 3.370039302147251656e-05
7.449999999999945111e+00 2.714753882285285812e-05
7.549999999999944755e+00 2.059468462423320306e-05
7.649999999999944400e+00 1.872244056748473067e-05
7.749999999999944045e+00 2.340305070935591334e-05
7.849999999999943689e+00 1.591407448236202039e-05
7.949999999999943334e+00 1.216958636886507392e-05
