-7.950000000000000178e+00 3.649476571483339053e-05
-7.850000000000000533e+00 3.462323926791886325e-05
-7.750000000000000888e+00 3.555900249137614044e-05
-7.650000000000001243e+00 4.865968761977787889e-05
-7.550000000000001599e+00 8.609021655806851274e-05
-7.450000000000001954e+00 6.643918886546594234e-05
-7.350000000000002309e+00 1.085485339210429486e-04
-7.250000000000002665e+00 2.601421761211200113e-04
-7.150000000000003020e+00 1.768592492334233640e-04
-7.050000000000003375e+00 1.759234860099661885e-04
-6.950000000000003730e+00 2.891508360482953266e-04
-6.850000000000004086e+00 2.891508360482953266e-04
-6.750000000000004441e+00 2.835362567075517311e-04
-6.650000000000004796e+00 3.855344480643939494e-04
-6.550000000000005151e+00 4.856611129743214372e-04
-6.450000000000005507e+00 4.800465336335778960e-04
-6.350000000000005862e+00 4.210934505557700899e-04
-6.250000000000006217e+00 3.761768158298211097e-04
-6.150000000000006573e+00 3.630761307014194052e-04
-6.050000000000006928e+00 3.976993699693384243e-04
-5.950000000000007283e+00 5.343208005940986317e-04
-5.850000000000007638e+00 4.763034807397484348e-04
-5.750000000000007994e+00 4.239007402261416165e-04
-5.650000000000008349e+00 5.352565638175563493e-04
-5.550000000000008704e+00 7.336383671904969737e-04
-5.450000000000009059e+00 8.206643469720227568e-04
-5.350000000000009415e+00 8.449941907819113812e-04
-5.250000000000009770e+00 9.769441735037439137e-04
-5.150000000000010125e+00 9.432714338879979879e-04
-5.050000000000010481e+00 9.779020413702751557e-04
-4.950000000000010836e+00 9.451650649779862971e-04
-4.850000000000011191e+00 1.097701838615879185e-03
-4.750000000000011546e+00 1.324156538692537787e-03
-4.650000000000011902e+00 1.534909573972444326e-03
-4.550000000000012257e+00 1.647481152932918184e-03
-4.450000000000012612e+00 2.168804423399625994e-03
-4.350000000000012967e+00 2.798632018501227142e-03
-4.250000000000013323e+00 2.707428261178757012e-03
-4.150000000000013678e+00 2.794277403815690914e-03
-4.050000000000014033e+00 2.835023629215051907e-03
-3.950000000000014388e+00 2.743267255815733802e-03
-3.850000000000014744e+00 2.769417048572030658e-03
-3.750000000000015099e+00 3.178264526864918969e-03
-3.650000000000015454e+00 4.000800400283861281e-03
-3.550000000000015810e+00 4.111220460651819272e-03
-3.450000000000016165e+00 4.887999722908001332e-03
-3.350000000000016520e+00 5.121196339122165847e-03
-3.250000000000016875e+00 5.738829539461391335e-03
-3.150000000000017231e+00 6.325530975926030308e-03
-3.050000000000017586e+00 7.119625541923356102e-03
-2.950000000000017941e+00 7.643490846343552712e-03
-2.850000000000018296e+00 8.117141769914437352e-03
-2.750000000000018652e+00 8.256319970921412524e-03
-2.650000000000019007e+00 9.244942764182490641e-03
-2.550000000000019362e+00 1.086309105575649497e-02
-2.450000000000019718e+00 1.379866870631427100e-02
-2.350000000000020073e+00 1.519757577966802248e-02
-2.250000000000020428e+00 1.598523789453088276e-02
-2.150000000000020783e+00 1.780021329624832324e-02
-2.050000000000021139e+00 2.136727639013821095e-02
-1.950000000000021272e+00 2.633376970060124014e-02
-1.850000000000021627e+00 2.907169500100746651e-02
-1.750000000000021982e+00 3.252766752702271336e-02
-1.650000000000022338e+00 3.964766147966377469e-02
-1.550000000000022693e+00 4.520626449592997365e-02
-1.450000000000023048e+00 5.233092989647383786e-02
-1.350000000000023404e+00 5.903811227149750873e-02
-1.250000000000023759e+00 7.073548413435909454e-02
-1.150000000000024114e+00 8.385812654154710388e-02
-1.050000000000024469e+00 1.000299276236202017e-01
-9.500000000000248246e-01 1.199988569246952796e-01
-8.500000000000251799e-01 1.466585964284905508e-01
-7.500000000000255351e-01 1.766639399754340589e-01
-6.500000000000258904e-01 2.086075144138744286e-01
-5.500000000000262457e-01 2.509625452090020747e-01
-4.500000000000266565e-01 3.199674421006839520e-01
-3.500000000000270117e-01 4.102272353771140301e-01
-2.500000000000273670e-01 5.347716911035025333e-01
-1.500000000000277223e-01 7.286330507585595528e-01
-5.000000000002806366e-02 1.279038958024576234e+00
4.999999999997158107e-02 1.227994113103203055e+00
1.499999999999712119e-01 7.155955112272059937e-01
2.499999999999708566e-01 5.218090936803838620e-01
3.499999999999705014e-01 4.108435791399414616e-01
4.499999999999701461e-01 3.277102491083579983e-01
5.499999999999698463e-01 2.652944442201841668e-01
6.499999999999694911e-01 2.269180576047672981e-01
7.499999999999691358e-01 1.806120576430587099e-01
8.499999999999687805e-01 1.474490732012384564e-01
9.499999999999684253e-01 1.261811129724313973e-01
1.049999999999968070e+00 1.086701684036616711e-01
1.149999999999967715e+00 9.287115475881360660e-02
1.249999999999967359e+00 8.016842688788410054e-02
1.349999999999967004e+00 6.996389209501090167e-02
1.449999999999966649e+00 6.293502821754884402e-02
1.549999999999966294e+00 5.226105711971767293e-02
1.649999999999965938e+00 4.525698728357000628e-02
1.749999999999965583e+00 4.025395499810619643e-02
1.849999999999965228e+00 3.431745837206463812e-02
1.949999999999964873e+00 2.955452671966835379e-02
2.049999999999964295e+00 2.730652872834968270e-02
2.149999999999963940e+00 2.410275544337765058e-02
2.249999999999963585e+00 2.135956186970547344e-02
2.349999999999963229e+00 1.871047512981282093e-02
2.449999999999962874e+00 1.745862287861463594e-02
2.549999999999962519e+00 1.573675223352401925e-02
2.649999999999962164e+00 1.325658917600125788e-02
2.749999999999961808e+00 1.294341796114610241e-02
2.849999999999961453e+00 1.177394971468395321e-02
2.949999999999961098e+00 1.038629390465475866e-02
3.049999999999960743e+00 8.754831249735958720e-03
3.149999999999960387e+00 9.320724848853796998e-03
3.249999999999960032e+00 8.278910916142818294e-03
3.349999999999959677e+00 7.532702375257684796e-03
3.449999999999959321e+00 6.776259384629398398e-03
3.549999999999958966e+00 6.162803961831115306e-03
3.649999999999958611e+00 5.734305455845631512e-03
3.749999999999958256e+00 4.810464003219485848e-03
3.849999999999957900e+00 4.514770192821346111e-03
3.949999999999957545e+00 4.063702846257513483e-03
4.049999999999957190e+00 4.007534948207004330e-03
4.149999999999956835e+00 3.938281101456811775e-03
4.249999999999956479e+00 3.513459334435925594e-03
4.349999999999956124e+00 3.786834823543888673e-03
4.449999999999955769e+00 4.010533811450681108e-03
4.549999999999955413e+00 3.462913383940518456e-03
4.649999999999955058e+00 3.219651786913419432e-03
4.749999999999954703e+00 3.049055519884236957e-03
4.849999999999954348e+00 2.932961934460672458e-03
4.949999999999953992e+00 3.225855823402796162e-03
5.049999999999953637e+00 2.615693992422511022e-03
5.149999999999953282e+00 2.451957532960563971e-03
5.249999999999952927e+00 2.431378110258862468e-03
5.349999999999952571e+00 1.977569787953878562e-03
5.449999999999952216e+00 1.971734162182396145e-03
5.549999999999951861e+00 2.116784830032632930e-03
5.649999999999951505e+00 2.147657648192362063e-03
5.749999999999951150e+00 1.646081192204911251e-03
5.849999999999950795e+00 1.607714900043162717e-03
5.949999999999950440e+00 1.469229311185844301e-03
6.049999999999950084e+00 1.278333613600562708e-03
6.149999999999949729e+00 1.723764276180578866e-03
6.249999999999949374e+00 1.424275835388105716e-03
6.349999999999949019e+00 1.322233434745117425e-03
6.449999999999948663e+00 1.252986956209279279e-03
6.549999999999948308e+00 1.122915868148719517e-03
6.649999999999947953e+00 1.352177857895749428e-03
6.749999999999947597e+00 1.095778734668458824e-03
6.849999999999947242e+00 8.543518230164841125e-04
6.949999999999946887e+00 9.947163065350743232e-04
7.049999999999946532e+00 1.013431571004220003e-03
7.149999999999946176e+00 6.569057828670009890e-04
7.249999999999945821e+00 7.392529465312406775e-04
7.349999999999945466e+00 5.296419844768127539e-04
7.449999999999945111e+00 4.454232943656588227e-04
7.549999999999944755e+00 5.174770625718686044e-04
7.649999999999944400e+00 4.706889013990051647e-04
7.749999999999944045e+00 4.650743220582614066e-04
7.849999999999943689e+00 4.922114555385220455e-04
7.949999999999943334e+00 5.202843522422401310e-04
