-7.950000000000000178e+00 0.000000000000000000e+00
-7.850000000000000533e+00 0.000000000000000000e+00
-7.750000000000000888e+00 0.000000000000000000e+00
-7.650000000000001243e+00 0.000000000000000000e+00
-7.550000000000001599e+00 0.000000000000000000e+00
-7.450000000000001954e+00 0.000000000000000000e+00
-7.350000000000002309e+00 0.000000000000000000e+00
-7.250000000000002665e+00 0.000000000000000000e+00
-7.150000000000003020e+00 0.000000000000000000e+00
-7.050000000000003375e+00 0.000000000000000000e+00
-6.950000000000003730e+00 0.000000000000000000e+00
-6.850000000000004086e+00 0.000000000000000000e+00
-6.750000000000004441e+00 0.000000000000000000e+00
-6.650000000000004796e+00 0.000000000000000000e+00
-6.550000000000005151e+00 0.000000000000000000e+00
-6.450000000000005507e+00 0.000000000000000000e+00
-6.350000000000005862e+00 0.000000000000000000e+00
-6.250000000000006217e+00 0.000000000000000000e+00
-6.150000000000006573e+00 0.000000000000000000e+00
-6.050000000000006928e+00 0.000000000000000000e+00
-5.950000000000007283e+00 0.000000000000000000e+00
-5.850000000000007638e+00 0.000000000000000000e+00
-5.750000000000007994e+00 0.000000000000000000e+00
-5.650000000000008349e+00 0.000000000000000000e+00
-5.550000000000008704e+00 0.000000000000000000e+00
-5.450000000000009059e+00 0.000000000000000000e+00
-5.350000000000009415e+00 0.000000000000000000e+00
-5.250000000000009770e+00 1.404183042561354800e-05
-5.150000000000010125e+00 3.370039302147250979e-05
-5.050000000000010481e+00 3.463651504984675107e-05
-4.950000000000010836e+00 3.931712519171793035e-05
-4.850000000000011191e+00 6.740078604294501958e-05
-4.750000000000011546e+00 1.254403518021477077e-04
-4.650000000000011902e+00 1.245042297737734664e-04
-4.550000000000012257e+00 1.825437955329761003e-04
-4.450000000000012612e+00 2.789643644555224911e-04
-4.350000000000012967e+00 3.538541267254614138e-04
-4.250000000000013323e+00 4.044047162576701717e-04
-4.150000000000013678e+00 4.989530411234681341e-04
-4.050000000000014033e+00 6.496686876917201394e-04
-3.950000000000014388e+00 7.329835482170270981e-04
-3.850000000000014744e+00 8.818269507285308919e-04
-3.750000000000015099e+00 1.056881770034512683e-03
-3.650000000000015454e+00 1.725272898293717973e-03
-3.550000000000015810e+00 2.028576435486970954e-03
-3.450000000000016165e+00 2.543443551092802301e-03
-3.350000000000016520e+00 3.172517554160292005e-03
-3.250000000000016875e+00 3.704234866276860834e-03
-3.150000000000017231e+00 4.859409449290673540e-03
-3.050000000000017586e+00 6.155002336560621949e-03
-2.950000000000017941e+00 7.914911749904180588e-03
-2.850000000000018296e+00 9.569975496069806423e-03
-2.750000000000018652e+00 1.117261640864646889e-02
-2.650000000000019007e+00 1.351104923552528224e-02
-2.550000000000019362e+00 1.655719031585504292e-02
-2.450000000000019718e+00 2.098317526600850663e-02
-2.350000000000020073e+00 2.660926865653775661e-02
-2.250000000000020428e+00 3.208839088861212968e-02
-2.150000000000020783e+00 3.848584883052146716e-02
-2.050000000000021139e+00 4.684167405578962273e-02
-1.950000000000021272e+00 5.609055969612680714e-02
-1.850000000000021627e+00 6.616791333157553967e-02
-1.750000000000021982e+00 7.891134250383446957e-02
-1.650000000000022338e+00 9.240460542082093442e-02
-1.550000000000022693e+00 1.078599801092797184e-01
-1.450000000000023048e+00 1.260647451950736575e-01
-1.350000000000023404e+00 1.454499601586487223e-01
-1.250000000000023759e+00 1.668609431916256991e-01
-1.150000000000024114e+00 1.883664745494676163e-01
-1.050000000000024469e+00 2.106255841401504236e-01
-9.500000000000248246e-01 2.405693194617570252e-01
-8.500000000000251799e-01 2.708584838118329730e-01
-7.500000000000255351e-01 2.985705042177954072e-01
-6.500000000000258904e-01 3.270379751006559088e-01
-5.500000000000262457e-01 3.510616747148244676e-01
-4.500000000000266565e-01 3.699423199051045663e-01
-3.500000000000270117e-01 3.920825419981843196e-01
-2.500000000000273670e-01 4.073151196438897781e-01
-1.500000000000277223e-01 4.213176329443120705e-01
-5.000000000002806366e-02 4.263708196534764516e-01
4.999999999997158107e-02 4.230288640121803168e-01
1.499999999999712119e-01 4.212249568635032526e-01
2.499999999999708566e-01 4.093792687164554689e-01
3.499999999999705014e-01 3.918185555861826153e-01
4.499999999999701461e-01 3.703074074961707485e-01
5.499999999999698463e-01 3.521550652439654483e-01
6.499999999999694911e-01 3.263920509010776461e-01
7.499999999999691358e-01 2.988438518500804442e-01
8.499999999999687805e-01 2.717066103695401358e-01
9.499999999999684253e-01 2.404307734015577458e-01
1.049999999999968070e+00 2.156544316765769964e-01
1.149999999999967715e+00 1.899363511910513447e-01
1.249999999999967359e+00 1.676613275258854729e-01
1.349999999999967004e+00 1.459152128067506826e-01
1.449999999999966649e+00 1.251782376342031600e-01
1.549999999999966294e+00 1.084693955497512963e-01
1.649999999999965938e+00 9.298780944449808183e-02
1.749999999999965583e+00 7.796585925517648952e-02
1.849999999999965228e+00 6.619599699242674495e-02
1.949999999999964873e+00 5.600350034748802219e-02
2.049999999999964295e+00 4.623225861531798930e-02
2.149999999999963940e+00 3.694218360573238435e-02
2.249999999999963585e+00 3.077126719468964433e-02
2.349999999999963229e+00 2.586692388803699810e-02
2.449999999999962874e+00 2.179385694258061806e-02
2.549999999999962519e+00 1.748301500191718275e-02
2.649999999999962164e+00 1.411297569976990851e-02
2.749999999999961808e+00 1.198517032927529265e-02
2.849999999999961453e+00 9.744094193347412752e-03
2.949999999999961098e+00 7.447786857745440289e-03
3.049999999999960743e+00 6.246742295341297865e-03
3.149999999999960387e+00 4.609464867714751363e-03
3.249999999999960032e+00 3.762274432036063956e-03
3.349999999999959677e+00 3.065799642925628662e-03
3.449999999999959321e+00 2.354346901361206376e-03
3.549999999999958966e+00 1.629788451399545850e-03
3.649999999999958611e+00 1.424777727185587688e-03
3.749999999999958256e+00 1.140196630559820075e-03
3.849999999999957900e+00 1.073731966545249297e-03
3.949999999999957545e+00 9.258246860621197711e-04
4.049999999999957190e+00 6.393713453796035125e-04
4.149999999999956835e+00 4.802306005559833627e-04
4.249999999999956479e+00 4.334244991372715157e-04
4.349999999999956124e+00 3.444929064417190552e-04
4.449999999999955769e+00 2.284137749233137061e-04
4.549999999999955413e+00 1.516517685966263008e-04
4.649999999999955058e+00 1.142068874616568395e-04
4.749999999999954703e+00 1.011011790644175429e-04
4.849999999999954348e+00 1.273125958588961631e-04
4.949999999999953992e+00 5.991180981595113002e-05
5.049999999999953637e+00 5.991180981595113679e-05
5.149999999999953282e+00 3.089202693634979951e-05
5.249999999999952927e+00 2.621141679447861684e-05
5.349999999999952571e+00 1.872244056748473025e-06
5.449999999999952216e+00 2.808366085122709431e-06
5.549999999999951861e+00 0.000000000000000000e+00
5.649999999999951505e+00 0.000000000000000000e+00
5.749999999999951150e+00 0.000000000000000000e+00
5.849999999999950795e+00 0.000000000000000000e+00
5.949999999999950440e+00 0.000000000000000000e+00
6.049999999999950084e+00 0.000000000000000000e+00
6.149999999999949729e+00 0.000000000000000000e+00
6.249999999999949374e+00 0.000000000000000000e+00
6.349999999999949019e+00 0.000000000000000000e+00
6.449999999999948663e+00 0.000000000000000000e+00
6.549999999999948308e+00 0.000000000000000000e+00
6.649999999999947953e+00 0.000000000000000000e+00
6.749999999999947597e+00 0.000000000000000000e+00
6.849999999999947242e+00 0.000000000000000000e+00
6.949999999999946887e+00 0.000000000000000000e+00
7.049999999999946532e+00 0.000000000000000000e+00
7.149999999999946176e+00 0.000000000000000000e+00
7.249999999999945821e+00 0.000000000000000000e+00
7.349999999999945466e+00 0.000000000000000000e+00
7.449999999999945111e+00 0.000000000000000000e+00
7.549999999999944755e+00 0.000000000000000000e+00
7.649999999999944400e+00 0.000000000000000000e+00
7.749999999999944045e+00 0.000000000000000000e+00
7.849999999999943689e+00 0.000000000000000000e+00
7.949999999999943334e+00 0.000000000000000000e+00
