-7.950000000000000178e+00 1.591407448236202039e-05
-7.850000000000000533e+00 2.808366085122709262e-05
-7.750000000000000888e+00 2.059468462423320306e-05
-7.650000000000001243e+00 2.340305070935590995e-05
-7.550000000000001599e+00 3.182814896472404079e-05
-7.450000000000001954e+00 2.246692868098167545e-05
-7.350000000000002309e+00 3.931712519171793035e-05
-7.250000000000002665e+00 4.025324722009217162e-05
-7.150000000000003020e+00 4.212549127684064062e-05
-7.050000000000003375e+00 3.931712519171793035e-05
-6.950000000000003730e+00 4.306161330521488190e-05
-6.850000000000004086e+00 6.084793184432537130e-05
-6.750000000000004441e+00 5.991180981595114357e-05
-6.650000000000004796e+00 6.178405387269959902e-05
-6.550000000000005151e+00 8.331486052530703997e-05
-6.450000000000005507e+00 1.001650570360433016e-04
-6.350000000000005862e+00 8.893159269555246053e-05
-6.250000000000006217e+00 1.020373010927917842e-04
-6.150000000000006573e+00 1.123346434049083976e-04
-6.050000000000006928e+00 1.282487178872703773e-04
-5.950000000000007283e+00 1.366738161426385217e-04
-5.850000000000007638e+00 1.544601346817490247e-04
-5.750000000000007994e+00 1.563323787384975072e-04
-5.650000000000008349e+00 1.853521616180987971e-04
-5.550000000000008704e+00 1.975217479869638795e-04
-5.450000000000009059e+00 2.040746021855835142e-04
-5.350000000000009415e+00 2.546251917177922721e-04
-5.250000000000009770e+00 2.377749952070560646e-04
-5.150000000000010125e+00 2.845810966257678303e-04
-5.050000000000010481e+00 2.958145609662587256e-04
-4.950000000000010836e+00 3.295149539877311948e-04
-4.850000000000011191e+00 4.268716449386518539e-04
-4.750000000000011546e+00 4.062769603144186000e-04
-4.650000000000011902e+00 4.437218414493881427e-04
-4.550000000000012257e+00 5.130022425886750920e-04
-4.450000000000012612e+00 5.532481187691738571e-04
-4.350000000000012967e+00 6.478111857141587680e-04
-4.250000000000013323e+00 7.685635563348419035e-04
-4.150000000000013678e+00 8.247235069977025806e-04
-4.050000000000014033e+00 9.651418112538380674e-04
-3.950000000000014388e+00 1.124282556077458271e-03
-3.850000000000014744e+00 1.298401253355065902e-03
-3.750000000000015099e+00 1.490313640211377456e-03
-3.650000000000015454e+00 1.679410289942973164e-03
-3.550000000000015810e+00 2.114736517295367439e-03
-3.450000000000016165e+00 2.434882879959764101e-03
-3.350000000000016520e+00 2.897341904055826187e-03
-3.250000000000016875e+00 3.486162659903224194e-03
-3.150000000000017231e+00 4.207875888581796495e-03
-3.050000000000017586e+00 5.151509006301811799e-03
-2.950000000000017941e+00 6.521077646932106966e-03
-2.850000000000018296e+00 8.045121164323329813e-03
-2.750000000000018652e+00 9.937996760893966913e-03
-2.650000000000019007e+00 1.256563232622364898e-02
-2.550000000000019362e+00 1.515405396091593949e-02
-2.450000000000019718e+00 1.901647870790891537e-02
-2.350000000000020073e+00 2.339391062026002083e-02
-2.250000000000020428e+00 2.852284950332659857e-02
-2.150000000000020783e+00 3.466573385079536884e-02
-2.050000000000021139e+00 4.269390162405334310e-02
-1.950000000000021272e+00 5.132028085760088204e-02
-1.850000000000021627e+00 6.249674494891511306e-02
-1.750000000000021982e+00 7.425737129905404799e-02
-1.650000000000022338e+00 8.854657381342559419e-02
-1.550000000000022693e+00 1.058788363135766408e-01
-1.450000000000023048e+00 1.239528096728234330e-01
-1.350000000000023404e+00 1.446956153376893761e-01
-1.250000000000023759e+00 1.670180495295208456e-01
-1.150000000000024114e+00 1.910768205500755212e-01
-1.050000000000024469e+00 2.174306974267780079e-01
-9.500000000000248246e-01 2.443066945220458974e-01
-8.500000000000251799e-01 2.709227519060486422e-01
-7.500000000000255351e-01 3.002824207923454614e-01
-6.500000000000258904e-01 3.279485196216406218e-01
-5.500000000000262457e-01 3.540813685050928084e-01
-4.500000000000266565e-01 3.775982133236935878e-01
-3.500000000000270117e-01 3.972917072761865676e-01
-2.500000000000273670e-01 4.135081786578723162e-01
-1.500000000000277223e-01 4.243028228982436145e-01
-5.000000000002806366e-02 4.304928671570318333e-01
4.999999999997158107e-02 4.324562393762748091e-01
1.499999999999712119e-01 4.240635884371969921e-01
2.499999999999708566e-01 4.124582256650556333e-01
3.499999999999705014e-01 3.970299911443797569e-01
4.499999999999701461e-01 3.771236141973870470e-01
5.499999999999698463e-01 3.533758199662425659e-01
6.499999999999694911e-01 3.260669217156481059e-01
7.499999999999691358e-01 2.991788729706447159e-01
8.499999999999687805e-01 2.704394254688634591e-01
9.499999999999684253e-01 2.439294004894131396e-01
1.049999999999968070e+00 2.173554833387658647e-01
1.149999999999967715e+00 1.911715162957332292e-01
1.249999999999967359e+00 1.659583593934012558e-01
1.349999999999967004e+00 1.437745523432045203e-01
1.449999999999966649e+00 1.241109995535395194e-01
1.549999999999966294e+00 1.052451259266048433e-01
1.649999999999965938e+00 8.881415729274874660e-02
1.749999999999965583e+00 7.500148511705725940e-02
1.849999999999965228e+00 6.212974088755487262e-02
1.949999999999964873e+00 5.124642304087405342e-02
2.049999999999964295e+00 4.259386187469038632e-02
2.149999999999963940e+00 3.499622915304902854e-02
2.249999999999963585e+00 2.840396937676266387e-02
2.349999999999963229e+00 2.351737553345111670e-02
2.449999999999962874e+00 1.906795804842990535e-02
2.549999999999962519e+00 1.529634450922881875e-02
2.649999999999962164e+00 1.230630441124521204e-02
2.749999999999961808e+00 1.011400244430750439e-02
2.849999999999961453e+00 8.063836233851219212e-03
2.949999999999961098e+00 6.427472815134276096e-03
3.049999999999960743e+00 5.392070254475211412e-03
3.149999999999960387e+00 4.271561670669618907e-03
3.249999999999960032e+00 3.454334510938499286e-03
3.349999999999959677e+00 2.821493906638731976e-03
3.449999999999959321e+00 2.360929239718198742e-03
3.549999999999958966e+00 2.050151468377138346e-03
3.649999999999958611e+00 1.715941162168348969e-03
3.749999999999958256e+00 1.502483226580242619e-03
3.849999999999957900e+00 1.288103911042949275e-03
3.949999999999957545e+00 1.167351540422266465e-03
4.049999999999957190e+00 9.979060822469364850e-04
4.149999999999956835e+00 8.434459475651872977e-04
4.249999999999956479e+00 8.069371884585921318e-04
4.349999999999956124e+00 6.562289129299334924e-04
4.449999999999955769e+00 5.953809810856079991e-04
4.549999999999955413e+00 4.933363089532226322e-04
4.649999999999955058e+00 4.512108176763819645e-04
4.749999999999954703e+00 4.044047162576701175e-04
4.849999999999954348e+00 3.847461536618111862e-04
4.949999999999953992e+00 3.632153470092037723e-04
5.049999999999953637e+00 3.473012725268416435e-04
5.149999999999953282e+00 2.836449745973936161e-04
5.249999999999952927e+00 2.555613137461665405e-04
5.349999999999952571e+00 2.209247986963198030e-04
5.449999999999952216e+00 2.078190902990804793e-04
5.549999999999951861e+00 1.984578700153381207e-04
5.649999999999951505e+00 1.947133819018411556e-04
5.749999999999951150e+00 1.759909413343564385e-04
5.849999999999950795e+00 1.366738161426385217e-04
5.949999999999950440e+00 1.647574769938655974e-04
6.049999999999950084e+00 1.273125958588961631e-04
6.149999999999949729e+00 1.301209619440188599e-04
6.249999999999949374e+00 1.207597416602765013e-04
6.349999999999949019e+00 1.095262773197856738e-04
6.449999999999948663e+00 8.237873849693279869e-05
6.549999999999948308e+00 7.020915212806774341e-05
6.649999999999947953e+00 5.991180981595113679e-05
6.749999999999947597e+00 5.242283358895724046e-05
6.849999999999947242e+00 4.961446750383453018e-05
6.949999999999946887e+00 4.680610141871181990e-05
7.049999999999946532e+00 5.148671156058300596e-05
7.149999999999946176e+00 3.931712519171793035e-05
7.249999999999945821e+00 3.182814896472404079e-05
7.349999999999945466e+00 3.463651504984675107e-05
7.449999999999945111e+00 3.276427099309828206e-05
7.549999999999944755e+00 3.370039302147251656e-05
7.649999999999944400e+00 1.965856259585896517e-05
7.749999999999944045e+00 1.404183042561354800e-05
7.849999999999943689e+00 1.685019651073625489e-05
7.949999999999943334e+00 1.123346434049083773e-05
