-7.950000000000000178e+00 2.845810966257678964e-06
-7.850000000000000533e+00 4.493385736196335429e-06
-7.750000000000000888e+00 2.546251917177923127e-06
-7.650000000000001243e+00 4.193826687116579169e-06
-7.550000000000001599e+00 5.691621932515357081e-06
-7.450000000000001954e+00 5.541842407975480645e-06
-7.350000000000002309e+00 5.991180981595113341e-06
-7.250000000000002665e+00 6.140960506134991471e-06
-7.150000000000003020e+00 7.039637653374258556e-06
-7.050000000000003375e+00 7.189417177914136686e-06
-6.950000000000003730e+00 1.003522814417181438e-05
-6.850000000000004086e+00 1.078412576687120503e-05
-6.750000000000004441e+00 9.436110046012303554e-06
-6.650000000000004796e+00 1.273125958588961564e-05
-6.550000000000005151e+00 1.437883435582827337e-05
-6.450000000000005507e+00 1.542729102760741520e-05
-6.350000000000005862e+00 1.497795245398778420e-05
-6.250000000000006217e+00 1.767398389570558546e-05
-6.150000000000006573e+00 2.096913343558289754e-05
-6.050000000000006928e+00 1.977089723926387250e-05
-5.950000000000007283e+00 2.366516487730069710e-05
-5.850000000000007638e+00 2.546251917177923127e-05
-5.750000000000007994e+00 3.235237730061361509e-05
-5.650000000000008349e+00 3.340083397239275692e-05
-5.550000000000008704e+00 3.669598351227007916e-05
-5.450000000000009059e+00 4.403518021472408551e-05
-5.350000000000009415e+00 4.343606211656457299e-05
-5.250000000000009770e+00 5.541842407975479628e-05
-5.150000000000010125e+00 5.931269171779162427e-05
-5.050000000000010481e+00 7.114527415644198468e-05
-4.950000000000010836e+00 7.249446924363582415e-05
-4.850000000000011191e+00 9.016727377300645468e-05
-4.750000000000011546e+00 9.885448619631936927e-05
-4.650000000000011902e+00 1.127839819785279862e-04
-4.550000000000012257e+00 1.454359183282213745e-04
-4.450000000000012612e+00 1.647574769938656787e-04
-4.350000000000012967e+00 2.081935391104303059e-04
-4.250000000000013323e+00 2.451902610381151708e-04
-4.150000000000013678e+00 2.968630176380381860e-04
-4.050000000000014033e+00 3.853827166411061354e-04
-3.950000000000014388e+00 4.706072661042966405e-04
-3.850000000000014744e+00 5.862382384154165259e-04
-3.750000000000015099e+00 7.694197762940203043e-04
-3.650000000000015454e+00 1.009064656825152699e-03
-3.550000000000015810e+00 1.283761484197621251e-03
-3.450000000000016165e+00 1.681426121850993025e-03
-3.350000000000016520e+00 2.171357305353598804e-03
-3.250000000000016875e+00 2.808219843697153627e-03
-3.150000000000017231e+00 3.653124962260261704e-03
-3.050000000000017586e+00 4.728691727981114770e-03
-2.950000000000017941e+00 6.052142427449128115e-03
-2.850000000000018296e+00 7.805316479653721766e-03
-2.750000000000018652e+00 1.003088807605907740e-02
-2.650000000000019007e+00 1.274459468103889340e-02
-2.550000000000019362e+00 1.609037205894346678e-02
-2.450000000000019718e+00 2.021770253399714917e-02
-2.350000000000020073e+00 2.525868575001151764e-02
-2.250000000000020428e+00 3.141642274226250087e-02
-2.150000000000020783e+00 3.874366184944528363e-02
-2.050000000000021139e+00 4.726806157084999932e-02
-1.950000000000021272e+00 5.739391458293272019e-02
-1.850000000000021627e+00 6.923758306513444483e-02
-1.750000000000021982e+00 8.278607393854126029e-02
-1.650000000000022338e+00 9.809671855942588004e-02
-1.550000000000022693e+00 1.152850087348723518e-01
-1.450000000000023048e+00 1.341451415013321102e-01
-1.350000000000023404e+00 1.547931782998265560e-01
-1.250000000000023759e+00 1.773680885830685450e-01
-1.150000000000024114e+00 2.007732833804171946e-01
-1.050000000000024469e+00 2.257351556461694719e-01
-9.500000000000248246e-01 2.508082657446361607e-01
-8.500000000000251799e-01 2.756898219836296238e-01
-7.500000000000255351e-01 3.001614835560720840e-01
-6.500000000000258904e-01 3.241453945933627789e-01
-5.500000000000262457e-01 3.455240830379903150e-01
-4.500000000000266565e-01 3.645172212016049018e-01
-3.500000000000270117e-01 3.807659774418674092e-01
-2.500000000000273670e-01 3.938660272394289841e-01
-1.500000000000277223e-01 4.018504812097984935e-01
-5.000000000002806366e-02 4.069243486973276869e-01
4.999999999997158107e-02 4.069704654591236315e-01
1.499999999999712119e-01 4.023872615415904352e-01
2.499999999999708566e-01 3.939824542840169030e-01
3.499999999999705014e-01 3.813556499950506717e-01
4.499999999999701461e-01 3.651996190741418902e-01
5.499999999999698463e-01 3.461694664981042613e-01
6.499999999999694911e-01 3.245788211563911396e-01
7.499999999999691358e-01 3.012391861542262905e-01
8.499999999999687805e-01 2.766341783477552774e-01
9.499999999999684253e-01 2.511225279538141786e-01
1.049999999999968070e+00 2.260673064839159307e-01
1.149999999999967715e+00 2.016174891347435327e-01
1.249999999999967359e+00 1.774094171175445434e-01
1.349999999999967004e+00 1.552239890283240165e-01
1.449999999999966649e+00 1.344333066922498710e-01
1.549999999999966294e+00 1.154151541686679050e-01
1.649999999999965938e+00 9.817265206090235174e-02
1.749999999999965583e+00 8.285601507966974810e-02
1.849999999999965228e+00 6.934468250137854062e-02
1.949999999999964873e+00 5.740767660869536965e-02
2.049999999999964295e+00 4.737709398851702031e-02
2.149999999999963940e+00 3.851672935863868774e-02
2.249999999999963585e+00 3.121825853446457202e-02
2.349999999999963229e+00 2.526797679799832469e-02
2.449999999999962874e+00 2.003586429437401520e-02
2.549999999999962519e+00 1.595602100479749652e-02
2.649999999999962164e+00 1.273022056414840550e-02
2.749999999999961808e+00 9.845613162935919552e-03
2.849999999999961453e+00 7.687734835424578361e-03
2.949999999999961098e+00 6.020990645077503936e-03
3.049999999999960743e+00 4.642421080578816063e-03
3.149999999999960387e+00 3.541839954893468301e-03
3.249999999999960032e+00 2.733627281743625150e-03
3.349999999999959677e+00 2.088826428599457365e-03
3.449999999999959321e+00 1.611928422464490359e-03
3.549999999999958966e+00 1.234033502684046997e-03
3.649999999999958611e+00 9.314800424798316564e-04
3.749999999999958256e+00 7.229857649539888145e-04
3.849999999999957900e+00 5.676643980061368963e-04
3.949999999999957545e+00 4.384046683282229358e-04
4.049999999999957190e+00 3.380535662528395911e-04
4.149999999999956835e+00 2.678069692436367837e-04
4.249999999999956479e+00 2.203256805981604598e-04
4.349999999999956124e+00 1.782376342024546935e-04
4.449999999999955769e+00 1.458852569018410309e-04
4.549999999999955413e+00 1.153302338957059127e-04
4.649999999999955058e+00 1.102377300613500868e-04
4.749999999999954703e+00 9.046683282208620755e-05
4.849999999999954348e+00 7.294262845092050192e-05
4.949999999999953992e+00 6.305835919762352738e-05
5.049999999999953637e+00 5.302195168711675976e-05
5.149999999999953282e+00 5.362106978527626550e-05
5.249999999999952927e+00 4.433473926380384516e-05
5.349999999999952571e+00 3.774444018404922099e-05
5.449999999999952216e+00 3.489862921779153483e-05
5.549999999999951861e+00 3.564752684049093056e-05
5.649999999999951505e+00 2.696031441717800919e-05
5.749999999999951150e+00 2.621141679447862023e-05
5.849999999999950795e+00 2.636119631901850005e-05
5.949999999999950440e+00 2.546251917177923127e-05
6.049999999999950084e+00 2.051979486196326484e-05
6.149999999999949729e+00 1.677530674846632006e-05
6.249999999999949374e+00 1.722464532208595276e-05
6.349999999999949019e+00 1.228192101226998294e-05
6.449999999999948663e+00 1.258148006134973751e-05
6.549999999999948308e+00 1.078412576687120503e-05
6.649999999999947953e+00 8.237873849693281902e-06
6.749999999999947597e+00 1.018500766871169251e-05
6.849999999999947242e+00 8.687212423312914598e-06
6.949999999999946887e+00 9.436110046012303554e-06
7.049999999999946532e+00 8.088094325153403772e-06
7.149999999999946176e+00 6.440519555214746884e-06
7.249999999999945821e+00 7.788535276073647512e-06
7.349999999999945466e+00 6.740078604294503144e-06
7.449999999999945111e+00 4.193826687116579169e-06
7.549999999999944755e+00 4.193826687116579169e-06
7.649999999999944400e+00 4.044047162576701886e-06
7.749999999999944045e+00 3.145370015337434377e-06
7.849999999999943689e+00 2.696031441717801257e-06
7.949999999999943334e+00 2.396472392638045421e-06
