-7.950000000000000178e+00 4.249994008819033713e-04
-7.850000000000000533e+00 4.568275498466274121e-04
-7.750000000000000888e+00 5.242283358895725130e-04
-7.650000000000001243e+00 5.373340442868118367e-04
-7.550000000000001599e+00 5.832040236771494695e-04
-7.450000000000001954e+00 4.970881681063130716e-04
-7.350000000000002309e+00 5.850910098130848464e-04
-7.250000000000002665e+00 5.972532251423564274e-04
-7.150000000000003020e+00 6.272238721295190968e-04
-7.050000000000003375e+00 6.759243307237598492e-04
-6.950000000000003730e+00 6.712658337006691470e-04
-6.850000000000004086e+00 7.639345434701250983e-04
-6.750000000000004441e+00 7.583546664978470762e-04
-6.650000000000004796e+00 8.116915089963981081e-04
-6.550000000000005151e+00 8.369152064853480587e-04
-6.450000000000005507e+00 8.996353823864219803e-04
-6.350000000000005862e+00 9.689452676840829351e-04
-6.250000000000006217e+00 1.031709669822717919e-03
-6.150000000000006573e+00 1.090677986570701185e-03
-6.050000000000006928e+00 1.117847638512334523e-03
-5.950000000000007283e+00 1.192700545584305695e-03
-5.850000000000007638e+00 1.244172515065701881e-03
-5.750000000000007994e+00 1.291067068959535474e-03
-5.650000000000008349e+00 1.352025566397763081e-03
-5.550000000000008704e+00 1.370644812410938941e-03
-5.450000000000009059e+00 1.517667568142848410e-03
-5.350000000000009415e+00 1.692766613686391480e-03
-5.250000000000009770e+00 1.679624050091184460e-03
-5.150000000000010125e+00 1.863155564929689419e-03
-5.050000000000010481e+00 1.881981200051483644e-03
-4.950000000000010836e+00 2.101991989838209764e-03
-4.850000000000011191e+00 2.290233598976960938e-03
-4.750000000000011546e+00 2.467249114814813824e-03
-4.650000000000011902e+00 2.680788131838449800e-03
-4.550000000000012257e+00 2.718350949606915257e-03
-4.450000000000012612e+00 2.924511555997459308e-03
-4.350000000000012967e+00 3.096743267139132755e-03
-4.250000000000013323e+00 3.291581956714064328e-03
-4.150000000000013678e+00 3.519214401440467783e-03
-4.050000000000014033e+00 3.850623712603729563e-03
-3.950000000000014388e+00 4.161770035924465191e-03
-3.850000000000014744e+00 4.406333758597134886e-03
-3.750000000000015099e+00 4.729472763336491428e-03
-3.650000000000015454e+00 4.996341251819084311e-03
-3.550000000000015810e+00 5.394539552739031907e-03
-3.450000000000016165e+00 5.977433992753255348e-03
-3.350000000000016520e+00 6.123328979427361193e-03
-3.250000000000016875e+00 6.586856804264479975e-03
-3.150000000000017231e+00 7.271803287450682475e-03
-3.050000000000017586e+00 7.942405727587930481e-03
-2.950000000000017941e+00 8.396071101448944474e-03
-2.850000000000018296e+00 9.294696651411041288e-03
-2.750000000000018652e+00 1.004469993004944439e-02
-2.650000000000019007e+00 1.084072797990964440e-02
-2.550000000000019362e+00 1.194148217760464259e-02
-2.450000000000019718e+00 1.307755102599208498e-02
-2.350000000000020073e+00 1.431099130740964495e-02
-2.250000000000020428e+00 1.554538245293477644e-02
-2.150000000000020783e+00 1.736683267584447632e-02
-2.050000000000021139e+00 1.942748050460279402e-02
-1.950000000000021272e+00 2.172933086197914934e-02
-1.850000000000021627e+00 2.475086741214585842e-02
-1.750000000000021982e+00 2.796871685980618916e-02
-1.650000000000022338e+00 3.140398986235587442e-02
-1.550000000000022693e+00 3.589842965721397328e-02
-1.450000000000023048e+00 4.162947190947517695e-02
-1.350000000000023404e+00 4.744263491384759224e-02
-1.250000000000023759e+00 5.425266468388428853e-02
-1.150000000000024114e+00 6.338347364097349224e-02
-1.050000000000024469e+00 7.468709553631547315e-02
-9.500000000000248246e-01 8.961801338665738303e-02
-8.500000000000251799e-01 1.082158907560516747e-01
-7.500000000000255351e-01 1.352617829429108576e-01
-6.500000000000258904e-01 1.687026490313370541e-01
-5.500000000000262457e-01 2.167945545967387422e-01
-4.500000000000266565e-01 2.835900456103440104e-01
-3.500000000000270117e-01 3.872797642460881207e-01
-2.500000000000273670e-01 5.589038289967900308e-01
-1.500000000000277223e-01 8.611554156454972464e-01
-5.000000000002806366e-02 1.528179776259116274e+00
4.999999999997158107e-02 1.524352651420737281e+00
1.499999999999712119e-01 8.686931660414820566e-01
2.499999999999708566e-01 5.577009269324083585e-01
3.499999999999705014e-01 3.851666419864637758e-01
4.499999999999701461e-01 2.820861987414389205e-01
5.499999999999698463e-01 2.143854482422376251e-01
6.499999999999694911e-01 1.671498216043332818e-01
7.499999999999691358e-01 1.339883105454609258e-01
8.499999999999687805e-01 1.097271897459857065e-01
9.499999999999684253e-01 9.122463466061450643e-02
1.049999999999968070e+00 7.637243214209164799e-02
1.149999999999967715e+00 6.404142737716833622e-02
1.249999999999967359e+00 5.521966399711566303e-02
1.349999999999967004e+00 4.698762063974096237e-02
1.449999999999966649e+00 4.040006358671528741e-02
1.549999999999966294e+00 3.540275672870963480e-02
1.649999999999965938e+00 3.056476752047777509e-02
1.749999999999965583e+00 2.718667167205483098e-02
1.849999999999965228e+00 2.415522107363488047e-02
1.949999999999964873e+00 2.139027041171782939e-02
2.049999999999964295e+00 1.931649476144348815e-02
2.149999999999963940e+00 1.696015767939200100e-02
2.249999999999963585e+00 1.544079477214263182e-02
2.349999999999963229e+00 1.389033344884830871e-02
2.449999999999962874e+00 1.251774268198470492e-02
2.549999999999962519e+00 1.165959151043050555e-02
2.649999999999962164e+00 1.065216204502878600e-02
2.749999999999961808e+00 9.867264264954765315e-03
2.849999999999961453e+00 8.680585858718364856e-03
2.949999999999961098e+00 8.042718205415844840e-03
3.049999999999960743e+00 7.371732471219732269e-03
3.149999999999960387e+00 6.919283318891644025e-03
3.249999999999960032e+00 6.387197454795399965e-03
3.349999999999959677e+00 5.715946363173917549e-03
3.449999999999959321e+00 5.458203221708072921e-03
3.549999999999958966e+00 5.190170108969707416e-03
3.649999999999958611e+00 4.749123954892756939e-03
3.749999999999958256e+00 4.386601485605340182e-03
3.849999999999957900e+00 4.241414118732210470e-03
3.949999999999957545e+00 3.713028516511902855e-03
4.049999999999957190e+00 3.530366784345429811e-03
4.149999999999956835e+00 3.406776563481249756e-03
4.249999999999956479e+00 3.149166100728090049e-03
4.349999999999956124e+00 2.936636916128763410e-03
4.449999999999955769e+00 2.728640920879437867e-03
4.549999999999955413e+00 2.528244467451009128e-03
4.649999999999955058e+00 2.453258881666354335e-03
4.749999999999954703e+00 2.284749545519397865e-03
4.849999999999954348e+00 2.114390078434473172e-03
4.949999999999953992e+00 1.969151114284189465e-03
5.049999999999953637e+00 1.926045274741413791e-03
5.149999999999953282e+00 1.789371458598775378e-03
5.249999999999952927e+00 1.677965566182647653e-03
5.349999999999952571e+00 1.566375397776682745e-03
5.449999999999952216e+00 1.548707015871068210e-03
5.549999999999951861e+00 1.468082584797387926e-03
5.649999999999951505e+00 1.420318248231521550e-03
5.749999999999951150e+00 1.270538723691643813e-03
5.849999999999950795e+00 1.189037138906337381e-03
5.949999999999950440e+00 1.194609644839021712e-03
6.049999999999950084e+00 1.139466897640063845e-03
6.149999999999949729e+00 1.043002102479956500e-03
6.249999999999949374e+00 9.156157962251254860e-04
6.349999999999949019e+00 8.622568406077939229e-04
6.449999999999948663e+00 8.220551906648562203e-04
6.549999999999948308e+00 8.070182698941205657e-04
6.649999999999947953e+00 7.611188063454089273e-04
6.749999999999947597e+00 7.517575860616664604e-04
6.849999999999947242e+00 7.199220660573489453e-04
6.949999999999946887e+00 6.759022176049793180e-04
7.049999999999946532e+00 5.860492449602395376e-04
7.149999999999946176e+00 5.598304571261675244e-04
7.249999999999945821e+00 4.886925540093188785e-04
7.349999999999945466e+00 5.307959321673792318e-04
7.449999999999945111e+00 4.924223000436288951e-04
7.549999999999944755e+00 4.390412313075169092e-04
7.649999999999944400e+00 4.708767513118344242e-04
7.749999999999944045e+00 4.343606211656457841e-04
7.849999999999943689e+00 4.090853263995413510e-04
7.949999999999943334e+00 4.100214484279155651e-04
