-7.950000000000000178e+00 5.991180981595113552e-07
-7.850000000000000533e+00 7.488976226993891676e-07
-7.750000000000000888e+00 5.991180981595113552e-07
-7.650000000000001243e+00 8.986771472392669799e-07
-7.550000000000001599e+00 1.947133819018411878e-06
-7.450000000000001954e+00 1.797354294478534172e-06
-7.350000000000002309e+00 2.396472392638045421e-06
-7.250000000000002665e+00 1.647574769938656465e-06
-7.150000000000003020e+00 3.444929064417190213e-06
-7.050000000000003375e+00 2.995590490797556670e-06
-6.950000000000003730e+00 4.343606211656457299e-06
-6.850000000000004086e+00 8.088094325153402078e-06
-6.750000000000004441e+00 8.237873849693281902e-06
-6.650000000000004796e+00 1.138324386503071586e-05
-6.550000000000005151e+00 1.377971625766876085e-05
-6.450000000000005507e+00 1.677530674846631668e-05
-6.350000000000005862e+00 2.066957438650314128e-05
-6.250000000000006217e+00 2.456384202453996588e-05
-6.150000000000006573e+00 3.325105444785288048e-05
-6.050000000000006928e+00 4.059025115030689360e-05
-5.950000000000007283e+00 5.092503834355846255e-05
-5.850000000000007638e+00 5.107481786809834576e-05
-5.750000000000007994e+00 6.740078604294503313e-05
-5.650000000000008349e+00 8.342719516871194730e-05
-5.550000000000008704e+00 1.058941238496936160e-04
-5.450000000000009059e+00 1.365989263803686106e-04
-5.350000000000009415e+00 1.584667369631907871e-04
-5.250000000000009770e+00 1.920173504601234882e-04
-5.150000000000010125e+00 2.562727664877311839e-04
-5.050000000000010481e+00 3.049511119631915677e-04
-4.950000000000010836e+00 3.471889378834371563e-04
-4.850000000000011191e+00 4.476909988496952748e-04
-4.750000000000011546e+00 5.224309815950941042e-04
-4.650000000000011902e+00 6.182898773006151316e-04
-4.550000000000012257e+00 7.506949769938659010e-04
-4.450000000000012612e+00 9.088621549079754173e-04
-4.350000000000012967e+00 1.095787001533741209e-03
-4.250000000000013323e+00 1.293046635352758421e-03
-4.150000000000013678e+00 1.566394267638033079e-03
-4.050000000000014033e+00 1.860111915260730716e-03
-3.950000000000014388e+00 2.178692963957047733e-03
-3.850000000000014744e+00 2.650498466257658614e-03
-3.750000000000015099e+00 3.127546251917165225e-03
-3.650000000000015454e+00 3.688021232745383390e-03
-3.550000000000015810e+00 4.340910180214705046e-03
-3.450000000000016165e+00 5.133543424079731361e-03
-3.350000000000016520e+00 6.008257026758944373e-03
-3.250000000000016875e+00 7.042183905291376188e-03
-3.150000000000017231e+00 8.281759250383394222e-03
-3.050000000000017586e+00 9.798876054447801937e-03
-2.950000000000017941e+00 1.140750814800607638e-02
-2.850000000000018296e+00 1.330865965299072792e-02
-2.750000000000018652e+00 1.555475458235708493e-02
-2.650000000000019007e+00 1.802462012138665234e-02
-2.550000000000019362e+00 2.106858703987872158e-02
-2.450000000000019718e+00 2.443787744440407972e-02
-2.350000000000020073e+00 2.819824572560212725e-02
-2.250000000000020428e+00 3.269492425260600577e-02
-2.150000000000020783e+00 3.773380701717579666e-02
-2.050000000000021139e+00 4.376842406088693460e-02
-1.950000000000021272e+00 5.030450531149050636e-02
-1.850000000000021627e+00 5.802488972453218735e-02
-1.750000000000021982e+00 6.666193072459142277e-02
-1.650000000000022338e+00 7.621097217337724494e-02
-1.550000000000022693e+00 8.762612615333567612e-02
-1.450000000000023048e+00 1.006290775411784050e-01
-1.350000000000023404e+00 1.148647321064787535e-01
-1.250000000000023759e+00 1.312804205752590991e-01
-1.150000000000024114e+00 1.497470318179991156e-01
-1.050000000000024469e+00 1.710928737308279324e-01
-9.500000000000248246e-01 1.951988503631425509e-01
-8.500000000000251799e-01 2.221781903180312101e-01
-7.500000000000255351e-01 2.533441828746226254e-01
-6.500000000000258904e-01 2.883849563993183263e-01
-5.500000000000262457e-01 3.272707094841741937e-01
-4.500000000000266565e-01 3.725078904325599960e-01
-3.500000000000270117e-01 4.236754371581004097e-01
-2.500000000000273670e-01 4.811015354689278656e-01
-1.500000000000277223e-01 5.460447390732410256e-01
-5.000000000002806366e-02 6.141451818356988834e-01
4.999999999997158107e-02 6.109584903620824958e-01
1.499999999999712119e-01 5.413169731478310043e-01
2.499999999999708566e-01 4.762730905776042523e-01
3.499999999999705014e-01 4.184782527678551078e-01
4.499999999999701461e-01 3.679918797325938407e-01
5.499999999999698463e-01 3.232828532306257774e-01
6.499999999999694911e-01 2.838746290657180316e-01
7.499999999999691358e-01 2.491808805469861721e-01
8.499999999999687805e-01 2.188479900106792830e-01
9.499999999999684253e-01 1.920089828559876644e-01
1.049999999999968070e+00 1.683457651125096488e-01
1.149999999999967715e+00 1.470996940535191089e-01
1.249999999999967359e+00 1.286980611783697936e-01
1.349999999999967004e+00 1.120205722530896869e-01
1.449999999999966649e+00 9.784557485712891411e-02
1.549999999999966294e+00 8.523279323388074924e-02
1.649999999999965938e+00 7.426114350228282812e-02
1.749999999999965583e+00 6.459632012229477027e-02
1.849999999999965228e+00 5.601080327867804382e-02
1.949999999999964873e+00 4.860930537021353193e-02
2.049999999999964295e+00 4.216788359975293804e-02
2.149999999999963940e+00 3.634041163848054923e-02
2.249999999999963585e+00 3.153652940981475916e-02
2.349999999999963229e+00 2.707744436410362138e-02
2.449999999999962874e+00 2.336426017123466314e-02
2.549999999999962519e+00 2.017799916633071511e-02
2.649999999999962164e+00 1.727407374455077957e-02
2.749999999999961808e+00 1.484614765175889563e-02
2.849999999999961453e+00 1.255571916249510409e-02
2.949999999999961098e+00 1.083250455329749090e-02
3.049999999999960743e+00 9.257575211493358075e-03
3.149999999999960387e+00 7.907310439033702482e-03
3.249999999999960032e+00 6.673127156825121517e-03
3.349999999999959677e+00 5.672150594325126374e-03
3.449999999999959321e+00 4.785306029524517835e-03
3.549999999999958966e+00 4.033713554749752614e-03
3.649999999999958611e+00 3.472937835506120612e-03
3.749999999999958256e+00 2.863634729677903053e-03
3.849999999999957900e+00 2.432269699003058918e-03
3.949999999999957545e+00 2.034754840874226749e-03
4.049999999999957190e+00 1.700896280674842010e-03
4.149999999999956835e+00 1.413768932131898720e-03
4.249999999999956479e+00 1.185954275306746932e-03
4.349999999999956124e+00 1.011161570168710860e-03
4.449999999999955769e+00 8.341221721625770216e-04
4.549999999999955413e+00 6.895849309815963151e-04
4.649999999999955058e+00 5.809947756901858449e-04
4.749999999999954703e+00 4.777966832822106011e-04
4.849999999999954348e+00 3.846338190184067532e-04
4.949999999999953992e+00 3.239731115797561461e-04
5.049999999999953637e+00 2.552243098159520489e-04
5.149999999999953282e+00 2.146340586656450740e-04
5.249999999999952927e+00 1.791363113496940063e-04
5.349999999999952571e+00 1.433390049846630773e-04
5.449999999999952216e+00 1.217707534509206808e-04
5.549999999999951861e+00 9.241396664110461477e-05
5.649999999999951505e+00 7.459020322085915626e-05
5.749999999999951150e+00 6.320695935582845227e-05
5.849999999999950795e+00 5.511886503067504341e-05
5.949999999999950440e+00 3.639642446319031274e-05
6.049999999999950084e+00 3.399995207055226944e-05
6.149999999999949729e+00 2.321582630368106441e-05
6.249999999999949374e+00 2.321582630368106441e-05
6.349999999999949019e+00 1.947133819018411963e-05
6.449999999999948663e+00 1.467839340490802794e-05
6.549999999999948308e+00 1.078412576687120503e-05
6.649999999999947953e+00 8.088094325153402078e-06
6.749999999999947597e+00 7.039637653374257709e-06
6.849999999999947242e+00 6.140960506134990624e-06
6.949999999999946887e+00 4.044047162576701039e-06
7.049999999999946532e+00 2.995590490797556670e-06
7.149999999999946176e+00 2.995590490797556670e-06
7.249999999999945821e+00 1.947133819018411878e-06
7.349999999999945466e+00 1.048456671779144792e-06
7.449999999999945111e+00 1.048456671779144792e-06
7.549999999999944755e+00 1.348015720858900629e-06
7.649999999999944400e+00 5.991180981595113552e-07
7.749999999999944045e+00 4.493385736196335429e-07
7.849999999999943689e+00 0.000000000000000000e+00
7.949999999999943334e+00 1.497795245398778388e-07
