-7.950000000000000178e+00 8.425098255368129141e-06
-7.850000000000000533e+00 1.404183042561354800e-05
-7.750000000000000888e+00 1.216958636886507561e-05
-7.650000000000001243e+00 1.029734231211660153e-05
-7.550000000000001599e+00 1.591407448236201701e-05
-7.450000000000001954e+00 1.591407448236202039e-05
-7.350000000000002309e+00 1.685019651073625489e-05
-7.250000000000002665e+00 1.591407448236202039e-05
-7.150000000000003020e+00 1.872244056748473067e-05
-7.050000000000003375e+00 2.153080665260744095e-05
-6.950000000000003730e+00 3.463651504984675107e-05
-6.850000000000004086e+00 3.089202693634979951e-05
-6.750000000000004441e+00 2.153080665260744095e-05
-6.650000000000004796e+00 3.463651504984675107e-05
-6.550000000000005151e+00 3.463651504984675107e-05
-6.450000000000005507e+00 2.901978287960133051e-05
-6.350000000000005862e+00 3.931712519171793035e-05
-6.250000000000006217e+00 4.493385736196335090e-05
-6.150000000000006573e+00 5.335895561733148174e-05
-6.050000000000006928e+00 5.710344373082842652e-05
-5.950000000000007283e+00 7.020915212806774341e-05
-5.850000000000007638e+00 7.020915212806772986e-05
-5.750000000000007994e+00 9.642056892254635009e-05
-5.650000000000008349e+00 9.173995878067518436e-05
-5.550000000000008704e+00 1.170152535467795633e-04
-5.450000000000009059e+00 1.198236196319022736e-04
-5.350000000000009415e+00 1.638213549654913561e-04
-5.250000000000009770e+00 1.787993074194791623e-04
-5.150000000000010125e+00 2.284137749233136790e-04
-5.050000000000010481e+00 2.274776528949394377e-04
-4.950000000000010836e+00 2.995590490797556908e-04
-4.850000000000011191e+00 2.967506829946329940e-04
-4.750000000000011546e+00 3.182814896472404079e-04
-4.650000000000011902e+00 3.791294214915657927e-04
-4.550000000000012257e+00 4.427857194210138743e-04
-4.450000000000012612e+00 5.401424103719345334e-04
-4.350000000000012967e+00 5.729066813650327342e-04
-4.250000000000013323e+00 7.030276433090518109e-04
-4.150000000000013678e+00 7.620180731758156075e-04
-4.050000000000014033e+00 1.034422212393124908e-03
-3.950000000000014388e+00 1.200145295573738780e-03
-3.850000000000014744e+00 1.525878906250004987e-03
-3.750000000000015099e+00 1.748675949003073056e-03
-3.650000000000015454e+00 2.212056353048321052e-03
-3.550000000000015810e+00 2.483531741276850426e-03
-3.450000000000016165e+00 3.081713717407990466e-03
-3.350000000000016520e+00 3.644323056460909392e-03
-3.250000000000016875e+00 4.287438889954013448e-03
-3.150000000000017231e+00 5.186116037193284206e-03
-3.050000000000017586e+00 6.285123298504642977e-03
-2.950000000000017941e+00 7.600382119410040160e-03
-2.850000000000018296e+00 9.114091439291156782e-03
-2.750000000000018652e+00 1.124844229294478040e-02
-2.650000000000019007e+00 1.337999215155287816e-02
-2.550000000000019362e+00 1.641489976754213764e-02
-2.450000000000019718e+00 1.976810361525791621e-02
-2.350000000000020073e+00 2.427270807371564518e-02
-2.250000000000020428e+00 2.910124760918879686e-02
-2.150000000000020783e+00 3.523939974923852303e-02
-2.050000000000021139e+00 4.253553483838704019e-02
-1.950000000000021272e+00 5.109185234059838987e-02
-1.850000000000021627e+00 6.164844148625775455e-02
-1.750000000000021982e+00 7.302143223521426196e-02
-1.650000000000022338e+00 8.659907881346710912e-02
-1.550000000000022693e+00 1.021883705492604433e-01
-1.450000000000023048e+00 1.211103156743827403e-01
-1.350000000000023404e+00 1.408766576111790680e-01
-1.250000000000023759e+00 1.618040267364264650e-01
-1.150000000000024114e+00 1.871719091308656768e-01
-1.050000000000024469e+00 2.140492846105380709e-01
-9.500000000000248246e-01 2.400785925008196708e-01
-8.500000000000251799e-01 2.698682067555653874e-01
-7.500000000000255351e-01 2.998115071858356018e-01
-6.500000000000258904e-01 3.273874434588233129e-01
-5.500000000000262457e-01 3.541646538814596790e-01
-4.500000000000266565e-01 3.785892938232765514e-01
-3.500000000000270117e-01 4.006356530981727282e-01
-2.500000000000273670e-01 4.170754817216206778e-01
-1.500000000000277223e-01 4.292789822436555713e-01
-5.000000000002806366e-02 4.355260193805808311e-01
4.999999999997158107e-02 4.348914318398974244e-01
1.499999999999712119e-01 4.268671707176235341e-01
2.499999999999708566e-01 4.172326028015954646e-01
3.499999999999705014e-01 3.991370544094582362e-01
4.499999999999701461e-01 3.790783917844638418e-01
5.499999999999698463e-01 3.546777814317213506e-01
6.499999999999694911e-01 3.279405883830381896e-01
7.499999999999691358e-01 2.993078882766495030e-01
8.499999999999687805e-01 2.700229617318307129e-01
9.499999999999684253e-01 2.408368366017237250e-01
1.049999999999968070e+00 2.133499056318278186e-01
1.149999999999967715e+00 1.874698834064327524e-01
1.249999999999967359e+00 1.631593545285622004e-01
1.349999999999967004e+00 1.412183790067336742e-01
1.449999999999966649e+00 1.205037675683129916e-01
1.549999999999966294e+00 1.029849956533277489e-01
1.649999999999965938e+00 8.722339112495715308e-02
1.749999999999965583e+00 7.352519119415266979e-02
1.849999999999965228e+00 6.170655476241289350e-02
1.949999999999964873e+00 5.119189946100095173e-02
2.049999999999964295e+00 4.227998826672006716e-02
2.149999999999963940e+00 3.551750170206157547e-02
2.249999999999963585e+00 2.923985263770493073e-02
2.349999999999963229e+00 2.416318916743544903e-02
2.449999999999962874e+00 1.992724436008154118e-02
2.549999999999962519e+00 1.642615534500141417e-02
2.649999999999962164e+00 1.368517530384246762e-02
2.749999999999961808e+00 1.124002456572900481e-02
2.849999999999961453e+00 9.269480324961686113e-03
2.949999999999961098e+00 7.693058200219090453e-03
3.049999999999960743e+00 6.161555190759244321e-03
3.149999999999960387e+00 5.112162396951718847e-03
3.249999999999960032e+00 4.313657677788084593e-03
3.349999999999959677e+00 3.619047761694805122e-03
3.449999999999959321e+00 3.018993541506916328e-03
3.549999999999958966e+00 2.559372367654351270e-03
3.649999999999958611e+00 2.183036570168719707e-03
3.749999999999958256e+00 1.780511469007390463e-03
3.849999999999957900e+00 1.519333423090978800e-03
3.949999999999957545e+00 1.231943960380088706e-03
4.049999999999957190e+00 9.988569463544975935e-04
4.149999999999956835e+00 7.891508699194815747e-04
4.249999999999956479e+00 6.814968366564443970e-04
4.349999999999956124e+00 5.598009729677934105e-04
4.449999999999955769e+00 5.551203628259222854e-04
4.549999999999955413e+00 4.830389666411060053e-04
4.649999999999955058e+00 3.763210554064430960e-04
4.749999999999954703e+00 3.220259777607372646e-04
4.849999999999954348e+00 2.920700728527617605e-04
4.949999999999953992e+00 2.808366085122709194e-04
5.049999999999953637e+00 2.171803105828228650e-04
5.149999999999953282e+00 1.909688937883442176e-04
5.249999999999952927e+00 1.928411378450927002e-04
5.349999999999952571e+00 1.853521616180987971e-04
5.449999999999952216e+00 1.619491109087429007e-04
5.549999999999951861e+00 1.039095451495402396e-04
5.649999999999951505e+00 1.067179112346629499e-04
5.749999999999951150e+00 8.893159269555246053e-05
5.849999999999950795e+00 7.301751821319044013e-05
5.949999999999950440e+00 5.710344373082842652e-05
6.049999999999950084e+00 5.242283358895724046e-05
6.149999999999949729e+00 4.680610141871182668e-05
6.249999999999949374e+00 2.433917273773014784e-05
6.349999999999949019e+00 2.901978287960133051e-05
6.449999999999948663e+00 2.995590490797557179e-05
6.549999999999948308e+00 2.433917273773014784e-05
6.649999999999947953e+00 1.778631853911049278e-05
6.749999999999947597e+00 3.182814896472404756e-05
6.849999999999947242e+00 2.059468462423319967e-05
6.949999999999946887e+00 2.433917273773015123e-05
7.049999999999946532e+00 3.089202693634980629e-05
7.149999999999946176e+00 2.995590490797557179e-05
7.249999999999945821e+00 2.527529476610438573e-05
7.349999999999945466e+00 1.591407448236202039e-05
7.449999999999945111e+00 1.404183042561354800e-05
7.549999999999944755e+00 1.404183042561354631e-05
7.649999999999944400e+00 1.029734231211660153e-05
7.749999999999944045e+00 7.488976226993892099e-06
7.849999999999943689e+00 1.123346434049083773e-05
7.949999999999943334e+00 5.616732170245418863e-06
