-7.950000000000000178e+00 9.454832486579788108e-05
-7.850000000000000533e+00 8.518710458205550897e-05
-7.750000000000000888e+00 1.076540332630371776e-04
-7.650000000000001243e+00 1.170152535467795362e-04
-7.550000000000001599e+00 1.310570839723930740e-04
-7.450000000000001954e+00 1.348015720858900392e-04
-7.350000000000002309e+00 1.787993074194791894e-04
-7.250000000000002665e+00 2.115635784125774444e-04
-7.150000000000003020e+00 2.546251917177923263e-04
-7.050000000000003375e+00 2.490084595475469328e-04
-6.950000000000003730e+00 3.061119032783753526e-04
-6.850000000000004086e+00 2.536890696894180579e-04
-6.750000000000004441e+00 2.649225340299089532e-04
-6.650000000000004796e+00 2.939423169095101889e-04
-6.550000000000005151e+00 3.370039302147251250e-04
-6.450000000000005507e+00 3.370039302147251250e-04
-6.350000000000005862e+00 3.622939670600165609e-04
-6.250000000000006217e+00 4.268790159782453282e-04
-6.150000000000006573e+00 4.371689872507684266e-04
-6.050000000000006928e+00 5.120808626394878806e-04
-5.950000000000007283e+00 5.719779303762520485e-04
-5.850000000000007638e+00 6.375138434020420327e-04
-5.750000000000007994e+00 7.133323566607618037e-04
-5.650000000000008349e+00 7.451605056254859529e-04
-5.550000000000008704e+00 8.200576389350182956e-04
-5.450000000000009059e+00 9.127337197440676128e-04
-5.350000000000009415e+00 9.492424788506628871e-04
-5.250000000000009770e+00 1.127098293202174117e-03
-5.150000000000010125e+00 1.199179689386990506e-03
-5.050000000000010481e+00 1.402340282662980012e-03
-4.950000000000010836e+00 1.493122006296500369e-03
-4.850000000000011191e+00 1.657886854329959333e-03
-4.750000000000011546e+00 1.786142943256823021e-03
-4.650000000000011902e+00 1.982721198175819294e-03
-4.550000000000012257e+00 2.128829944998135784e-03
-4.450000000000012612e+00 2.369391193171534963e-03
-4.350000000000012967e+00 2.602448723038753263e-03
-4.250000000000013323e+00 2.856145163767765879e-03
-4.150000000000013678e+00 3.224055862998029352e-03
-4.050000000000014033e+00 3.461816116125899633e-03
-3.950000000000014388e+00 3.896169366251953786e-03
-3.850000000000014744e+00 4.323055753269794757e-03
-3.750000000000015099e+00 4.809824465945213706e-03
-3.650000000000015454e+00 5.213322544332885458e-03
-3.550000000000015810e+00 5.848028021649806854e-03
-3.450000000000016165e+00 6.470512315320709092e-03
-3.350000000000016520e+00 7.109972113175436030e-03
-3.250000000000016875e+00 7.961902127312736610e-03
-3.150000000000017231e+00 8.897994671528583824e-03
-3.050000000000017586e+00 9.969928104412998510e-03
-2.950000000000017941e+00 1.123011051747575643e-02
-2.850000000000018296e+00 1.240970535466279917e-02
-2.750000000000018652e+00 1.386454955235024225e-02
-2.650000000000019007e+00 1.530728313198558357e-02
-2.550000000000019362e+00 1.735203899938030092e-02
-2.450000000000019718e+00 1.941444850660146992e-02
-2.350000000000020073e+00 2.190993607409902691e-02
-2.250000000000020428e+00 2.486489002361767786e-02
-2.150000000000020783e+00 2.746359425854296571e-02
-2.050000000000021139e+00 3.138342466189004976e-02
-1.950000000000021272e+00 3.511394465535719323e-02
-1.850000000000021627e+00 4.039022324885792325e-02
-1.750000000000021982e+00 4.588046837967872660e-02
-1.650000000000022338e+00 5.218090869845849744e-02
-1.550000000000022693e+00 6.006457461152575616e-02
-1.450000000000023048e+00 6.853734137994513254e-02
-1.350000000000023404e+00 7.839967441941217419e-02
-1.250000000000023759e+00 9.123890499326751946e-02
-1.150000000000024114e+00 1.056197442718652818e-01
-1.050000000000024469e+00 1.241849679358604658e-01
-9.500000000000248246e-01 1.464006915874971615e-01
-8.500000000000251799e-01 1.719475649363856329e-01
-7.500000000000255351e-01 2.041164991746367008e-01
-6.500000000000258904e-01 2.454624145619895281e-01
-5.500000000000262457e-01 2.951169436660140422e-01
-4.500000000000266565e-01 3.591911132010575103e-01
-3.500000000000270117e-01 4.411803954500297387e-01
-2.500000000000273670e-01 5.495919135968915237e-01
-1.500000000000277223e-01 6.966347775248094010e-01
-5.000000000002806366e-02 8.976973075750677156e-01
4.999999999997158107e-02 9.016162534536636963e-01
1.499999999999712119e-01 6.972085982150837413e-01
2.499999999999708566e-01 5.474065846334090768e-01
3.499999999999705014e-01 4.396285041450543329e-01
4.499999999999701461e-01 3.556409035781264993e-01
5.499999999999698463e-01 2.936237037230842173e-01
6.499999999999694911e-01 2.424960797273387758e-01
7.499999999999691358e-01 2.011028717499537544e-01
8.499999999999687805e-01 1.691151618911484189e-01
9.499999999999684253e-01 1.448775178527778873e-01
1.049999999999968070e+00 1.239430872715998472e-01
1.149999999999967715e+00 1.066655031431532064e-01
1.249999999999967359e+00 9.189983662945813703e-02
1.349999999999967004e+00 7.938291213286807757e-02
1.449999999999966649e+00 6.853187206856681257e-02
1.549999999999966294e+00 6.014230959507875507e-02
1.649999999999965938e+00 5.237715525659578097e-02
1.749999999999965583e+00 4.596160141248437081e-02
1.849999999999965228e+00 4.027460849283389516e-02
1.949999999999964873e+00 3.494667365386196212e-02
2.049999999999964295e+00 3.096149161347902523e-02
2.149999999999963940e+00 2.715583124239565049e-02
2.249999999999963585e+00 2.477038592498944508e-02
2.349999999999963229e+00 2.205257306127280173e-02
2.449999999999962874e+00 1.975126078978677036e-02
2.549999999999962519e+00 1.722914902727750580e-02
2.649999999999962164e+00 1.554487385120280861e-02
2.749999999999961808e+00 1.383092286972470268e-02
2.849999999999961453e+00 1.233379838892895847e-02
2.949999999999961098e+00 1.114019857651426734e-02
3.049999999999960743e+00 9.878291340186634920e-03
3.149999999999960387e+00 9.031933831982032548e-03
3.249999999999960032e+00 7.954501603560860251e-03
3.349999999999959677e+00 7.116650275047143454e-03
3.449999999999959321e+00 6.447190346046882334e-03
3.549999999999958966e+00 6.022213058283758247e-03
3.649999999999958611e+00 5.276094317511114025e-03
3.749999999999958256e+00 4.886652811628242055e-03
3.849999999999957900e+00 4.463540396882272054e-03
3.949999999999957545e+00 3.856948064574951089e-03
4.049999999999957190e+00 3.445946267881098458e-03
4.149999999999956835e+00 3.183802615777937654e-03
4.249999999999956479e+00 2.986280867790972772e-03
4.349999999999956124e+00 2.697011789983738174e-03
4.449999999999955769e+00 2.401175115898697941e-03
4.549999999999955413e+00 2.141869314039033731e-03
4.649999999999955058e+00 1.919072271285965012e-03
4.749999999999954703e+00 1.828253692454476957e-03
4.849999999999954348e+00 1.618554987059054196e-03
4.949999999999953992e+00 1.412615511856316324e-03
5.049999999999953637e+00 1.307769844678401518e-03
5.149999999999953282e+00 1.251609894015540949e-03
5.249999999999952927e+00 1.080299562823055799e-03
5.349999999999952571e+00 9.642204313046506391e-04
5.449999999999952216e+00 8.874584249779632339e-04
5.549999999999951861e+00 8.359717134173802076e-04
5.649999999999951505e+00 7.376641583588985484e-04
5.749999999999951150e+00 6.627743960889594631e-04
5.849999999999950795e+00 5.860123897622720578e-04
5.949999999999950440e+00 5.504397526840511604e-04
6.049999999999950084e+00 5.045697732937135275e-04
6.149999999999949729e+00 4.175104246549094953e-04
6.249999999999949374e+00 3.884906417753081513e-04
6.349999999999949019e+00 3.688320791794492200e-04
6.449999999999948663e+00 3.267065879026084980e-04
6.549999999999948308e+00 2.920700728527618147e-04
6.649999999999947953e+00 2.667947780866573816e-04
6.749999999999947597e+00 2.415194833205530026e-04
6.849999999999947242e+00 2.199886766679455617e-04
6.949999999999946887e+00 1.975217479869638795e-04
7.049999999999946532e+00 1.956495039302154240e-04
7.149999999999946176e+00 1.722464532208595005e-04
7.249999999999945821e+00 1.525878906250005421e-04
7.349999999999945466e+00 1.376099381710127359e-04
7.449999999999945111e+00 1.497795245398778454e-04
7.549999999999944755e+00 1.151430094900310808e-04
7.649999999999944400e+00 1.226319857170249839e-04
7.749999999999944045e+00 1.048456671779144809e-04
7.849999999999943689e+00 1.001650570360433016e-04
7.949999999999943334e+00 9.267608080904941208e-05
