-7.950000000000000178e+00 9.076903267535487839e-05
-7.850000000000000533e+00 9.451208556918394652e-05
-7.750000000000000888e+00 9.825513846301301465e-05
-7.650000000000001243e+00 6.737495208892319920e-05
-7.550000000000001599e+00 1.122915868148720167e-04
-7.450000000000001954e+00 1.244565087198164915e-04
-7.350000000000002309e+00 1.375571938482182232e-04
-7.250000000000002665e+00 1.366214306247609664e-04
-7.150000000000003020e+00 1.646943273284789434e-04
-7.050000000000003375e+00 2.535918335569192403e-04
-6.950000000000003730e+00 2.723070980260645403e-04
-6.850000000000004086e+00 2.264547000766585472e-04
-6.750000000000004441e+00 3.247098385396715212e-04
-6.650000000000004796e+00 3.583973145841331479e-04
-6.550000000000005151e+00 3.396820501149877937e-04
-6.450000000000005507e+00 3.321959443273296846e-04
-6.350000000000005862e+00 3.209667856458425480e-04
-6.250000000000006217e+00 3.836629216174793815e-04
-6.150000000000006573e+00 3.705622364890776227e-04
-6.050000000000006928e+00 4.276437931199708609e-04
-5.950000000000007283e+00 4.847253497508640448e-04
-5.850000000000007638e+00 4.875326394212359509e-04
-5.750000000000007994e+00 5.904665940015352363e-04
-5.650000000000008349e+00 6.728137576657745996e-04
-5.550000000000008704e+00 7.214734452855526073e-04
-5.450000000000009059e+00 7.991417928325055507e-04
-5.350000000000009415e+00 9.151764325412063781e-04
-5.250000000000009770e+00 9.825513846301297399e-04
-5.150000000000010125e+00 1.101393314009202311e-03
-5.050000000000010481e+00 1.324104961192031776e-03
-4.950000000000010836e+00 1.264216114890766686e-03
-4.850000000000011191e+00 1.508450316213113141e-03
-4.750000000000011546e+00 1.744262648524344365e-03
-4.650000000000011902e+00 1.793865467581937318e-03
-4.550000000000012257e+00 1.981953875496847602e-03
-4.450000000000012612e+00 2.136354807367296747e-03
-4.350000000000012967e+00 2.509724333526747089e-03
-4.250000000000013323e+00 2.729621322824846499e-03
-4.150000000000013678e+00 2.913060387479902199e-03
-4.050000000000014033e+00 3.050750209186563981e-03
-3.950000000000014388e+00 3.348249232102396521e-03
-3.850000000000014744e+00 3.869432506496301837e-03
-3.750000000000015099e+00 4.532866527284427904e-03
-3.650000000000015454e+00 4.912779027793717779e-03
-3.550000000000015810e+00 5.477029515109731357e-03
-3.450000000000016165e+00 6.045995659614818683e-03
-3.350000000000016520e+00 6.535392457268608506e-03
-3.250000000000016875e+00 7.452462520899804169e-03
-3.150000000000017231e+00 8.189910254913355947e-03
-3.050000000000017586e+00 9.477572027891071477e-03
-2.950000000000017941e+00 1.037411424632108357e-02
-2.850000000000018296e+00 1.177397181932702576e-02
-2.750000000000018652e+00 1.334888342904870170e-02
-2.650000000000019007e+00 1.510726357628286616e-02
-2.550000000000019362e+00 1.743754241733658575e-02
-2.450000000000019718e+00 1.956641111891626109e-02
-2.350000000000020073e+00 2.270241156822414008e-02
-2.250000000000020428e+00 2.451789537673227520e-02
-2.150000000000020783e+00 2.813196767822578187e-02
-2.050000000000021139e+00 3.180193525383846059e-02
-1.950000000000021272e+00 3.628611998885986067e-02
-1.850000000000021627e+00 4.132072507284738350e-02
-1.750000000000021982e+00 4.613267745536695635e-02
-1.650000000000022338e+00 5.458209621996638894e-02
-1.550000000000022693e+00 6.156031099193204348e-02
-1.450000000000023048e+00 7.111209567483585403e-02
-1.350000000000023404e+00 8.072551547084375057e-02
-1.250000000000023759e+00 9.412834896542077168e-02
-1.150000000000024114e+00 1.086704926050930387e-01
-1.050000000000024469e+00 1.256240096530423234e-01
-9.500000000000248246e-01 1.487887840404400752e-01
-8.500000000000251799e-01 1.732607091277923173e-01
-7.500000000000255351e-01 2.051225111232881093e-01
-6.500000000000258904e-01 2.478104083702499238e-01
-5.500000000000262457e-01 2.972927644913037071e-01
-4.500000000000266565e-01 3.550424413273138846e-01
-3.500000000000270117e-01 4.358362011995384755e-01
-2.500000000000273670e-01 5.444390020193254909e-01
-1.500000000000277223e-01 6.920259566158417641e-01
-5.000000000002806366e-02 9.054491296240505527e-01
4.999999999997158107e-02 9.044072051681240065e-01
1.499999999999712119e-01 6.839918030442397878e-01
2.499999999999708566e-01 5.453013483549200568e-01
3.499999999999705014e-01 4.377561736558561734e-01
4.499999999999701461e-01 3.572495678335887437e-01
5.499999999999698463e-01 2.917758434636601450e-01
6.499999999999694911e-01 2.429647979845430683e-01
7.499999999999691358e-01 2.033355865136312612e-01
8.499999999999687805e-01 1.716198667359958296e-01
9.499999999999684253e-01 1.440929620844159098e-01
1.049999999999968070e+00 1.229336977538172393e-01
1.149999999999967715e+00 1.039002590522680319e-01
1.249999999999967359e+00 9.173190355943298957e-02
1.349999999999967004e+00 7.852859394145432492e-02
1.449999999999966649e+00 6.815918798410841584e-02
1.549999999999966294e+00 6.058271841556489568e-02
1.649999999999965938e+00 5.299358288654010957e-02
1.749999999999965583e+00 4.675662521541095601e-02
1.849999999999965228e+00 4.138228650380793017e-02
1.949999999999964873e+00 3.564845998189585669e-02
2.049999999999964295e+00 3.135892136556790721e-02
2.149999999999963940e+00 2.768786329423022011e-02
2.249999999999963585e+00 2.394279150966701838e-02
2.349999999999963229e+00 2.097606841701825722e-02
2.449999999999962874e+00 1.921297998080936931e-02
2.549999999999962519e+00 1.684831368334717416e-02
2.649999999999962164e+00 1.543708695558694208e-02
2.749999999999961808e+00 1.393420700942840651e-02
2.849999999999961453e+00 1.269884482196327949e-02
2.949999999999961098e+00 1.123132493650845325e-02
3.049999999999960743e+00 1.054639046622387298e-02
3.149999999999960387e+00 9.625547876841403228e-03
3.249999999999960032e+00 8.518503142419656116e-03
3.349999999999959677e+00 7.439568145773421681e-03
3.449999999999959321e+00 6.629204562473787685e-03
3.549999999999958966e+00 5.774734848027580567e-03
3.649999999999958611e+00 5.407871455146186224e-03
3.749999999999958256e+00 4.835199098819060667e-03
3.849999999999957900e+00 4.386953778354315756e-03
3.949999999999957545e+00 3.890078243127225322e-03
4.049999999999957190e+00 3.657986859066750685e-03
4.149999999999956835e+00 3.322961520425975462e-03
4.249999999999956479e+00 2.909368912086579724e-03
4.349999999999956124e+00 2.650162499188916942e-03
4.449999999999955769e+00 2.614603496697539501e-03
4.549999999999955413e+00 2.246855918093191608e-03
4.649999999999955058e+00 2.038188087476579605e-03
4.749999999999954703e+00 1.766728334101676191e-03
4.849999999999954348e+00 1.661001826279721134e-03
4.949999999999953992e+00 1.516886921652944127e-03
5.049999999999953637e+00 1.246451350073794371e-03
5.149999999999953282e+00 1.281074589341713119e-03
5.249999999999952927e+00 1.119172815254890381e-03
5.349999999999952571e+00 1.068641601188198131e-03
5.449999999999952216e+00 1.043375994154851789e-03
5.549999999999951861e+00 9.965878329819888911e-04
5.649999999999951505e+00 9.161121957646637705e-04
5.749999999999951150e+00 7.991417928325056591e-04
5.849999999999950795e+00 7.373814200843258927e-04
5.949999999999950440e+00 7.130515762744370515e-04
6.049999999999950084e+00 6.110533849175950501e-04
6.149999999999949729e+00 5.764301456496761936e-04
6.249999999999949374e+00 5.053121406669240211e-04
6.349999999999949019e+00 4.519736369298598105e-04
6.449999999999948663e+00 4.079927654273683311e-04
6.549999999999948308e+00 4.154788712150263861e-04
6.649999999999947953e+00 3.321959443273297388e-04
6.749999999999947597e+00 2.957011786124963144e-04
6.849999999999947242e+00 2.779216773668082442e-04
6.949999999999946887e+00 2.835362567075517311e-04
7.049999999999946532e+00 2.620137025680347419e-04
7.149999999999946176e+00 2.657567554618637693e-04
7.249999999999945821e+00 2.723070980260645403e-04
7.349999999999945466e+00 2.273904633001158041e-04
7.449999999999945111e+00 2.096109620544277610e-04
7.549999999999944755e+00 1.693731434457652820e-04
7.649999999999944400e+00 1.506578789766199549e-04
7.749999999999944045e+00 1.113558235914147463e-04
7.849999999999943689e+00 1.094842971445002190e-04
7.949999999999943334e+00 1.010624281333848259e-04
