-7.950000000000000178e+00 0.000000000000000000e+00
-7.850000000000000533e+00 0.000000000000000000e+00
-7.750000000000000888e+00 0.000000000000000000e+00
-7.650000000000001243e+00 0.000000000000000000e+00
-7.550000000000001599e+00 0.000000000000000000e+00
-7.450000000000001954e+00 0.000000000000000000e+00
-7.350000000000002309e+00 0.000000000000000000e+00
-7.250000000000002665e+00 0.000000000000000000e+00
-7.150000000000003020e+00 0.000000000000000000e+00
-7.050000000000003375e+00 0.000000000000000000e+00
-6.950000000000003730e+00 0.000000000000000000e+00
-6.850000000000004086e+00 0.000000000000000000e+00
-6.750000000000004441e+00 0.000000000000000000e+00
-6.650000000000004796e+00 0.000000000000000000e+00
-6.550000000000005151e+00 0.000000000000000000e+00
-6.450000000000005507e+00 0.000000000000000000e+00
-6.350000000000005862e+00 0.000000000000000000e+00
-6.250000000000006217e+00 0.000000000000000000e+00
-6.150000000000006573e+00 0.000000000000000000e+00
-6.050000000000006928e+00 0.000000000000000000e+00
-5.950000000000007283e+00 0.000000000000000000e+00
-5.850000000000007638e+00 0.000000000000000000e+00
-5.750000000000007994e+00 0.000000000000000000e+00
-5.650000000000008349e+00 0.000000000000000000e+00
-5.550000000000008704e+00 0.000000000000000000e+00
-5.450000000000009059e+00 0.000000000000000000e+00
-5.350000000000009415e+00 0.000000000000000000e+00
-5.250000000000009770e+00 0.000000000000000000e+00
-5.150000000000010125e+00 0.000000000000000000e+00
-5.050000000000010481e+00 0.000000000000000000e+00
-4.950000000000010836e+00 0.000000000000000000e+00
-4.850000000000011191e+00 0.000000000000000000e+00
-4.750000000000011546e+00 0.000000000000000000e+00
-4.650000000000011902e+00 0.000000000000000000e+00
-4.550000000000012257e+00 0.000000000000000000e+00
-4.450000000000012612e+00 0.000000000000000000e+00
-4.350000000000012967e+00 0.000000000000000000e+00
-4.250000000000013323e+00 0.000000000000000000e+00
-4.150000000000013678e+00 0.000000000000000000e+00
-4.050000000000014033e+00 0.000000000000000000e+00
-3.950000000000014388e+00 0.000000000000000000e+00
-3.850000000000014744e+00 0.000000000000000000e+00
-3.750000000000015099e+00 0.000000000000000000e+00
-3.650000000000015454e+00 0.000000000000000000e+00
-3.550000000000015810e+00 0.000000000000000000e+00
-3.450000000000016165e+00 0.000000000000000000e+00
-3.350000000000016520e+00 0.000000000000000000e+00
-3.250000000000016875e+00 0.000000000000000000e+00
-3.150000000000017231e+00 0.000000000000000000e+00
-3.050000000000017586e+00 0.000000000000000000e+00
-2.950000000000017941e+00 0.000000000000000000e+00
-2.850000000000018296e+00 0.000000000000000000e+00
-2.750000000000018652e+00 0.000000000000000000e+00
-2.650000000000019007e+00 0.000000000000000000e+00
-2.550000000000019362e+00 0.000000000000000000e+00
-2.450000000000019718e+00 0.000000000000000000e+00
-2.350000000000020073e+00 0.000000000000000000e+00
-2.250000000000020428e+00 0.000000000000000000e+00
-2.150000000000020783e+00 0.000000000000000000e+00
-2.050000000000021139e+00 0.000000000000000000e+00
-1.950000000000021272e+00 0.000000000000000000e+00
-1.850000000000021627e+00 0.000000000000000000e+00
-1.750000000000021982e+00 0.000000000000000000e+00
-1.650000000000022338e+00 0.000000000000000000e+00
-1.550000000000022693e+00 0.000000000000000000e+00
-1.450000000000023048e+00 0.000000000000000000e+00
-1.350000000000023404e+00 0.000000000000000000e+00
-1.250000000000023759e+00 0.000000000000000000e+00
-1.150000000000024114e+00 0.000000000000000000e+00
-1.050000000000024469e+00 0.000000000000000000e+00
-9.500000000000248246e-01 0.000000000000000000e+00
-8.500000000000251799e-01 0.000000000000000000e+00
-7.500000000000255351e-01 0.000000000000000000e+00
-6.500000000000258904e-01 0.000000000000000000e+00
-5.500000000000262457e-01 0.000000000000000000e+00
-4.500000000000266565e-01 0.000000000000000000e+00
-3.500000000000270117e-01 0.000000000000000000e+00
-2.500000000000273670e-01 0.000000000000000000e+00
-1.500000000000277223e-01 0.000000000000000000e+00
-5.000000000002806366e-02 0.000000000000000000e+00
4.999999999997158107e-02 4.538404477195726594e-01
1.499999999999712119e-01 7.266176009805919156e-01
2.499999999999708566e-01 7.703826132752518152e-01
3.499999999999705014e-01 7.447908227604951303e-01
4.499999999999701461e-01 7.012264543110167114e-01
5.499999999999698463e-01 6.562020447136561740e-01
6.499999999999694911e-01 5.921473794833492788e-01
7.499999999999691358e-01 5.333009439401604768e-01
8.499999999999687805e-01 4.878787391860426315e-01
9.499999999999684253e-01 4.415384843957844696e-01
1.049999999999968070e+00 3.944316847930144920e-01
1.149999999999967715e+00 3.540362306063804532e-01
1.249999999999967359e+00 3.178311757118879033e-01
1.349999999999967004e+00 2.800032200275602845e-01
1.449999999999966649e+00 2.455259229814301114e-01
1.549999999999966294e+00 2.197063588562268299e-01
1.649999999999965938e+00 1.919947035978353256e-01
1.749999999999965583e+00 1.725034114242986472e-01
1.849999999999965228e+00 1.557122677161551227e-01
1.949999999999964873e+00 1.388126565244485744e-01
2.049999999999964295e+00 1.258264292378831750e-01
2.149999999999963940e+00 1.128855606789053861e-01
2.249999999999963585e+00 1.038343577430507203e-01
2.349999999999963229e+00 9.463884096078133135e-02
2.449999999999962874e+00 8.750087593332137037e-02
2.549999999999962519e+00 7.630872042434000413e-02
2.649999999999962164e+00 6.866570851193000424e-02
2.749999999999961808e+00 6.079238095511984435e-02
2.849999999999961453e+00 5.565859233766010800e-02
2.949999999999961098e+00 5.023972013847766149e-02
3.049999999999960743e+00 4.594412484994752494e-02
3.149999999999960387e+00 4.249891728510921118e-02
3.249999999999960032e+00 4.063632111399665542e-02
3.349999999999959677e+00 3.649815509343798392e-02
3.449999999999959321e+00 3.320602218188571653e-02
3.549999999999958966e+00 3.355886386284391565e-02
3.649999999999958611e+00 3.183487854023263341e-02
3.749999999999958256e+00 2.994278003883078104e-02
3.849999999999957900e+00 2.722267844895641387e-02
3.949999999999957545e+00 2.650581750585890434e-02
4.049999999999957190e+00 2.502073916558915020e-02
4.149999999999956835e+00 2.173784599484167301e-02
4.249999999999956479e+00 1.957155413253808957e-02
4.349999999999956124e+00 1.937320180202260766e-02
4.449999999999955769e+00 1.872006117669249015e-02
4.549999999999955413e+00 1.615816251729719488e-02
4.649999999999955058e+00 1.369302324885025325e-02
4.749999999999954703e+00 1.394661508240718079e-02
4.849999999999954348e+00 1.207134558259879628e-02
4.949999999999953992e+00 9.584086934649349576e-03
5.049999999999953637e+00 8.560361968187091969e-03
5.149999999999953282e+00 8.411575615657390648e-03
5.249999999999952927e+00 7.094020997029549559e-03
5.349999999999952571e+00 6.382840947202012873e-03
5.449999999999952216e+00 5.899987123898068654e-03
5.549999999999951861e+00 5.426490932828690120e-03
5.649999999999951505e+00 4.323226092372567386e-03
5.749999999999951150e+00 3.329445549060950672e-03
5.849999999999950795e+00 2.921452783633584401e-03
5.949999999999950440e+00 2.407718773955544716e-03
6.049999999999950084e+00 2.289812607799929321e-03
6.149999999999949729e+00 1.946387504791113367e-03
6.249999999999949374e+00 1.632906824932929633e-03
6.349999999999949019e+00 1.256730009103107981e-03
6.449999999999948663e+00 1.118237052031432772e-03
6.549999999999948308e+00 8.318935056535099477e-04
6.649999999999947953e+00 7.298953142966674041e-04
6.749999999999947597e+00 5.427426696052142958e-04
6.849999999999947242e+00 4.594597427175180823e-04
6.949999999999946887e+00 3.424893397853595372e-04
7.049999999999946532e+00 3.424893397853594288e-04
7.149999999999946176e+00 1.946387504791114071e-04
7.249999999999945821e+00 1.712446698926796873e-04
7.349999999999945466e+00 1.216492190494446125e-04
7.449999999999945111e+00 7.205376820620953775e-05
7.549999999999944755e+00 1.010624281333848666e-04
7.649999999999944400e+00 1.272637983901883706e-04
7.749999999999944045e+00 1.122915868148721116e-04
7.849999999999943689e+00 1.609512744346496178e-04
7.949999999999943334e+00 1.291353248371028843e-04
