-7.950000000000000178e+00 5.053121406669239940e-05
-7.850000000000000533e+00 4.117358183211973586e-05
-7.750000000000000888e+00 4.678816117286333805e-05
-7.650000000000001243e+00 4.023781860866246544e-05
-7.550000000000001599e+00 7.486105787658134901e-05
-7.450000000000001954e+00 5.708155663089327202e-05
-7.350000000000002309e+00 6.924647853583774004e-05
-7.250000000000002665e+00 8.234716366423947172e-05
-7.150000000000003020e+00 8.702597978152581027e-05
-7.050000000000003375e+00 8.609021655806853985e-05
-6.950000000000003730e+00 9.544784879264121694e-05
-6.850000000000004086e+00 1.319426145074746007e-04
-6.750000000000004441e+00 1.375571938482182232e-04
-6.650000000000004796e+00 1.450432996358763595e-04
-6.550000000000005151e+00 1.581439847642780912e-04
-6.450000000000005507e+00 1.824738285741670408e-04
-6.350000000000005862e+00 1.946387504791114885e-04
-6.250000000000006217e+00 2.386196219816030491e-04
-6.150000000000006573e+00 2.451699645458039556e-04
-6.050000000000006928e+00 2.741786244729791625e-04
-5.950000000000007283e+00 2.872793096013809212e-04
-5.850000000000007638e+00 3.340674707742442525e-04
-5.750000000000007994e+00 4.454232943656590395e-04
-5.650000000000008349e+00 5.352565638175565662e-04
-5.550000000000008704e+00 5.932738836719070883e-04
-5.450000000000009059e+00 6.905932589114627783e-04
-5.350000000000009415e+00 7.626470271176723431e-04
-5.250000000000009770e+00 7.532893948830996118e-04
-5.150000000000010125e+00 9.104976164239202835e-04
-5.050000000000010481e+00 8.936538784016894972e-04
-4.950000000000010836e+00 1.047141151691754774e-03
-4.850000000000011191e+00 1.149146711262954545e-03
-4.750000000000011546e+00 1.191248688104173904e-03
-4.650000000000011902e+00 1.315697828609632084e-03
-4.550000000000012257e+00 1.442033231990720371e-03
-4.450000000000012612e+00 1.683452775428337204e-03
-4.350000000000012967e+00 1.887449158142021641e-03
-4.250000000000013323e+00 2.152277518594786221e-03
-4.150000000000013678e+00 2.468565488123342783e-03
-4.050000000000014033e+00 2.729665532110995066e-03
-3.950000000000014388e+00 3.006644078039988691e-03
-3.850000000000014744e+00 3.394050052551296666e-03
-3.750000000000015099e+00 3.823558003903824217e-03
-3.650000000000015454e+00 4.265238245375651410e-03
-3.550000000000015810e+00 4.922144028242647629e-03
-3.450000000000016165e+00 5.409676667663880327e-03
-3.350000000000016520e+00 6.301459019618648426e-03
-3.250000000000016875e+00 7.342049828746196466e-03
-3.150000000000017231e+00 8.507067673736143365e-03
-3.050000000000017586e+00 9.577573433156912064e-03
-2.950000000000017941e+00 1.050400112902268902e-02
-2.850000000000018296e+00 1.184497193288004679e-02
-2.750000000000018652e+00 1.376253498310296003e-02
-2.650000000000019007e+00 1.621712296858934116e-02
-2.550000000000019362e+00 1.805403354445034303e-02
-2.450000000000019718e+00 2.083608708064627751e-02
-2.350000000000020073e+00 2.352188226447019317e-02
-2.250000000000020428e+00 2.696826137539157231e-02
-2.150000000000020783e+00 3.076849898085255025e-02
-2.050000000000021139e+00 3.543817114412049774e-02
-1.950000000000021272e+00 4.045664720687849186e-02
-1.850000000000021627e+00 4.672483873867080972e-02
-1.750000000000021982e+00 5.286197184167869267e-02
-1.650000000000022338e+00 6.095289013669298595e-02
-1.550000000000022693e+00 6.985163734926766455e-02
-1.450000000000023048e+00 8.190521079883458788e-02
-1.350000000000023404e+00 9.582727499100077151e-02
-1.250000000000023759e+00 1.102054169154942365e-01
-1.150000000000024114e+00 1.275816557893724168e-01
-1.050000000000024469e+00 1.473032636073088875e-01
-9.500000000000248246e-01 1.728178941813092728e-01
-8.500000000000251799e-01 2.026180550630272414e-01
-7.500000000000255351e-01 2.395300753887361633e-01
-6.500000000000258904e-01 2.802409112545335979e-01
-5.500000000000262457e-01 3.329080306675152312e-01
-4.500000000000266565e-01 3.930177170895131633e-01
-3.500000000000270117e-01 4.560230749131068961e-01
-2.500000000000273670e-01 5.312619674537473191e-01
-1.500000000000277223e-01 6.078264091255922708e-01
-5.000000000002806366e-02 6.572256812615456800e-01
4.999999999997158107e-02 6.574985188710054107e-01
1.499999999999712119e-01 6.068738316369701735e-01
2.499999999999708566e-01 5.317448654863372592e-01
3.499999999999705014e-01 4.570451715041959351e-01
4.499999999999701461e-01 3.936595548740181028e-01
5.499999999999698463e-01 3.343400947054793182e-01
6.499999999999694911e-01 2.844344420377777904e-01
7.499999999999691358e-01 2.401770267140056481e-01
8.499999999999687805e-01 2.030784358325396499e-01
9.499999999999684253e-01 1.729514651711897555e-01
1.049999999999968070e+00 1.484359276230531322e-01
1.149999999999967715e+00 1.272450020753585487e-01
1.249999999999967359e+00 1.093705098101683398e-01
1.349999999999967004e+00 9.503849290755543577e-02
1.449999999999966649e+00 8.135497465522736893e-02
1.549999999999966294e+00 6.940676667097887831e-02
1.649999999999965938e+00 6.043974558416360249e-02
1.749999999999965583e+00 5.279342534350682514e-02
1.849999999999965228e+00 4.665165026545348842e-02
1.949999999999964873e+00 4.051580659995832057e-02
2.049999999999964295e+00 3.491796784223622635e-02
2.149999999999963940e+00 3.114085906164497028e-02
2.249999999999963585e+00 2.723964007840854601e-02
2.349999999999963229e+00 2.352074019124471282e-02
2.449999999999962874e+00 2.079954073743093407e-02
2.549999999999962519e+00 1.795565314634324852e-02
2.649999999999962164e+00 1.565748498346138801e-02
2.749999999999961808e+00 1.364543195231236045e-02
2.849999999999961453e+00 1.218931806268360937e-02
2.949999999999961098e+00 1.071826143433697760e-02
3.049999999999960743e+00 9.492433716251013134e-03
3.149999999999960387e+00 8.468686645145679509e-03
3.249999999999960032e+00 7.356049436026268831e-03
3.349999999999959677e+00 6.318302757640880188e-03
3.449999999999959321e+00 5.601508128472617795e-03
3.549999999999958966e+00 4.758407568780702313e-03
3.649999999999958611e+00 4.305549746127894373e-03
3.749999999999958256e+00 3.978916803640803954e-03
3.849999999999957900e+00 3.303310492733373908e-03
3.949999999999957545e+00 2.966413627645683466e-03
4.049999999999957190e+00 2.656661264252611811e-03
4.149999999999956835e+00 2.378732218671444822e-03
4.249999999999956479e+00 1.925822818518127619e-03
4.349999999999956124e+00 1.820081574267456374e-03
4.449999999999955769e+00 1.642279193596217794e-03
4.549999999999955413e+00 1.457933838575136646e-03
4.649999999999955058e+00 1.309147486045430988e-03
4.749999999999954703e+00 1.251137534405438560e-03
4.849999999999954348e+00 1.099521787562287960e-03
4.949999999999953992e+00 1.022789203238791975e-03
5.049999999999953637e+00 9.760010420659288605e-04
5.149999999999953282e+00 8.740028507090870759e-04
5.249999999999952927e+00 7.776192386929886699e-04
5.349999999999952571e+00 7.102442866040654165e-04
5.449999999999952216e+00 6.512912035262576104e-04
5.549999999999951861e+00 6.007599894595652516e-04
5.649999999999951505e+00 4.791107704101206120e-04
5.749999999999951150e+00 4.126715815446546426e-04
5.849999999999950795e+00 3.452966294557314976e-04
5.949999999999950440e+00 2.704355715791501350e-04
6.049999999999950084e+00 2.470414909927184152e-04
6.149999999999949729e+00 2.451699645458039556e-04
6.249999999999949374e+00 2.620137025680346877e-04
6.349999999999949019e+00 2.311335161939449129e-04
6.449999999999948663e+00 2.002533298198550839e-04
6.549999999999948308e+00 1.731161963395943637e-04
6.649999999999947953e+00 1.459790628593336435e-04
6.749999999999947597e+00 1.375571938482182232e-04
6.849999999999947242e+00 1.656300905519362274e-04
6.949999999999946887e+00 1.010624281333848259e-04
7.049999999999946532e+00 8.702597978152581027e-05
7.149999999999946176e+00 1.104200603679574895e-04
7.249999999999945821e+00 9.731937523955574423e-05
7.349999999999945466e+00 8.141140044078221485e-05
7.449999999999945111e+00 7.860411077041040359e-05
7.549999999999944755e+00 7.298953142966680817e-05
7.649999999999944400e+00 5.895308307780781286e-05
7.749999999999944045e+00 3.368747604446160638e-05
7.849999999999943689e+00 6.363189919509414463e-05
7.949999999999943334e+00 3.836629216174793815e-05
