-7.950000000000000178e+00 4.680610141871182668e-05
-7.850000000000000533e+00 6.459241995782232285e-05
-7.750000000000000888e+00 8.705934863880399153e-05
-7.650000000000001243e+00 7.208139618481619886e-05
-7.550000000000001599e+00 7.020915212806772986e-05
-7.450000000000001954e+00 8.425098255368128125e-05
-7.350000000000002309e+00 8.893159269555246053e-05
-7.250000000000002665e+00 9.548444689417212236e-05
-7.150000000000003020e+00 1.057817892062887222e-04
-7.050000000000003375e+00 1.357376941142642804e-04
-6.950000000000003730e+00 1.460350364263808803e-04
-6.850000000000004086e+00 1.610129888803686865e-04
-6.750000000000004441e+00 1.582046227952459627e-04
-6.650000000000004796e+00 2.031384801572093542e-04
-6.550000000000005151e+00 1.975217479869638795e-04
-6.450000000000005507e+00 2.471362154907983961e-04
-6.350000000000005862e+00 2.667947780866573816e-04
-6.250000000000006217e+00 2.808366085122709194e-04
-6.150000000000006573e+00 3.304510760161054632e-04
-6.050000000000006928e+00 3.959796180023020273e-04
-5.950000000000007283e+00 4.334244991372715157e-04
-5.850000000000007638e+00 4.418569684322331344e-04
-5.750000000000007994e+00 4.596359159317501631e-04
-5.650000000000008349e+00 5.373340442868117283e-04
-5.550000000000008704e+00 5.794595355636523960e-04
-5.450000000000009059e+00 6.618382740605853031e-04
-5.350000000000009415e+00 7.657478192101256241e-04
-5.250000000000009770e+00 8.368930933665675274e-04
-5.150000000000010125e+00 9.183430808747195320e-04
-5.050000000000010481e+00 9.838716228609163672e-04
-4.950000000000010836e+00 1.208533538631139173e-03
-4.850000000000011191e+00 1.278742690759207025e-03
-4.750000000000011546e+00 1.387340217090211620e-03
-4.650000000000011902e+00 1.570812763611968352e-03
-4.550000000000012257e+00 1.794553299433003946e-03
-4.450000000000012612e+00 1.926561247512958508e-03
-4.350000000000012967e+00 2.219552700314908131e-03
-4.250000000000013323e+00 2.477001000197011187e-03
-4.150000000000013678e+00 2.799955728946530980e-03
-4.050000000000014033e+00 3.013391551415858099e-03
-3.950000000000014388e+00 3.356955706868798312e-03
-3.850000000000014744e+00 3.783827351807452118e-03
-3.750000000000015099e+00 4.264057952363436294e-03
-3.650000000000015454e+00 4.728411333635027664e-03
-3.550000000000015810e+00 5.300367150892502759e-03
-3.450000000000016165e+00 6.010854286270178072e-03
-3.350000000000016520e+00 6.910519152814976335e-03
-3.250000000000016875e+00 7.600441087726788822e-03
-3.150000000000017231e+00 8.623615093700222334e-03
-3.050000000000017586e+00 9.750713386902372382e-03
-2.950000000000017941e+00 1.082920704502500324e-02
-2.850000000000018296e+00 1.236916463689856013e-02
-2.750000000000018652e+00 1.363026105887091104e-02
-2.650000000000019007e+00 1.550442158591367262e-02
-2.550000000000019362e+00 1.764999853286827042e-02
-2.450000000000019718e+00 2.027873238309749540e-02
-2.350000000000020073e+00 2.287848330564506982e-02
-2.250000000000020428e+00 2.563076315050090426e-02
-2.150000000000020783e+00 2.917600469274607422e-02
-2.050000000000021139e+00 3.295726692277489711e-02
-1.950000000000021272e+00 3.850577275054269111e-02
-1.850000000000021627e+00 4.350126633280833321e-02
-1.750000000000021982e+00 5.035331839956747046e-02
-1.650000000000022338e+00 5.770388124507454947e-02
-1.550000000000022693e+00 6.609382701262134230e-02
-1.450000000000023048e+00 7.693029453164629272e-02
-1.350000000000023404e+00 8.878130456928055858e-02
-1.250000000000023759e+00 1.034664351043770858e-01
-1.150000000000024114e+00 1.200972694768108889e-01
-1.050000000000024469e+00 1.402236203583931140e-01
-9.500000000000248246e-01 1.651650733702697826e-01
-8.500000000000251799e-01 1.942746133990020385e-01
-7.500000000000255351e-01 2.309822800090279848e-01
-6.500000000000258904e-01 2.754977129374259759e-01
-5.500000000000262457e-01 3.302540776119324839e-01
-4.500000000000266565e-01 3.910640412313127201e-01
-3.500000000000270117e-01 4.666187597250614494e-01
-2.500000000000273670e-01 5.515753203017494943e-01
-1.500000000000277223e-01 6.281463061373691037e-01
-5.000000000002806366e-02 6.805136505402660241e-01
4.999999999997158107e-02 6.821115076481467643e-01
1.499999999999712119e-01 6.303467162478596508e-01
2.499999999999708566e-01 5.537062878482296169e-01
3.499999999999705014e-01 4.704086534424542498e-01
4.499999999999701461e-01 3.940993542544797279e-01
5.499999999999698463e-01 3.323205264488509059e-01
6.499999999999694911e-01 2.780300409608118528e-01
7.499999999999691358e-01 2.323145143341172059e-01
8.499999999999687805e-01 1.968831137455471503e-01
9.499999999999684253e-01 1.657247932618020336e-01
1.049999999999968070e+00 1.405390639977969203e-01
1.149999999999967715e+00 1.205909964508625754e-01
1.249999999999967359e+00 1.038486824756167659e-01
1.349999999999967004e+00 8.927330672006736356e-02
1.449999999999966649e+00 7.676718816752134411e-02
1.549999999999966294e+00 6.632712041575555828e-02
1.649999999999965938e+00 5.733596317480466054e-02
1.749999999999965583e+00 4.996731179813516249e-02
1.849999999999965228e+00 4.371754737656073642e-02
1.949999999999964873e+00 3.812281038846250525e-02
2.049999999999964295e+00 3.298702380961383157e-02
2.149999999999963940e+00 2.891670626192597432e-02
2.249999999999963585e+00 2.510186157550904629e-02
2.349999999999963229e+00 2.260048454737629414e-02
2.449999999999962874e+00 1.993429844497252024e-02
2.549999999999962519e+00 1.758069601861020695e-02
2.649999999999962164e+00 1.533412108714550526e-02
2.749999999999961808e+00 1.341588911437321605e-02
2.849999999999961453e+00 1.193387526474413984e-02
2.949999999999961098e+00 1.101360834253553578e-02
3.049999999999960743e+00 9.595346614350628786e-03
3.149999999999960387e+00 8.407378276185371521e-03
3.249999999999960032e+00 7.474042500777487372e-03
3.349999999999959677e+00 6.637156778450512343e-03
3.449999999999959321e+00 5.808710896458089967e-03
3.549999999999958966e+00 5.136560538006197836e-03
3.649999999999958611e+00 4.758359867503410452e-03
3.749999999999958256e+00 4.206961879672201782e-03
3.849999999999957900e+00 3.675222454436852856e-03
3.949999999999957545e+00 3.269911100309180578e-03
4.049999999999957190e+00 2.920708099567214874e-03
4.149999999999956835e+00 2.726002088704966055e-03
4.249999999999956479e+00 2.433917273773016261e-03
4.349999999999956124e+00 2.272941140090614133e-03
4.449999999999955769e+00 1.920008393314338955e-03
4.549999999999955413e+00 1.618554987059054196e-03
4.649999999999955058e+00 1.500610982523494299e-03
4.749999999999954703e+00 1.400438554447857578e-03
4.849999999999954348e+00 1.281558427883923088e-03
4.949999999999953992e+00 1.124282556077458054e-03
5.049999999999953637e+00 1.035365705461092651e-03
5.149999999999953282e+00 9.735669095092061576e-04
5.249999999999952927e+00 8.116177986004632569e-04
5.349999999999952571e+00 7.638903172325641443e-04
5.449999999999952216e+00 6.796245925996957519e-04
5.549999999999951861e+00 6.290740030674869939e-04
5.649999999999951505e+00 5.354618002300632999e-04
5.749999999999951150e+00 5.120661205603008236e-04
5.849999999999950795e+00 4.315522550805229790e-04
5.949999999999950440e+00 4.352967431940199441e-04
6.049999999999950084e+00 3.781932994631915243e-04
6.149999999999949729e+00 3.426206623849705727e-04
6.249999999999949374e+00 2.499445815759210928e-04
6.349999999999949019e+00 2.649225340299088990e-04
6.449999999999948663e+00 2.190525546395713204e-04
6.549999999999948308e+00 2.143719444977001411e-04
6.649999999999947953e+00 1.722464532208594734e-04
6.749999999999947597e+00 1.862882836464730383e-04
6.849999999999947242e+00 1.937772598734669414e-04
6.949999999999946887e+00 1.582046227952459356e-04
7.049999999999946532e+00 1.460350364263808803e-04
7.149999999999946176e+00 1.104623993481599015e-04
7.249999999999945821e+00 9.548444689417212236e-05
7.349999999999945466e+00 9.642056892254636364e-05
7.449999999999945111e+00 8.331486052530703997e-05
7.549999999999944755e+00 9.173995878067518436e-05
7.649999999999944400e+00 8.612322661042976380e-05
7.749999999999944045e+00 5.616732170245419202e-05
7.849999999999943689e+00 5.335895561733148174e-05
7.949999999999943334e+00 5.523119967407995074e-05
