-7.950000000000000178e+00 5.429507764570572301e-05
-7.850000000000000533e+00 1.282487178872705128e-04
-7.750000000000000888e+00 7.208139618481622596e-05
-7.650000000000001243e+00 5.991180981595117068e-05
-7.550000000000001599e+00 5.335895561733150884e-05
-7.450000000000001954e+00 4.680610141871184023e-05
-7.350000000000002309e+00 9.454832486579789464e-05
-7.250000000000002665e+00 2.059468462423320509e-04
-7.150000000000003020e+00 1.245042297737734664e-04
-7.050000000000003375e+00 1.104623993481599286e-04
-6.950000000000003730e+00 1.291848399156446457e-04
-6.850000000000004086e+00 1.666297210506140528e-04
-6.750000000000004441e+00 1.432266703412581835e-04
-6.650000000000004796e+00 2.162441885544487592e-04
-6.550000000000005151e+00 2.696031441717802951e-04
-6.450000000000005507e+00 2.190525546395713204e-04
-6.350000000000005862e+00 2.181164326111972418e-04
-6.250000000000006217e+00 2.096913343558289076e-04
-6.150000000000006573e+00 2.181164326111971604e-04
-6.050000000000006928e+00 2.789643644555226537e-04
-5.950000000000007283e+00 2.377749952070561188e-04
-5.850000000000007638e+00 3.323233200728541083e-04
-5.750000000000007994e+00 3.304510760161055716e-04
-5.650000000000008349e+00 3.819377875766884352e-04
-5.550000000000008704e+00 4.484024515912593762e-04
-5.450000000000009059e+00 5.064420173504619559e-04
-5.350000000000009415e+00 4.830389666411060053e-04
-5.250000000000009770e+00 5.860197608018659658e-04
-5.150000000000010125e+00 4.989751542422485569e-04
-5.050000000000010481e+00 5.635749452396648148e-04
-4.950000000000010836e+00 5.355060264676243624e-04
-4.850000000000011191e+00 5.504913499612053718e-04
-4.750000000000011546e+00 7.096320947848262263e-04
-4.650000000000011902e+00 8.950358536800792891e-04
-4.550000000000012257e+00 1.071144731647932346e-03
-4.450000000000012612e+00 1.404448399986722978e-03
-4.350000000000012967e+00 1.621591855371577739e-03
-4.250000000000013323e+00 1.707221222329243426e-03
-4.150000000000013678e+00 1.716530845335830814e-03
-4.050000000000014033e+00 2.018514966441847455e-03
-3.950000000000014388e+00 1.745159963116976395e-03
-3.850000000000014744e+00 1.747017465094538417e-03
-3.750000000000015099e+00 2.024979368165346402e-03
-3.650000000000015454e+00 2.796329177466531229e-03
-3.550000000000015810e+00 3.767131947128174452e-03
-3.450000000000016165e+00 3.682998901207989138e-03
-3.350000000000016520e+00 4.315080288429629790e-03
-3.250000000000016875e+00 5.250295678933855625e-03
-3.150000000000017231e+00 5.841091873392318182e-03
-3.050000000000017586e+00 5.637754375166077921e-03
-2.950000000000017941e+00 5.982063005617960227e-03
-2.850000000000018296e+00 7.537411328162762526e-03
-2.750000000000018652e+00 7.999324895328894722e-03
-2.650000000000019007e+00 9.527599389446781558e-03
-2.550000000000019362e+00 1.122954294742707984e-02
-2.450000000000019718e+00 1.276112703832245343e-02
-2.350000000000020073e+00 1.549088835722010199e-02
-2.250000000000020428e+00 1.618028694832078507e-02
-2.150000000000020783e+00 1.820609924396020263e-02
-2.050000000000021139e+00 2.121254727607897045e-02
-1.950000000000021272e+00 2.420187975426162097e-02
-1.850000000000021627e+00 2.589247191126796410e-02
-1.750000000000021982e+00 3.049173526018527161e-02
-1.650000000000022338e+00 3.827844988947921162e-02
-1.550000000000022693e+00 4.591449309844247012e-02
-1.450000000000023048e+00 5.283707127203231269e-02
-1.350000000000023404e+00 5.881416619696417519e-02
-1.250000000000023759e+00 6.888809967004158596e-02
-1.150000000000024114e+00 7.965504354362037964e-02
-1.050000000000024469e+00 9.821353744846668399e-02
-9.500000000000248246e-01 1.215681456856145815e-01
-8.500000000000251799e-01 1.467337520115284399e-01
-7.500000000000255351e-01 1.807329301229241569e-01
-6.500000000000258904e-01 2.153826319626048202e-01
-5.500000000000262457e-01 2.651046576761865170e-01
-4.500000000000266565e-01 3.260798578901339395e-01
-3.500000000000270117e-01 4.238923665584777289e-01
-2.500000000000273670e-01 5.476265511969563571e-01
-1.500000000000277223e-01 7.410264064721960864e-01
-5.000000000002806366e-02 1.277267303474172833e+00
4.999999999997158107e-02 1.237336214910557786e+00
1.499999999999712119e-01 7.278650983233005967e-01
2.499999999999708566e-01 5.097090316322137049e-01
3.499999999999705014e-01 3.954675076555064228e-01
4.499999999999701461e-01 3.184822988788876819e-01
5.499999999999698463e-01 2.567247291514470064e-01
6.499999999999694911e-01 2.105695863523566469e-01
7.499999999999691358e-01 1.734103551147541111e-01
8.499999999999687805e-01 1.457918953143510499e-01
9.499999999999684253e-01 1.250633747242180793e-01
1.049999999999968070e+00 1.087540135015753195e-01
1.149999999999967715e+00 8.950370330464146873e-02
1.249999999999967359e+00 7.499302316360403897e-02
1.349999999999967004e+00 6.708649965675719806e-02
1.449999999999966649e+00 6.222801895845521403e-02
1.549999999999966294e+00 5.305525404399986933e-02
1.649999999999965938e+00 4.487989398109897693e-02
1.749999999999965583e+00 3.933205891793427333e-02
1.849999999999965228e+00 3.476819867218447491e-02
1.949999999999964873e+00 3.042722392166299569e-02
2.049999999999964295e+00 2.815496091721498423e-02
2.149999999999963940e+00 2.546816538810778296e-02
2.249999999999963585e+00 2.189198022164924942e-02
2.349999999999963229e+00 2.017476386963121954e-02
2.449999999999962874e+00 1.916784300596144699e-02
2.549999999999962519e+00 1.579470049614527943e-02
2.649999999999962164e+00 1.495197691046026497e-02
2.749999999999961808e+00 1.391207064460958306e-02
2.849999999999961453e+00 1.273385419182650538e-02
2.949999999999961098e+00 1.144083379737469326e-02
3.049999999999960743e+00 1.000656954223227112e-02
3.149999999999960387e+00 1.026867633913746032e-02
3.249999999999960032e+00 9.834441025644912598e-03
3.349999999999959677e+00 8.782910630355286741e-03
3.449999999999959321e+00 8.170148737908214040e-03
3.549999999999958966e+00 7.336344110131329255e-03
3.649999999999958611e+00 7.159564467560467112e-03
3.749999999999958256e+00 6.399204878293195467e-03
3.849999999999957900e+00 6.005082762268458552e-03
3.949999999999957545e+00 5.272113956130617535e-03
4.049999999999957190e+00 4.935146881113860323e-03
4.149999999999956835e+00 4.959744040237365828e-03
4.249999999999956479e+00 4.838092402786273519e-03
4.349999999999956124e+00 4.708848594553881675e-03
4.449999999999955769e+00 4.158246678998770395e-03
4.549999999999955413e+00 3.654524575258310745e-03
4.649999999999955058e+00 3.657406651739368401e-03
4.749999999999954703e+00 3.077386917166606214e-03
4.849999999999954348e+00 3.200925540753630973e-03
4.949999999999953992e+00 2.895749759503632708e-03
5.049999999999953637e+00 2.328408213031688337e-03
5.149999999999953282e+00 2.370555817427310620e-03
5.249999999999952927e+00 2.299425285350055557e-03
5.349999999999952571e+00 2.532549154573608512e-03
5.449999999999952216e+00 2.520158437016940638e-03
5.549999999999951861e+00 1.875177730506687700e-03
5.649999999999951505e+00 2.060522521085194052e-03
5.749999999999951150e+00 1.353728276543861818e-03
5.849999999999950795e+00 1.408001241070787335e-03
5.949999999999950440e+00 1.364010876776791496e-03
6.049999999999950084e+00 1.269462551910993317e-03
6.149999999999949729e+00 1.595240388824822539e-03
6.249999999999949374e+00 1.329337506528977930e-03
6.349999999999949019e+00 1.280614934815956646e-03
6.449999999999948663e+00 1.231000467312122482e-03
6.549999999999948308e+00 1.069051356403378280e-03
6.649999999999947953e+00 1.133643776361200305e-03
6.749999999999947597e+00 1.212278026744636897e-03
6.849999999999947242e+00 9.819920077645742477e-04
6.949999999999946887e+00 1.058754014091261436e-03
7.049999999999946532e+00 1.028798109183286149e-03
7.149999999999946176e+00 7.966398461464750712e-04
7.249999999999945821e+00 9.267608080904944732e-04
7.349999999999945466e+00 9.473554927147279439e-04
7.449999999999945111e+00 9.061661234662615446e-04
7.549999999999944755e+00 7.947676020897267513e-04
7.649999999999944400e+00 8.350208493098195328e-04
7.749999999999944045e+00 7.217500838765369617e-04
7.849999999999943689e+00 6.037987083013828318e-04
7.949999999999943334e+00 5.504397526840512688e-04
