-7.950000000000000178e+00 6.833690807131926085e-05
-7.850000000000000533e+00 7.676200632668740524e-05
-7.750000000000000888e+00 7.208139618481621241e-05
-7.650000000000001243e+00 8.799547066717823280e-05
-7.550000000000001599e+00 1.057817892062887222e-04
-7.450000000000001954e+00 1.104623993481599015e-04
-7.350000000000002309e+00 1.385460601993870043e-04
-7.250000000000002665e+00 9.642056892254636364e-05
-7.150000000000003020e+00 1.235681077453991980e-04
-7.050000000000003375e+00 1.348015720858900392e-04
-6.950000000000003730e+00 1.516517685966263008e-04
-6.850000000000004086e+00 1.769270633627306798e-04
-6.750000000000004441e+00 1.769270633627306798e-04
-6.650000000000004796e+00 1.890966497315957622e-04
-6.550000000000005151e+00 2.143719444977001411e-04
-6.450000000000005507e+00 2.293498969516879202e-04
-6.350000000000005862e+00 2.302860189800621615e-04
-6.250000000000006217e+00 2.555613137461664863e-04
-6.150000000000006573e+00 2.855172186541420987e-04
-6.050000000000006928e+00 3.136008795053691744e-04
-5.950000000000007283e+00 3.491735165835901803e-04
-5.850000000000007638e+00 3.950582380531147617e-04
-5.750000000000007994e+00 4.240927630119031085e-04
-5.650000000000008349e+00 4.811667225843575227e-04
-5.550000000000008704e+00 5.223634628724175590e-04
-5.450000000000009059e+00 5.242357069291658789e-04
-5.350000000000009415e+00 6.075579384940666371e-04
-5.250000000000009770e+00 6.880644329342510074e-04
-5.150000000000010125e+00 8.022713203959079553e-04
-5.050000000000010481e+00 8.790259556830017779e-04
-4.950000000000010836e+00 9.539304600321277033e-04
-4.850000000000011191e+00 9.904465901783166687e-04
-4.750000000000011546e+00 1.152388330047465770e-03
-4.650000000000011902e+00 1.337762604784344719e-03
-4.550000000000012257e+00 1.424814582383554951e-03
-4.450000000000012612e+00 1.685108103548747099e-03
-4.350000000000012967e+00 1.845140744163180184e-03
-4.250000000000013323e+00 2.071763356465274736e-03
-4.150000000000013678e+00 2.331010190008191152e-03
-4.050000000000014033e+00 2.579967052278584090e-03
-3.950000000000014388e+00 2.926450139410549656e-03
-3.850000000000014744e+00 3.208163901634448079e-03
-3.750000000000015099e+00 3.727814821936461034e-03
-3.650000000000015454e+00 4.236976752896925297e-03
-3.550000000000015810e+00 4.641462550590126288e-03
-3.450000000000016165e+00 5.432441438328799131e-03
-3.350000000000016520e+00 6.232884740905523732e-03
-3.250000000000016875e+00 7.032414034572653620e-03
-3.150000000000017231e+00 7.910540723425243947e-03
-3.050000000000017586e+00 8.938564873451196324e-03
-2.950000000000017941e+00 1.023112089240859127e-02
-2.850000000000018296e+00 1.172255493063815296e-02
-2.750000000000018652e+00 1.342256727624492260e-02
-2.650000000000019007e+00 1.531351166044207443e-02
-2.550000000000019362e+00 1.766518287443086949e-02
-2.450000000000019718e+00 1.984751182479867204e-02
-2.350000000000020073e+00 2.304815726604780846e-02
-2.250000000000020428e+00 2.646884298124203491e-02
-2.150000000000020783e+00 3.004125417542881371e-02
-2.050000000000021139e+00 3.447688781640995126e-02
-1.950000000000021272e+00 4.002254842289466180e-02
-1.850000000000021627e+00 4.594127945632509730e-02
-1.750000000000021982e+00 5.275174411769777139e-02
-1.650000000000022338e+00 6.136439110448276002e-02
-1.550000000000022693e+00 7.171044124623345006e-02
-1.450000000000023048e+00 8.213948192276732119e-02
-1.350000000000023404e+00 9.580664240584349511e-02
-1.250000000000023759e+00 1.113070025489412140e-01
-1.150000000000024114e+00 1.294047548819169668e-01
-1.050000000000024469e+00 1.514402345023739549e-01
-9.500000000000248246e-01 1.770165404123590358e-01
-8.500000000000251799e-01 2.073592774782020420e-01
-7.500000000000255351e-01 2.419384016137737792e-01
-6.500000000000258904e-01 2.835763649608600279e-01
-5.500000000000262457e-01 3.335739422475669791e-01
-4.500000000000266565e-01 3.913321849096452754e-01
-3.500000000000270117e-01 4.566584360852389279e-01
-2.500000000000273670e-01 5.305708132471583793e-01
-1.500000000000277223e-01 6.023237632787254991e-01
-5.000000000002806366e-02 6.530822013853907482e-01
4.999999999997158107e-02 6.533414187347748037e-01
1.499999999999712119e-01 6.030106483453248067e-01
2.499999999999708566e-01 5.284958434884700074e-01
3.499999999999705014e-01 4.572544657178089222e-01
4.499999999999701461e-01 3.891679666035585128e-01
5.499999999999698463e-01 3.327726217912785334e-01
6.499999999999694911e-01 2.836532301617409879e-01
7.499999999999691358e-01 2.426504145543473268e-01
8.499999999999687805e-01 2.067062181122973075e-01
9.499999999999684253e-01 1.773578269165776711e-01
1.049999999999968070e+00 1.512391083160257166e-01
1.149999999999967715e+00 1.296676356379794781e-01
1.249999999999967359e+00 1.117734714185761175e-01
1.349999999999967004e+00 9.567177449440122938e-02
1.449999999999966649e+00 8.286873572495001561e-02
1.549999999999966294e+00 7.083667821282017829e-02
1.649999999999965938e+00 6.145067649396423332e-02
1.749999999999965583e+00 5.317666980818372413e-02
1.849999999999965228e+00 4.607758472048805592e-02
1.949999999999964873e+00 4.016958592070574152e-02
2.049999999999964295e+00 3.481386226246629967e-02
2.149999999999963940e+00 3.010791048647280116e-02
2.249999999999963585e+00 2.604763229471118713e-02
2.349999999999963229e+00 2.312673991915408997e-02
2.449999999999962874e+00 1.971268076855440393e-02
2.549999999999962519e+00 1.742839559852935039e-02
2.649999999999962164e+00 1.529767129635565409e-02
2.749999999999961808e+00 1.346938074870322744e-02
2.849999999999961453e+00 1.165041456613659029e-02
2.949999999999961098e+00 1.025361730524794804e-02
3.049999999999960743e+00 9.025476801298129570e-03
3.149999999999960387e+00 7.939597361502813422e-03
3.249999999999960032e+00 6.857359215266670312e-03
3.349999999999959677e+00 6.168358660304042000e-03
3.449999999999959321e+00 5.346347695876742939e-03
3.549999999999958966e+00 4.894230240330359194e-03
3.649999999999958611e+00 4.116305463711771029e-03
3.749999999999958256e+00 3.760564350850372287e-03
3.849999999999957900e+00 3.315825305937079599e-03
3.949999999999957545e+00 2.934882608705511112e-03
4.049999999999957190e+00 2.703608870419919007e-03
4.149999999999956835e+00 2.234611734204424750e-03
4.249999999999956479e+00 2.082952594568204460e-03
4.349999999999956124e+00 1.833922021901876346e-03
4.449999999999955769e+00 1.583970069286361887e-03
4.549999999999955413e+00 1.369605495828255491e-03
4.649999999999955058e+00 1.316239169171330887e-03
4.749999999999954703e+00 1.158985410483646169e-03
4.849999999999954348e+00 1.045692531931583392e-03
4.949999999999953992e+00 9.689157835257090380e-04
5.049999999999953637e+00 8.593821351663298493e-04
5.149999999999953282e+00 8.163131508215214389e-04
5.249999999999952927e+00 7.226935769445042707e-04
5.349999999999952571e+00 6.009977132558533925e-04
5.449999999999952216e+00 5.242430779687594616e-04
5.549999999999951861e+00 5.176754816909527428e-04
5.649999999999951505e+00 4.633877750848405482e-04
5.749999999999951150e+00 4.353041142336134183e-04
5.849999999999950795e+00 3.791294214915657385e-04
5.949999999999950440e+00 3.529327467762740939e-04
6.049999999999950084e+00 3.276427099309827122e-04
6.149999999999949729e+00 3.154731235621177111e-04
6.249999999999949374e+00 2.658586560582831132e-04
6.349999999999949019e+00 2.499445815759210928e-04
6.449999999999948663e+00 2.274776528949394648e-04
6.549999999999948308e+00 1.890966497315957622e-04
6.649999999999947953e+00 1.975217479869638523e-04
6.749999999999947597e+00 1.900327717599699763e-04
6.849999999999947242e+00 1.797354294478533765e-04
6.949999999999946887e+00 1.572685007668717214e-04
7.049999999999946532e+00 1.188874976035280323e-04
7.149999999999946176e+00 1.329293280291415837e-04
7.249999999999945821e+00 1.376099381710127630e-04
7.349999999999945466e+00 1.113985213765341428e-04
7.449999999999945111e+00 7.301751821319045369e-05
7.549999999999944755e+00 9.267608080904941208e-05
7.649999999999944400e+00 8.986771472392670180e-05
7.749999999999944045e+00 8.518710458205550897e-05
7.849999999999943689e+00 7.488976226993892269e-05
7.949999999999943334e+00 7.395364024156468141e-05
