-7.950000000000000178e+00 0.000000000000000000e+00
-7.850000000000000533e+00 0.000000000000000000e+00
-7.750000000000000888e+00 0.000000000000000000e+00
-7.650000000000001243e+00 0.000000000000000000e+00
-7.550000000000001599e+00 0.000000000000000000e+00
-7.450000000000001954e+00 0.000000000000000000e+00
-7.350000000000002309e+00 0.000000000000000000e+00
-7.250000000000002665e+00 0.000000000000000000e+00
-7.150000000000003020e+00 0.000000000000000000e+00
-7.050000000000003375e+00 0.000000000000000000e+00
-6.950000000000003730e+00 0.000000000000000000e+00
-6.850000000000004086e+00 0.000000000000000000e+00
-6.750000000000004441e+00 0.000000000000000000e+00
-6.650000000000004796e+00 0.000000000000000000e+00
-6.550000000000005151e+00 0.000000000000000000e+00
-6.450000000000005507e+00 3.744488113496946050e-06
-6.350000000000005862e+00 9.361220283742363642e-06
-6.250000000000006217e+00 4.680610141871182668e-06
-6.150000000000006573e+00 4.680610141871182668e-06
-6.050000000000006928e+00 5.616732170245418863e-06
-5.950000000000007283e+00 4.680610141871182668e-06
-5.850000000000007638e+00 4.680610141871182668e-06
-5.750000000000007994e+00 1.591407448236201701e-05
-5.650000000000008349e+00 2.059468462423320306e-05
-5.550000000000008704e+00 2.527529476610438912e-05
-5.450000000000009059e+00 2.433917273773015123e-05
-5.350000000000009415e+00 5.897568778757691585e-05
-5.250000000000009770e+00 3.744488113496945457e-05
-5.150000000000010125e+00 1.039095451495402667e-04
-5.050000000000010481e+00 9.548444689417213591e-05
-4.950000000000010836e+00 7.769812835506161941e-05
-4.850000000000011191e+00 9.642056892254635009e-05
-4.750000000000011546e+00 1.067179112346629635e-04
-4.650000000000011902e+00 1.563323787384975072e-04
-4.550000000000012257e+00 2.724115102569028292e-04
-4.450000000000012612e+00 2.948784389378844573e-04
-4.350000000000012967e+00 2.930061948811360831e-04
-4.250000000000013323e+00 4.399773533358911776e-04
-4.150000000000013678e+00 6.665188842024565366e-04
-4.050000000000014033e+00 1.272189836560587472e-03
-3.950000000000014388e+00 1.077476454658746153e-03
-3.850000000000014744e+00 1.060626258148010190e-03
-3.750000000000015099e+00 1.492178513228533711e-03
-3.650000000000015454e+00 1.723400654236970087e-03
-3.550000000000015810e+00 2.053851730253075658e-03
-3.450000000000016165e+00 2.899169921875013878e-03
-3.350000000000016520e+00 3.741679747411830702e-03
-3.250000000000016875e+00 4.607592623658002609e-03
-3.150000000000017231e+00 5.166457474597424895e-03
-3.050000000000017586e+00 6.800926536138843931e-03
-2.950000000000017941e+00 7.835341377492362896e-03
-2.850000000000018296e+00 9.631759549942503149e-03
-2.750000000000018652e+00 1.185036875718941014e-02
-2.650000000000019007e+00 1.415229282496163407e-02
-2.550000000000019362e+00 1.837420317292947497e-02
-2.450000000000019718e+00 2.172832840059440301e-02
-2.350000000000020073e+00 2.609814602904538677e-02
-2.250000000000020428e+00 3.198167297737743164e-02
-2.150000000000020783e+00 3.861409754840868652e-02
-2.050000000000021139e+00 4.567526600843532097e-02
-1.950000000000021272e+00 5.372217096434007966e-02
-1.850000000000021627e+00 6.424043807515295024e-02
-1.750000000000021982e+00 7.580716185774541427e-02
-1.650000000000022338e+00 9.034420083636915400e-02
-1.550000000000022693e+00 1.039891155219520580e-01
-1.450000000000023048e+00 1.206445986507866108e-01
-1.350000000000023404e+00 1.426125742906460547e-01
-1.250000000000023759e+00 1.619977892542207865e-01
-1.150000000000024114e+00 1.850217105420861041e-01
-1.050000000000024469e+00 2.109082929927195149e-01
-9.500000000000248246e-01 2.379500500263656837e-01
-8.500000000000251799e-01 2.678685100532059993e-01
-7.500000000000255351e-01 2.962994721769593998e-01
-6.500000000000258904e-01 3.240199176811773274e-01
-5.500000000000262457e-01 3.532166276241419656e-01
-4.500000000000266565e-01 3.775305250671063262e-01
-3.500000000000270117e-01 3.988076426500248850e-01
-2.500000000000273670e-01 4.144811337710949672e-01
-1.500000000000277223e-01 4.227040296683343690e-01
-5.000000000002806366e-02 4.279332073188329422e-01
4.999999999997158107e-02 4.304036333517127222e-01
1.499999999999712119e-01 4.263932865821574714e-01
2.499999999999708566e-01 4.176461623490284603e-01
3.499999999999705014e-01 4.043419960817736247e-01
4.499999999999701461e-01 3.781109207246983184e-01
5.499999999999698463e-01 3.523778622867185795e-01
6.499999999999694911e-01 3.252808740533973952e-01
7.499999999999691358e-01 2.928021202789528044e-01
8.499999999999687805e-01 2.669061766080370601e-01
9.499999999999684253e-01 2.417235579227425268e-01
1.049999999999968070e+00 2.143073520777462049e-01
1.149999999999967715e+00 1.871710467192333471e-01
1.249999999999967359e+00 1.634235031034352859e-01
1.349999999999967004e+00 1.422297003810411298e-01
1.449999999999966649e+00 1.225177788295634673e-01
1.549999999999966294e+00 1.043963286042948607e-01
1.649999999999965938e+00 8.914596464005011822e-02
1.749999999999965583e+00 7.548981649012648232e-02
1.849999999999965228e+00 6.414120914014528885e-02
1.949999999999964873e+00 5.424546317820126001e-02
2.049999999999964295e+00 4.572113598782569233e-02
2.149999999999963940e+00 3.761244697804828896e-02
2.249999999999963585e+00 3.061306257189437205e-02
2.349999999999963229e+00 2.577518392925631438e-02
2.449999999999962874e+00 2.127150085074779387e-02
2.549999999999962519e+00 1.737348872459739887e-02
2.649999999999962164e+00 1.466809606259583676e-02
2.749999999999961808e+00 1.222107308042559223e-02
2.849999999999961453e+00 9.829281297929464561e-03
2.949999999999961098e+00 7.598502504313682862e-03
3.049999999999960743e+00 6.194319461752337969e-03
3.149999999999960387e+00 5.548395262174113385e-03
3.249999999999960032e+00 4.276205425613521793e-03
3.349999999999959677e+00 3.296085661905691529e-03
3.449999999999959321e+00 2.693223075632681773e-03
3.549999999999958966e+00 2.255117966353537180e-03
3.649999999999958611e+00 1.887222009202461741e-03
3.749999999999958256e+00 1.473456072661048994e-03
3.849999999999957900e+00 1.284359422929452852e-03
3.949999999999957545e+00 1.083093186828991980e-03
4.049999999999957190e+00 8.144261646855859536e-04
4.149999999999956835e+00 6.431158334931005860e-04
4.249999999999956479e+00 5.186116037193271196e-04
4.349999999999956124e+00 3.781932994631915785e-04
4.449999999999955769e+00 3.173453676188661395e-04
4.549999999999955413e+00 1.881605277032215480e-04
4.649999999999955058e+00 1.254403518021476806e-04
4.749999999999954703e+00 8.612322661042976380e-05
4.849999999999954348e+00 6.365629792944808157e-05
4.949999999999953992e+00 5.897568778757689552e-05
5.049999999999953637e+00 7.582588429831316396e-05
5.149999999999953282e+00 4.961446750383453018e-05
5.249999999999952927e+00 2.340305070935590995e-05
5.349999999999952571e+00 2.901978287960133728e-05
5.449999999999952216e+00 1.497795245398778250e-05
5.549999999999951861e+00 1.216958636886507392e-05
5.649999999999951505e+00 2.340305070935590995e-05
5.749999999999951150e+00 7.488976226993891252e-06
5.849999999999950795e+00 1.029734231211659984e-05
5.949999999999950440e+00 1.216958636886507223e-05
6.049999999999950084e+00 4.680610141871182668e-06
6.149999999999949729e+00 9.361220283742363642e-06
6.249999999999949374e+00 1.591407448236201701e-05
6.349999999999949019e+00 2.808366085122710956e-05
6.449999999999948663e+00 0.000000000000000000e+00
6.549999999999948308e+00 0.000000000000000000e+00
6.649999999999947953e+00 0.000000000000000000e+00
6.749999999999947597e+00 0.000000000000000000e+00
6.849999999999947242e+00 0.000000000000000000e+00
6.949999999999946887e+00 0.000000000000000000e+00
7.049999999999946532e+00 0.000000000000000000e+00
7.149999999999946176e+00 0.000000000000000000e+00
7.249999999999945821e+00 0.000000000000000000e+00
7.349999999999945466e+00 0.000000000000000000e+00
7.449999999999945111e+00 0.000000000000000000e+00
7.549999999999944755e+00 0.000000000000000000e+00
7.649999999999944400e+00 0.000000000000000000e+00
7.749999999999944045e+00 0.000000000000000000e+00
7.849999999999943689e+00 0.000000000000000000e+00
7.949999999999943334e+00 0.000000000000000000e+00
