-7.950000000000000178e+00 3.733695261594494746e-04
-7.850000000000000533e+00 4.182861608853982922e-04
-7.750000000000000888e+00 5.099909567842103326e-04
-7.650000000000001243e+00 4.978260348792659662e-04
-7.550000000000001599e+00 4.922114555385223708e-04
-7.450000000000001954e+00 4.800539018479357736e-04
-7.350000000000002309e+00 5.727018291845631381e-04
-7.250000000000002665e+00 5.717586977467479766e-04
-7.150000000000003020e+00 5.932886201006230603e-04
-7.050000000000003375e+00 5.951748829762533834e-04
-6.950000000000003730e+00 6.325980437001862142e-04
-6.850000000000004086e+00 7.140168123553262795e-04
-6.750000000000004441e+00 6.953015478861810338e-04
-6.650000000000004796e+00 7.514326048649011243e-04
-6.550000000000005151e+00 8.468730854431843688e-04
-6.450000000000005507e+00 8.974116677242347136e-04
-6.350000000000005862e+00 9.844597521488341295e-04
-6.250000000000006217e+00 9.919826990082817892e-04
-6.150000000000006573e+00 1.039736096262034240e-03
-6.050000000000006928e+00 1.121132760274100131e-03
-5.950000000000007283e+00 1.133260841107255109e-03
-5.850000000000007638e+00 1.193127582765446133e-03
-5.750000000000007994e+00 1.277412586805821287e-03
-5.650000000000008349e+00 1.335525693446824869e-03
-5.550000000000008704e+00 1.375711934554981961e-03
-5.450000000000009059e+00 1.465574676864310781e-03
-5.350000000000009415e+00 1.592005867032052560e-03
-5.250000000000009770e+00 1.631241608488036288e-03
-5.150000000000010125e+00 1.798816907630465967e-03
-5.050000000000010481e+00 1.803488355533394835e-03
-4.950000000000010836e+00 1.917732519153117965e-03
-4.850000000000011191e+00 2.134836955209562688e-03
-4.750000000000011546e+00 2.309102592988994656e-03
-4.650000000000011902e+00 2.488665976891779423e-03
-4.550000000000012257e+00 2.641350114816830730e-03
-4.450000000000012612e+00 2.912883550335313571e-03
-4.350000000000012967e+00 3.025293028579911954e-03
-4.250000000000013323e+00 3.244283727511987001e-03
-4.150000000000013678e+00 3.522301191665448521e-03
-4.050000000000014033e+00 3.651377570787687869e-03
-3.950000000000014388e+00 3.930551844595344194e-03
-3.850000000000014744e+00 4.250744967733601463e-03
-3.750000000000015099e+00 4.629950119664530753e-03
-3.650000000000015454e+00 4.921959822883700472e-03
-3.550000000000015810e+00 5.331300971538566365e-03
-3.450000000000016165e+00 5.762068887546296404e-03
-3.350000000000016520e+00 6.148494889547996035e-03
-3.250000000000016875e+00 6.820719190065131429e-03
-3.150000000000017231e+00 7.448432107646008049e-03
-3.050000000000017586e+00 8.229168101012407019e-03
-2.950000000000017941e+00 8.508195010532907526e-03
-2.850000000000018296e+00 9.310195670536300372e-03
-2.750000000000018652e+00 1.019926651960736605e-02
-2.650000000000019007e+00 1.104015661499192433e-02
-2.550000000000019362e+00 1.247901414659439642e-02
-2.450000000000019718e+00 1.365621164991801147e-02
-2.350000000000020073e+00 1.525125322126555036e-02
-2.250000000000020428e+00 1.636909975793603839e-02
-2.150000000000020783e+00 1.823781154696585763e-02
-2.050000000000021139e+00 2.021390769204817889e-02
-1.950000000000021272e+00 2.321103940535211921e-02
-1.850000000000021627e+00 2.619490833281177752e-02
-1.750000000000021982e+00 2.964586310484939452e-02
-1.650000000000022338e+00 3.387155614376591295e-02
-1.550000000000022693e+00 3.848921608188123761e-02
-1.450000000000023048e+00 4.429936993632720837e-02
-1.350000000000023404e+00 5.016555906096524520e-02
-1.250000000000023759e+00 5.881909946792251986e-02
-1.150000000000024114e+00 6.825860730044025493e-02
-1.050000000000024469e+00 8.117827750671033349e-02
-9.500000000000248246e-01 9.780023964498149591e-02
-8.500000000000251799e-01 1.192231681581649438e-01
-7.500000000000255351e-01 1.472031516788288030e-01
-6.500000000000258904e-01 1.837159326777666468e-01
-5.500000000000262457e-01 2.358833692658534320e-01
-4.500000000000266565e-01 3.052958020936729633e-01
-3.500000000000270117e-01 4.091613421198845302e-01
-2.500000000000273670e-01 5.691453910557648932e-01
-1.500000000000277223e-01 8.400027855386820175e-01
-5.000000000002806366e-02 1.382017733452814756e+00
4.999999999997158107e-02 1.386392227580690140e+00
1.499999999999712119e-01 8.493205188925061488e-01
2.499999999999708566e-01 5.735612724436885967e-01
3.499999999999705014e-01 4.101409977962717779e-01
4.499999999999701461e-01 3.073647745807367992e-01
5.499999999999698463e-01 2.342765164468899597e-01
6.499999999999694911e-01 1.842532228687469575e-01
7.499999999999691358e-01 1.473933252914070291e-01
8.499999999999687805e-01 1.191849565985046711e-01
9.499999999999684253e-01 9.935732017595701182e-02
1.049999999999968070e+00 8.300698725999089422e-02
1.149999999999967715e+00 6.983358522409108260e-02
1.249999999999967359e+00 5.961553712608566591e-02
1.349999999999967004e+00 5.065607582720145496e-02
1.449999999999966649e+00 4.365688374895871499e-02
1.549999999999966294e+00 3.783732805299203084e-02
1.649999999999965938e+00 3.262049965971847154e-02
1.749999999999965583e+00 2.882391668857908068e-02
1.849999999999965228e+00 2.523426264946775771e-02
1.949999999999964873e+00 2.232083385126992781e-02
2.049999999999964295e+00 2.045527565798529665e-02
2.149999999999963940e+00 1.794346611979521708e-02
2.249999999999963585e+00 1.611902993084219499e-02
2.349999999999963229e+00 1.466338760693236196e-02
2.449999999999962874e+00 1.294552527045246017e-02
2.549999999999962519e+00 1.199135624752906831e-02
2.649999999999962164e+00 1.085494917889096023e-02
2.749999999999961808e+00 9.909820954984750740e-03
2.849999999999961453e+00 9.059691118795350218e-03
2.949999999999961098e+00 8.482929403499560317e-03
3.049999999999960743e+00 7.563273096628725552e-03
3.149999999999960387e+00 6.961076305369362678e-03
3.249999999999960032e+00 6.545383755937959902e-03
3.349999999999959677e+00 5.817927320593772531e-03
3.449999999999959321e+00 5.451911272363541699e-03
3.549999999999958966e+00 5.131821304226296017e-03
3.649999999999958611e+00 4.730238885290331818e-03
3.749999999999958256e+00 4.389333711591929948e-03
3.849999999999957900e+00 4.210470308053151575e-03
3.949999999999957545e+00 3.772135235899822057e-03
4.049999999999957190e+00 3.510187847261010165e-03
4.149999999999956835e+00 3.301276865570585816e-03
4.249999999999956479e+00 3.119598804147074352e-03
4.349999999999956124e+00 2.815512597595251978e-03
4.449999999999955769e+00 2.708658752976532760e-03
4.549999999999955413e+00 2.489631212972668109e-03
4.649999999999955058e+00 2.376344917219474703e-03
4.749999999999954703e+00 2.247165383096224635e-03
4.849999999999954348e+00 2.055370763359273736e-03
4.949999999999953992e+00 1.944795970489800099e-03
5.049999999999953637e+00 1.898000441102578456e-03
5.149999999999953282e+00 1.790402406833708614e-03
5.249999999999952927e+00 1.682723322206901902e-03
5.349999999999952571e+00 1.590930107735794409e-03
5.449999999999952216e+00 1.523621469576093030e-03
5.549999999999951861e+00 1.473981809446710256e-03
5.649999999999951505e+00 1.432793491185874873e-03
5.749999999999951150e+00 1.271871689608657010e-03
5.849999999999950795e+00 1.203487292152697480e-03
5.949999999999950440e+00 1.230580216346810474e-03
6.049999999999950084e+00 1.183821528031379086e-03
6.149999999999949729e+00 1.037827728743329850e-03
6.249999999999949374e+00 9.479797228627165687e-04
6.349999999999949019e+00 8.674893492166759097e-04
6.449999999999948663e+00 8.871551133379943031e-04
6.549999999999948308e+00 8.422311103976876621e-04
6.649999999999947953e+00 8.281872938314707418e-04
6.749999999999947597e+00 8.188370298112559965e-04
6.849999999999947242e+00 7.842064223289790456e-04
6.949999999999946887e+00 6.934152850105504938e-04
7.049999999999946532e+00 6.298054904585302259e-04
7.149999999999946176e+00 6.176258321248699959e-04
7.249999999999945821e+00 5.371649313362608473e-04
7.349999999999945466e+00 5.689587762907341107e-04
7.449999999999945111e+00 5.277925626729722524e-04
7.549999999999944755e+00 4.809822968570351799e-04
7.649999999999944400e+00 4.398160832392733759e-04
7.749999999999944045e+00 4.285795563434281990e-04
7.849999999999943689e+00 3.808556319471076380e-04
7.949999999999943334e+00 4.257722666730564013e-04
