-7.950000000000000178e+00 0.000000000000000000e+00
-7.850000000000000533e+00 0.000000000000000000e+00
-7.750000000000000888e+00 0.000000000000000000e+00
-7.650000000000001243e+00 0.000000000000000000e+00
-7.550000000000001599e+00 0.000000000000000000e+00
-7.450000000000001954e+00 0.000000000000000000e+00
-7.350000000000002309e+00 0.000000000000000000e+00
-7.250000000000002665e+00 0.000000000000000000e+00
-7.150000000000003020e+00 0.000000000000000000e+00
-7.050000000000003375e+00 0.000000000000000000e+00
-6.950000000000003730e+00 0.000000000000000000e+00
-6.850000000000004086e+00 0.000000000000000000e+00
-6.750000000000004441e+00 0.000000000000000000e+00
-6.650000000000004796e+00 0.000000000000000000e+00
-6.550000000000005151e+00 0.000000000000000000e+00
-6.450000000000005507e+00 0.000000000000000000e+00
-6.350000000000005862e+00 0.000000000000000000e+00
-6.250000000000006217e+00 0.000000000000000000e+00
-6.150000000000006573e+00 0.000000000000000000e+00
-6.050000000000006928e+00 0.000000000000000000e+00
-5.950000000000007283e+00 0.000000000000000000e+00
-5.850000000000007638e+00 0.000000000000000000e+00
-5.750000000000007994e+00 0.000000000000000000e+00
-5.650000000000008349e+00 0.000000000000000000e+00
-5.550000000000008704e+00 0.000000000000000000e+00
-5.450000000000009059e+00 0.000000000000000000e+00
-5.350000000000009415e+00 0.000000000000000000e+00
-5.250000000000009770e+00 0.000000000000000000e+00
-5.150000000000010125e+00 0.000000000000000000e+00
-5.050000000000010481e+00 0.000000000000000000e+00
-4.950000000000010836e+00 0.000000000000000000e+00
-4.850000000000011191e+00 0.000000000000000000e+00
-4.750000000000011546e+00 0.000000000000000000e+00
-4.650000000000011902e+00 0.000000000000000000e+00
-4.550000000000012257e+00 0.000000000000000000e+00
-4.450000000000012612e+00 0.000000000000000000e+00
-4.350000000000012967e+00 0.000000000000000000e+00
-4.250000000000013323e+00 0.000000000000000000e+00
-4.150000000000013678e+00 0.000000000000000000e+00
-4.050000000000014033e+00 0.000000000000000000e+00
-3.950000000000014388e+00 0.000000000000000000e+00
-3.850000000000014744e+00 0.000000000000000000e+00
-3.750000000000015099e+00 0.000000000000000000e+00
-3.650000000000015454e+00 0.000000000000000000e+00
-3.550000000000015810e+00 0.000000000000000000e+00
-3.450000000000016165e+00 0.000000000000000000e+00
-3.350000000000016520e+00 0.000000000000000000e+00
-3.250000000000016875e+00 0.000000000000000000e+00
-3.150000000000017231e+00 0.000000000000000000e+00
-3.050000000000017586e+00 0.000000000000000000e+00
-2.950000000000017941e+00 0.000000000000000000e+00
-2.850000000000018296e+00 0.000000000000000000e+00
-2.750000000000018652e+00 0.000000000000000000e+00
-2.650000000000019007e+00 0.000000000000000000e+00
-2.550000000000019362e+00 0.000000000000000000e+00
-2.450000000000019718e+00 0.000000000000000000e+00
-2.350000000000020073e+00 0.000000000000000000e+00
-2.250000000000020428e+00 0.000000000000000000e+00
-2.150000000000020783e+00 0.000000000000000000e+00
-2.050000000000021139e+00 0.000000000000000000e+00
-1.950000000000021272e+00 0.000000000000000000e+00
-1.850000000000021627e+00 0.000000000000000000e+00
-1.750000000000021982e+00 0.000000000000000000e+00
-1.650000000000022338e+00 0.000000000000000000e+00
-1.550000000000022693e+00 0.000000000000000000e+00
-1.450000000000023048e+00 0.000000000000000000e+00
-1.350000000000023404e+00 0.000000000000000000e+00
-1.250000000000023759e+00 0.000000000000000000e+00
-1.150000000000024114e+00 0.000000000000000000e+00
-1.050000000000024469e+00 0.000000000000000000e+00
-9.500000000000248246e-01 0.000000000000000000e+00
-8.500000000000251799e-01 0.000000000000000000e+00
-7.500000000000255351e-01 0.000000000000000000e+00
-6.500000000000258904e-01 0.000000000000000000e+00
-5.500000000000262457e-01 0.000000000000000000e+00
-4.500000000000266565e-01 0.000000000000000000e+00
-3.500000000000270117e-01 0.000000000000000000e+00
-2.500000000000273670e-01 0.000000000000000000e+00
-1.500000000000277223e-01 0.000000000000000000e+00
-5.000000000002806366e-02 0.000000000000000000e+00
4.999999999997158107e-02 0.000000000000000000e+00
1.499999999999712119e-01 0.000000000000000000e+00
2.499999999999708566e-01 6.643918886546586102e-05
3.499999999999705014e-01 1.069577364411655306e-03
4.499999999999701461e-01 3.549162753928697400e-02
5.499999999999698463e-01 1.299578607105204009e-01
6.499999999999694911e-01 2.025253629264062161e-01
7.499999999999691358e-01 2.457763391145998400e-01
8.499999999999687805e-01 2.768043760779939078e-01
9.499999999999684253e-01 3.224752359620480235e-01
1.049999999999968070e+00 3.612972448136166359e-01
1.149999999999967715e+00 3.894206727314004635e-01
1.249999999999967359e+00 3.921699450819188248e-01
1.349999999999967004e+00 4.006283088587481167e-01
1.449999999999966649e+00 4.181617043766649444e-01
1.549999999999966294e+00 4.209231416490898381e-01
1.649999999999965938e+00 4.170752832742322114e-01
1.749999999999965583e+00 4.069652974080007479e-01
1.849999999999965228e+00 3.906708523979399716e-01
1.949999999999964873e+00 3.865572372676219226e-01
2.049999999999964295e+00 3.695572267870735894e-01
2.149999999999963940e+00 3.401050150919807669e-01
2.249999999999963585e+00 3.241989118196552111e-01
2.349999999999963229e+00 3.135536693896053828e-01
2.449999999999962874e+00 3.137286571123928391e-01
2.549999999999962519e+00 2.858026752347584409e-01
2.649999999999962164e+00 2.699255806223600507e-01
2.749999999999961808e+00 2.600308202975220029e-01
2.849999999999961453e+00 2.502418012169365658e-01
2.949999999999961098e+00 2.231271260540393098e-01
3.049999999999960743e+00 2.050519236297390635e-01
3.149999999999960387e+00 1.906795362806595895e-01
3.249999999999960032e+00 1.742288188122808057e-01
3.349999999999959677e+00 1.597235530854703156e-01
3.449999999999959321e+00 1.387596495903576921e-01
3.549999999999958966e+00 1.253904004168240327e-01
3.649999999999958611e+00 1.106998535717687027e-01
3.749999999999958256e+00 8.983139792544889146e-02
3.849999999999957900e+00 7.579962838970741301e-02
3.949999999999957545e+00 7.325248089545692565e-02
4.049999999999957190e+00 6.705679259294659855e-02
4.149999999999956835e+00 5.801731985434971373e-02
4.249999999999956479e+00 5.163822196004173859e-02
4.349999999999956124e+00 5.477396452184694897e-02
4.449999999999955769e+00 4.766684283968927738e-02
4.549999999999955413e+00 4.019383773715953789e-02
4.649999999999955058e+00 2.992570788616317340e-02
4.749999999999954703e+00 2.394805241471838902e-02
4.849999999999954348e+00 2.099946249760449579e-02
4.949999999999953992e+00 1.736495813769654839e-02
5.049999999999953637e+00 1.303424593953632360e-02
5.149999999999953282e+00 1.249056750670767685e-02
5.249999999999952927e+00 1.167832502874675306e-02
5.349999999999952571e+00 8.501408885109289909e-03
5.449999999999952216e+00 8.941217600134228338e-03
5.549999999999951861e+00 7.001380437907271832e-03
5.649999999999951505e+00 4.760227517727130819e-03
5.749999999999951150e+00 4.171632450172508416e-03
5.849999999999950795e+00 2.926131599750875917e-03
5.949999999999950440e+00 2.951397206784224427e-03
6.049999999999950084e+00 2.654760264948270720e-03
6.149999999999949729e+00 3.228383120927579182e-03
6.249999999999949374e+00 1.731161963395945209e-03
6.349999999999949019e+00 1.896792053947882195e-03
6.449999999999948663e+00 1.924864950651604834e-03
6.549999999999948308e+00 1.308196986393261960e-03
6.649999999999947953e+00 1.435460784783454749e-03
6.749999999999947597e+00 1.514064895553865085e-03
6.849999999999947242e+00 1.118237052031434940e-03
6.949999999999946887e+00 7.252164981793817432e-04
7.049999999999946532e+00 1.086421102433889670e-03
7.149999999999946176e+00 9.395062763511009656e-04
7.249999999999945821e+00 5.343208005941023180e-04
7.349999999999945466e+00 1.356856674013037095e-04
7.449999999999945111e+00 0.000000000000000000e+00
7.549999999999944755e+00 0.000000000000000000e+00
7.649999999999944400e+00 0.000000000000000000e+00
7.749999999999944045e+00 0.000000000000000000e+00
7.849999999999943689e+00 0.000000000000000000e+00
7.949999999999943334e+00 0.000000000000000000e+00
