-7.950000000000000178e+00 2.808366085122709431e-06
-7.850000000000000533e+00 6.552854198619655905e-06
-7.750000000000000888e+00 9.361220283742365336e-06
-7.650000000000001243e+00 1.123346434049083773e-05
-7.550000000000001599e+00 1.310570839723931012e-05
-7.450000000000001954e+00 1.965856259585896517e-05
-7.350000000000002309e+00 2.340305070935591334e-05
-7.250000000000002665e+00 1.685019651073625828e-05
-7.150000000000003020e+00 1.872244056748473067e-05
-7.050000000000003375e+00 2.808366085122709601e-05
-6.950000000000003730e+00 2.901978287960133051e-05
-6.850000000000004086e+00 3.838100316334369584e-05
-6.750000000000004441e+00 4.493385736196335090e-05
-6.650000000000004796e+00 4.774222344708606118e-05
-6.550000000000005151e+00 5.242283358895724046e-05
-6.450000000000005507e+00 6.552854198619655058e-05
-6.350000000000005862e+00 6.365629792944808157e-05
-6.250000000000006217e+00 9.173995878067518436e-05
-6.150000000000006573e+00 1.029734231211660119e-04
-6.050000000000006928e+00 1.104623993481599015e-04
-5.950000000000007283e+00 1.310570839723931012e-04
-5.850000000000007638e+00 1.656935990222398658e-04
-5.750000000000007994e+00 2.003301140720866033e-04
-5.650000000000008349e+00 2.312221410084363757e-04
-5.550000000000008704e+00 2.667947780866573816e-04
-5.450000000000009059e+00 2.667947780866573816e-04
-5.350000000000009415e+00 3.585347368673325388e-04
-5.250000000000009770e+00 4.053408382860443858e-04
-5.150000000000010125e+00 4.839750886694802194e-04
-5.050000000000010481e+00 5.906929999041432913e-04
-4.950000000000010836e+00 6.768162265145731635e-04
-4.850000000000011191e+00 7.507698667561378721e-04
-4.750000000000011546e+00 8.528071678489297647e-04
-4.650000000000011902e+00 1.011947912672549969e-03
-4.550000000000012257e+00 1.185130487921783439e-03
-4.450000000000012612e+00 1.385460601993869501e-03
-4.350000000000012967e+00 1.508092587710894430e-03
-4.250000000000013323e+00 1.819821223159515068e-03
-4.150000000000013678e+00 2.084743757189424021e-03
-4.050000000000014033e+00 2.352474657304456755e-03
-3.950000000000014388e+00 2.748454275306760897e-03
-3.850000000000014744e+00 3.165028577933297858e-03
-3.750000000000015099e+00 3.565688806077473016e-03
-3.650000000000015454e+00 4.262163595187907876e-03
-3.550000000000015810e+00 4.722735633148035343e-03
-3.450000000000016165e+00 5.567125073781193853e-03
-3.350000000000016520e+00 6.384352233512313041e-03
-3.250000000000016875e+00 7.208139618481643196e-03
-3.150000000000017231e+00 8.268765876629646447e-03
-3.050000000000017586e+00 9.465144570971084637e-03
-2.950000000000017941e+00 1.091237448475843724e-02
-2.850000000000018296e+00 1.276779045811491861e-02
-2.750000000000018652e+00 1.454361394594081390e-02
-2.650000000000019007e+00 1.658155897275112589e-02
-2.550000000000019362e+00 1.931502792456437148e-02
-2.450000000000019718e+00 2.182013469873143874e-02
-2.350000000000020073e+00 2.522199477880388702e-02
-2.250000000000020428e+00 2.875305444087114526e-02
-2.150000000000020783e+00 3.326141812952140148e-02
-2.050000000000021139e+00 3.800853716164449836e-02
-1.950000000000021272e+00 4.399876727913185070e-02
-1.850000000000021627e+00 5.074454369703194218e-02
-1.750000000000021982e+00 5.839919878096871270e-02
-1.650000000000022338e+00 6.733553022942320720e-02
-1.550000000000022693e+00 7.816372007098473795e-02
-1.450000000000023048e+00 8.979223527848925746e-02
-1.350000000000023404e+00 1.040307766377346205e-01
-1.250000000000023759e+00 1.205289470395645712e-01
-1.150000000000024114e+00 1.397786822954109054e-01
-1.050000000000024469e+00 1.614988140999787103e-01
-9.500000000000248246e-01 1.881118640998289959e-01
-8.500000000000251799e-01 2.177948710089348539e-01
-7.500000000000255351e-01 2.516751321385675699e-01
-6.500000000000258904e-01 2.920054583196878828e-01
-5.500000000000262457e-01 3.384209167530634610e-01
-4.500000000000266565e-01 3.905076530496768838e-01
-3.500000000000270117e-01 4.460755175861514377e-01
-2.500000000000273670e-01 5.056886602488133153e-01
-1.500000000000277223e-01 5.613387192477916621e-01
-5.000000000002806366e-02 5.995375766517396787e-01
4.999999999997158107e-02 5.997321942101270231e-01
1.499999999999712119e-01 5.621911652347005850e-01
2.499999999999708566e-01 5.056070186142757050e-01
3.499999999999705014e-01 4.474496783844482684e-01
4.499999999999701461e-01 3.886378930332714532e-01
5.499999999999698463e-01 3.372695824816778210e-01
6.499999999999694911e-01 2.924165633109362394e-01
7.499999999999691358e-01 2.525251088272125743e-01
8.499999999999687805e-01 2.174362478195923098e-01
9.499999999999684253e-01 1.884181529080575790e-01
1.049999999999968070e+00 1.621746794623857291e-01
1.149999999999967715e+00 1.392385472560785098e-01
1.249999999999967359e+00 1.210317477633558181e-01
1.349999999999967004e+00 1.038378323053352065e-01
1.449999999999966649e+00 9.055989956799370688e-02
1.549999999999966294e+00 7.738386408199261768e-02
1.649999999999965938e+00 6.747964142451570724e-02
1.749999999999965583e+00 5.810715819227433437e-02
1.849999999999965228e+00 5.092611451533854416e-02
1.949999999999964873e+00 4.402871581300021875e-02
2.049999999999964295e+00 3.868999714310296378e-02
2.149999999999963940e+00 3.313415713093965931e-02
2.249999999999963585e+00 2.870903459241877856e-02
2.349999999999963229e+00 2.493086819901908779e-02
2.449999999999962874e+00 2.156457338498526943e-02
2.549999999999962519e+00 1.912404428869683704e-02
2.649999999999962164e+00 1.665084674493001043e-02
2.749999999999961808e+00 1.461756021514278372e-02
2.849999999999961453e+00 1.248975484464818347e-02
2.949999999999961098e+00 1.105093528703700832e-02
3.049999999999960743e+00 9.706656683252039286e-03
3.149999999999960387e+00 8.328685057485189086e-03
3.249999999999960032e+00 7.248400236741329994e-03
3.349999999999959677e+00 6.463929976963716725e-03
3.449999999999959321e+00 5.505333648868900726e-03
3.549999999999958966e+00 4.809809723866026107e-03
3.649999999999958611e+00 4.166679148293736187e-03
3.749999999999958256e+00 3.639649817358631741e-03
3.849999999999957900e+00 3.143497771280690661e-03
3.949999999999957545e+00 2.705392662001545635e-03
4.049999999999957190e+00 2.454519329436842447e-03
4.149999999999956835e+00 2.034193167657215480e-03
4.249999999999956479e+00 1.762717779428686756e-03
4.349999999999956124e+00 1.502475855540649254e-03
4.449999999999955769e+00 1.338654500575158033e-03
4.549999999999955413e+00 1.081220942772243444e-03
4.649999999999955058e+00 1.016628522814420985e-03
4.749999999999954703e+00 8.518710458205553879e-04
4.849999999999954348e+00 7.713645513803711259e-04
4.949999999999953992e+00 6.637105181173337315e-04
5.049999999999953637e+00 5.588648509394192505e-04
5.149999999999953282e+00 5.111226274923330809e-04
5.249999999999952927e+00 4.371689872507683724e-04
5.349999999999952571e+00 3.547902487538355737e-04
5.449999999999952216e+00 2.799004864838966510e-04
5.549999999999951861e+00 2.752198763420254718e-04
5.649999999999951505e+00 2.096913343558289618e-04
5.749999999999951150e+00 1.816076735046018591e-04
5.849999999999950795e+00 1.610129888803686594e-04
5.949999999999950440e+00 1.338654500575158250e-04
6.049999999999950084e+00 1.273125958588961631e-04
6.149999999999949729e+00 1.001650570360433016e-04
6.249999999999949374e+00 8.705934863880399153e-05
6.349999999999949019e+00 7.395364024156468141e-05
6.449999999999948663e+00 6.646466401457079185e-05
6.549999999999948308e+00 4.306161330521488190e-05
6.649999999999947953e+00 4.961446750383453018e-05
6.749999999999947597e+00 3.650875910659522684e-05
6.849999999999947242e+00 4.118936924846639935e-05
6.949999999999946887e+00 2.995590490797556840e-05
7.049999999999946532e+00 2.808366085122709601e-05
7.149999999999946176e+00 1.872244056748473067e-05
7.249999999999945821e+00 2.340305070935591334e-05
7.349999999999945466e+00 1.497795245398778589e-05
7.449999999999945111e+00 1.497795245398778250e-05
7.549999999999944755e+00 7.488976226993892099e-06
7.649999999999944400e+00 9.361220283742365336e-06
7.749999999999944045e+00 8.425098255368129141e-06
7.849999999999943689e+00 1.872244056748473025e-06
7.949999999999943334e+00 9.361220283742365336e-06
