-7.950000000000000178e+00 1.872244056748473025e-06
-7.850000000000000533e+00 5.616732170245418863e-06
-7.750000000000000888e+00 2.059468462423319967e-05
-7.650000000000001243e+00 1.591407448236202039e-05
-7.550000000000001599e+00 2.901978287960133390e-05
-7.450000000000001954e+00 2.059468462423319967e-05
-7.350000000000002309e+00 2.153080665260743417e-05
-7.250000000000002665e+00 3.089202693634979951e-05
-7.150000000000003020e+00 3.089202693634980629e-05
-7.050000000000003375e+00 3.276427099309826851e-05
-6.950000000000003730e+00 4.399773533358910963e-05
-6.850000000000004086e+00 7.208139618481621241e-05
-6.750000000000004441e+00 8.705934863880400508e-05
-6.650000000000004796e+00 1.029734231211660119e-04
-6.550000000000005151e+00 1.076540332630372048e-04
-6.450000000000005507e+00 1.441627923696324519e-04
-6.350000000000005862e+00 1.245042297737734393e-04
-6.250000000000006217e+00 1.432266703412581564e-04
-6.150000000000006573e+00 1.647574769938655974e-04
-6.050000000000006928e+00 2.031384801572093000e-04
-5.950000000000007283e+00 2.284137749233136790e-04
-5.850000000000007638e+00 2.789643644555224911e-04
-5.750000000000007994e+00 3.061119032783753526e-04
-5.650000000000008349e+00 3.482373945552159661e-04
-5.550000000000008704e+00 4.306161330521487648e-04
-5.450000000000009059e+00 4.418495973926396059e-04
-5.350000000000009415e+00 5.466952645705541953e-04
-5.250000000000009770e+00 6.749439824578246268e-04
-5.150000000000010125e+00 7.067721314225486676e-04
-5.050000000000010481e+00 8.116177986004630401e-04
-4.950000000000010836e+00 9.108467336081323444e-04
-4.850000000000011191e+00 1.078412576687120313e-03
-4.750000000000011546e+00 1.093390529141108391e-03
-4.650000000000011902e+00 1.352696331000771517e-03
-4.550000000000012257e+00 1.506220343654146110e-03
-4.450000000000012612e+00 1.723400654236969219e-03
-4.350000000000012967e+00 1.870371812691724259e-03
-4.250000000000013323e+00 2.075382536905682421e-03
-4.150000000000013678e+00 2.555613137461667031e-03
-4.050000000000014033e+00 2.839258112059062002e-03
-3.950000000000014388e+00 3.179070408358911776e-03
-3.850000000000014744e+00 3.519818826687135492e-03
-3.750000000000015099e+00 3.952307203796034257e-03
-3.650000000000015454e+00 4.663759945360458278e-03
-3.550000000000015810e+00 5.280664362059083253e-03
-3.450000000000016165e+00 5.903185510927952753e-03
-3.350000000000016520e+00 6.539748490222436171e-03
-3.250000000000016875e+00 7.489912349022283776e-03
-3.150000000000017231e+00 8.851969900306781713e-03
-3.050000000000017586e+00 9.757199901744652293e-03
-2.950000000000017941e+00 1.093016817433714247e-02
-2.850000000000018296e+00 1.269663044187929052e-02
-2.750000000000018652e+00 1.436667214049890291e-02
-2.650000000000019007e+00 1.664988113874326867e-02
-2.550000000000019362e+00 1.865974250470238405e-02
-2.450000000000019718e+00 2.138479372929985578e-02
-2.350000000000020073e+00 2.453109249562612781e-02
-2.250000000000020428e+00 2.769705719558784862e-02
-2.150000000000020783e+00 3.152858991564438940e-02
-2.050000000000021139e+00 3.619142111001587281e-02
-1.950000000000021272e+00 4.073447291099299705e-02
-1.850000000000021627e+00 4.742868890693656414e-02
-1.750000000000021982e+00 5.477535984353822801e-02
-1.650000000000022338e+00 6.336711730411530297e-02
-1.550000000000022693e+00 7.281637728476270111e-02
-1.450000000000023048e+00 8.389160014726060322e-02
-1.350000000000023404e+00 9.812159847161713855e-02
-1.250000000000023759e+00 1.127447311926927376e-01
-1.150000000000024114e+00 1.300883303517391121e-01
-1.050000000000024469e+00 1.519242685593605313e-01
-9.500000000000248246e-01 1.759677004465214079e-01
-8.500000000000251799e-01 2.075441726353659255e-01
-7.500000000000255351e-01 2.434726319078837076e-01
-6.500000000000258904e-01 2.851956644229182714e-01
-5.500000000000262457e-01 3.335388413570226640e-01
-4.500000000000266565e-01 3.906798479056208251e-01
-3.500000000000270117e-01 4.565624282945333068e-01
-2.500000000000273670e-01 5.292647534836654177e-01
-1.500000000000277223e-01 5.882703750630299266e-01
-5.000000000002806366e-02 6.316502845999704130e-01
4.999999999997158107e-02 6.325076175861297223e-01
1.499999999999712119e-01 5.888011488820782402e-01
2.499999999999708566e-01 5.278954207163023549e-01
3.499999999999705014e-01 4.572682643039276407e-01
4.499999999999701461e-01 3.907529022790319218e-01
5.499999999999698463e-01 3.359158099788964180e-01
6.499999999999694911e-01 2.869592298719001455e-01
7.499999999999691358e-01 2.440229610949736783e-01
8.499999999999687805e-01 2.080973838989371161e-01
9.499999999999684253e-01 1.782387398583971105e-01
1.049999999999968070e+00 1.536954704053613563e-01
1.149999999999967715e+00 1.325586974163021070e-01
1.249999999999967359e+00 1.137530746670040727e-01
1.349999999999967004e+00 9.820867256233513365e-02
1.449999999999966649e+00 8.457308224183789080e-02
1.549999999999966294e+00 7.314211089543895539e-02
1.649999999999965938e+00 6.330904088315811307e-02
1.749999999999965583e+00 5.430728408727192313e-02
1.849999999999965228e+00 4.702987143869076514e-02
1.949999999999964873e+00 4.106769549789624635e-02
2.049999999999964295e+00 3.554268117331296772e-02
2.149999999999963940e+00 3.131984207435652146e-02
2.249999999999963585e+00 2.737688871980466232e-02
2.349999999999963229e+00 2.401719098620703347e-02
2.449999999999962874e+00 2.117601640385360917e-02
2.549999999999962519e+00 1.879545808569787341e-02
2.649999999999962164e+00 1.631847919861959678e-02
2.749999999999961808e+00 1.456231427338952090e-02
2.849999999999961453e+00 1.255807701064031237e-02
2.949999999999961098e+00 1.058566789685583265e-02
3.049999999999960743e+00 9.620526085602017566e-03
3.149999999999960387e+00 8.382972764091296131e-03
3.249999999999960032e+00 7.454339711944065264e-03
3.349999999999959677e+00 6.696080868960934546e-03
3.449999999999959321e+00 5.690685810486999577e-03
3.549999999999958966e+00 5.135565447661074798e-03
3.649999999999958611e+00 4.388540069018430530e-03
3.749999999999958256e+00 4.017835745782231092e-03
3.849999999999957900e+00 3.579730636503086934e-03
3.949999999999957545e+00 3.047077202358143729e-03
4.049999999999957190e+00 2.865469528853540650e-03
4.149999999999956835e+00 2.472298276936360072e-03
4.249999999999956479e+00 2.095977221529915675e-03
4.349999999999956124e+00 1.802971026648778887e-03
4.449999999999955769e+00 1.699061481499238892e-03
4.549999999999955413e+00 1.444436289781446782e-03
4.649999999999955058e+00 1.373291015625004770e-03
4.749999999999954703e+00 1.214150270801384567e-03
4.849999999999954348e+00 1.031606475268408629e-03
4.949999999999953992e+00 7.638755751533771957e-04
5.049999999999953637e+00 7.142611076495425978e-04
5.149999999999953282e+00 7.329835482170273149e-04
5.249999999999952927e+00 5.626093390529162156e-04
5.349999999999952571e+00 5.392062883435601566e-04
5.449999999999952216e+00 4.474663295628851078e-04
5.549999999999951861e+00 3.444929064417190552e-04
5.649999999999951505e+00 3.107925134202465319e-04
5.749999999999951150e+00 2.677309001150316500e-04
5.849999999999950795e+00 2.677309001150316500e-04
5.949999999999950440e+00 2.274776528949394377e-04
6.049999999999950084e+00 2.227970427530682855e-04
6.149999999999949729e+00 1.432266703412581835e-04
6.249999999999949374e+00 1.694380871357367767e-04
6.349999999999949019e+00 1.348015720858900392e-04
6.449999999999948663e+00 1.132707654332826253e-04
6.549999999999948308e+00 9.922893500766906036e-05
6.649999999999947953e+00 9.735669095092057781e-05
6.749999999999947597e+00 6.833690807131926085e-05
6.849999999999947242e+00 6.552854198619653702e-05
6.949999999999946887e+00 5.991180981595114357e-05
7.049999999999946532e+00 6.740078604294504668e-05
7.149999999999946176e+00 6.365629792944808157e-05
7.249999999999945821e+00 4.212549127684064062e-05
7.349999999999945466e+00 2.714753882285285473e-05
7.449999999999945111e+00 3.463651504984675107e-05
7.549999999999944755e+00 1.497795245398778081e-05
7.649999999999944400e+00 1.216958636886507392e-05
7.749999999999944045e+00 7.488976226993892099e-06
7.849999999999943689e+00 8.425098255368127447e-06
7.949999999999943334e+00 3.744488113496946050e-06
