-7.950000000000000178e+00 0.000000000000000000e+00
-7.850000000000000533e+00 0.000000000000000000e+00
-7.750000000000000888e+00 0.000000000000000000e+00
-7.650000000000001243e+00 0.000000000000000000e+00
-7.550000000000001599e+00 0.000000000000000000e+00
-7.450000000000001954e+00 0.000000000000000000e+00
-7.350000000000002309e+00 0.000000000000000000e+00
-7.250000000000002665e+00 0.000000000000000000e+00
-7.150000000000003020e+00 0.000000000000000000e+00
-7.050000000000003375e+00 0.000000000000000000e+00
-6.950000000000003730e+00 0.000000000000000000e+00
-6.850000000000004086e+00 0.000000000000000000e+00
-6.750000000000004441e+00 0.000000000000000000e+00
-6.650000000000004796e+00 0.000000000000000000e+00
-6.550000000000005151e+00 0.000000000000000000e+00
-6.450000000000005507e+00 0.000000000000000000e+00
-6.350000000000005862e+00 0.000000000000000000e+00
-6.250000000000006217e+00 0.000000000000000000e+00
-6.150000000000006573e+00 7.486105787658134562e-06
-6.050000000000006928e+00 3.743052893829066858e-06
-5.950000000000007283e+00 3.743052893829066858e-06
-5.850000000000007638e+00 1.871526446914533429e-06
-5.750000000000007994e+00 2.807289670371800249e-06
-5.650000000000008349e+00 8.421869011115401595e-06
-5.550000000000008704e+00 5.614579340743600498e-06
-5.450000000000009059e+00 1.965102769260260429e-05
-5.350000000000009415e+00 2.245831736297440199e-05
-5.250000000000009770e+00 2.900865992717527461e-05
-5.150000000000010125e+00 2.620137025680347012e-05
-5.050000000000010481e+00 6.643918886546592878e-05
-4.950000000000010836e+00 7.205376820620955130e-05
-4.850000000000011191e+00 9.919090168647028507e-05
-4.750000000000011546e+00 1.450432996358763324e-04
-4.650000000000011902e+00 2.068036723840559633e-04
-4.550000000000012257e+00 2.311335161939449129e-04
-4.450000000000012612e+00 3.406178133384449693e-04
-4.350000000000012967e+00 2.957011786124962602e-04
-4.250000000000013323e+00 4.922114555385220455e-04
-4.150000000000013678e+00 6.194752539287104974e-04
-4.050000000000014033e+00 6.550342564200865294e-04
-3.950000000000014388e+00 9.207910118819498651e-04
-3.850000000000014744e+00 1.413002467420472561e-03
-3.750000000000015099e+00 1.823802522518212094e-03
-3.650000000000015454e+00 2.221501892487550735e-03
-3.550000000000015810e+00 2.423626748754320170e-03
-3.450000000000016165e+00 2.832555277405145351e-03
-3.350000000000016520e+00 3.321023680049838261e-03
-3.250000000000016875e+00 3.908682984381000453e-03
-3.150000000000017231e+00 4.876262157435808445e-03
-3.050000000000017586e+00 6.220018146320439173e-03
-2.950000000000017941e+00 7.971766900632448749e-03
-2.850000000000018296e+00 9.705736153698771990e-03
-2.750000000000018652e+00 1.132834958317368960e-02
-2.650000000000019007e+00 1.518462982704114547e-02
-2.550000000000019362e+00 1.847945213683423182e-02
-2.450000000000019718e+00 2.220004671330038509e-02
-2.350000000000020073e+00 2.670668239747064562e-02
-2.250000000000020428e+00 3.233529818656603882e-02
-2.150000000000020783e+00 3.850478511881950949e-02
-2.050000000000021139e+00 4.685647188817522457e-02
-1.950000000000021272e+00 5.307087545515469518e-02
-1.850000000000021627e+00 6.427383276638473641e-02
-1.750000000000021982e+00 7.540099325651451745e-02
-1.650000000000022338e+00 9.079055522949228130e-02
-1.550000000000022693e+00 1.022358752155978490e-01
-1.450000000000023048e+00 1.208865720223244039e-01
-1.350000000000023404e+00 1.403729053875978905e-01
-1.250000000000023759e+00 1.602213791203491722e-01
-1.150000000000024114e+00 1.827704655159985703e-01
-1.050000000000024469e+00 2.103277566835911050e-01
-9.500000000000248246e-01 2.381610980021042212e-01
-8.500000000000251799e-01 2.648846241375963917e-01
-7.500000000000255351e-01 2.999486078837619862e-01
-6.500000000000258904e-01 3.258626988309628603e-01
-5.500000000000262457e-01 3.503357144140394341e-01
-4.500000000000266565e-01 3.757370071147857482e-01
-3.500000000000270117e-01 4.019598999257272265e-01
-2.500000000000273670e-01 4.128110102649372726e-01
-1.500000000000277223e-01 4.270842067123304386e-01
-5.000000000002806366e-02 4.337805283393902922e-01
4.999999999997158107e-02 4.370341770673512594e-01
1.499999999999712119e-01 4.316694465072706821e-01
2.499999999999708566e-01 4.197253647230625995e-01
3.499999999999705014e-01 4.015996310846959849e-01
4.499999999999701461e-01 3.734921111417119910e-01
5.499999999999698463e-01 3.505574902979986529e-01
6.499999999999694911e-01 3.251487114914647369e-01
7.499999999999691358e-01 2.949619256659582467e-01
8.499999999999687805e-01 2.699966986273428793e-01
9.499999999999684253e-01 2.377980218714025318e-01
1.049999999999968070e+00 2.099281857871749535e-01
1.149999999999967715e+00 1.827461356721885588e-01
1.249999999999967359e+00 1.618851661316561552e-01
1.349999999999967004e+00 1.404440233925808024e-01
1.449999999999966649e+00 1.220927708173608628e-01
1.549999999999966294e+00 1.039698444686642242e-01
1.649999999999965938e+00 8.869257408250119656e-02
1.749999999999965583e+00 7.478526105547972369e-02
1.849999999999965228e+00 6.319396200651503093e-02
1.949999999999964873e+00 5.416946147949350254e-02
2.049999999999964295e+00 4.593287358662294373e-02
2.149999999999963940e+00 3.926743214593719083e-02
2.249999999999963585e+00 3.160259558259902180e-02
2.349999999999963229e+00 2.601234608566532769e-02
2.449999999999962874e+00 2.245176702041038613e-02
2.549999999999962519e+00 1.804432223792659662e-02
2.649999999999962164e+00 1.495536783729411318e-02
2.749999999999961808e+00 1.277503952663865128e-02
2.849999999999961453e+00 1.016145284352247373e-02
2.949999999999961098e+00 7.731275752203924274e-03
3.049999999999960743e+00 6.103047743388281821e-03
3.149999999999960387e+00 5.217815733997708746e-03
3.249999999999960032e+00 4.293281669221936034e-03
3.349999999999959677e+00 3.495075639612888960e-03
3.449999999999959321e+00 2.720263690590273009e-03
3.549999999999958966e+00 2.336600768972795037e-03
3.649999999999958611e+00 2.032477721349182625e-03
3.749999999999958256e+00 1.696538724128023642e-03
3.849999999999957900e+00 1.549623898045233202e-03
3.949999999999957545e+00 9.451208556918390315e-04
4.049999999999957190e+00 8.449941907819117064e-04
4.149999999999956835e+00 5.315135109237274303e-04
4.249999999999956479e+00 4.575882162706034601e-04
4.349999999999956124e+00 3.209667856458424937e-04
4.449999999999955769e+00 1.497221157531626980e-04
4.549999999999955413e+00 1.600155112111926320e-04
4.649999999999955058e+00 2.236474104062866411e-04
4.749999999999954703e+00 8.141140044078221485e-05
4.849999999999954348e+00 7.018224175929502402e-05
4.949999999999953992e+00 8.515445333461125587e-05
5.049999999999953637e+00 7.111800498275228088e-05
5.149999999999953282e+00 6.363189919509414463e-05
5.249999999999952927e+00 6.082460952472234692e-05
5.349999999999952571e+00 4.491663472594881076e-05
5.449999999999952216e+00 1.590797479877353616e-05
5.549999999999951861e+00 9.357632234572666933e-06
5.649999999999951505e+00 1.310068512840173506e-05
5.749999999999951150e+00 1.684373802223080319e-05
5.849999999999950795e+00 1.871526446914533725e-05
5.949999999999950440e+00 3.368747604446160638e-05
6.049999999999950084e+00 5.614579340743600498e-06
6.149999999999949729e+00 0.000000000000000000e+00
6.249999999999949374e+00 0.000000000000000000e+00
6.349999999999949019e+00 0.000000000000000000e+00
6.449999999999948663e+00 0.000000000000000000e+00
6.549999999999948308e+00 0.000000000000000000e+00
6.649999999999947953e+00 0.000000000000000000e+00
6.749999999999947597e+00 0.000000000000000000e+00
6.849999999999947242e+00 0.000000000000000000e+00
6.949999999999946887e+00 0.000000000000000000e+00
7.049999999999946532e+00 0.000000000000000000e+00
7.149999999999946176e+00 0.000000000000000000e+00
7.249999999999945821e+00 0.000000000000000000e+00
7.349999999999945466e+00 0.000000000000000000e+00
7.449999999999945111e+00 0.000000000000000000e+00
7.549999999999944755e+00 0.000000000000000000e+00
7.649999999999944400e+00 0.000000000000000000e+00
7.749999999999944045e+00 0.000000000000000000e+00
7.849999999999943689e+00 0.000000000000000000e+00
7.949999999999943334e+00 0.000000000000000000e+00
