-7.950000000000000178e+00 1.591407448236202039e-05
-7.850000000000000533e+00 1.778631853911049278e-05
-7.750000000000000888e+00 1.123346434049083773e-05
-7.650000000000001243e+00 2.059468462423319967e-05
-7.550000000000001599e+00 1.872244056748473067e-05
-7.450000000000001954e+00 5.335895561733146818e-05
-7.350000000000002309e+00 5.616732170245417846e-05
-7.250000000000002665e+00 3.744488113496947490e-05
-7.150000000000003020e+00 3.182814896472404756e-05
-7.050000000000003375e+00 5.616732170245420557e-05
-6.950000000000003730e+00 1.366738161426385759e-04
-6.850000000000004086e+00 7.676200632668739169e-05
-6.750000000000004441e+00 7.769812835506161941e-05
-6.650000000000004796e+00 9.080383675230094308e-05
-6.550000000000005151e+00 9.642056892254636364e-05
-6.450000000000005507e+00 1.329293280291415295e-04
-6.350000000000005862e+00 1.198236196319022736e-04
-6.250000000000006217e+00 2.686670221434058641e-04
-6.150000000000006573e+00 2.190525546395713204e-04
-6.050000000000006928e+00 2.171803105828228378e-04
-5.950000000000007283e+00 2.499445815759211470e-04
-5.850000000000007638e+00 2.490084595475469328e-04
-5.750000000000007994e+00 3.285788319593569264e-04
-5.650000000000008349e+00 3.810016655483142211e-04
-5.550000000000008704e+00 5.045697732937134191e-04
-5.450000000000009059e+00 5.354618002300632999e-04
-5.350000000000009415e+00 6.506048097200945162e-04
-5.250000000000009770e+00 7.751090394938677658e-04
-5.150000000000010125e+00 9.417387605444822252e-04
-5.050000000000010481e+00 8.977410252108928039e-04
-4.950000000000010836e+00 9.276969301188684163e-04
-4.850000000000011191e+00 1.125218678105832431e-03
-4.750000000000011546e+00 1.201051933443738826e-03
-4.650000000000011902e+00 1.334917383501254759e-03
-4.550000000000012257e+00 1.531495638420251031e-03
-4.450000000000012612e+00 1.915313041093281857e-03
-4.350000000000012967e+00 1.953694044256625885e-03
-4.250000000000013323e+00 2.204567376821327772e-03
-4.150000000000013678e+00 2.379629567166904013e-03
-4.050000000000014033e+00 2.540635185007680472e-03
-3.950000000000014388e+00 2.915083996357375681e-03
-3.850000000000014744e+00 3.238996960254049949e-03
-3.750000000000015099e+00 3.717347945713693307e-03
-3.650000000000015454e+00 4.206003644525046874e-03
-3.550000000000015810e+00 4.613216726867841802e-03
-3.450000000000016165e+00 5.087837966293173517e-03
-3.350000000000016520e+00 5.466104976152302494e-03
-3.250000000000016875e+00 6.603485869587405639e-03
-3.150000000000017231e+00 7.441300342903158643e-03
-3.050000000000017586e+00 8.822058221636364453e-03
-2.950000000000017941e+00 9.418397437869119662e-03
-2.850000000000018296e+00 1.074402731148254089e-02
-2.750000000000018652e+00 1.211463526869549501e-02
-2.650000000000019007e+00 1.370991251271827874e-02
-2.550000000000019362e+00 1.566730681885083326e-02
-2.450000000000019718e+00 1.796261169306813746e-02
-2.350000000000020073e+00 1.956530420292201811e-02
-2.250000000000020428e+00 2.223900139467156062e-02
-2.150000000000020783e+00 2.530012779849492854e-02
-2.050000000000021139e+00 2.929709613118799266e-02
-1.950000000000021272e+00 3.448062493348384716e-02
-1.850000000000021627e+00 3.960986602917351829e-02
-1.750000000000021982e+00 4.487105610462638339e-02
-1.650000000000022338e+00 5.040800414231162707e-02
-1.550000000000022693e+00 5.735636621239949273e-02
-1.450000000000023048e+00 6.650147498630021303e-02
-1.350000000000023404e+00 7.933747704481379504e-02
-1.250000000000023759e+00 9.118774260744903770e-02
-1.150000000000024114e+00 1.073330244887404084e-01
-1.050000000000024469e+00 1.229676186338755361e-01
-9.500000000000248246e-01 1.458239003682662571e-01
-8.500000000000251799e-01 1.716343915771768036e-01
-7.500000000000255351e-01 2.033190116589370655e-01
-6.500000000000258904e-01 2.414243010862858474e-01
-5.500000000000262457e-01 2.859784098594310153e-01
-4.500000000000266565e-01 3.517109601084572046e-01
-3.500000000000270117e-01 4.273436789431843685e-01
-2.500000000000273670e-01 5.257649175453162904e-01
-1.500000000000277223e-01 6.634900208389351572e-01
-5.000000000002806366e-02 8.448300740090187722e-01
4.999999999997158107e-02 8.452395278873978679e-01
1.499999999999712119e-01 6.713329322740896332e-01
2.499999999999708566e-01 5.464810031916538247e-01
3.499999999999705014e-01 4.463258086065880481e-01
4.499999999999701461e-01 3.705325927557517884e-01
5.499999999999698463e-01 3.110117576219181279e-01
6.499999999999694911e-01 2.637138456994495561e-01
7.499999999999691358e-01 2.220855900115081827e-01
8.499999999999687805e-01 1.913720306857958353e-01
9.499999999999684253e-01 1.609438485289843568e-01
1.049999999999968070e+00 1.398476162576894610e-01
1.149999999999967715e+00 1.207123532467303251e-01
1.249999999999967359e+00 1.046631602375796277e-01
1.349999999999967004e+00 8.988068038257171488e-02
1.449999999999966649e+00 7.846113414754277149e-02
1.549999999999966294e+00 6.955321805672115554e-02
1.649999999999965938e+00 6.096209450554886111e-02
1.749999999999965583e+00 5.428935034794092618e-02
1.849999999999965228e+00 4.846597845373156604e-02
1.949999999999964873e+00 4.232319730081713499e-02
2.049999999999964295e+00 3.769666847644359553e-02
2.149999999999963940e+00 3.408390084048257967e-02
2.249999999999963585e+00 2.935467132145280766e-02
2.349999999999963229e+00 2.539125596098935900e-02
2.449999999999962874e+00 2.369893898071816218e-02
2.549999999999962519e+00 2.070322318224746688e-02
2.649999999999962164e+00 1.816027349080737152e-02
2.749999999999961808e+00 1.656135495322536358e-02
2.849999999999961453e+00 1.487717560066539532e-02
2.949999999999961098e+00 1.333628188676344237e-02
3.049999999999960743e+00 1.209964257416232085e-02
3.149999999999960387e+00 1.054576845953622902e-02
3.249999999999960032e+00 9.194973856750601401e-03
3.349999999999959677e+00 8.689357395834618539e-03
3.449999999999959321e+00 7.613502569886456892e-03
3.549999999999958966e+00 7.249351100848877225e-03
3.649999999999958611e+00 6.257990501760974517e-03
3.749999999999958256e+00 5.864833991922978502e-03
3.849999999999957900e+00 5.209533829981825154e-03
3.949999999999957545e+00 4.605742492720035254e-03
4.049999999999957190e+00 4.307104823589464823e-03
4.149999999999956835e+00 3.839987302470311385e-03
4.249999999999956479e+00 3.427157487957271931e-03
4.349999999999956124e+00 3.058325408777821247e-03
4.449999999999955769e+00 2.850491576399553223e-03
4.549999999999955413e+00 2.491956839532219383e-03
4.649999999999955058e+00 2.492892961560594194e-03
4.749999999999954703e+00 2.299115701687126385e-03
4.849999999999954348e+00 1.992067676380376330e-03
4.949999999999953992e+00 1.525878906250006072e-03
5.049999999999953637e+00 1.256275762078225451e-03
5.149999999999953282e+00 1.227255979198624324e-03
5.249999999999952927e+00 1.199172318347397140e-03
5.349999999999952571e+00 1.148621728815188165e-03
5.449999999999952216e+00 9.745030315375803175e-04
5.549999999999951861e+00 8.565516559624264045e-04
5.649999999999951505e+00 8.846353168136532634e-04
5.749999999999951150e+00 7.854063818059843927e-04
5.849999999999950795e+00 7.151972296779166493e-04
5.949999999999950440e+00 7.077082534509230444e-04
6.049999999999950084e+00 5.289089460314436381e-04
6.149999999999949729e+00 4.062769603144186542e-04
6.249999999999949374e+00 4.512108176763819645e-04
6.349999999999949019e+00 4.015963501725474749e-04
6.449999999999948663e+00 3.154731235621177111e-04
6.549999999999948308e+00 2.958145609662588341e-04
6.649999999999947953e+00 2.302860189800621886e-04
6.749999999999947597e+00 2.181164326111971062e-04
6.849999999999947242e+00 2.349666291219333679e-04
6.949999999999946887e+00 2.770921203987741169e-04
7.049999999999946532e+00 2.124997004409517128e-04
7.149999999999946176e+00 1.666297210506141070e-04
7.249999999999945821e+00 1.610129888803686865e-04
7.349999999999945466e+00 1.638213549654913832e-04
7.449999999999945111e+00 1.366738161426385488e-04
7.549999999999944755e+00 1.245042297737734664e-04
7.649999999999944400e+00 1.291848399156446728e-04
7.749999999999944045e+00 8.237873849693282580e-05
7.849999999999943689e+00 6.740078604294504668e-05
7.949999999999943334e+00 7.769812835506161941e-05
