-7.950000000000000178e+00 7.908358895705550355e-05
-7.850000000000000533e+00 8.297785659509230444e-05
-7.750000000000000888e+00 8.717168328220889885e-05
-7.650000000000001243e+00 1.014007381134972958e-04
-7.550000000000001599e+00 1.172773677147243335e-04
-7.450000000000001954e+00 1.213214148773010515e-04
-7.350000000000002309e+00 1.331539973159513984e-04
-7.250000000000002665e+00 1.511275402607367875e-04
-7.150000000000003020e+00 1.590670344276852444e-04
-7.050000000000003375e+00 1.694006422546019024e-04
-6.950000000000003730e+00 1.866252875766878823e-04
-6.850000000000004086e+00 2.282639953987739923e-04
-6.750000000000004441e+00 2.478862924798330009e-04
-6.650000000000004796e+00 2.549247507668722960e-04
-6.550000000000005151e+00 2.745458684815963802e-04
-6.450000000000005507e+00 3.109422929447867336e-04
-6.350000000000005862e+00 3.546790934767661465e-04
-6.250000000000006217e+00 3.784928585122717109e-04
-6.150000000000006573e+00 4.357098162528401115e-04
-6.050000000000006928e+00 4.999687703794524450e-04
-5.950000000000007283e+00 5.381590110381161357e-04
-5.850000000000007638e+00 5.756038921730852447e-04
-5.750000000000007994e+00 6.474980639522259340e-04
-5.650000000000008349e+00 7.379648967743113012e-04
-5.550000000000008704e+00 8.014725945455539700e-04
-5.450000000000009059e+00 8.877467800468576403e-04
-5.350000000000009415e+00 9.797078700153369173e-04
-5.250000000000009770e+00 1.093252543279913096e-03
-5.150000000000010125e+00 1.202284960946933216e-03
-5.050000000000010481e+00 1.343090687044101641e-03
-4.950000000000010836e+00 1.483430563438960844e-03
-4.850000000000011191e+00 1.638148094823313559e-03
-4.750000000000011546e+00 1.808606628680372664e-03
-4.650000000000011902e+00 2.029832165792105382e-03
-4.550000000000012257e+00 2.260650668672399902e-03
-4.450000000000012612e+00 2.448474192445405061e-03
-4.350000000000012967e+00 2.726174865873015260e-03
-4.250000000000013323e+00 3.036378875492114302e-03
-4.150000000000013678e+00 3.439457983989285816e-03
-4.050000000000014033e+00 3.727163222036359268e-03
-3.950000000000014388e+00 4.162592349101474840e-03
-3.850000000000014744e+00 4.656870676914741727e-03
-3.750000000000015099e+00 5.165961845895102392e-03
-3.650000000000015454e+00 5.783541744662066067e-03
-3.550000000000015810e+00 6.436600520883621612e-03
-3.450000000000016165e+00 7.245780274428131537e-03
-3.350000000000016520e+00 8.072268408304508758e-03
-3.250000000000016875e+00 8.897567740915247880e-03
-3.150000000000017231e+00 1.002306062169394836e-02
-3.050000000000017586e+00 1.125431317856015467e-02
-2.950000000000017941e+00 1.256614122279714127e-02
-2.850000000000018296e+00 1.409276018142231746e-02
-2.750000000000018652e+00 1.575740745842588858e-02
-2.650000000000019007e+00 1.765996594744868517e-02
-2.550000000000019362e+00 1.978276756142623855e-02
-2.450000000000019718e+00 2.237122546163402420e-02
-2.350000000000020073e+00 2.527298910492185857e-02
-2.250000000000020428e+00 2.853683708290371407e-02
-2.150000000000020783e+00 3.225416085160788537e-02
-2.050000000000021139e+00 3.640880663034381376e-02
-1.950000000000021272e+00 4.133956508932476459e-02
-1.850000000000021627e+00 4.675251455055218219e-02
-1.750000000000021982e+00 5.314653404991195873e-02
-1.650000000000022338e+00 6.050949734274822800e-02
-1.550000000000022693e+00 6.916508387842545957e-02
-1.450000000000023048e+00 7.909473278956191677e-02
-1.350000000000023404e+00 9.073237186987739844e-02
-1.250000000000023759e+00 1.039828191799429535e-01
-1.150000000000024114e+00 1.199292884967952250e-01
-1.050000000000024469e+00 1.386814514546555466e-01
-9.500000000000248246e-01 1.607537323170681876e-01
-8.500000000000251799e-01 1.873882114032204282e-01
-7.500000000000255351e-01 2.195982179586040139e-01
-6.500000000000258904e-01 2.584549739633710819e-01
-5.500000000000262457e-01 3.062644684662225725e-01
-4.500000000000266565e-01 3.655601961786575371e-01
-3.500000000000270117e-01 4.416831569598996809e-01
-2.500000000000273670e-01 5.394838250850839678e-01
-1.500000000000277223e-01 6.718550120994151165e-01
-5.000000000002806366e-02 8.619974967713686098e-01
4.999999999997158107e-02 8.575012097939924693e-01
1.499999999999712119e-01 6.635283013011734621e-01
2.499999999999708566e-01 5.274058754804380467e-01
3.499999999999705014e-01 4.271332885394473200e-01
4.499999999999701461e-01 3.510119635393079696e-01
5.499999999999698463e-01 2.909014021911137116e-01
6.499999999999694911e-01 2.429189559739735049e-01
7.499999999999691358e-01 2.043345899560344292e-01
8.499999999999687805e-01 1.729204622606686226e-01
9.499999999999684253e-01 1.468204142085686725e-01
1.049999999999968070e+00 1.249635269167391760e-01
1.149999999999967715e+00 1.070430696094213374e-01
1.249999999999967359e+00 9.228283643642952450e-02
1.349999999999967004e+00 7.959165053923292210e-02
1.449999999999966649e+00 6.875916367642717630e-02
1.549999999999966294e+00 5.971279646439393851e-02
1.649999999999965938e+00 5.159244175251389425e-02
1.749999999999965583e+00 4.505667657208804744e-02
1.849999999999965228e+00 3.948909213511982153e-02
1.949999999999964873e+00 3.436614885565929256e-02
2.049999999999964295e+00 3.014037903136066593e-02
2.149999999999963940e+00 2.635178025820274911e-02
2.249999999999963585e+00 2.311595992117117943e-02
2.349999999999963229e+00 2.037667521911805391e-02
2.449999999999962874e+00 1.790569989636728657e-02
2.549999999999962519e+00 1.587104530163096008e-02
2.649999999999962164e+00 1.397807270217916661e-02
2.749999999999961808e+00 1.240033410976516294e-02
2.849999999999961453e+00 1.090353660828577431e-02
2.949999999999961098e+00 9.733990856797327187e-03
3.049999999999960743e+00 8.642784514108575733e-03
3.149999999999960387e+00 7.672083464793328506e-03
3.249999999999960032e+00 6.794767000612858890e-03
3.349999999999959677e+00 6.054680423801961191e-03
3.449999999999959321e+00 5.380966225589921791e-03
3.549999999999958966e+00 4.837837364816291105e-03
3.649999999999958611e+00 4.299962581064905448e-03
3.749999999999958256e+00 3.833696562439600254e-03
3.849999999999957900e+00 3.386716721489890086e-03
3.949999999999957545e+00 3.104532097256762664e-03
4.049999999999957190e+00 2.763939355284758190e-03
4.149999999999956835e+00 2.481287701982987353e-03
4.249999999999956479e+00 2.212139793216503884e-03
4.349999999999956124e+00 1.989405846562358054e-03
4.449999999999955769e+00 1.795128830204453579e-03
4.549999999999955413e+00 1.598477749414275485e-03
4.649999999999955058e+00 1.423377229662815217e-03
4.749999999999954703e+00 1.287973001379762172e-03
4.849999999999954348e+00 1.163501499021784777e-03
4.949999999999953992e+00 1.050113681479758563e-03
5.049999999999953637e+00 9.505126563934106904e-04
5.149999999999953282e+00 8.528528682944062911e-04
5.249999999999952927e+00 7.667343591493173093e-04
5.349999999999952571e+00 6.999256150065226011e-04
5.449999999999952216e+00 6.172437793615058454e-04
5.549999999999951861e+00 5.838488422207882122e-04
5.649999999999951505e+00 5.079082645464009019e-04
5.749999999999951150e+00 4.818454479101272336e-04
5.849999999999950795e+00 4.231295155578253340e-04
5.949999999999950440e+00 3.937739081143442330e-04
6.049999999999950084e+00 3.509346053632691814e-04
6.149999999999949729e+00 3.319126057467046030e-04
6.249999999999949374e+00 2.890744823619645029e-04
6.349999999999949019e+00 2.697552824289901289e-04
6.449999999999948663e+00 2.329083400258451675e-04
6.549999999999948308e+00 2.206264190135751643e-04
6.649999999999947953e+00 1.905195552147247238e-04
6.749999999999947597e+00 1.789865318251541027e-04
6.849999999999947242e+00 1.664050517638043195e-04
6.949999999999946887e+00 1.473830521472398224e-04
7.049999999999946532e+00 1.328544382668716455e-04
7.149999999999946176e+00 1.265648776025317325e-04
7.249999999999945821e+00 1.112861867331292219e-04
7.349999999999945466e+00 9.975316334355862789e-05
7.449999999999945111e+00 9.001749424846657824e-05
7.549999999999944755e+00 8.192939992331316939e-05
7.649999999999944400e+00 7.249328987730087261e-05
7.749999999999944045e+00 7.354174654908000766e-05
7.849999999999943689e+00 5.901313266871187818e-05
7.949999999999943334e+00 5.766511694785296993e-05
