-7.950000000000000178e+00 0.000000000000000000e+00
-7.850000000000000533e+00 9.361220283742365124e-07
-7.750000000000000888e+00 2.808366085122709431e-06
-7.650000000000001243e+00 2.808366085122709431e-06
-7.550000000000001599e+00 2.808366085122709431e-06
-7.450000000000001954e+00 2.808366085122709431e-06
-7.350000000000002309e+00 9.361220283742365124e-07
-7.250000000000002665e+00 7.488976226993892099e-06
-7.150000000000003020e+00 6.552854198619655058e-06
-7.050000000000003375e+00 5.616732170245418863e-06
-6.950000000000003730e+00 5.616732170245418863e-06
-6.850000000000004086e+00 8.425098255368127447e-06
-6.750000000000004441e+00 4.680610141871182668e-06
-6.650000000000004796e+00 1.872244056748473025e-06
-6.550000000000005151e+00 7.488976226993892099e-06
-6.450000000000005507e+00 5.616732170245418863e-06
-6.350000000000005862e+00 9.361220283742363642e-06
-6.250000000000006217e+00 1.216958636886507392e-05
-6.150000000000006573e+00 2.433917273773014445e-05
-6.050000000000006928e+00 2.246692868098167545e-05
-5.950000000000007283e+00 1.591407448236202039e-05
-5.850000000000007638e+00 1.216958636886507561e-05
-5.750000000000007994e+00 2.246692868098167545e-05
-5.650000000000008349e+00 3.463651504984675107e-05
-5.550000000000008704e+00 3.650875910659522007e-05
-5.450000000000009059e+00 3.931712519171793035e-05
-5.350000000000009415e+00 8.144261646855857097e-05
-5.250000000000009770e+00 7.769812835506161941e-05
-5.150000000000010125e+00 1.029734231211660119e-04
-5.050000000000010481e+00 1.160791315184053220e-04
-4.950000000000010836e+00 1.694380871357367767e-04
-4.850000000000011191e+00 1.890966497315957351e-04
-4.750000000000011546e+00 2.199886766679455888e-04
-4.650000000000011902e+00 3.360678081863508566e-04
-4.550000000000012257e+00 3.697682012078234342e-04
-4.450000000000012612e+00 4.109575704562898335e-04
-4.350000000000012967e+00 4.998891631518421856e-04
-4.250000000000013323e+00 6.852413247699412537e-04
-4.150000000000013678e+00 8.631045101610461748e-04
-4.050000000000014033e+00 9.950977161618133546e-04
-3.950000000000014388e+00 1.204789050517642100e-03
-3.850000000000014744e+00 1.453797510065189032e-03
-3.750000000000015099e+00 1.802971026648779321e-03
-3.650000000000015454e+00 2.116571906154149363e-03
-3.550000000000015810e+00 2.611780459164121399e-03
-3.450000000000016165e+00 3.264257512940967922e-03
-3.350000000000016520e+00 3.941073739455543470e-03
-3.250000000000016875e+00 4.496194102281468249e-03
-3.150000000000017231e+00 5.223560918328254074e-03
-3.050000000000017586e+00 6.566896029045287894e-03
-2.950000000000017941e+00 7.962653973351271203e-03
-2.850000000000018296e+00 9.775922342312139829e-03
-2.750000000000018652e+00 1.175769267638035812e-02
-2.650000000000019007e+00 1.417382363161422132e-02
-2.550000000000019362e+00 1.753361718872653227e-02
-2.450000000000019718e+00 2.051891033721203739e-02
-2.350000000000020073e+00 2.487369841593191355e-02
-2.250000000000020428e+00 3.048200548792201481e-02
-2.150000000000020783e+00 3.652654542513424779e-02
-2.050000000000021139e+00 4.411568670916388157e-02
-1.950000000000021272e+00 5.203808743529483860e-02
-1.850000000000021627e+00 6.231857955090059492e-02
-1.750000000000021982e+00 7.338354192628437911e-02
-1.650000000000022338e+00 8.673264205090130963e-02
-1.550000000000022693e+00 1.021898889834167989e-01
-1.450000000000023048e+00 1.197262924251096816e-01
-1.350000000000023404e+00 1.396311583089865360e-01
-1.250000000000023759e+00 1.619211894107653316e-01
-1.150000000000024114e+00 1.858362251592469150e-01
-1.050000000000024469e+00 2.145003258943041224e-01
-9.500000000000248246e-01 2.425008266768372001e-01
-8.500000000000251799e-01 2.693647352671710848e-01
-7.500000000000255351e-01 2.964289666005378576e-01
-6.500000000000258904e-01 3.261716199620341428e-01
-5.500000000000262457e-01 3.534968966626053644e-01
-4.500000000000266565e-01 3.774262764541355675e-01
-3.500000000000270117e-01 3.995760366724491752e-01
-2.500000000000273670e-01 4.176215725609444540e-01
-1.500000000000277223e-01 4.275604833307480312e-01
-5.000000000002806366e-02 4.353465050823204230e-01
4.999999999997158107e-02 4.346200449041437985e-01
1.499999999999712119e-01 4.293533118069164933e-01
2.499999999999708566e-01 4.166146369551955164e-01
3.499999999999705014e-01 3.975765537302377028e-01
4.499999999999701461e-01 3.778015139667216804e-01
5.499999999999698463e-01 3.536915142209924312e-01
6.499999999999694911e-01 3.257033894139363950e-01
7.499999999999691358e-01 2.980997970003940734e-01
8.499999999999687805e-01 2.698093121492133872e-01
9.499999999999684253e-01 2.413849471058963636e-01
1.049999999999968070e+00 2.144265196748543212e-01
1.149999999999967715e+00 1.870018371343251384e-01
1.249999999999967359e+00 1.621663428166054688e-01
1.349999999999967004e+00 1.398978867477169152e-01
1.449999999999966649e+00 1.194155515089665720e-01
1.549999999999966294e+00 1.025213793760156172e-01
1.649999999999965938e+00 8.729261992881939825e-02
1.749999999999965583e+00 7.377024140543853026e-02
1.849999999999965228e+00 6.187959728790984326e-02
1.949999999999964873e+00 5.160938777253702703e-02
2.049999999999964295e+00 4.365793777936811254e-02
2.149999999999963940e+00 3.624104294855930164e-02
2.249999999999963585e+00 3.028449111097463939e-02
2.349999999999963229e+00 2.534456779620417391e-02
2.449999999999962874e+00 2.088675469708596924e-02
2.549999999999962519e+00 1.764496411282591437e-02
2.649999999999962164e+00 1.451644429399918598e-02
2.749999999999961808e+00 1.168748352425229113e-02
2.849999999999961453e+00 9.488532879601250386e-03
2.949999999999961098e+00 7.904614407592066780e-03
3.049999999999960743e+00 6.634296815088234350e-03
3.149999999999960387e+00 5.418274300230096693e-03
3.249999999999960032e+00 4.389476191046804907e-03
3.349999999999959677e+00 3.815633387653395193e-03
3.449999999999959321e+00 3.241790584259985480e-03
3.549999999999958966e+00 2.751262641391883593e-03
3.649999999999958611e+00 2.213928597105069805e-03
3.749999999999958256e+00 1.720592288151846306e-03
3.849999999999957900e+00 1.477200560774544766e-03
3.949999999999957545e+00 1.224447613113500977e-03
4.049999999999957190e+00 8.939965370973960556e-04
4.149999999999956835e+00 8.060010664302177550e-04
4.249999999999956479e+00 6.524770537768429446e-04
4.349999999999956124e+00 5.420146544286828533e-04
4.449999999999955769e+00 4.446579634777623568e-04
4.549999999999955413e+00 3.707043232361976483e-04
4.649999999999955058e+00 2.752198763420255260e-04
4.749999999999954703e+00 2.499445815759210928e-04
4.849999999999954348e+00 2.087552123274547477e-04
4.949999999999953992e+00 1.385460601993869772e-04
5.049999999999953637e+00 1.394821822277612455e-04
5.149999999999953282e+00 1.104623993481599015e-04
5.249999999999952927e+00 8.237873849693279869e-05
5.349999999999952571e+00 5.429507764570571624e-05
5.449999999999952216e+00 5.148671156058300596e-05
5.549999999999951861e+00 2.995590490797556840e-05
5.649999999999951505e+00 2.808366085122709601e-05
5.749999999999951150e+00 1.685019651073625489e-05
5.849999999999950795e+00 9.361220283742363642e-06
5.949999999999950440e+00 1.123346434049083773e-05
6.049999999999950084e+00 1.216958636886507223e-05
6.149999999999949729e+00 1.497795245398778250e-05
6.249999999999949374e+00 8.425098255368129141e-06
6.349999999999949019e+00 8.425098255368127447e-06
6.449999999999948663e+00 6.552854198619655058e-06
6.549999999999948308e+00 8.425098255368129141e-06
6.649999999999947953e+00 7.488976226993892099e-06
6.749999999999947597e+00 3.744488113496946050e-06
6.849999999999947242e+00 4.680610141871182668e-06
6.949999999999946887e+00 8.425098255368129141e-06
7.049999999999946532e+00 7.488976226993892099e-06
7.149999999999946176e+00 5.616732170245418863e-06
7.249999999999945821e+00 1.872244056748473025e-06
7.349999999999945466e+00 2.808366085122709431e-06
7.449999999999945111e+00 2.808366085122709431e-06
7.549999999999944755e+00 5.616732170245418863e-06
7.649999999999944400e+00 5.616732170245418863e-06
7.749999999999944045e+00 0.000000000000000000e+00
7.849999999999943689e+00 9.361220283742365124e-07
7.949999999999943334e+00 9.361220283742365124e-07
