-7.950000000000000178e+00 9.357632234572667144e-07
-7.850000000000000533e+00 3.743052893829066858e-06
-7.750000000000000888e+00 2.807289670371800249e-06
-7.650000000000001243e+00 5.614579340743600498e-06
-7.550000000000001599e+00 2.807289670371800249e-06
-7.450000000000001954e+00 8.421869011115399900e-06
-7.350000000000002309e+00 1.029339545802993396e-05
-7.250000000000002665e+00 6.550342564200867530e-06
-7.150000000000003020e+00 1.684373802223079980e-05
-7.050000000000003375e+00 1.122915868148720100e-05
-6.950000000000003730e+00 2.152255413951713496e-05
-6.850000000000004086e+00 2.713713348026073377e-05
-6.750000000000004441e+00 2.526560703334619970e-05
-6.650000000000004796e+00 2.807289670371800419e-05
-6.550000000000005151e+00 3.555900249137613367e-05
-6.450000000000005507e+00 4.585239794940606763e-05
-6.350000000000005862e+00 4.117358183211973586e-05
-6.250000000000006217e+00 5.708155663089327202e-05
-6.150000000000006573e+00 7.486105787658133546e-05
-6.050000000000006928e+00 1.076127706975856782e-04
-5.950000000000007283e+00 1.179061661556156122e-04
-5.850000000000007638e+00 1.366214306247609664e-04
-5.750000000000007994e+00 1.618870376581071457e-04
-5.650000000000008349e+00 1.918314608087396908e-04
-5.550000000000008704e+00 1.946387504791114885e-04
-5.450000000000009059e+00 2.507845438865474968e-04
-5.350000000000009415e+00 2.938296521655817464e-04
-5.250000000000009770e+00 3.593330778075904861e-04
-5.150000000000010125e+00 4.426160046952871876e-04
-5.050000000000010481e+00 5.137340096780394685e-04
-4.950000000000010836e+00 5.642652237447319356e-04
-4.850000000000011191e+00 6.447408609620568394e-04
-4.750000000000011546e+00 7.822980548102750897e-04
-4.650000000000011902e+00 9.020757474128050530e-04
-4.550000000000012257e+00 1.005945465216561731e-03
-4.450000000000012612e+00 1.252051192985822320e-03
-4.350000000000012967e+00 1.445754180241475874e-03
-4.250000000000013323e+00 1.722740094384826292e-03
-4.150000000000013678e+00 1.924864950651595727e-03
-4.050000000000014033e+00 2.178456784208515021e-03
-3.950000000000014388e+00 2.638852290149491797e-03
-3.850000000000014744e+00 2.860628174108864955e-03
-3.750000000000015099e+00 3.356582682541217437e-03
-3.650000000000015454e+00 3.978865226140299027e-03
-3.550000000000015810e+00 4.519736369298595936e-03
-3.450000000000016165e+00 5.151376545132244945e-03
-3.350000000000016520e+00 6.023507869394409756e-03
-3.250000000000016875e+00 6.979857883767728172e-03
-3.150000000000017231e+00 8.170148704005369966e-03
-3.050000000000017586e+00 9.548535300372303775e-03
-2.950000000000017941e+00 1.064618556148769213e-02
-2.850000000000018296e+00 1.244097205586439797e-02
-2.750000000000018652e+00 1.405984243244549035e-02
-2.650000000000019007e+00 1.653494352670435361e-02
-2.550000000000019362e+00 1.903248820189748503e-02
-2.450000000000019718e+00 2.191558206158372712e-02
-2.350000000000020073e+00 2.525721463719275695e-02
-2.250000000000020428e+00 2.930063278932295082e-02
-2.150000000000020783e+00 3.331132870148942327e-02
-2.050000000000021139e+00 3.887257690670999077e-02
-1.950000000000021272e+00 4.476319166194452082e-02
-1.850000000000021627e+00 5.202096385486441876e-02
-1.750000000000021982e+00 6.005918468079084194e-02
-1.650000000000022338e+00 7.001292756156277108e-02
-1.550000000000022693e+00 8.122901503077853413e-02
-1.450000000000023048e+00 9.308607820341954775e-02
-1.350000000000023404e+00 1.080751703578295836e-01
-1.250000000000023759e+00 1.253521888571639542e-01
-1.150000000000024114e+00 1.447514815062270477e-01
-1.050000000000024469e+00 1.682504559922574083e-01
-9.500000000000248246e-01 1.947971891924452637e-01
-8.500000000000251799e-01 2.248687435136094703e-01
-7.500000000000255351e-01 2.600254930785430574e-01
-6.500000000000258904e-01 2.984639421634964207e-01
-5.500000000000262457e-01 3.434827813908016836e-01
-4.500000000000266565e-01 3.893324236280355510e-01
-3.500000000000270117e-01 4.427563102330772660e-01
-2.500000000000273670e-01 4.947529884534175304e-01
-1.500000000000277223e-01 5.404063709330143572e-01
-5.000000000002806366e-02 5.721370997632964084e-01
4.999999999997158107e-02 5.730589886391177501e-01
1.499999999999712119e-01 5.440521339244612786e-01
2.499999999999708566e-01 4.937751969352625059e-01
3.499999999999705014e-01 4.418355560622673761e-01
4.499999999999701461e-01 3.896703004656330016e-01
5.499999999999698463e-01 3.425946610413829752e-01
6.499999999999694911e-01 2.984003692100161143e-01
7.499999999999691358e-01 2.590541634843800400e-01
8.499999999999687805e-01 2.244271811635673020e-01
9.499999999999684253e-01 1.948991505427302706e-01
1.049999999999968070e+00 1.687557755011386273e-01
1.149999999999967715e+00 1.455123454254700910e-01
1.249999999999967359e+00 1.257039989881121311e-01
1.349999999999967004e+00 1.084373180935219450e-01
1.449999999999966649e+00 9.330223213982381802e-02
1.549999999999966294e+00 8.082755787148666882e-02
1.649999999999965938e+00 6.945241275892624633e-02
1.749999999999965583e+00 6.034925654363385017e-02
1.849999999999965228e+00 5.174215799177468711e-02
1.949999999999964873e+00 4.492134301492314158e-02
2.049999999999964295e+00 3.886321190626108174e-02
2.149999999999963940e+00 3.368189093797846478e-02
2.249999999999963585e+00 2.917336162271840644e-02
2.349999999999963229e+00 2.541347972729576798e-02
2.449999999999962874e+00 2.206717570378381038e-02
2.549999999999962519e+00 1.897914969816041908e-02
2.649999999999962164e+00 1.632438943321210673e-02
2.749999999999961808e+00 1.420020691596408230e-02
2.849999999999961453e+00 1.239325549968243838e-02
2.949999999999961098e+00 1.079402878257958512e-02
3.049999999999960743e+00 9.303357967612137930e-03
3.149999999999960387e+00 8.051306774626296528e-03
3.249999999999960032e+00 6.941498959820337732e-03
3.349999999999959677e+00 5.928060020601769176e-03
3.449999999999959321e+00 5.252438973265628579e-03
3.549999999999958966e+00 4.514121789957852883e-03
3.649999999999958611e+00 3.951728092660039202e-03
3.749999999999958256e+00 3.450159004886944100e-03
3.849999999999957900e+00 3.013157579532400182e-03
3.949999999999957545e+00 2.523753413664247928e-03
4.049999999999957190e+00 2.185942889996173293e-03
4.149999999999956835e+00 1.981010744059031898e-03
4.249999999999956479e+00 1.650686326178616836e-03
4.349999999999956124e+00 1.465405207934078295e-03
4.449999999999955769e+00 1.226785585952475978e-03
4.549999999999955413e+00 1.012495807780762393e-03
4.649999999999955058e+00 8.384438482177109355e-04
4.749999999999954703e+00 7.804265283633605218e-04
4.849999999999954348e+00 6.746852841126893844e-04
4.949999999999953992e+00 5.689440398620182471e-04
5.049999999999953637e+00 4.996975613261805341e-04
5.149999999999953282e+00 4.136073447681119807e-04
5.249999999999952927e+00 3.602688410310477701e-04
5.349999999999952571e+00 3.200310224223852640e-04
5.449999999999952216e+00 2.404911484285175629e-04
5.549999999999951861e+00 2.105467252778850449e-04
5.649999999999951505e+00 2.189685942890004381e-04
5.749999999999951150e+00 1.590797479877353480e-04
5.849999999999950795e+00 1.328783777309318847e-04
5.949999999999950440e+00 1.048054810272138805e-04
6.049999999999950084e+00 9.451208556918394652e-05
6.149999999999949729e+00 7.766834754695313317e-05
6.249999999999949374e+00 6.924647853583774004e-05
6.349999999999949019e+00 4.304510827903426992e-05
6.449999999999948663e+00 4.398087150249153357e-05
6.549999999999948308e+00 3.930205538520520179e-05
6.649999999999947953e+00 2.526560703334619970e-05
6.749999999999947597e+00 2.620137025680347012e-05
6.849999999999947242e+00 1.965102769260260090e-05
6.949999999999946887e+00 1.871526446914533725e-05
7.049999999999946532e+00 1.310068512840173506e-05
7.149999999999946176e+00 1.216492190494446803e-05
7.249999999999945821e+00 1.497221157531626743e-05
7.349999999999945466e+00 6.550342564200866683e-06
7.449999999999945111e+00 4.678816117286333466e-06
7.549999999999944755e+00 1.871526446914533429e-06
7.649999999999944400e+00 1.871526446914533429e-06
7.749999999999944045e+00 3.743052893829066858e-06
7.849999999999943689e+00 9.357632234572667144e-07
7.949999999999943334e+00 1.871526446914533429e-06
