-7.950000000000000178e+00 0.000000000000000000e+00
-7.850000000000000533e+00 0.000000000000000000e+00
-7.750000000000000888e+00 0.000000000000000000e+00
-7.650000000000001243e+00 0.000000000000000000e+00
-7.550000000000001599e+00 0.000000000000000000e+00
-7.450000000000001954e+00 0.000000000000000000e+00
-7.350000000000002309e+00 0.000000000000000000e+00
-7.250000000000002665e+00 0.000000000000000000e+00
-7.150000000000003020e+00 0.000000000000000000e+00
-7.050000000000003375e+00 0.000000000000000000e+00
-6.950000000000003730e+00 0.000000000000000000e+00
-6.850000000000004086e+00 0.000000000000000000e+00
-6.750000000000004441e+00 0.000000000000000000e+00
-6.650000000000004796e+00 0.000000000000000000e+00
-6.550000000000005151e+00 0.000000000000000000e+00
-6.450000000000005507e+00 0.000000000000000000e+00
-6.350000000000005862e+00 0.000000000000000000e+00
-6.250000000000006217e+00 0.000000000000000000e+00
-6.150000000000006573e+00 0.000000000000000000e+00
-6.050000000000006928e+00 0.000000000000000000e+00
-5.950000000000007283e+00 0.000000000000000000e+00
-5.850000000000007638e+00 0.000000000000000000e+00
-5.750000000000007994e+00 9.357632234572667144e-07
-5.650000000000008349e+00 0.000000000000000000e+00
-5.550000000000008704e+00 0.000000000000000000e+00
-5.450000000000009059e+00 0.000000000000000000e+00
-5.350000000000009415e+00 9.357632234572667144e-07
-5.250000000000009770e+00 0.000000000000000000e+00
-5.150000000000010125e+00 9.357632234572667144e-07
-5.050000000000010481e+00 0.000000000000000000e+00
-4.950000000000010836e+00 3.743052893829066858e-06
-4.850000000000011191e+00 4.678816117286333466e-06
-4.750000000000011546e+00 4.678816117286333466e-06
-4.650000000000011902e+00 4.678816117286333466e-06
-4.550000000000012257e+00 1.777950124568806683e-05
-4.450000000000012612e+00 1.871526446914533387e-05
-4.350000000000012967e+00 2.807289670371800080e-05
-4.250000000000013323e+00 5.333850373706420389e-05
-4.150000000000013678e+00 6.269613597163686066e-05
-4.050000000000014033e+00 9.731937523955574423e-05
-3.950000000000014388e+00 1.544009318704490095e-04
-3.850000000000014744e+00 2.161613046186286133e-04
-3.750000000000015099e+00 3.640118939248767975e-04
-3.650000000000015454e+00 5.146697729014967524e-04
-3.550000000000015810e+00 6.990151279225783340e-04
-3.450000000000016165e+00 1.016238860674591746e-03
-3.350000000000016520e+00 1.506578789766197923e-03
-3.250000000000016875e+00 2.067100960617099855e-03
-3.150000000000017231e+00 2.796060511690312902e-03
-3.050000000000017586e+00 3.758960868627843257e-03
-2.950000000000017941e+00 5.256182026159458148e-03
-2.850000000000018296e+00 7.005123490801072779e-03
-2.750000000000018652e+00 9.229432672959014122e-03
-2.650000000000019007e+00 1.210316153219632290e-02
-2.550000000000019362e+00 1.578819710617108615e-02
-2.450000000000019718e+00 2.024149428660429462e-02
-2.350000000000020073e+00 2.574752509342694354e-02
-2.250000000000020428e+00 3.210042161747835021e-02
-2.150000000000020783e+00 4.039128377730927949e-02
-2.050000000000021139e+00 4.925108997700230334e-02
-1.950000000000021272e+00 6.045685457790272305e-02
-1.850000000000021627e+00 7.286694644739241666e-02
-1.750000000000021982e+00 8.754345684409564621e-02
-1.650000000000022338e+00 1.032773796833058033e-01
-1.550000000000022693e+00 1.209483323950726608e-01
-1.450000000000023048e+00 1.410981218857772224e-01
-1.350000000000023404e+00 1.614388070740670478e-01
-1.250000000000023759e+00 1.833347307397430459e-01
-1.150000000000024114e+00 2.074119184792982407e-01
-1.050000000000024469e+00 2.305140409400112944e-01
-9.500000000000248246e-01 2.541083748562629196e-01
-8.500000000000251799e-01 2.778028354374234565e-01
-7.500000000000255351e-01 3.009171228200403503e-01
-6.500000000000258904e-01 3.219530800833585449e-01
-5.500000000000262457e-01 3.421515292616825743e-01
-4.500000000000266565e-01 3.593555361249434754e-01
-3.500000000000270117e-01 3.736418332574648615e-01
-2.500000000000273670e-01 3.859892289909829244e-01
-1.500000000000277223e-01 3.922569710616993222e-01
-5.000000000002806366e-02 3.956968366711280938e-01
4.999999999997158107e-02 3.964173743531901328e-01
1.499999999999712119e-01 3.930196180888170798e-01
2.499999999999708566e-01 3.838472669724892761e-01
3.499999999999705014e-01 3.720351278027888564e-01
4.499999999999701461e-01 3.580136516625058163e-01
5.499999999999698463e-01 3.409846325220314278e-01
6.499999999999694911e-01 3.209050252730865083e-01
7.499999999999691358e-01 3.002648958532905255e-01
8.499999999999687805e-01 2.779160627874617817e-01
9.499999999999684253e-01 2.533794153051897591e-01
1.049999999999968070e+00 2.295885711120121131e-01
1.149999999999967715e+00 2.067606272757719355e-01
1.249999999999967359e+00 1.835527635708086580e-01
1.349999999999967004e+00 1.617026923030819296e-01
1.449999999999966649e+00 1.405067195285523152e-01
1.549999999999966294e+00 1.211476499616690600e-01
1.649999999999965938e+00 1.035244211742984977e-01
1.749999999999965583e+00 8.775400356937355928e-02
1.849999999999965228e+00 7.266014277500837393e-02
1.949999999999964873e+00 6.068237351475590236e-02
2.049999999999964295e+00 4.974236566931733439e-02
2.149999999999963940e+00 4.035853206448827835e-02
2.249999999999963585e+00 3.246911232752049820e-02
2.349999999999963229e+00 2.594122808068259969e-02
2.449999999999962874e+00 2.041273895649697856e-02
2.549999999999962519e+00 1.582469187188591947e-02
2.649999999999962164e+00 1.227159891241862838e-02
2.749999999999961808e+00 9.325816284975111878e-03
2.849999999999961453e+00 6.858208664718284074e-03
2.949999999999961098e+00 5.289869502203919938e-03
3.049999999999960743e+00 3.932077064967436780e-03
3.149999999999960387e+00 2.781088300114996793e-03
3.249999999999960032e+00 1.992239902740518438e-03
3.349999999999959677e+00 1.528101343905715129e-03
3.449999999999959321e+00 1.007816991663476299e-03
3.549999999999958966e+00 7.514178684361852607e-04
3.649999999999958611e+00 5.240274051360694837e-04
3.749999999999958256e+00 3.415535765619024159e-04
3.849999999999957900e+00 2.367480955346885083e-04
3.949999999999957545e+00 1.824738285741670137e-04
4.049999999999957190e+00 1.094842971445002055e-04
4.149999999999956835e+00 7.486105787658133546e-05
4.249999999999956479e+00 4.304510827903426992e-05
4.349999999999956124e+00 2.339408058643166903e-05
4.449999999999955769e+00 1.871526446914533387e-05
4.549999999999955413e+00 1.122915868148720100e-05
4.649999999999955058e+00 5.614579340743600498e-06
4.749999999999954703e+00 1.871526446914533429e-06
4.849999999999954348e+00 3.743052893829066858e-06
4.949999999999953992e+00 1.871526446914533429e-06
5.049999999999953637e+00 9.357632234572667144e-07
5.149999999999953282e+00 9.357632234572667144e-07
5.249999999999952927e+00 0.000000000000000000e+00
5.349999999999952571e+00 0.000000000000000000e+00
5.449999999999952216e+00 0.000000000000000000e+00
5.549999999999951861e+00 0.000000000000000000e+00
5.649999999999951505e+00 0.000000000000000000e+00
5.749999999999951150e+00 0.000000000000000000e+00
5.849999999999950795e+00 0.000000000000000000e+00
5.949999999999950440e+00 0.000000000000000000e+00
6.049999999999950084e+00 0.000000000000000000e+00
6.149999999999949729e+00 0.000000000000000000e+00
6.249999999999949374e+00 0.000000000000000000e+00
6.349999999999949019e+00 0.000000000000000000e+00
6.449999999999948663e+00 0.000000000000000000e+00
6.549999999999948308e+00 0.000000000000000000e+00
6.649999999999947953e+00 0.000000000000000000e+00
6.749999999999947597e+00 0.000000000000000000e+00
6.849999999999947242e+00 0.000000000000000000e+00
6.949999999999946887e+00 0.000000000000000000e+00
7.049999999999946532e+00 0.000000000000000000e+00
7.149999999999946176e+00 0.000000000000000000e+00
7.249999999999945821e+00 0.000000000000000000e+00
7.349999999999945466e+00 0.000000000000000000e+00
7.449999999999945111e+00 0.000000000000000000e+00
7.549999999999944755e+00 0.000000000000000000e+00
7.649999999999944400e+00 0.000000000000000000e+00
7.749999999999944045e+00 0.000000000000000000e+00
7.849999999999943689e+00 0.000000000000000000e+00
7.949999999999943334e+00 0.000000000000000000e+00
