-7.950000000000000178e+00 1.245042297737734393e-04
-7.850000000000000533e+00 1.338654500575158250e-04
-7.750000000000000888e+00 1.254403518021476806e-04
-7.650000000000001243e+00 1.301209619440188599e-04
-7.550000000000001599e+00 1.600768668519944452e-04
-7.450000000000001954e+00 1.591407448236202039e-04
-7.350000000000002309e+00 1.460350364263808803e-04
-7.250000000000002665e+00 1.872244056748472796e-04
-7.150000000000003020e+00 1.975217479869639066e-04
-7.050000000000003375e+00 1.844160395897245558e-04
-6.950000000000003730e+00 1.965856259585896382e-04
-6.850000000000004086e+00 2.630502899731604165e-04
-6.750000000000004441e+00 2.611780459164119881e-04
-6.650000000000004796e+00 2.115635784125774444e-04
-6.550000000000005151e+00 2.340305070935590995e-04
-6.450000000000005507e+00 1.909688937883442447e-04
-6.350000000000005862e+00 2.499814367738885726e-04
-6.250000000000006217e+00 2.930209369603229775e-04
-6.150000000000006573e+00 3.014386641760975934e-04
-6.050000000000006928e+00 3.089276404030915236e-04
-5.950000000000007283e+00 3.454363995096867979e-04
-5.850000000000007638e+00 4.090926974391348252e-04
-5.750000000000007994e+00 4.203187907400321379e-04
-5.650000000000008349e+00 4.549626768294724581e-04
-5.550000000000008704e+00 4.690045072550859959e-04
-5.450000000000009059e+00 4.643165260736212881e-04
-5.350000000000009415e+00 4.493459446592270104e-04
-5.250000000000009770e+00 4.746138683857379693e-04
-5.150000000000010125e+00 5.467100066497411438e-04
-5.050000000000010481e+00 4.793092206067960971e-04
-4.950000000000010836e+00 5.719926724554391054e-04
-4.850000000000011191e+00 5.795111328408069327e-04
-4.750000000000011546e+00 6.787105836901020147e-04
-4.650000000000011902e+00 7.405388638003627304e-04
-4.550000000000012257e+00 8.098413780584302109e-04
-4.450000000000012612e+00 7.714308907367125028e-04
-4.350000000000012967e+00 8.949916274425182266e-04
-4.250000000000013323e+00 9.792426099961993452e-04
-4.150000000000013678e+00 1.068203686850125811e-03
-4.050000000000014033e+00 1.187201750047556324e-03
-3.950000000000014388e+00 1.304106438000432987e-03
-3.850000000000014744e+00 1.402450848256882234e-03
-3.750000000000015099e+00 1.551316363887166559e-03
-3.650000000000015454e+00 1.701088517387450930e-03
-3.550000000000015810e+00 1.880860802033271651e-03
-3.450000000000016165e+00 2.276810935877201028e-03
-3.350000000000016520e+00 2.751638564411152191e-03
-3.250000000000016875e+00 3.172790282625251312e-03
-3.150000000000017231e+00 3.809250067365426307e-03
-3.050000000000017586e+00 4.384073219024771026e-03
-2.950000000000017941e+00 5.255816587589400707e-03
-2.850000000000018296e+00 6.338983484814330466e-03
-2.750000000000018652e+00 7.853599442565469685e-03
-2.650000000000019007e+00 1.003397506744090062e-02
-2.550000000000019362e+00 1.240512793907523961e-02
-2.450000000000019718e+00 1.560681269690696558e-02
-2.350000000000020073e+00 1.952348092426849091e-02
-2.250000000000020428e+00 2.413503916722786052e-02
-2.150000000000020783e+00 2.967812728089468804e-02
-2.050000000000021139e+00 3.689991806470330205e-02
-1.950000000000021272e+00 4.574757590684763731e-02
-1.850000000000021627e+00 5.557395301517710495e-02
-1.750000000000021982e+00 6.660614374852785735e-02
-1.650000000000022338e+00 7.957602599917799890e-02
-1.550000000000022693e+00 9.499622608669656965e-02
-1.450000000000023048e+00 1.150213062553026716e-01
-1.350000000000023404e+00 1.352373995439355159e-01
-1.250000000000023759e+00 1.576865935036565469e-01
-1.150000000000024114e+00 1.831701569934761908e-01
-1.050000000000024469e+00 2.109874727000322081e-01
-9.500000000000248246e-01 2.406390421252715406e-01
-8.500000000000251799e-01 2.726362827382695642e-01
-7.500000000000255351e-01 3.013360445628791018e-01
-6.500000000000258904e-01 3.330252346891868775e-01
-5.500000000000262457e-01 3.625756660801642273e-01
-4.500000000000266565e-01 3.898169424135281003e-01
-3.500000000000270117e-01 4.140077508663208006e-01
-2.500000000000273670e-01 4.347984093202266198e-01
-1.500000000000277223e-01 4.496920886785422122e-01
-5.000000000002806366e-02 4.522091144237321281e-01
4.999999999997158107e-02 4.503176761798819983e-01
1.499999999999712119e-01 4.439027562451753894e-01
2.499999999999708566e-01 4.319250306658891647e-01
3.499999999999705014e-01 4.139923969908476664e-01
4.499999999999701461e-01 3.893882353797306628e-01
5.499999999999698463e-01 3.629238223932839125e-01
6.499999999999694911e-01 3.318057846409177003e-01
7.499999999999691358e-01 3.028255547597747954e-01
8.499999999999687805e-01 2.719074196011853628e-01
9.499999999999684253e-01 2.414029840397811377e-01
1.049999999999968070e+00 2.108033957282638149e-01
1.149999999999967715e+00 1.838825090018710307e-01
1.249999999999967359e+00 1.575222856600779764e-01
1.349999999999967004e+00 1.350901409149366517e-01
1.449999999999966649e+00 1.135994916860337267e-01
1.549999999999966294e+00 9.678404962698070046e-02
1.649999999999965938e+00 8.064983904715877783e-02
1.749999999999965583e+00 6.684840770684741251e-02
1.849999999999965228e+00 5.519035674369187489e-02
1.949999999999964873e+00 4.542121575780592307e-02
2.049999999999964295e+00 3.713022619680213937e-02
2.149999999999963940e+00 2.957706295702821828e-02
2.249999999999963585e+00 2.433005476175304285e-02
2.349999999999963229e+00 1.925419473479922025e-02
2.449999999999962874e+00 1.563787425775396700e-02
2.549999999999962519e+00 1.248290714886582387e-02
2.649999999999962164e+00 1.002944187809090212e-02
2.749999999999961808e+00 8.146753058238474440e-03
2.849999999999961453e+00 6.612456424772698849e-03
2.949999999999961098e+00 5.471095169957102683e-03
3.049999999999960743e+00 4.453353620164059168e-03
3.149999999999960387e+00 3.837495891087710359e-03
3.249999999999960032e+00 3.090352575811570069e-03
3.349999999999959677e+00 2.722441876581306597e-03
3.449999999999959321e+00 2.348892332062017634e-03
3.549999999999958966e+00 1.905170490612628081e-03
3.649999999999958611e+00 1.666437260258417027e-03
3.749999999999958256e+00 1.465156282078769207e-03
3.849999999999957900e+00 1.408060209387534479e-03
3.949999999999957545e+00 1.315325160261737042e-03
4.049999999999957190e+00 1.233860430674397872e-03
4.149999999999956835e+00 1.096265234582572464e-03
4.249999999999956479e+00 9.708027696616444149e-04
4.349999999999956124e+00 9.483432120202560985e-04
4.449999999999955769e+00 7.910894533325713799e-04
4.549999999999955413e+00 7.629763083229702987e-04
4.649999999999955058e+00 7.648927786172798979e-04
4.749999999999954703e+00 7.358877378168655024e-04
4.849999999999954348e+00 6.375801827583836264e-04
4.949999999999953992e+00 5.729361655234067397e-04
5.049999999999953637e+00 5.074002524976167555e-04
5.149999999999953282e+00 4.633951461244341309e-04
5.249999999999952927e+00 4.858620748054158674e-04
5.349999999999952571e+00 4.203409038588126691e-04
5.449999999999952216e+00 4.259502649894645883e-04
5.549999999999951861e+00 4.119379187222250559e-04
5.649999999999951505e+00 4.194268949492189862e-04
5.749999999999951150e+00 3.810385207462817008e-04
5.849999999999950795e+00 3.407484183282220901e-04
5.949999999999950440e+00 3.220333488003307930e-04
6.049999999999950084e+00 3.033035371932525474e-04
6.149999999999949729e+00 3.033035371932526016e-04
6.249999999999949374e+00 2.808439795518644479e-04
6.349999999999949019e+00 2.527529476610438437e-04
6.449999999999948663e+00 2.274776528949394377e-04
6.549999999999948308e+00 2.611780459164119881e-04
6.649999999999947953e+00 2.724115102569027750e-04
6.749999999999947597e+00 2.621141679447862023e-04
6.849999999999947242e+00 2.499445815759210928e-04
6.949999999999946887e+00 2.171803105828228378e-04
7.049999999999946532e+00 1.741186972776079831e-04
7.149999999999946176e+00 1.741186972776079559e-04
7.249999999999945821e+00 1.666297210506140799e-04
7.349999999999945466e+00 1.535240126533747834e-04
7.449999999999945111e+00 1.366738161426385217e-04
7.549999999999944755e+00 1.441627923696323977e-04
7.649999999999944400e+00 1.179513755751537910e-04
7.749999999999944045e+00 1.394821822277612455e-04
7.849999999999943689e+00 1.263764738305219219e-04
7.949999999999943334e+00 1.170152535467795633e-04
