-7.950000000000000178e+00 0.000000000000000000e+00
-7.850000000000000533e+00 0.000000000000000000e+00
-7.750000000000000888e+00 0.000000000000000000e+00
-7.650000000000001243e+00 0.000000000000000000e+00
-7.550000000000001599e+00 0.000000000000000000e+00
-7.450000000000001954e+00 0.000000000000000000e+00
-7.350000000000002309e+00 0.000000000000000000e+00
-7.250000000000002665e+00 0.000000000000000000e+00
-7.150000000000003020e+00 0.000000000000000000e+00
-7.050000000000003375e+00 0.000000000000000000e+00
-6.950000000000003730e+00 0.000000000000000000e+00
-6.850000000000004086e+00 0.000000000000000000e+00
-6.750000000000004441e+00 0.000000000000000000e+00
-6.650000000000004796e+00 0.000000000000000000e+00
-6.550000000000005151e+00 0.000000000000000000e+00
-6.450000000000005507e+00 0.000000000000000000e+00
-6.350000000000005862e+00 0.000000000000000000e+00
-6.250000000000006217e+00 0.000000000000000000e+00
-6.150000000000006573e+00 0.000000000000000000e+00
-6.050000000000006928e+00 0.000000000000000000e+00
-5.950000000000007283e+00 0.000000000000000000e+00
-5.850000000000007638e+00 2.995406723513905561e-07
-5.750000000000007994e+00 1.497703361756952780e-07
-5.650000000000008349e+00 0.000000000000000000e+00
-5.550000000000008704e+00 5.990813447027811121e-07
-5.450000000000009059e+00 8.986220170541716682e-07
-5.350000000000009415e+00 8.986220170541716682e-07
-5.250000000000009770e+00 1.048392353229867052e-06
-5.150000000000010125e+00 1.947014370284038508e-06
-5.050000000000010481e+00 3.145177059689601156e-06
-4.950000000000010836e+00 4.642880421446553301e-06
-4.850000000000011191e+00 5.841043110852116372e-06
-4.750000000000011546e+00 9.884842187595888985e-06
-4.650000000000011902e+00 1.827198101343482201e-05
-4.550000000000012257e+00 2.620980883074667503e-05
-4.450000000000012612e+00 3.429740698423421687e-05
-4.350000000000012967e+00 4.508087118888427265e-05
-4.250000000000013323e+00 8.237368489663237433e-05
-4.150000000000013678e+00 1.166710918808665844e-04
-4.050000000000014033e+00 1.617519630697509181e-04
-3.950000000000014388e+00 2.378352938470042807e-04
-3.850000000000014744e+00 3.278472658885973065e-04
-3.750000000000015099e+00 4.913964729924568970e-04
-3.650000000000015454e+00 6.717199577479943942e-04
-3.550000000000015810e+00 9.174930794123108396e-04
-3.450000000000016165e+00 1.282034077663953865e-03
-3.350000000000016520e+00 1.748568674851245673e-03
-3.250000000000016875e+00 2.400219407551697128e-03
-3.150000000000017231e+00 3.151167873136634899e-03
-3.050000000000017586e+00 4.300505432948922846e-03
-2.950000000000017941e+00 5.655028353321913705e-03
-2.850000000000018296e+00 7.484922320716562438e-03
-2.750000000000018652e+00 9.619898462900809688e-03
-2.650000000000019007e+00 1.259388802834113599e-02
-2.550000000000019362e+00 1.619856047941725316e-02
-2.450000000000019718e+00 2.041010233267713872e-02
-2.350000000000020073e+00 2.587851684712326114e-02
-2.250000000000020428e+00 3.212423940632162106e-02
-2.150000000000020783e+00 3.982123652306528150e-02
-2.050000000000021139e+00 4.904139795871551022e-02
-1.950000000000021272e+00 5.951783297420688845e-02
-1.850000000000021627e+00 7.181517573691895140e-02
-1.750000000000021982e+00 8.570382832149808783e-02
-1.650000000000022338e+00 1.015362003289665416e-01
-1.550000000000022693e+00 1.186495580217468981e-01
-1.450000000000023048e+00 1.382862463384083029e-01
-1.350000000000023404e+00 1.591801068569268229e-01
-1.250000000000023759e+00 1.810209652110868206e-01
-1.150000000000024114e+00 2.046259683550636643e-01
-1.050000000000024469e+00 2.281917316709645982e-01
-9.500000000000248246e-01 2.525204250793472993e-01
-8.500000000000251799e-01 2.770581978770339515e-01
-7.500000000000255351e-01 3.004354003396918493e-01
-6.500000000000258904e-01 3.228157314447615001e-01
-5.500000000000262457e-01 3.432536910599679469e-01
-4.500000000000266565e-01 3.610961307492492889e-01
-3.500000000000270117e-01 3.758329327475919968e-01
-2.500000000000273670e-01 3.874339932174236112e-01
-1.500000000000277223e-01 3.959476879773305980e-01
-5.000000000002806366e-02 4.000620288824119353e-01
4.999999999997158107e-02 3.997857026121681701e-01
1.499999999999712119e-01 3.960696010309771031e-01
2.499999999999708566e-01 3.881495958836709281e-01
3.499999999999705014e-01 3.761595818507907363e-01
4.499999999999701461e-01 3.609203003745792282e-01
5.499999999999698463e-01 3.427115224430123952e-01
6.499999999999694911e-01 3.225498890980497690e-01
7.499999999999691358e-01 3.006235118819282071e-01
8.499999999999687805e-01 2.768690379424441073e-01
9.499999999999684253e-01 2.526916125735959584e-01
1.049999999999968070e+00 2.284366061706118445e-01
1.149999999999967715e+00 2.043920270899572122e-01
1.249999999999967359e+00 1.811725327912965811e-01
1.349999999999967004e+00 1.590289885877254894e-01
1.449999999999966649e+00 1.383519955159893677e-01
1.549999999999966294e+00 1.187427151708481954e-01
1.649999999999965938e+00 1.015731936020021209e-01
1.749999999999965583e+00 8.586333372952520415e-02
1.849999999999965228e+00 7.165072790779809797e-02
1.949999999999964873e+00 5.949896191184877309e-02
2.049999999999964295e+00 4.903405921224286007e-02
2.149999999999963940e+00 3.999826506042498953e-02
2.249999999999963585e+00 3.210746512866993752e-02
2.349999999999963229e+00 2.575675356381244147e-02
2.449999999999962874e+00 2.046536758672595074e-02
2.549999999999962519e+00 1.611049552174595792e-02
2.649999999999962164e+00 1.261815082280159754e-02
2.749999999999961808e+00 9.681753611741360233e-03
2.849999999999961453e+00 7.407940367922255173e-03
2.949999999999961098e+00 5.695915655097878033e-03
3.049999999999960743e+00 4.284779547650474293e-03
3.149999999999960387e+00 3.194451500291410791e-03
3.249999999999960032e+00 2.377154775780640494e-03
3.349999999999959677e+00 1.769836062588194502e-03
3.449999999999959321e+00 1.284280632706589435e-03
3.549999999999958966e+00 9.044630601650252956e-04
3.649999999999958611e+00 6.690240916968318192e-04
3.749999999999958256e+00 4.717765589534408011e-04
3.849999999999957900e+00 3.269486438715431872e-04
3.949999999999957545e+00 2.351394277958417599e-04
4.049999999999957190e+00 1.577081639930071370e-04
4.149999999999956835e+00 1.120282114594200481e-04
4.249999999999956479e+00 7.653264178578025965e-05
4.349999999999956124e+00 5.586433539353432166e-05
4.449999999999955769e+00 4.073753143978911393e-05
4.549999999999955413e+00 2.531118681369250146e-05
4.649999999999955058e+00 1.542634462609661247e-05
4.749999999999954703e+00 9.585301515244497794e-06
4.849999999999954348e+00 5.541502438500725181e-06
4.949999999999953992e+00 4.343339749095162957e-06
5.049999999999953637e+00 2.096784706459734104e-06
5.149999999999953282e+00 1.647473697932648164e-06
5.249999999999952927e+00 1.048392353229867052e-06
5.349999999999952571e+00 1.198162689405562224e-06
5.449999999999952216e+00 5.990813447027811121e-07
5.549999999999951861e+00 1.497703361756952780e-07
5.649999999999951505e+00 2.995406723513905561e-07
5.749999999999951150e+00 0.000000000000000000e+00
5.849999999999950795e+00 0.000000000000000000e+00
5.949999999999950440e+00 0.000000000000000000e+00
6.049999999999950084e+00 0.000000000000000000e+00
6.149999999999949729e+00 0.000000000000000000e+00
6.249999999999949374e+00 0.000000000000000000e+00
6.349999999999949019e+00 0.000000000000000000e+00
6.449999999999948663e+00 0.000000000000000000e+00
6.549999999999948308e+00 0.000000000000000000e+00
6.649999999999947953e+00 0.000000000000000000e+00
6.749999999999947597e+00 0.000000000000000000e+00
6.849999999999947242e+00 0.000000000000000000e+00
6.949999999999946887e+00 0.000000000000000000e+00
7.049999999999946532e+00 0.000000000000000000e+00
7.149999999999946176e+00 0.000000000000000000e+00
7.249999999999945821e+00 0.000000000000000000e+00
7.349999999999945466e+00 0.000000000000000000e+00
7.449999999999945111e+00 0.000000000000000000e+00
7.549999999999944755e+00 0.000000000000000000e+00
7.649999999999944400e+00 0.000000000000000000e+00
7.749999999999944045e+00 0.000000000000000000e+00
7.849999999999943689e+00 0.000000000000000000e+00
7.949999999999943334e+00 0.000000000000000000e+00
