-7.950000000000000178e+00 0.000000000000000000e+00
-7.850000000000000533e+00 0.000000000000000000e+00
-7.750000000000000888e+00 0.000000000000000000e+00
-7.650000000000001243e+00 0.000000000000000000e+00
-7.550000000000001599e+00 0.000000000000000000e+00
-7.450000000000001954e+00 0.000000000000000000e+00
-7.350000000000002309e+00 0.000000000000000000e+00
-7.250000000000002665e+00 1.497795245398778388e-07
-7.150000000000003020e+00 1.497795245398778388e-07
-7.050000000000003375e+00 0.000000000000000000e+00
-6.950000000000003730e+00 0.000000000000000000e+00
-6.850000000000004086e+00 0.000000000000000000e+00
-6.750000000000004441e+00 0.000000000000000000e+00
-6.650000000000004796e+00 1.497795245398778388e-07
-6.550000000000005151e+00 1.497795245398778388e-07
-6.450000000000005507e+00 0.000000000000000000e+00
-6.350000000000005862e+00 1.497795245398778388e-07
-6.250000000000006217e+00 2.995590490797556776e-07
-6.150000000000006573e+00 5.991180981595113552e-07
-6.050000000000006928e+00 5.991180981595113552e-07
-5.950000000000007283e+00 2.995590490797556776e-07
-5.850000000000007638e+00 5.991180981595113552e-07
-5.750000000000007994e+00 7.488976226993891676e-07
-5.650000000000008349e+00 1.497795245398778335e-06
-5.550000000000008704e+00 1.048456671779144792e-06
-5.450000000000009059e+00 2.696031441717801257e-06
-5.350000000000009415e+00 4.643165260736212712e-06
-5.250000000000009770e+00 3.894267638036823756e-06
-5.150000000000010125e+00 6.590299079754624167e-06
-5.050000000000010481e+00 1.003522814417181607e-05
-4.950000000000010836e+00 1.497795245398778250e-05
-4.850000000000011191e+00 1.617618865030680754e-05
-4.750000000000011546e+00 2.081935391104302110e-05
-4.650000000000011902e+00 2.711009394171788901e-05
-4.550000000000012257e+00 3.819377875766885030e-05
-4.450000000000012612e+00 5.556820360429467950e-05
-4.350000000000012967e+00 7.129505368098184757e-05
-4.250000000000013323e+00 1.066430214723930253e-04
-4.150000000000013678e+00 1.392949578220863864e-04
-4.050000000000014033e+00 2.011539014570560592e-04
-3.950000000000014388e+00 2.667573332055226971e-04
-3.850000000000014744e+00 3.638144651073637117e-04
-3.750000000000015099e+00 5.010125095858917197e-04
-3.650000000000015454e+00 6.723602856595104708e-04
-3.550000000000015810e+00 9.506506422546009971e-04
-3.450000000000016165e+00 1.290650162960120398e-03
-3.350000000000016520e+00 1.728605492714719097e-03
-3.250000000000016875e+00 2.332816094708580965e-03
-3.150000000000017231e+00 3.130691621932502576e-03
-3.050000000000017586e+00 4.145747459739245779e-03
-2.950000000000017941e+00 5.550978958972366609e-03
-2.850000000000018296e+00 7.296809097009165912e-03
-2.750000000000018652e+00 9.450339100843510934e-03
-2.650000000000019007e+00 1.238661689992324663e-02
-2.550000000000019362e+00 1.589340490797547245e-02
-2.450000000000019718e+00 2.019776888420366304e-02
-2.350000000000020073e+00 2.549247507668965518e-02
-2.250000000000020428e+00 3.199485357554044535e-02
-2.150000000000020783e+00 3.964798816142890703e-02
-2.050000000000021139e+00 4.886272407017064334e-02
-1.950000000000021272e+00 5.947580162001723375e-02
-1.850000000000021627e+00 7.176685918328784553e-02
-1.750000000000021982e+00 8.611843366565366531e-02
-1.650000000000022338e+00 1.018795832534630796e-01
-1.550000000000022693e+00 1.193637964915784944e-01
-1.450000000000023048e+00 1.388113197373629093e-01
-1.350000000000023404e+00 1.595902331767801163e-01
-1.250000000000023759e+00 1.818561577358265291e-01
-1.150000000000024114e+00 2.050883100076781040e-01
-1.050000000000024469e+00 2.293783550613544553e-01
-9.500000000000248246e-01 2.534179687500028866e-01
-8.500000000000251799e-01 2.774667189896629083e-01
-7.500000000000255351e-01 3.010439632860675840e-01
-6.500000000000258904e-01 3.227152631326984933e-01
-5.500000000000262457e-01 3.427722392638362647e-01
-4.500000000000266565e-01 3.603822673025637302e-01
-3.500000000000270117e-01 3.751481319498015665e-01
-2.500000000000273670e-01 3.870562032688185661e-01
-1.500000000000277223e-01 3.952122974981113757e-01
-5.000000000002806366e-02 3.990256841928961906e-01
4.999999999997158107e-02 3.985016056365314752e-01
1.499999999999712119e-01 3.946612586273293699e-01
2.499999999999708566e-01 3.868456132573162565e-01
3.499999999999705014e-01 3.757869416219647984e-01
4.499999999999701461e-01 3.604953508435913001e-01
5.499999999999698463e-01 3.430307587231924416e-01
6.499999999999694911e-01 3.228985932707358897e-01
7.499999999999691358e-01 3.008306772431225684e-01
8.499999999999687805e-01 2.776209918999387183e-01
9.499999999999684253e-01 2.531482158263066440e-01
1.049999999999968070e+00 2.290666638707867520e-01
1.149999999999967715e+00 2.051426799750862007e-01
1.249999999999967359e+00 1.819343426476363323e-01
1.349999999999967004e+00 1.593153877492494430e-01
1.449999999999966649e+00 1.386324829850623108e-01
1.549999999999966294e+00 1.194819725364405227e-01
1.649999999999965938e+00 1.017799798696440161e-01
1.749999999999965583e+00 8.598887437692656621e-02
1.849999999999965228e+00 7.189881494440750198e-02
1.949999999999964873e+00 5.969388060774729471e-02
2.049999999999964295e+00 4.871204586848348894e-02
2.149999999999963940e+00 3.965712471242587023e-02
2.249999999999963585e+00 3.199919718175212036e-02
2.349999999999963229e+00 2.554250143788599353e-02
2.449999999999962874e+00 2.014414781441838109e-02
2.549999999999962519e+00 1.586090275115029785e-02
2.649999999999962164e+00 1.238541866372692979e-02
2.749999999999961808e+00 9.499616564417130010e-03
2.849999999999961453e+00 7.292914829371130100e-03
2.949999999999961098e+00 5.534952549846599776e-03
3.049999999999960743e+00 4.193077789493846949e-03
3.149999999999960387e+00 3.102383291794466418e-03
3.249999999999960032e+00 2.357080377684041272e-03
3.349999999999959677e+00 1.741935870398768262e-03
3.449999999999959321e+00 1.257848447085887405e-03
3.549999999999958966e+00 9.380691621932513765e-04
3.649999999999958611e+00 7.021664110429459357e-04
3.749999999999958256e+00 5.013120686349714725e-04
3.849999999999957900e+00 3.651624808282226539e-04
3.949999999999957545e+00 2.719996165644184265e-04
4.049999999999957190e+00 2.005547833588965535e-04
4.149999999999956835e+00 1.458852569018410309e-04
4.249999999999956479e+00 1.066430214723930117e-04
4.349999999999956124e+00 7.264306940184074904e-05
4.449999999999955769e+00 5.407040835889590836e-05
4.549999999999955413e+00 4.029069210122714073e-05
4.649999999999955058e+00 2.875766871165654336e-05
4.749999999999954703e+00 1.797354294478534172e-05
4.849999999999954348e+00 1.542729102760741859e-05
4.949999999999953992e+00 1.108368481595095960e-05
5.049999999999953637e+00 1.078412576687120503e-05
5.149999999999953282e+00 7.488976226993891252e-06
5.249999999999952927e+00 6.140960506134991471e-06
5.349999999999952571e+00 3.295149539877312930e-06
5.449999999999952216e+00 3.295149539877312507e-06
5.549999999999951861e+00 2.696031441717801257e-06
5.649999999999951505e+00 1.198236196319022710e-06
5.749999999999951150e+00 1.348015720858900629e-06
5.849999999999950795e+00 1.198236196319022710e-06
5.949999999999950440e+00 2.995590490797556776e-07
6.049999999999950084e+00 5.991180981595113552e-07
6.149999999999949729e+00 1.497795245398778388e-07
6.249999999999949374e+00 0.000000000000000000e+00
6.349999999999949019e+00 1.497795245398778388e-07
6.449999999999948663e+00 0.000000000000000000e+00
6.549999999999948308e+00 2.995590490797556776e-07
6.649999999999947953e+00 4.493385736196335429e-07
6.749999999999947597e+00 0.000000000000000000e+00
6.849999999999947242e+00 0.000000000000000000e+00
6.949999999999946887e+00 1.497795245398778388e-07
7.049999999999946532e+00 0.000000000000000000e+00
7.149999999999946176e+00 0.000000000000000000e+00
7.249999999999945821e+00 0.000000000000000000e+00
7.349999999999945466e+00 0.000000000000000000e+00
7.449999999999945111e+00 0.000000000000000000e+00
7.549999999999944755e+00 0.000000000000000000e+00
7.649999999999944400e+00 0.000000000000000000e+00
7.749999999999944045e+00 0.000000000000000000e+00
7.849999999999943689e+00 0.000000000000000000e+00
7.949999999999943334e+00 0.000000000000000000e+00
