-7.950000000000000178e+00 3.931712519171793712e-05
-7.850000000000000533e+00 4.493385736196335090e-05
-7.750000000000000888e+00 5.991180981595115035e-05
-7.650000000000001243e+00 7.676200632668737814e-05
-7.550000000000001599e+00 6.833690807131926085e-05
-7.450000000000001954e+00 5.616732170245417846e-05
-7.350000000000002309e+00 5.055058953220875791e-05
-7.250000000000002665e+00 5.055058953220877146e-05
-7.150000000000003020e+00 8.050649444018432969e-05
-7.050000000000003375e+00 7.863425038343588780e-05
-6.950000000000003730e+00 1.029734231211660255e-04
-6.850000000000004086e+00 9.267608080904939853e-05
-6.750000000000004441e+00 7.114527415644195758e-05
-6.650000000000004796e+00 7.676200632668737814e-05
-6.550000000000005151e+00 1.273125958588961089e-04
-6.450000000000005507e+00 8.237873849693279869e-05
-6.350000000000005862e+00 9.548444689417212236e-05
-6.250000000000006217e+00 8.144261646855857097e-05
-6.150000000000006573e+00 7.957037241181010197e-05
-6.050000000000006928e+00 7.676200632668737814e-05
-5.950000000000007283e+00 1.048456671779144809e-04
-5.850000000000007638e+00 1.694380871357367767e-04
-5.750000000000007994e+00 1.441627923696324248e-04
-5.650000000000008349e+00 1.338654500575158250e-04
-5.550000000000008704e+00 1.291848399156446457e-04
-5.450000000000009059e+00 1.610129888803686323e-04
-5.350000000000009415e+00 1.235681077453992251e-04
-5.250000000000009770e+00 1.600768668519944181e-04
-5.150000000000010125e+00 2.031384801572093000e-04
-5.050000000000010481e+00 3.081979074833354564e-04
-4.950000000000010836e+00 3.304510760161054632e-04
-4.850000000000011191e+00 3.248343438458600697e-04
-4.750000000000011546e+00 3.857043888089659316e-04
-4.650000000000011902e+00 3.978666041382375126e-04
-4.550000000000012257e+00 4.765082255612668747e-04
-4.450000000000012612e+00 5.092651255147716011e-04
-4.350000000000012967e+00 7.189564598706003461e-04
-4.250000000000013323e+00 7.901017340270425748e-04
-4.150000000000013678e+00 8.369078354457544760e-04
-4.050000000000014033e+00 9.791983837586384996e-04
-3.950000000000014388e+00 1.266580475429935878e-03
-3.850000000000014744e+00 1.695331735464930285e-03
-3.750000000000015099e+00 1.935907725717515545e-03
-3.650000000000015454e+00 2.224262794615154779e-03
-3.550000000000015810e+00 2.587492883703546367e-03
-3.450000000000016165e+00 3.148252091818496638e-03
-3.350000000000016520e+00 3.732399608563616127e-03
-3.250000000000016875e+00 4.701315392089328200e-03
-3.150000000000017231e+00 5.235863183409799823e-03
-3.050000000000017586e+00 6.341718140503511264e-03
-2.950000000000017941e+00 7.861818151712211822e-03
-2.850000000000018296e+00 9.372696992389430853e-03
-2.750000000000018652e+00 1.089853167240184897e-02
-2.650000000000019007e+00 1.298617224815149483e-02
-2.550000000000019362e+00 1.559906573429422835e-02
-2.450000000000019718e+00 1.925441586598704638e-02
-2.350000000000020073e+00 2.326580932316461847e-02
-2.250000000000020428e+00 2.795973893358128307e-02
-2.150000000000020783e+00 3.422433388681792032e-02
-2.050000000000021139e+00 4.114982362104706304e-02
-1.950000000000021272e+00 5.033924708498346834e-02
-1.850000000000021627e+00 5.939717120257215210e-02
-1.750000000000021982e+00 7.090003966916587352e-02
-1.650000000000022338e+00 8.626308471567667446e-02
-1.550000000000022693e+00 9.882943203274102695e-02
-1.450000000000023048e+00 1.159373643139036542e-01
-1.350000000000023404e+00 1.368808465317019885e-01
-1.250000000000023759e+00 1.555759110581377003e-01
-1.150000000000024114e+00 1.846506081827118395e-01
-1.050000000000024469e+00 2.099833159762106161e-01
-9.500000000000248246e-01 2.373239539232941675e-01
-8.500000000000251799e-01 2.641498132072465088e-01
-7.500000000000255351e-01 2.947002293136349316e-01
-6.500000000000258904e-01 3.274139718303202828e-01
-5.500000000000262457e-01 3.573706212132949922e-01
-4.500000000000266565e-01 3.832393510060332353e-01
-3.500000000000270117e-01 4.089165738190921329e-01
-2.500000000000273670e-01 4.262779961518751715e-01
-1.500000000000277223e-01 4.393129573110965413e-01
-5.000000000002806366e-02 4.500644588567270787e-01
4.999999999997158107e-02 4.459707530004091147e-01
1.499999999999712119e-01 4.398479547358321584e-01
2.499999999999708566e-01 4.243172259096087973e-01
3.499999999999705014e-01 4.045734983222863956e-01
4.499999999999701461e-01 3.819133894356379066e-01
5.499999999999698463e-01 3.589388098868116495e-01
6.499999999999694911e-01 3.288946515217829880e-01
7.499999999999691358e-01 2.959777852670198994e-01
8.499999999999687805e-01 2.648741284129015883e-01
9.499999999999684253e-01 2.380884928920109778e-01
1.049999999999968070e+00 2.092075582852322979e-01
1.149999999999967715e+00 1.812446719177441268e-01
1.249999999999967359e+00 1.585284694197885424e-01
1.349999999999967004e+00 1.374698368214600785e-01
1.449999999999966649e+00 1.169718897208511937e-01
1.549999999999966294e+00 9.997052055909175228e-02
1.649999999999965938e+00 8.580068465989729165e-02
1.749999999999965583e+00 7.167293739678169684e-02
1.849999999999965228e+00 6.036195183288589616e-02
1.949999999999964873e+00 5.066837874491240956e-02
2.049999999999964295e+00 4.204974647397763388e-02
2.149999999999963940e+00 3.516734783721206514e-02
2.249999999999963585e+00 2.888691989092860568e-02
2.349999999999963229e+00 2.259693170629222675e-02
2.449999999999962874e+00 1.851211532372381424e-02
2.549999999999962519e+00 1.564000448819651348e-02
2.649999999999962164e+00 1.319974074933349603e-02
2.749999999999961808e+00 1.074794133350668798e-02
2.849999999999961453e+00 8.811967268432859685e-03
2.949999999999961098e+00 7.741861853367628353e-03
3.049999999999960743e+00 6.017443995666759901e-03
3.149999999999960387e+00 4.913748753173938916e-03
3.249999999999960032e+00 3.913963055830658143e-03
3.349999999999959677e+00 3.675251938595227186e-03
3.449999999999959321e+00 3.136023537132883680e-03
3.549999999999958966e+00 2.575286442136713507e-03
3.649999999999958611e+00 1.986465686289317235e-03
3.749999999999958256e+00 1.883499634207744982e-03
3.849999999999957900e+00 1.682233398107284110e-03
3.949999999999957545e+00 1.304976220672466420e-03
4.049999999999957190e+00 9.904392191387226523e-04
4.149999999999956835e+00 8.462690557294969430e-04
4.249999999999956479e+00 7.545290969488216773e-04
4.349999999999956124e+00 5.551351049051092340e-04
4.449999999999955769e+00 5.682408133023485576e-04
4.549999999999955413e+00 5.588795930186060907e-04
4.649999999999955058e+00 4.615229020676855942e-04
4.749999999999954703e+00 3.978666041382374584e-04
4.849999999999954348e+00 2.668168912054378586e-04
4.949999999999953992e+00 2.377897372862430945e-04
5.049999999999953637e+00 2.293720100704684786e-04
5.149999999999953282e+00 1.685167071865495652e-04
5.249999999999952927e+00 1.385460601993870043e-04
5.349999999999952571e+00 1.394821822277612726e-04
5.449999999999952216e+00 1.095262773197856602e-04
5.549999999999951861e+00 1.188874976035280594e-04
5.649999999999951505e+00 8.799547066717821925e-05
5.749999999999951150e+00 1.001650570360433152e-04
5.849999999999950795e+00 1.151430094900310943e-04
5.949999999999950440e+00 1.207597416602765013e-04
6.049999999999950084e+00 1.254403518021476806e-04
6.149999999999949729e+00 8.050649444018434324e-05
6.249999999999949374e+00 4.680610141871181990e-05
6.349999999999949019e+00 5.897568778757688874e-05
6.449999999999948663e+00 5.148671156058300596e-05
6.549999999999948308e+00 5.897568778757689552e-05
6.649999999999947953e+00 5.335895561733148174e-05
6.749999999999947597e+00 5.991180981595112324e-05
6.849999999999947242e+00 1.057817892062887086e-04
6.949999999999946887e+00 6.927303009969350213e-05
7.049999999999946532e+00 6.646466401457080540e-05
7.149999999999946176e+00 7.676200632668741879e-05
7.249999999999945821e+00 6.272017590107385385e-05
7.349999999999945466e+00 7.863425038343588780e-05
7.449999999999945111e+00 7.114527415644197113e-05
7.549999999999944755e+00 6.365629792944808157e-05
7.649999999999944400e+00 9.173995878067521146e-05
7.749999999999944045e+00 8.144261646855858452e-05
7.849999999999943689e+00 6.833690807131928796e-05
7.949999999999943334e+00 7.769812835506164652e-05
