-7.950000000000000178e+00 1.778631853911049617e-05
-7.850000000000000533e+00 1.872244056748473067e-05
-7.750000000000000888e+00 1.778631853911049278e-05
-7.650000000000001243e+00 2.433917273773015123e-05
-7.550000000000001599e+00 2.153080665260744095e-05
-7.450000000000001954e+00 3.089202693634979951e-05
-7.350000000000002309e+00 3.089202693634979951e-05
-7.250000000000002665e+00 3.650875910659522684e-05
-7.150000000000003020e+00 4.306161330521487512e-05
-7.050000000000003375e+00 4.961446750383453696e-05
-6.950000000000003730e+00 4.774222344708606118e-05
-6.850000000000004086e+00 6.084793184432537130e-05
-6.750000000000004441e+00 6.646466401457077830e-05
-6.650000000000004796e+00 8.237873849693281225e-05
-6.550000000000005151e+00 9.829281297929483264e-05
-6.450000000000005507e+00 1.123346434049083840e-04
-6.350000000000005862e+00 1.179513755751538046e-04
-6.250000000000006217e+00 1.254403518021476806e-04
-6.150000000000006573e+00 1.488434025115036041e-04
-6.050000000000006928e+00 1.591407448236202039e-04
-5.950000000000007283e+00 1.825437955329761003e-04
-5.850000000000007638e+00 2.003301140720866033e-04
-5.750000000000007994e+00 2.134358224693258998e-04
-5.650000000000008349e+00 2.415194833205530026e-04
-5.550000000000008704e+00 3.042396592216268158e-04
-5.450000000000009059e+00 3.136008795053691744e-04
-5.350000000000009415e+00 3.641514690375779323e-04
-5.250000000000009770e+00 4.259355229102775855e-04
-5.150000000000010125e+00 4.521469397047561244e-04
-5.050000000000010481e+00 4.970807970667195973e-04
-4.950000000000010836e+00 5.747789254217812709e-04
-4.850000000000011191e+00 6.169044166986219387e-04
-4.750000000000011546e+00 6.777523485429473235e-04
-4.650000000000011902e+00 7.311113041602789950e-04
-4.550000000000012257e+00 8.546794119056781930e-04
-4.450000000000012612e+00 9.848003738496969445e-04
-4.350000000000012967e+00 1.095270144237450293e-03
-4.250000000000013323e+00 1.165471925325924345e-03
-4.150000000000013678e+00 1.324620041189137915e-03
-4.050000000000014033e+00 1.494065499364467895e-03
-3.950000000000014388e+00 1.619491109087428573e-03
-3.850000000000014744e+00 1.925617754444990766e-03
-3.750000000000015099e+00 2.176491087009692869e-03
-3.650000000000015454e+00 2.355290394429173251e-03
-3.550000000000015810e+00 2.857987923666140302e-03
-3.450000000000016165e+00 3.166001555159639498e-03
-3.350000000000016520e+00 3.688357646992466293e-03
-3.250000000000016875e+00 4.309006551804588775e-03
-3.150000000000017231e+00 5.073810877946749801e-03
-3.050000000000017586e+00 6.087616292596865694e-03
-2.950000000000017941e+00 7.489927091101476579e-03
-2.850000000000018296e+00 8.761232402910826972e-03
-2.750000000000018652e+00 1.051176585389142562e-02
-2.650000000000019007e+00 1.283250081470623666e-02
-2.550000000000019362e+00 1.539271348087420388e-02
-2.450000000000019718e+00 1.876744813524258704e-02
-2.350000000000020073e+00 2.261214553201320449e-02
-2.250000000000020428e+00 2.763826578379008705e-02
-2.150000000000020783e+00 3.323431481693608219e-02
-2.050000000000021139e+00 4.021695222113358392e-02
-1.950000000000021272e+00 4.858774065677660958e-02
-1.850000000000021627e+00 5.848533674965845919e-02
-1.750000000000021982e+00 6.987989516046533289e-02
-1.650000000000022338e+00 8.302122042102064170e-02
-1.550000000000022693e+00 9.819590592175891919e-02
-1.450000000000023048e+00 1.147699390630851635e-01
-1.350000000000023404e+00 1.337472775507533296e-01
-1.250000000000023759e+00 1.546894256103856224e-01
-1.150000000000024114e+00 1.791148689955190110e-01
-1.050000000000024469e+00 2.034844325294934975e-01
-9.500000000000248246e-01 2.310984475930211446e-01
-8.500000000000251799e-01 2.605719916699977823e-01
-7.500000000000255351e-01 2.900559657679994130e-01
-6.500000000000258904e-01 3.213531050404080935e-01
-5.500000000000262457e-01 3.536208333223302969e-01
-4.500000000000266565e-01 3.839437128075083860e-01
-3.500000000000270117e-01 4.121163052514318914e-01
-2.500000000000273670e-01 4.379461306971954571e-01
-1.500000000000277223e-01 4.558551696744982396e-01
-5.000000000002806366e-02 4.656058535772424345e-01
4.999999999997158107e-02 4.649125557061969394e-01
1.499999999999712119e-01 4.559360963181953719e-01
2.499999999999708566e-01 4.372612947796030713e-01
3.499999999999705014e-01 4.117636526041603684e-01
4.499999999999701461e-01 3.839197348157109002e-01
5.499999999999698463e-01 3.528431149348203455e-01
6.499999999999694911e-01 3.220829042995206337e-01
7.499999999999691358e-01 2.900652975041248527e-01
8.499999999999687805e-01 2.601964003475111253e-01
9.499999999999684253e-01 2.315488328542630314e-01
1.049999999999968070e+00 2.035095751455469892e-01
1.149999999999967715e+00 1.782105235188322923e-01
1.249999999999967359e+00 1.549925964688662894e-01
1.349999999999967004e+00 1.340102246461721269e-01
1.449999999999966649e+00 1.150649428096961330e-01
1.549999999999966294e+00 9.789906678628923498e-02
1.649999999999965938e+00 8.309422319715469019e-02
1.749999999999965583e+00 6.962061884276407597e-02
1.849999999999965228e+00 5.840203663121232985e-02
1.949999999999964873e+00 4.851464942816746673e-02
2.049999999999964295e+00 4.064940374304450155e-02
2.149999999999963940e+00 3.345344108197159660e-02
2.249999999999963585e+00 2.744252045634515413e-02
2.349999999999963229e+00 2.277780964687707577e-02
2.449999999999962874e+00 1.877961035057185493e-02
2.549999999999962519e+00 1.522893635214627936e-02
2.649999999999962164e+00 1.267328635948668236e-02
2.749999999999961808e+00 1.045937987550043732e-02
2.849999999999961453e+00 8.770600994234163672e-03
2.949999999999961098e+00 7.408528700870479003e-03
3.049999999999960743e+00 6.214958372614136188e-03
3.149999999999960387e+00 5.187111127538406377e-03
3.249999999999960032e+00 4.299630589441658275e-03
3.349999999999959677e+00 3.798812675301033344e-03
3.449999999999959321e+00 3.194055731852493002e-03
3.549999999999958966e+00 2.737228182005863476e-03
3.649999999999958611e+00 2.398344636694795147e-03
3.749999999999958256e+00 2.175562336020912292e-03
3.849999999999957900e+00 1.862912320623104009e-03
3.949999999999957545e+00 1.680339040931753958e-03
4.049999999999957190e+00 1.514645441909513984e-03
4.149999999999956835e+00 1.369546527511507697e-03
4.249999999999956479e+00 1.196371323301867809e-03
4.349999999999956124e+00 1.042839939608899633e-03
4.449999999999955769e+00 9.567167129984699772e-04
4.549999999999955413e+00 8.649841252573882942e-04
4.649999999999955058e+00 7.825980157208619128e-04
4.749999999999954703e+00 7.180055957630395629e-04
4.849999999999954348e+00 5.710344373082843058e-04
4.949999999999953992e+00 5.607370949961677873e-04
5.049999999999953637e+00 4.783583564992347718e-04
5.149999999999953282e+00 4.530830617331304470e-04
5.249999999999952927e+00 3.884980128149015713e-04
5.349999999999952571e+00 3.407484183282220359e-04
5.449999999999952216e+00 3.529180046970871454e-04
5.549999999999951861e+00 2.686670221434058099e-04
5.649999999999951505e+00 2.564974357745407546e-04
5.749999999999951150e+00 2.368388731786818233e-04
5.849999999999950795e+00 2.190525546395713204e-04
5.949999999999950440e+00 1.787993074194791352e-04
6.049999999999950084e+00 1.553962567101232388e-04
6.149999999999949729e+00 1.422905483128839423e-04
6.249999999999949374e+00 1.263764738305219219e-04
6.349999999999949019e+00 1.226319857170249839e-04
6.449999999999948663e+00 1.039095451495402396e-04
6.549999999999948308e+00 9.735669095092060491e-05
6.649999999999947953e+00 9.735669095092060491e-05
6.749999999999947597e+00 7.395364024156468141e-05
6.849999999999947242e+00 7.208139618481619886e-05
6.949999999999946887e+00 5.803956575920266102e-05
7.049999999999946532e+00 3.744488113496946134e-05
7.149999999999946176e+00 3.463651504984675107e-05
7.249999999999945821e+00 3.650875910659522007e-05
7.349999999999945466e+00 2.901978287960133051e-05
7.449999999999945111e+00 3.182814896472404079e-05
7.549999999999944755e+00 2.340305070935590995e-05
7.649999999999944400e+00 2.153080665260744095e-05
7.749999999999944045e+00 2.153080665260744095e-05
7.849999999999943689e+00 2.153080665260744095e-05
7.949999999999943334e+00 1.591407448236202039e-05
