-7.950000000000000178e+00 0.000000000000000000e+00
-7.850000000000000533e+00 4.493385736196335429e-07
-7.750000000000000888e+00 1.497795245398778388e-07
-7.650000000000001243e+00 4.493385736196335429e-07
-7.550000000000001599e+00 5.991180981595113552e-07
-7.450000000000001954e+00 7.488976226993891676e-07
-7.350000000000002309e+00 5.991180981595113552e-07
-7.250000000000002665e+00 1.348015720858900629e-06
-7.150000000000003020e+00 1.348015720858900629e-06
-7.050000000000003375e+00 1.348015720858900629e-06
-6.950000000000003730e+00 1.797354294478534172e-06
-6.850000000000004086e+00 3.594708588957068343e-06
-6.750000000000004441e+00 4.493385736196335429e-06
-6.650000000000004796e+00 6.140960506134991471e-06
-6.550000000000005151e+00 4.343606211656457299e-06
-6.450000000000005507e+00 8.088094325153402078e-06
-6.350000000000005862e+00 1.078412576687120503e-05
-6.250000000000006217e+00 1.303081863496937190e-05
-6.150000000000006573e+00 1.542729102760741859e-05
-6.050000000000006928e+00 2.456384202453996588e-05
-5.950000000000007283e+00 2.815855061349703761e-05
-5.850000000000007638e+00 3.444929064417190552e-05
-5.750000000000007994e+00 4.223782592024554795e-05
-5.650000000000008349e+00 5.976203029141125358e-05
-5.550000000000008704e+00 7.384130559815977408e-05
-5.450000000000009059e+00 9.166506901840523259e-05
-5.350000000000009415e+00 1.151804543711660634e-04
-5.250000000000009770e+00 1.389953987730066336e-04
-5.150000000000010125e+00 1.836296970858903265e-04
-5.050000000000010481e+00 2.227221529907985099e-04
-4.950000000000010836e+00 2.725987346625779323e-04
-4.850000000000011191e+00 3.325105444785291572e-04
-4.750000000000011546e+00 4.154884010736216242e-04
-4.650000000000011902e+00 5.047569976993884679e-04
-4.550000000000012257e+00 6.242810582822101891e-04
-4.450000000000012612e+00 7.506949769938659010e-04
-4.350000000000012967e+00 9.188973830521471927e-04
-4.250000000000013323e+00 1.067029332822084934e-03
-4.150000000000013678e+00 1.330491516487727639e-03
-4.050000000000014033e+00 1.562200440950916539e-03
-3.950000000000014388e+00 1.906094229294472836e-03
-3.850000000000014744e+00 2.291327166411035246e-03
-3.750000000000015099e+00 2.750101850076676607e-03
-3.650000000000015454e+00 3.284664973159495769e-03
-3.550000000000015810e+00 3.896064992331271706e-03
-3.450000000000016165e+00 4.633130032592003809e-03
-3.350000000000016520e+00 5.503199290644146188e-03
-3.250000000000016875e+00 6.501479821702422363e-03
-3.150000000000017231e+00 7.686834978911004368e-03
-3.050000000000017586e+00 9.079784557131856740e-03
-2.950000000000017941e+00 1.071118313842019110e-02
-2.850000000000018296e+00 1.245282062913620827e-02
-2.750000000000018652e+00 1.464589124808274474e-02
-2.650000000000019007e+00 1.712309716318088232e-02
-2.550000000000019362e+00 2.014834164110549525e-02
-2.450000000000019718e+00 2.341368505560018770e-02
-2.350000000000020073e+00 2.718498370399066028e-02
-2.250000000000020428e+00 3.159000187944187993e-02
-2.150000000000020783e+00 3.679469175704359885e-02
-2.050000000000021139e+00 4.267818479859288028e-02
-1.950000000000021272e+00 4.940373243027390560e-02
-1.850000000000021627e+00 5.710254977114818248e-02
-1.750000000000021982e+00 6.610190626170286965e-02
-1.650000000000022338e+00 7.617998196419356605e-02
-1.550000000000022693e+00 8.774355565930769263e-02
-1.450000000000023048e+00 1.008868646140404501e-01
-1.350000000000023404e+00 1.160784168224197332e-01
-1.250000000000023759e+00 1.332119891173894621e-01
-1.150000000000024114e+00 1.532167004500251950e-01
-1.050000000000024469e+00 1.755765532820873775e-01
-9.500000000000248246e-01 2.006397755732012012e-01
-8.500000000000251799e-01 2.291783191991828561e-01
-7.500000000000255351e-01 2.617944889060387359e-01
-6.500000000000258904e-01 2.977093898883445000e-01
-5.500000000000262457e-01 3.381081048696644720e-01
-4.500000000000266565e-01 3.820357646143610619e-01
-3.500000000000270117e-01 4.291143480104579466e-01
-2.500000000000273670e-01 4.780721007024153479e-01
-1.500000000000277223e-01 5.224279883633419219e-01
-5.000000000002806366e-02 5.516002821799299571e-01
4.999999999997158107e-02 5.513790755126795062e-01
1.499999999999712119e-01 5.229551085054856552e-01
2.499999999999708566e-01 4.783413700859145967e-01
3.499999999999705014e-01 4.294157091312970076e-01
4.499999999999701461e-01 3.824510761104844558e-01
5.499999999999698463e-01 3.379604198997351872e-01
6.499999999999694911e-01 2.977265933050723401e-01
7.499999999999691358e-01 2.620784579115367219e-01
8.499999999999687805e-01 2.293510126322447218e-01
9.499999999999684253e-01 2.009408182651305497e-01
1.049999999999968070e+00 1.752088410112429551e-01
1.149999999999967715e+00 1.532616402042187853e-01
1.249999999999967359e+00 1.332835919856839024e-01
1.349999999999967004e+00 1.160882987329403399e-01
1.449999999999966649e+00 1.009458895403723966e-01
1.549999999999966294e+00 8.776977061420122850e-02
1.649999999999965938e+00 7.604053368874785779e-02
1.749999999999965583e+00 6.590375030946919732e-02
1.849999999999965228e+00 5.696385982825581673e-02
1.949999999999964873e+00 4.937063233471695317e-02
2.049999999999964295e+00 4.276101287566341780e-02
2.149999999999963940e+00 3.684277216378724351e-02
2.249999999999963585e+00 3.172210859945236161e-02
2.349999999999963229e+00 2.728818415513132450e-02
2.449999999999962874e+00 2.338942549009006069e-02
2.549999999999962519e+00 2.005128568856995308e-02
2.649999999999962164e+00 1.716173792177950325e-02
2.749999999999961808e+00 1.459886047737722452e-02
2.849999999999961453e+00 1.247918064608889190e-02
2.949999999999961098e+00 1.064617882476988353e-02
3.049999999999960743e+00 9.058815423696273822e-03
3.149999999999960387e+00 7.630817436733090472e-03
3.249999999999960032e+00 6.458493098159477988e-03
3.349999999999959677e+00 5.542890864647213173e-03
3.449999999999959321e+00 4.662636598926359413e-03
3.549999999999958966e+00 3.901457055214707040e-03
3.649999999999958611e+00 3.259352233512256489e-03
3.749999999999958256e+00 2.744110669095081549e-03
3.849999999999957900e+00 2.271256710122691695e-03
3.949999999999957545e+00 1.919873945552141468e-03
4.049999999999957190e+00 1.564896472392634207e-03
4.149999999999956835e+00 1.303381422546010058e-03
4.249999999999956479e+00 1.095637222009201387e-03
4.349999999999956124e+00 9.121573044478526989e-04
4.449999999999955769e+00 7.384130559815960332e-04
4.549999999999955413e+00 6.199374520705538266e-04
4.649999999999955058e+00 5.016116276840511170e-04
4.749999999999954703e+00 4.123430310582841107e-04
4.849999999999954348e+00 3.317616468558298292e-04
4.949999999999953992e+00 2.640613017638048670e-04
5.049999999999953637e+00 2.291626725460132780e-04
5.149999999999953282e+00 1.758411618098166705e-04
5.249999999999952927e+00 1.388456192484667842e-04
5.349999999999952571e+00 1.195240605828225072e-04
5.449999999999952216e+00 9.151528949386534260e-05
5.549999999999951861e+00 7.039637653374257540e-05
5.649999999999951505e+00 6.335673888036832870e-05
5.749999999999951150e+00 5.017614072085908037e-05
5.849999999999950795e+00 3.774444018404922099e-05
5.949999999999950440e+00 3.040524348159520109e-05
6.049999999999950084e+00 2.037001533742338502e-05
6.149999999999949729e+00 1.722464532208595276e-05
6.249999999999949374e+00 1.228192101226998294e-05
6.349999999999949019e+00 8.237873849693280208e-06
6.449999999999948663e+00 8.836991947852791034e-06
6.549999999999948308e+00 5.841401457055235211e-06
6.649999999999947953e+00 4.044047162576701886e-06
6.749999999999947597e+00 2.995590490797556670e-06
6.849999999999947242e+00 3.594708588957067920e-06
6.949999999999946887e+00 3.145370015337434800e-06
7.049999999999946532e+00 1.348015720858900629e-06
7.149999999999946176e+00 1.348015720858900629e-06
7.249999999999945821e+00 1.048456671779144792e-06
7.349999999999945466e+00 1.348015720858900417e-06
7.449999999999945111e+00 7.488976226993891676e-07
7.549999999999944755e+00 2.995590490797556776e-07
7.649999999999944400e+00 7.488976226993891676e-07
7.749999999999944045e+00 4.493385736196335429e-07
7.849999999999943689e+00 2.995590490797556776e-07
7.949999999999943334e+00 4.493385736196335429e-07
