-7.950000000000000178e+00 3.117286354486206918e-04
-7.850000000000000533e+00 3.360825502655379136e-04
-7.750000000000000888e+00 3.248417148854535440e-04
-7.650000000000001243e+00 3.154878656413046597e-04
-7.550000000000001599e+00 3.922719850867725420e-04
-7.450000000000001954e+00 3.576059858785517989e-04
-7.350000000000002309e+00 3.613578450316422383e-04
-7.250000000000002665e+00 4.034833363084828518e-04
-7.150000000000003020e+00 3.950729801323017644e-04
-7.050000000000003375e+00 4.053703224444183371e-04
-6.950000000000003730e+00 4.671543763171179904e-04
-6.850000000000004086e+00 4.671838604754919959e-04
-6.750000000000004441e+00 4.859431562409441928e-04
-6.650000000000004796e+00 5.074665918539582408e-04
-6.550000000000005151e+00 5.158769480301392740e-04
-6.450000000000005507e+00 5.552235573802312505e-04
-6.350000000000005862e+00 6.076316488900015966e-04
-6.250000000000006217e+00 6.225948592648022917e-04
-6.150000000000006573e+00 6.188651132304923835e-04
-6.050000000000006928e+00 6.563173654050554005e-04
-5.950000000000007283e+00 7.284945851045871714e-04
-5.850000000000007638e+00 7.667797647532153833e-04
-5.750000000000007994e+00 7.809174186935445745e-04
-5.650000000000008349e+00 8.221215300211978140e-04
-5.550000000000008704e+00 8.708441017342190976e-04
-5.450000000000009059e+00 8.634509490219406582e-04
-5.350000000000009415e+00 1.029970104478652353e-03
-5.250000000000009770e+00 1.064731927201588695e-03
-5.150000000000010125e+00 1.148002561489334591e-03
-5.050000000000010481e+00 1.158299903801451002e-03
-4.950000000000010836e+00 1.246383826943751102e-03
-4.850000000000011191e+00 1.365212356230530947e-03
-4.750000000000011546e+00 1.427070120499165451e-03
-4.650000000000011902e+00 1.530964923569518715e-03
-4.550000000000012257e+00 1.632176668227838454e-03
-4.450000000000012612e+00 1.841926970900415426e-03
-4.350000000000012967e+00 1.912298285899540363e-03
-4.250000000000013323e+00 2.108869169778943269e-03
-4.150000000000013678e+00 2.285788862102080665e-03
-4.050000000000014033e+00 2.635235107150631778e-03
-3.950000000000014388e+00 2.747466556001231658e-03
-3.850000000000014744e+00 2.976963873744790500e-03
-3.750000000000015099e+00 3.283149487419102439e-03
-3.650000000000015454e+00 3.549251387783972263e-03
-3.550000000000015810e+00 3.966887120111972989e-03
-3.450000000000016165e+00 4.566720209112056471e-03
-3.350000000000016520e+00 4.887330947270843856e-03
-3.250000000000016875e+00 5.566041530960949557e-03
-3.150000000000017231e+00 6.194356316950309568e-03
-3.050000000000017586e+00 6.975539093069221819e-03
-2.950000000000017941e+00 7.675168687125670172e-03
-2.850000000000018296e+00 8.749166011096274134e-03
-2.750000000000018652e+00 9.992829924429999511e-03
-2.650000000000019007e+00 1.127025319910194764e-02
-2.550000000000019362e+00 1.251101292283584090e-02
-2.450000000000019718e+00 1.456456981150514550e-02
-2.350000000000020073e+00 1.687427032604854604e-02
-2.250000000000020428e+00 1.912514994463586360e-02
-2.150000000000020783e+00 2.192186978720089829e-02
-2.050000000000021139e+00 2.543557802206506541e-02
-1.950000000000021272e+00 2.942797631021015770e-02
-1.850000000000021627e+00 3.399653190818090198e-02
-1.750000000000021982e+00 3.980374648360130579e-02
-1.650000000000022338e+00 4.612509107066824210e-02
-1.550000000000022693e+00 5.430527179346306826e-02
-1.450000000000023048e+00 6.448307795649195484e-02
-1.350000000000023404e+00 7.534571266607367757e-02
-1.250000000000023759e+00 8.914869929573923657e-02
-1.150000000000024114e+00 1.065758639306565864e-01
-1.050000000000024469e+00 1.262166918052536890e-01
-9.500000000000248246e-01 1.504701024973142398e-01
-8.500000000000251799e-01 1.806684556395999341e-01
-7.500000000000255351e-01 2.190676284155414488e-01
-6.500000000000258904e-01 2.639854832505468818e-01
-5.500000000000262457e-01 3.197042771937368411e-01
-4.500000000000266565e-01 3.895344546921453155e-01
-3.500000000000270117e-01 4.735650726461403393e-01
-2.500000000000273670e-01 5.807937969246305121e-01
-1.500000000000277223e-01 7.104181940443523580e-01
-5.000000000002806366e-02 8.535775594230823327e-01
4.999999999997158107e-02 8.498006018801760320e-01
1.499999999999712119e-01 7.045018070015122147e-01
2.499999999999708566e-01 5.745393224087558259e-01
3.499999999999705014e-01 4.695398953449229085e-01
4.499999999999701461e-01 3.833912239058153704e-01
5.499999999999698463e-01 3.154583888539713166e-01
6.499999999999694911e-01 2.585655799505667818e-01
7.499999999999691358e-01 2.146759040574188204e-01
8.499999999999687805e-01 1.778883058940410322e-01
9.499999999999684253e-01 1.479528113946991519e-01
1.049999999999968070e+00 1.230898452124146170e-01
1.149999999999967715e+00 1.034837717895009668e-01
1.249999999999967359e+00 8.702858929058021609e-02
1.349999999999967004e+00 7.288368224729099842e-02
1.449999999999966649e+00 6.158338469080573696e-02
1.549999999999966294e+00 5.245429318594187207e-02
1.649999999999965938e+00 4.492723816840811513e-02
1.749999999999965583e+00 3.869813477081421316e-02
1.849999999999965228e+00 3.284939912936362533e-02
1.949999999999964873e+00 2.841914634728565786e-02
2.049999999999964295e+00 2.463141971553321069e-02
2.149999999999963940e+00 2.106640904509828743e-02
2.249999999999963585e+00 1.829253942527309801e-02
2.349999999999963229e+00 1.614719835158549485e-02
2.449999999999962874e+00 1.426731052677856354e-02
2.549999999999962519e+00 1.227218386896691653e-02
2.649999999999962164e+00 1.054251783107550480e-02
2.749999999999961808e+00 9.678359262252604275e-03
2.849999999999961453e+00 8.342859566623488793e-03
2.949999999999961098e+00 7.426963670893816163e-03
3.049999999999960743e+00 6.568215445132525102e-03
3.149999999999960387e+00 5.853887998126638091e-03
3.249999999999960032e+00 5.284438334330952489e-03
3.349999999999959677e+00 4.785374727613580723e-03
3.449999999999959321e+00 4.336854339388821963e-03
3.549999999999958966e+00 3.962213881009694905e-03
3.649999999999958611e+00 3.585620097138290767e-03
3.749999999999958256e+00 3.290771142358778906e-03
3.849999999999957900e+00 2.955322501498280647e-03
3.949999999999957545e+00 2.672628391008446784e-03
4.049999999999957190e+00 2.483435917762134501e-03
4.149999999999956835e+00 2.244628977011988054e-03
4.249999999999956479e+00 2.078795328237471526e-03
4.349999999999956124e+00 1.986052908072080507e-03
4.449999999999955769e+00 1.758589997256327503e-03
4.549999999999955413e+00 1.589004489328720970e-03
4.649999999999955058e+00 1.574004423755953012e-03
4.749999999999954703e+00 1.435487847714940176e-03
4.849999999999954348e+00 1.339008310475645665e-03
4.949999999999953992e+00 1.245366623479848400e-03
5.049999999999953637e+00 1.187378654997800357e-03
5.149999999999953282e+00 1.163865038694541967e-03
5.249999999999952927e+00 1.082444535344763859e-03
5.349999999999952571e+00 9.962328562592125125e-04
5.449999999999952216e+00 9.325618162505772656e-04
5.549999999999951861e+00 8.482887205781156157e-04
5.649999999999951505e+00 8.015710716345256226e-04
5.749999999999951150e+00 7.772097857780149808e-04
5.849999999999950795e+00 7.368901992015812561e-04
5.949999999999950440e+00 7.321948469805230741e-04
6.049999999999950084e+00 6.450691589853775566e-04
6.149999999999949729e+00 6.282337045538283248e-04
6.249999999999949374e+00 6.300912065313896962e-04
6.349999999999949019e+00 5.945922798491036498e-04
6.449999999999948663e+00 5.421252200225854011e-04
6.549999999999948308e+00 5.214568250024172961e-04
6.649999999999947953e+00 4.756089587308600861e-04
6.749999999999947597e+00 4.728227057645179206e-04
6.849999999999947242e+00 4.578594953897171171e-04
6.949999999999946887e+00 4.297242372613355047e-04
7.049999999999946532e+00 4.278446221649934936e-04
7.149999999999946176e+00 3.800802855991270096e-04
7.249999999999945821e+00 3.800876566387204839e-04
7.349999999999945466e+00 3.613947002296097181e-04
7.449999999999945111e+00 3.538836108838353109e-04
7.549999999999944755e+00 3.388982873902540304e-04
7.649999999999944400e+00 3.407705314470025129e-04
7.749999999999944045e+00 3.491735165835901803e-04
7.849999999999943689e+00 3.051905233291880327e-04
7.949999999999943334e+00 3.033035371932525474e-04
