-7.950000000000000178e+00 1.946387504791114885e-04
-7.850000000000000533e+00 1.487863525297054412e-04
-7.750000000000000888e+00 1.562724583173635503e-04
-7.650000000000001243e+00 2.114824885013423289e-04
-7.550000000000001599e+00 2.283335947379310470e-04
-7.450000000000001954e+00 2.030679877045848405e-04
-7.350000000000002309e+00 2.442415695367045492e-04
-7.250000000000002665e+00 2.236474104062867495e-04
-7.150000000000003020e+00 2.975874414881267459e-04
-7.050000000000003375e+00 2.797932038137228121e-04
-6.950000000000003730e+00 3.237961799592881411e-04
-6.850000000000004086e+00 2.966664146933853255e-04
-6.750000000000004441e+00 2.835730977793415528e-04
-6.650000000000004796e+00 3.780778151341675675e-04
-6.550000000000005151e+00 3.406472861958768591e-04
-6.450000000000005507e+00 3.781072879915992405e-04
-6.350000000000005862e+00 3.603204185315532927e-04
-6.250000000000006217e+00 4.398971335972106256e-04
-6.150000000000006573e+00 4.510968194212660893e-04
-6.050000000000006928e+00 4.642269774070995753e-04
-5.950000000000007283e+00 4.970155312998935770e-04
-5.850000000000007638e+00 5.353449823898518561e-04
-5.750000000000007994e+00 5.830541703574566078e-04
-5.650000000000008349e+00 6.130059617224470304e-04
-5.550000000000008704e+00 6.757020976940839724e-04
-5.450000000000009059e+00 7.450001537304271537e-04
-5.350000000000009415e+00 8.414058703895993009e-04
-5.250000000000009770e+00 9.125459800154253230e-04
-5.150000000000010125e+00 9.940089579567128707e-04
-5.050000000000010481e+00 1.060344991821167903e-03
-4.950000000000010836e+00 1.133400837180055867e-03
-4.850000000000011191e+00 1.248455504379151603e-03
-4.750000000000011546e+00 1.351396827173808766e-03
-4.650000000000011902e+00 1.491739206049324477e-03
-4.550000000000012257e+00 1.656477742663950902e-03
-4.450000000000012612e+00 1.751011932876208373e-03
-4.350000000000012967e+00 1.997117660645469396e-03
-4.250000000000013323e+00 2.147922903909247824e-03
-4.150000000000013678e+00 2.386424634461124534e-03
-4.050000000000014033e+00 2.652210862780421223e-03
-3.950000000000014388e+00 2.897447141255447486e-03
-3.850000000000014744e+00 3.274544983880011643e-03
-3.750000000000015099e+00 3.654597480462104878e-03
-3.650000000000015454e+00 4.124321145780219730e-03
-3.550000000000015810e+00 4.459515953351225054e-03
-3.450000000000016165e+00 5.058323366005932145e-03
-3.350000000000016520e+00 5.579631900043921164e-03
-3.250000000000016875e+00 6.239462864011014950e-03
-3.150000000000017231e+00 7.061077710635205000e-03
-3.050000000000017586e+00 7.907258183928744105e-03
-2.950000000000017941e+00 8.962968568918783588e-03
-2.850000000000018296e+00 1.030519933743134428e-02
-2.750000000000018652e+00 1.167159048082356404e-02
-2.650000000000019007e+00 1.303331017631285255e-02
-2.550000000000019362e+00 1.485439382773301280e-02
-2.450000000000019718e+00 1.704648180850373146e-02
-2.350000000000020073e+00 1.988497586668142025e-02
-2.250000000000020428e+00 2.270340627716245854e-02
-2.150000000000020783e+00 2.609121545215264265e-02
-2.050000000000021139e+00 3.008654863738293578e-02
-1.950000000000021272e+00 3.453232287095649167e-02
-1.850000000000021627e+00 3.984029607583762511e-02
-1.750000000000021982e+00 4.657748181972663770e-02
-1.650000000000022338e+00 5.422778826435105393e-02
-1.550000000000022693e+00 6.290819318085731637e-02
-1.450000000000023048e+00 7.402147932335126357e-02
-1.350000000000023404e+00 8.612738919950271854e-02
-1.250000000000023759e+00 1.008604138003315748e-01
-1.150000000000024114e+00 1.184735555022462528e-01
-1.050000000000024469e+00 1.401252670712428428e-01
-9.500000000000248246e-01 1.646393457129367022e-01
-8.500000000000251799e-01 1.954916286592525698e-01
-7.500000000000255351e-01 2.315339418032229812e-01
-6.500000000000258904e-01 2.742998758084490563e-01
-5.500000000000262457e-01 3.279071204277872464e-01
-4.500000000000266565e-01 3.890733056337112861e-01
-3.500000000000270117e-01 4.626534362852348092e-01
-2.500000000000273670e-01 5.515538013808427564e-01
-1.500000000000277223e-01 6.471293855375886972e-01
-5.000000000002806366e-02 7.547329459672214025e-01
4.999999999997158107e-02 7.535751784451594215e-01
1.499999999999712119e-01 6.466502526625351743e-01
2.499999999999708566e-01 5.472316215749095658e-01
3.499999999999705014e-01 4.588327445167166285e-01
4.499999999999701461e-01 3.867103340255514388e-01
5.499999999999698463e-01 3.269742897536443982e-01
6.499999999999694911e-01 2.748426847919832605e-01
7.499999999999691358e-01 2.306966473964451314e-01
8.499999999999687805e-01 1.943737452815101630e-01
9.499999999999684253e-01 1.636416894888728657e-01
1.049999999999968070e+00 1.384053932122433772e-01
1.149999999999967715e+00 1.169119950969410848e-01
1.249999999999967359e+00 9.962273799355811366e-02
1.349999999999967004e+00 8.546287205120398078e-02
1.449999999999966649e+00 7.284405340538262219e-02
1.549999999999966294e+00 6.191394107182680157e-02
1.649999999999965938e+00 5.334231310388669323e-02
1.749999999999965583e+00 4.581325062652205626e-02
1.849999999999965228e+00 4.008040407711951914e-02
1.949999999999964873e+00 3.427545955022466562e-02
2.049999999999964295e+00 2.969670378391916013e-02
2.149999999999963940e+00 2.584434343009014978e-02
2.249999999999963585e+00 2.248905755327587630e-02
2.349999999999963229e+00 1.955673665346429474e-02
2.449999999999962874e+00 1.721995167913251482e-02
2.549999999999962519e+00 1.504483269602810425e-02
2.649999999999962164e+00 1.313552941410043445e-02
2.749999999999961808e+00 1.147130767814627528e-02
2.849999999999961453e+00 1.028353678721902718e-02
2.949999999999961098e+00 9.188738025060157188e-03
3.049999999999960743e+00 7.945808681449440664e-03
3.149999999999960387e+00 7.070663757514873346e-03
3.249999999999960032e+00 6.228447383545906643e-03
3.349999999999959677e+00 5.548014892234038806e-03
3.449999999999959321e+00 5.095842313516518035e-03
3.549999999999958966e+00 4.421098083688971593e-03
3.649999999999958611e+00 4.002708767802565237e-03
3.749999999999958256e+00 3.560019080963699057e-03
3.849999999999957900e+00 3.223144320519082465e-03
3.949999999999957545e+00 2.912448825688195540e-03
4.049999999999957190e+00 2.758040525603387867e-03
4.149999999999956835e+00 2.453806954764406641e-03
4.249999999999956479e+00 2.197429936180187934e-03
4.349999999999956124e+00 2.036522871031685826e-03
4.449999999999955769e+00 1.827759253628419680e-03
4.549999999999955413e+00 1.664022794166472412e-03
4.649999999999955058e+00 1.518043731307139148e-03
4.749999999999954703e+00 1.486190940637802105e-03
4.849999999999954348e+00 1.217567949790704113e-03
4.949999999999953992e+00 1.180166893709845349e-03
5.049999999999953637e+00 1.083724335978883705e-03
5.149999999999953282e+00 9.798619863894851220e-04
5.249999999999952927e+00 8.525834515705811318e-04
5.349999999999952571e+00 8.273104763228770206e-04
5.449999999999952216e+00 7.252901803229610611e-04
5.549999999999951861e+00 6.841165984908413253e-04
5.649999999999951505e+00 5.820963024909254742e-04
5.749999999999951150e+00 6.110902259893848717e-04
5.849999999999950795e+00 5.484088264464640101e-04
5.949999999999950440e+00 5.119214289459884633e-04
6.049999999999950084e+00 4.669753213626078644e-04
6.149999999999949729e+00 4.248438716639571034e-04
6.249999999999949374e+00 3.874354473687401904e-04
6.349999999999949019e+00 3.378399965255050614e-04
6.449999999999948663e+00 3.584194192272069975e-04
6.549999999999948308e+00 3.219320217267315591e-04
6.649999999999947953e+00 3.116238898399857345e-04
6.749999999999947597e+00 3.275171282100434273e-04
6.849999999999947242e+00 2.694998083556928510e-04
6.949999999999946887e+00 2.741933609016950803e-04
7.049999999999946532e+00 2.255484097106330175e-04
7.149999999999946176e+00 2.199338303698894492e-04
7.249999999999945821e+00 2.208622253789887472e-04
7.349999999999945466e+00 2.479993588592494945e-04
7.449999999999945111e+00 1.721878013304950115e-04
7.549999999999944755e+00 1.515936422000772118e-04
7.649999999999944400e+00 1.553440633082641981e-04
7.749999999999944045e+00 1.637659323193796184e-04
7.849999999999943689e+00 1.431717731889618186e-04
7.949999999999943334e+00 1.497221157531626709e-04
