-7.950000000000000178e+00 3.950656090927082359e-04
-7.850000000000000533e+00 4.044120872972636459e-04
-7.750000000000000888e+00 4.044194583368571202e-04
-7.650000000000001243e+00 4.409724436810132943e-04
-7.550000000000001599e+00 4.812109488219185310e-04
-7.450000000000001954e+00 4.521543107443497071e-04
-7.350000000000002309e+00 4.681273535434597385e-04
-7.250000000000002665e+00 5.195993230248557079e-04
-7.150000000000003020e+00 5.327566286992496767e-04
-7.050000000000003375e+00 5.523930781763280225e-04
-6.950000000000003730e+00 5.804841100671485725e-04
-6.850000000000004086e+00 6.010714236517883521e-04
-6.750000000000004441e+00 6.291550845030154278e-04
-6.650000000000004796e+00 6.001353016234140837e-04
-6.550000000000005151e+00 7.041259282084829469e-04
-6.450000000000005507e+00 7.443496912702011808e-04
-6.350000000000005862e+00 7.275142368386518406e-04
-6.250000000000006217e+00 7.828560021066343797e-04
-6.150000000000006573e+00 7.902196706605388137e-04
-6.050000000000006928e+00 8.278046015477848012e-04
-5.950000000000007283e+00 9.289500068497633795e-04
-5.850000000000007638e+00 9.064093677728466292e-04
-5.750000000000007994e+00 9.794563701444110749e-04
-5.650000000000008349e+00 1.088076009594196418e-03
-5.550000000000008704e+00 1.164019830526005685e-03
-5.450000000000009059e+00 1.245432962836189993e-03
-5.350000000000009415e+00 1.335374387956051465e-03
-5.250000000000009770e+00 1.392448347528505662e-03
-5.150000000000010125e+00 1.438421521473152260e-03
-5.050000000000010481e+00 1.532999330497324120e-03
-4.950000000000010836e+00 1.644419964992638577e-03
-4.850000000000011191e+00 1.828010448147891331e-03
-4.750000000000011546e+00 1.857192393898549759e-03
-4.650000000000011902e+00 1.954357437820039220e-03
-4.550000000000012257e+00 2.129758695986916361e-03
-4.450000000000012612e+00 2.246788691612882846e-03
-4.350000000000012967e+00 2.473256512083514113e-03
-4.250000000000013323e+00 2.587743499049723842e-03
-4.150000000000013678e+00 2.787078522776689250e-03
-4.050000000000014033e+00 3.051263952847249692e-03
-3.950000000000014388e+00 3.278874284454873049e-03
-3.850000000000014744e+00 3.547688727390149645e-03
-3.750000000000015099e+00 3.757453772141915085e-03
-3.650000000000015454e+00 4.209777616796916977e-03
-3.550000000000015810e+00 4.387773480900705736e-03
-3.450000000000016165e+00 4.926611217264594347e-03
-3.350000000000016520e+00 5.404202985646107578e-03
-3.250000000000016875e+00 5.795811577169467273e-03
-3.150000000000017231e+00 6.341555977632463287e-03
-3.050000000000017586e+00 7.103168643630639219e-03
-2.950000000000017941e+00 7.738264786046011173e-03
-2.850000000000018296e+00 8.651765093907793497e-03
-2.750000000000018652e+00 9.518827852330533079e-03
-2.650000000000019007e+00 1.068803689473033988e-02
-2.550000000000019362e+00 1.173312500141524342e-02
-2.450000000000019718e+00 1.304584081366086216e-02
-2.350000000000020073e+00 1.440012191817421384e-02
-2.250000000000020428e+00 1.633537362136791571e-02
-2.150000000000020783e+00 1.830310949605018847e-02
-2.050000000000021139e+00 2.055888348492758422e-02
-1.950000000000021272e+00 2.362377648998326141e-02
-1.850000000000021627e+00 2.677877308302983872e-02
-1.750000000000021982e+00 3.082197257605329491e-02
-1.650000000000022338e+00 3.535443956417425038e-02
-1.550000000000022693e+00 4.098142485049407341e-02
-1.450000000000023048e+00 4.731339110561523509e-02
-1.350000000000023404e+00 5.493053496906073752e-02
-1.250000000000023759e+00 6.500413674535635011e-02
-1.150000000000024114e+00 7.716878451769401681e-02
-1.050000000000024469e+00 9.163182562983857027e-02
-9.500000000000248246e-01 1.097779614667056813e-01
-8.500000000000251799e-01 1.323224555973299688e-01
-7.500000000000255351e-01 1.625837795308626155e-01
-6.500000000000258904e-01 2.002537132467008818e-01
-5.500000000000262457e-01 2.516680117143167417e-01
-4.500000000000266565e-01 3.203152331814824172e-01
-3.500000000000270117e-01 4.208893755439263029e-01
-2.500000000000273670e-01 5.692256063051583936e-01
-1.500000000000277223e-01 8.144628134944444930e-01
-5.000000000002806366e-02 1.310605409899625595e+00
4.999999999997158107e-02 1.310036719452909004e+00
1.499999999999712119e-01 8.134173642068193155e-01
2.499999999999708566e-01 5.690326030044421390e-01
3.499999999999705014e-01 4.194917232424447695e-01
4.499999999999701461e-01 3.196844490972291508e-01
5.499999999999698463e-01 2.495369557153615803e-01
6.499999999999694911e-01 1.983595919444388622e-01
7.499999999999691358e-01 1.602192384817436033e-01
8.499999999999687805e-01 1.310243786697168900e-01
9.499999999999684253e-01 1.079885900081069272e-01
1.049999999999968070e+00 9.014053164136126561e-02
1.149999999999967715e+00 7.584849864778583917e-02
1.249999999999967359e+00 6.399194558837718871e-02
1.349999999999967004e+00 5.447379587168923315e-02
1.449999999999966649e+00 4.717096787858966050e-02
1.549999999999966294e+00 4.020008728254371999e-02
1.649999999999965938e+00 3.490207886432129814e-02
1.749999999999965583e+00 3.014887872453343720e-02
1.849999999999965228e+00 2.644581585355194886e-02
1.949999999999964873e+00 2.330041635405609435e-02
2.049999999999964295e+00 2.068148598648623590e-02
2.149999999999963940e+00 1.820359309049836977e-02
2.249999999999963585e+00 1.599794217085676734e-02
2.349999999999963229e+00 1.422451427089872419e-02
2.449999999999962874e+00 1.283000203228405744e-02
2.549999999999962519e+00 1.144132028598785281e-02
2.649999999999962164e+00 1.034700837689757173e-02
2.749999999999961808e+00 9.339999060752685739e-03
2.849999999999961453e+00 8.341768652763648095e-03
2.949999999999961098e+00 7.864117916065394009e-03
3.049999999999960743e+00 6.837354213809916301e-03
3.149999999999960387e+00 6.380335016933855359e-03
3.249999999999960032e+00 5.865947018901600599e-03
3.349999999999959677e+00 5.226457736888498462e-03
3.449999999999959321e+00 4.862873837899617073e-03
3.549999999999958966e+00 4.446822879084218194e-03
3.649999999999958611e+00 4.212726032634316227e-03
3.749999999999958256e+00 3.749124497401262485e-03
3.849999999999957900e+00 3.435413052301989137e-03
3.949999999999957545e+00 3.186367737556473640e-03
4.049999999999957190e+00 3.036241774155700769e-03
4.149999999999956835e+00 2.696245201866014247e-03
4.249999999999956479e+00 2.555863752807845807e-03
4.349999999999956124e+00 2.392890067395605971e-03
4.449999999999955769e+00 2.273921488356549139e-03
4.549999999999955413e+00 2.034126828300873886e-03
4.649999999999955058e+00 1.897320333445552069e-03
4.749999999999954703e+00 1.748447446775674595e-03
4.849999999999954348e+00 1.674434838217362092e-03
4.949999999999953992e+00 1.589174023239371637e-03
5.049999999999953637e+00 1.493696947384793097e-03
5.149999999999953282e+00 1.406615485627208968e-03
5.249999999999952927e+00 1.328025461481334088e-03
5.349999999999952571e+00 1.249206935108060964e-03
5.449999999999952216e+00 1.191137885190484379e-03
5.549999999999951861e+00 1.147140149856895174e-03
5.649999999999951505e+00 1.095535501662816234e-03
5.749999999999951150e+00 9.954441550227080548e-04
5.849999999999950795e+00 9.373529919863510468e-04
5.949999999999950440e+00 9.250580979443963868e-04
6.049999999999950084e+00 8.286964973385980071e-04
6.149999999999949729e+00 8.146546669129844150e-04
6.249999999999949374e+00 7.743498224157377473e-04
6.349999999999949019e+00 7.163028856169415849e-04
6.449999999999948663e+00 7.181382744757225335e-04
6.549999999999948308e+00 7.171874103681613166e-04
6.649999999999947953e+00 6.769415341876625514e-04
6.749999999999947597e+00 6.385605310243188488e-04
6.849999999999947242e+00 6.590962473318040917e-04
6.949999999999946887e+00 5.655208996923478774e-04
7.049999999999946532e+00 5.935529632664204164e-04
7.149999999999946176e+00 5.271325254894105921e-04
7.249999999999945821e+00 5.280317923198173807e-04
7.349999999999945466e+00 5.205575581720105075e-04
7.449999999999945111e+00 4.868424230713509272e-04
7.549999999999944755e+00 4.353409694315808981e-04
7.649999999999944400e+00 4.091000684787282995e-04
7.749999999999944045e+00 4.090926974391348252e-04
7.849999999999943689e+00 3.819451586162819095e-04
7.949999999999943334e+00 3.912990078604307938e-04
