-7.950000000000000178e+00 9.170479589881214881e-05
-7.850000000000000533e+00 8.889750622844035111e-05
-7.750000000000000888e+00 9.638361201609848736e-05
-7.650000000000001243e+00 1.665658537753934030e-04
-7.550000000000001599e+00 1.506578789766199549e-04
-7.450000000000001954e+00 1.544009318704490366e-04
-7.350000000000002309e+00 1.487863525297054412e-04
-7.250000000000002665e+00 2.245831736297439251e-04
-7.150000000000003020e+00 2.058679091605987335e-04
-7.050000000000003375e+00 1.890241711383678930e-04
-6.950000000000003730e+00 2.517203071100047266e-04
-6.850000000000004086e+00 2.638852290149492014e-04
-6.750000000000004441e+00 3.059945740705262212e-04
-6.650000000000004796e+00 2.601421761211201739e-04
-6.550000000000005151e+00 3.911490274051372738e-04
-6.450000000000005507e+00 3.481039191261031326e-04
-6.350000000000005862e+00 3.855344480643939494e-04
-6.250000000000006217e+00 4.828611915183075171e-04
-6.150000000000006573e+00 4.276511613343287927e-04
-6.050000000000006928e+00 5.287135894677135644e-04
-5.950000000000007283e+00 5.277778262442561720e-04
-5.850000000000007638e+00 5.867309093220641949e-04
-5.750000000000007994e+00 7.607828688851155444e-04
-5.650000000000008349e+00 6.756431519792200843e-04
-5.550000000000008704e+00 7.018371540216655075e-04
-5.450000000000009059e+00 1.008767491315649013e-03
-5.350000000000009415e+00 9.348421966625249883e-04
-5.250000000000009770e+00 1.133224000035465504e-03
-5.150000000000010125e+00 1.114516103780677702e-03
-5.050000000000010481e+00 1.353135725762280670e-03
-4.950000000000010836e+00 1.549631266259590863e-03
-4.850000000000011191e+00 1.704046934558755329e-03
-4.750000000000011546e+00 2.068051460269272786e-03
-4.650000000000011902e+00 1.994133533830507940e-03
-4.550000000000012257e+00 1.870649629405938662e-03
-4.450000000000012612e+00 2.074646012119622449e-03
-4.350000000000012967e+00 2.200974047286354159e-03
-4.250000000000013323e+00 2.381605822271037898e-03
-4.150000000000013678e+00 2.536058331641991969e-03
-4.050000000000014033e+00 3.146249635479709487e-03
-3.950000000000014388e+00 3.468203761849514895e-03
-3.850000000000014744e+00 3.256684432276383233e-03
-3.750000000000015099e+00 4.050255855054292128e-03
-3.650000000000015454e+00 4.298336264271476054e-03
-3.550000000000015810e+00 4.506105172736418751e-03
-3.450000000000016165e+00 5.339995464480926102e-03
-3.350000000000016520e+00 6.265568447481172781e-03
-3.250000000000016875e+00 7.168742058833311136e-03
-3.150000000000017231e+00 7.801089583245327669e-03
-3.050000000000017586e+00 8.596060966751244148e-03
-2.950000000000017941e+00 9.791229544893854247e-03
-2.850000000000018296e+00 1.045206995422800350e-02
-2.750000000000018652e+00 1.139408879167515785e-02
-2.650000000000019007e+00 1.304879816289323223e-02
-2.550000000000019362e+00 1.422492727513494960e-02
-2.450000000000019718e+00 1.580063465200728240e-02
-2.350000000000020073e+00 1.750998670090377074e-02
-2.250000000000020428e+00 2.070755594938652328e-02
-2.150000000000020783e+00 2.560864898920859126e-02
-2.050000000000021139e+00 2.730093625365211107e-02
-1.950000000000021272e+00 2.942733660342180396e-02
-1.850000000000021627e+00 3.412468377981825451e-02
-1.750000000000021982e+00 3.964581205785998319e-02
-1.650000000000022338e+00 4.490485295119021891e-02
-1.550000000000022693e+00 5.043791773649185239e-02
-1.450000000000023048e+00 5.869064938702051037e-02
-1.350000000000023404e+00 6.692868144990524182e-02
-1.250000000000023759e+00 8.212550567170837090e-02
-1.150000000000024114e+00 9.412420802895206384e-02
-1.050000000000024469e+00 1.063849756662639118e-01
-9.500000000000248246e-01 1.250651969079228376e-01
-8.500000000000251799e-01 1.484035737938079191e-01
-7.500000000000255351e-01 1.826570686970304391e-01
-6.500000000000258904e-01 2.164427998799547948e-01
-5.500000000000262457e-01 2.744186219510406088e-01
-4.500000000000266565e-01 3.421188291263622672e-01
-3.500000000000270117e-01 4.317642754260576643e-01
-2.500000000000273670e-01 5.594376433795417158e-01
-1.500000000000277223e-01 7.102478749244380829e-01
-5.000000000002806366e-02 9.355503999537206905e-01
4.999999999997158107e-02 9.669793856696159429e-01
1.499999999999712119e-01 7.580282472109522995e-01
2.499999999999708566e-01 5.896507263620931472e-01
3.499999999999705014e-01 4.658998641631260651e-01
4.499999999999701461e-01 3.653579414284173765e-01
5.499999999999698463e-01 2.951127677502949354e-01
6.499999999999694911e-01 2.414629495883952592e-01
7.499999999999691358e-01 1.986500947941377271e-01
8.499999999999687805e-01 1.636534344225592241e-01
9.499999999999684253e-01 1.413650428191080555e-01
1.049999999999968070e+00 1.205071679286061348e-01
1.149999999999967715e+00 1.057789252988957651e-01
1.249999999999967359e+00 9.317353153963442436e-02
1.349999999999967004e+00 7.789247389129133614e-02
1.449999999999966649e+00 6.754032429197154297e-02
1.549999999999966294e+00 6.033205913132252962e-02
1.649999999999965938e+00 5.341113959420412671e-02
1.749999999999965583e+00 4.531899080739205943e-02
1.849999999999965228e+00 4.057352919123843882e-02
1.949999999999964873e+00 3.530226443028845751e-02
2.049999999999964295e+00 3.144928514645346784e-02
2.149999999999963940e+00 2.838323115604554636e-02
2.249999999999963585e+00 2.542618252884879665e-02
2.349999999999963229e+00 2.236695887315058237e-02
2.449999999999962874e+00 2.038336925406625949e-02
2.549999999999962519e+00 1.804207493254742986e-02
2.649999999999962164e+00 1.552679496539476588e-02
2.749999999999961808e+00 1.452336942948859178e-02
2.849999999999961453e+00 1.269818168267107007e-02
2.949999999999961098e+00 1.194323443955741179e-02
3.049999999999960743e+00 1.002067573999983197e-02
3.149999999999960387e+00 8.714667113270867238e-03
3.249999999999960032e+00 8.065792684054010064e-03
3.349999999999959677e+00 8.130868753263256754e-03
3.449999999999959321e+00 6.913831314906315924e-03
3.549999999999958966e+00 6.287717299841111968e-03
3.649999999999958611e+00 5.958277067683651756e-03
3.749999999999958256e+00 5.514563199049033436e-03
3.849999999999957900e+00 5.808422324072047560e-03
3.949999999999957545e+00 5.466028771073341841e-03
4.049999999999957190e+00 4.706004828267095277e-03
4.149999999999956835e+00 4.247458744129962473e-03
4.249999999999956479e+00 3.826365293574190973e-03
4.349999999999956124e+00 3.390284895014390211e-03
4.449999999999955769e+00 3.319159521817280269e-03
4.549999999999955413e+00 3.008493499843827457e-03
4.649999999999955058e+00 3.319166890031640966e-03
4.749999999999954703e+00 2.877479280345450908e-03
4.849999999999954348e+00 2.280454975565357999e-03
4.949999999999953992e+00 2.091430804426989455e-03
5.049999999999953637e+00 1.740519595630515663e-03
5.149999999999953282e+00 1.802279968378694237e-03
5.249999999999952927e+00 1.658172431966275107e-03
5.349999999999952571e+00 1.322233434745117425e-03
5.449999999999952216e+00 1.251115429762365144e-03
5.549999999999951861e+00 1.126658921042548436e-03
5.649999999999951505e+00 1.113558235914146460e-03
5.749999999999951150e+00 9.526069614794973033e-04
5.849999999999950795e+00 8.571591126868560728e-04
5.949999999999950440e+00 8.141140044078218774e-04
6.049999999999950084e+00 7.308310775201250133e-04
6.149999999999949729e+00 6.447408609620566226e-04
6.249999999999949374e+00 6.063745688003086302e-04
6.349999999999949019e+00 6.690707047719455722e-04
6.449999999999948663e+00 5.680082766385606378e-04
6.549999999999948308e+00 5.053121406669238043e-04
6.649999999999947953e+00 5.174770625718684959e-04
6.749999999999947597e+00 3.958278435224238021e-04
6.849999999999947242e+00 4.061212389804536547e-04
6.949999999999946887e+00 4.005066596397101678e-04
7.049999999999946532e+00 3.097376269643552487e-04
7.149999999999946176e+00 2.489130174396329831e-04
7.249999999999945821e+00 2.788574405902654197e-04
7.349999999999945466e+00 3.190952591989279800e-04
7.449999999999945111e+00 2.900865992717527190e-04
7.549999999999944755e+00 1.618870376581070915e-04
7.649999999999944400e+00 1.609512744346498618e-04
7.749999999999944045e+00 1.216492190494446667e-04
7.849999999999943689e+00 1.955745137025688537e-04
7.949999999999943334e+00 1.731161963395942823e-04
