-7.950000000000000178e+00 0.000000000000000000e+00
-7.850000000000000533e+00 0.000000000000000000e+00
-7.750000000000000888e+00 0.000000000000000000e+00
-7.650000000000001243e+00 0.000000000000000000e+00
-7.550000000000001599e+00 0.000000000000000000e+00
-7.450000000000001954e+00 0.000000000000000000e+00
-7.350000000000002309e+00 0.000000000000000000e+00
-7.250000000000002665e+00 0.000000000000000000e+00
-7.150000000000003020e+00 0.000000000000000000e+00
-7.050000000000003375e+00 0.000000000000000000e+00
-6.950000000000003730e+00 0.000000000000000000e+00
-6.850000000000004086e+00 0.000000000000000000e+00
-6.750000000000004441e+00 0.000000000000000000e+00
-6.650000000000004796e+00 0.000000000000000000e+00
-6.550000000000005151e+00 0.000000000000000000e+00
-6.450000000000005507e+00 0.000000000000000000e+00
-6.350000000000005862e+00 3.650875910659522684e-05
-6.250000000000006217e+00 8.799547066717819215e-05
-6.150000000000006573e+00 5.897568778757690229e-05
-6.050000000000006928e+00 3.931712519171793712e-05
-5.950000000000007283e+00 4.867834547546029568e-05
-5.850000000000007638e+00 5.803956575920266779e-05
-5.750000000000007994e+00 1.254403518021476806e-04
-5.650000000000008349e+00 1.319932060007673695e-04
-5.550000000000008704e+00 1.179513755751538046e-04
-5.450000000000009059e+00 1.198236196319022871e-04
-5.350000000000009415e+00 2.040746021855836768e-04
-5.250000000000009770e+00 1.170152535467795904e-04
-5.150000000000010125e+00 1.001650570360433287e-04
-5.050000000000010481e+00 2.321582630368110235e-04
-4.950000000000010836e+00 1.993939920437123349e-04
-4.850000000000011191e+00 1.806715514762276720e-04
-4.750000000000011546e+00 2.377749952070560646e-04
-4.650000000000011902e+00 2.901978287960133322e-04
-4.550000000000012257e+00 4.895918208397255587e-04
-4.450000000000012612e+00 5.186116037193269027e-04
-4.350000000000012967e+00 5.289089460314435297e-04
-4.250000000000013323e+00 5.204838477760755479e-04
-4.150000000000013678e+00 6.412435894363518324e-04
-4.050000000000014033e+00 7.910231139762300030e-04
-3.950000000000014388e+00 1.020373010927918492e-03
-3.850000000000014744e+00 1.093390529141108607e-03
-3.750000000000015099e+00 1.704678213669485586e-03
-3.650000000000015454e+00 2.024831947373475615e-03
-3.550000000000015810e+00 2.307540799942495342e-03
-3.450000000000016165e+00 2.673564513036822896e-03
-3.350000000000016520e+00 3.861503367043729248e-03
-3.250000000000016875e+00 4.450324122891130725e-03
-3.150000000000017231e+00 5.464144279620428146e-03
-3.050000000000017586e+00 5.896632656729325177e-03
-2.950000000000017941e+00 7.556377013036837641e-03
-2.850000000000018296e+00 9.508191442197097554e-03
-2.750000000000018652e+00 1.179607367954369976e-02
-2.650000000000019007e+00 1.446027697229676154e-02
-2.550000000000019362e+00 1.689700261215491134e-02
-2.450000000000019718e+00 2.021836356882674920e-02
-2.350000000000020073e+00 2.454043897383065623e-02
-2.250000000000020428e+00 2.934087273533372148e-02
-2.150000000000020783e+00 3.488458738736581466e-02
-2.050000000000021139e+00 4.235109668567850483e-02
-1.950000000000021272e+00 5.026975292369594006e-02
-1.850000000000021627e+00 6.144330545437073909e-02
-1.750000000000021982e+00 7.443761533023385280e-02
-1.650000000000022338e+00 8.687867708732777139e-02
-1.550000000000022693e+00 1.034985875790840754e-01
-1.450000000000023048e+00 1.199602934480450966e-01
-1.350000000000023404e+00 1.398238667681189762e-01
-1.250000000000023759e+00 1.637146370542593987e-01
-1.150000000000024114e+00 1.888878945192721259e-01
-1.050000000000024469e+00 2.163967764450779041e-01
-9.500000000000248246e-01 2.423545041698667579e-01
-8.500000000000251799e-01 2.704400372651499240e-01
-7.500000000000255351e-01 2.995562407136737049e-01
-6.500000000000258904e-01 3.295870353839193134e-01
-5.500000000000262457e-01 3.594961341904764351e-01
-4.500000000000266565e-01 3.819649351155149919e-01
-3.500000000000270117e-01 4.049336252037062378e-01
-2.500000000000273670e-01 4.175553585122757649e-01
-1.500000000000277223e-01 4.257829350196571383e-01
-5.000000000002806366e-02 4.351703667201943793e-01
4.999999999997158107e-02 4.357947601131202386e-01
1.499999999999712119e-01 4.284490105564672802e-01
2.499999999999708566e-01 4.117907190615471835e-01
3.499999999999705014e-01 3.896233494296450495e-01
4.499999999999701461e-01 3.702231565136165914e-01
5.499999999999698463e-01 3.498372271017106128e-01
6.499999999999694911e-01 3.249654009298352797e-01
7.499999999999691358e-01 3.007591575201341572e-01
8.499999999999687805e-01 2.721887132141530552e-01
9.499999999999684253e-01 2.436566499113349826e-01
1.049999999999968070e+00 2.146069111268260887e-01
1.149999999999967715e+00 1.853165889810240996e-01
1.249999999999967359e+00 1.606563263875609715e-01
1.349999999999967004e+00 1.382025034149750586e-01
1.449999999999966649e+00 1.189343037049469254e-01
1.549999999999966294e+00 1.045667028134590060e-01
1.649999999999965938e+00 8.977316639906093854e-02
1.749999999999965583e+00 7.587456264378830695e-02
1.849999999999965228e+00 6.048939710745742521e-02
1.949999999999964873e+00 5.107481786809777574e-02
2.049999999999964295e+00 4.339861723542923211e-02
2.149999999999963940e+00 3.528431149348164320e-02
2.249999999999963585e+00 2.902071900162974533e-02
2.349999999999963229e+00 2.561791542848938785e-02
2.449999999999962874e+00 2.040184348638808542e-02
2.549999999999962519e+00 1.675564818587040733e-02
2.649999999999962164e+00 1.448836063314798764e-02
2.749999999999961808e+00 1.251033478719324257e-02
2.849999999999961453e+00 1.062311277799081119e-02
2.949999999999961098e+00 7.682753486867362896e-03
3.049999999999960743e+00 5.990244859566751581e-03
3.149999999999960387e+00 5.158032376342054637e-03
3.249999999999960032e+00 4.927746357361990036e-03
3.349999999999959677e+00 3.395314596913362026e-03
3.449999999999959321e+00 3.177198164302163889e-03
3.549999999999958966e+00 2.439534005943263389e-03
3.649999999999958611e+00 2.135294346721636032e-03
3.749999999999958256e+00 1.650383136023779755e-03
3.849999999999957900e+00 1.364865917369637981e-03
3.949999999999957545e+00 1.026925865126537612e-03
4.049999999999957190e+00 8.434459475651868640e-04
4.149999999999956835e+00 9.408026385161083905e-04
4.249999999999956479e+00 6.496686876917203562e-04
4.349999999999956124e+00 4.952085530099711690e-04
4.449999999999955769e+00 3.866183977185596687e-04
4.549999999999955413e+00 3.154731235621176569e-04
4.649999999999955058e+00 3.604069809240811840e-04
4.749999999999954703e+00 1.544601346817489975e-04
4.849999999999954348e+00 1.460350364263808803e-04
4.949999999999953992e+00 1.722464532208595005e-04
5.049999999999953637e+00 1.535240126533747563e-04
5.149999999999953282e+00 2.003301140720866846e-04
5.249999999999952927e+00 1.488434025115036312e-04
5.349999999999952571e+00 1.647574769938657329e-04
5.449999999999952216e+00 1.282487178872704586e-04
5.549999999999951861e+00 1.544601346817490247e-04
5.649999999999951505e+00 1.787993074194791352e-04
5.749999999999951150e+00 1.170152535467795091e-04
5.849999999999950795e+00 2.621141679447862023e-05
5.949999999999950440e+00 2.901978287960133051e-05
6.049999999999950084e+00 3.370039302147251656e-05
6.149999999999949729e+00 3.276427099309826851e-05
6.249999999999949374e+00 5.055058953220877824e-05
6.349999999999949019e+00 3.182814896472404756e-05
6.449999999999948663e+00 5.242283358895723368e-05
6.549999999999948308e+00 2.995590490797556162e-05
6.649999999999947953e+00 2.714753882285287167e-05
6.749999999999947597e+00 6.459241995782228219e-05
6.849999999999947242e+00 0.000000000000000000e+00
6.949999999999946887e+00 0.000000000000000000e+00
7.049999999999946532e+00 0.000000000000000000e+00
7.149999999999946176e+00 0.000000000000000000e+00
7.249999999999945821e+00 0.000000000000000000e+00
7.349999999999945466e+00 0.000000000000000000e+00
7.449999999999945111e+00 0.000000000000000000e+00
7.549999999999944755e+00 0.000000000000000000e+00
7.649999999999944400e+00 0.000000000000000000e+00
7.749999999999944045e+00 0.000000000000000000e+00
7.849999999999943689e+00 0.000000000000000000e+00
7.949999999999943334e+00 0.000000000000000000e+00
