-7.950000000000000178e+00 5.616732170245418524e-05
-7.850000000000000533e+00 6.395585697852783445e-05
-7.750000000000000888e+00 6.605277032208613165e-05
-7.650000000000001243e+00 7.578843941717818130e-05
-7.550000000000001599e+00 8.432587231595121947e-05
-7.450000000000001954e+00 9.226418711656473833e-05
-7.350000000000002309e+00 1.017002971625770487e-04
-7.250000000000002665e+00 1.139822181748470384e-04
-7.150000000000003020e+00 1.259645801380372752e-04
-7.050000000000003375e+00 1.406429735429453015e-04
-6.950000000000003730e+00 1.686517446319024931e-04
-6.850000000000004086e+00 1.885724213957063031e-04
-6.750000000000004441e+00 2.041494919478536421e-04
-6.650000000000004796e+00 2.215239167944794713e-04
-6.550000000000005151e+00 2.525282783742342730e-04
-6.450000000000005507e+00 2.672066717791423264e-04
-6.350000000000005862e+00 3.006075057515350969e-04
-6.250000000000006217e+00 3.305634106595107635e-04
-6.150000000000006573e+00 3.835853623466276181e-04
-6.050000000000006928e+00 4.412528380271505454e-04
-5.950000000000007283e+00 4.905291222344352123e-04
-5.850000000000007638e+00 5.236303971577480672e-04
-5.750000000000007994e+00 6.028625862730078045e-04
-5.650000000000008349e+00 6.855408838190195971e-04
-5.550000000000008704e+00 7.358691627970879827e-04
-5.450000000000009059e+00 8.350208493098163886e-04
-5.350000000000009415e+00 9.242918046682526475e-04
-5.250000000000009770e+00 1.022545993400076746e-03
-5.150000000000010125e+00 1.129488573921548413e-03
-5.050000000000010481e+00 1.286161494689264020e-03
-4.950000000000010836e+00 1.422761600435966172e-03
-4.850000000000011191e+00 1.587516718697160566e-03
-4.750000000000011546e+00 1.770102676576609801e-03
-4.650000000000011902e+00 1.938908918198390405e-03
-4.550000000000012257e+00 2.213458324778988604e-03
-4.450000000000012612e+00 2.415951986392556993e-03
-4.350000000000012967e+00 2.711173326092328369e-03
-4.250000000000013323e+00 2.987825542848160029e-03
-4.150000000000013678e+00 3.377566018096937826e-03
-4.050000000000014033e+00 3.786004167220166465e-03
-3.950000000000014388e+00 4.184271461070702275e-03
-3.850000000000014744e+00 4.645595934752527745e-03
-3.750000000000015099e+00 5.229000155865030225e-03
-3.650000000000015454e+00 5.805807001699769300e-03
-3.550000000000015810e+00 6.515623962157593083e-03
-3.450000000000016165e+00 7.290769562007837733e-03
-3.350000000000016520e+00 8.132843022000707522e-03
-3.250000000000016875e+00 9.053244097129924117e-03
-3.150000000000017231e+00 1.019790403958438854e-02
-3.050000000000017586e+00 1.142150250893670706e-02
-2.950000000000017941e+00 1.287527908524943587e-02
-2.850000000000018296e+00 1.438945101157544995e-02
-2.750000000000018652e+00 1.607319576764110192e-02
-2.650000000000019007e+00 1.808701685607036827e-02
-2.550000000000019362e+00 2.029819428635815104e-02
-2.450000000000019718e+00 2.291839719020401928e-02
-2.350000000000020073e+00 2.591997532388486125e-02
-2.250000000000020428e+00 2.928150313919344189e-02
-2.150000000000020783e+00 3.304101284169884412e-02
-2.050000000000021139e+00 3.754410830093025259e-02
-1.950000000000021272e+00 4.251883353687856137e-02
-1.850000000000021627e+00 4.824832728114182567e-02
-1.750000000000021982e+00 5.450445762735084410e-02
-1.650000000000022338e+00 6.211089048574260085e-02
-1.550000000000022693e+00 7.113109935246722526e-02
-1.450000000000023048e+00 8.120445641025107741e-02
-1.350000000000023404e+00 9.307858556615181134e-02
-1.250000000000023759e+00 1.066990354764840720e-01
-1.150000000000024114e+00 1.229705487695482435e-01
-1.050000000000024469e+00 1.417444273997341408e-01
-9.500000000000248246e-01 1.641809661689957733e-01
-8.500000000000251799e-01 1.907199165820156472e-01
-7.500000000000255351e-01 2.228814158000426149e-01
-6.500000000000258904e-01 2.620457245989097905e-01
-5.500000000000262457e-01 3.094498083860198756e-01
-4.500000000000266565e-01 3.672532532113050863e-01
-3.500000000000270117e-01 4.413373372663316196e-01
-2.500000000000273670e-01 5.352650147015248772e-01
-1.500000000000277223e-01 6.600859456141014991e-01
-5.000000000002806366e-02 8.357188596339046871e-01
4.999999999997158107e-02 8.312914264218933535e-01
1.499999999999712119e-01 6.518625520242686822e-01
2.499999999999708566e-01 5.235646109242257928e-01
3.499999999999705014e-01 4.274240907934908629e-01
4.499999999999701461e-01 3.529151895496770441e-01
5.499999999999698463e-01 2.938773821784944618e-01
6.499999999999694911e-01 2.467223864581586379e-01
7.499999999999691358e-01 2.079704997079031281e-01
8.499999999999687805e-01 1.764182906226742231e-01
9.499999999999684253e-01 1.500322155708220251e-01
1.049999999999968070e+00 1.282191370208713432e-01
1.149999999999967715e+00 1.100612343512369362e-01
1.249999999999967359e+00 9.466900352603316304e-02
1.349999999999967004e+00 8.183314240179442867e-02
1.449999999999966649e+00 7.075214064425244809e-02
1.549999999999966294e+00 6.125232004945618813e-02
1.649999999999965938e+00 5.321418839971697040e-02
1.749999999999965583e+00 4.612472015995811025e-02
1.849999999999965228e+00 4.058226566085521014e-02
1.949999999999964873e+00 3.527130780027537549e-02
2.049999999999964295e+00 3.094965195484573883e-02
2.149999999999963940e+00 2.706370710503397739e-02
2.249999999999963585e+00 2.374907561266872275e-02
2.349999999999963229e+00 2.089959799647496397e-02
2.449999999999962874e+00 1.829695349862392462e-02
2.549999999999962519e+00 1.619694903590112450e-02
2.649999999999962164e+00 1.419463030733713119e-02
2.749999999999961808e+00 1.256647026600459655e-02
2.849999999999961453e+00 1.108645750620435196e-02
2.949999999999961098e+00 9.820487942535937459e-03
3.049999999999960743e+00 8.776916206116206626e-03
3.149999999999960387e+00 7.672457323921511724e-03
3.249999999999960032e+00 6.777636704597571338e-03
3.349999999999959677e+00 6.072891019380073467e-03
3.449999999999959321e+00 5.375057600251774426e-03
3.549999999999958966e+00 4.773981753976235670e-03
3.649999999999958611e+00 4.265474371331679816e-03
3.749999999999958256e+00 3.764612820636668508e-03
3.849999999999957900e+00 3.341170773000083291e-03
3.949999999999957545e+00 3.000113360692104221e-03
4.049999999999957190e+00 2.670294130189957045e-03
4.149999999999956835e+00 2.391850455971321517e-03
4.249999999999956479e+00 2.118660858774931884e-03
4.349999999999956124e+00 1.916449065715418974e-03
4.449999999999955769e+00 1.698058725272929073e-03
4.549999999999955413e+00 1.523569117282977826e-03
4.649999999999955058e+00 1.346225442762424319e-03
4.749999999999954703e+00 1.199143129030600611e-03
4.849999999999954348e+00 1.075274282869787901e-03
4.949999999999953992e+00 9.869020046585907924e-04
5.049999999999953637e+00 8.814583987488528415e-04
5.149999999999953282e+00 7.861998005078262713e-04
5.249999999999952927e+00 7.074145912335163145e-04
5.349999999999952571e+00 6.368648970762297128e-04
5.449999999999952216e+00 5.537384403229332966e-04
5.549999999999951861e+00 5.055082540547579158e-04
5.649999999999951505e+00 4.499400504504634329e-04
5.749999999999951150e+00 3.975172168615061924e-04
5.849999999999950795e+00 3.507848258387292507e-04
5.949999999999950440e+00 3.239742909460910977e-04
6.049999999999950084e+00 2.994104489215510369e-04
6.149999999999949729e+00 2.746968273724711539e-04
6.249999999999949374e+00 2.400965778374243662e-04
6.349999999999949019e+00 2.182287672546021626e-04
6.449999999999948663e+00 1.945636023773014147e-04
6.549999999999948308e+00 1.702993194018411610e-04
6.649999999999947953e+00 1.529248945552153047e-04
6.749999999999947597e+00 1.412420916411048072e-04
6.849999999999947242e+00 1.274623753834360396e-04
6.949999999999946887e+00 1.160791315184053085e-04
7.049999999999946532e+00 9.810558857361997354e-05
7.149999999999946176e+00 9.136550996932546616e-05
7.249999999999945821e+00 8.417609279141134303e-05
7.349999999999945466e+00 6.979725843558306966e-05
7.449999999999945111e+00 6.755056556748490957e-05
7.549999999999944755e+00 6.036114838957077288e-05
7.649999999999944400e+00 5.661666027607382132e-05
7.749999999999944045e+00 4.777966832822103029e-05
7.849999999999943689e+00 4.238760544478543116e-05
7.949999999999943334e+00 4.433473926380383838e-05
