-7.950000000000000178e+00 0.000000000000000000e+00
-7.850000000000000533e+00 0.000000000000000000e+00
-7.750000000000000888e+00 0.000000000000000000e+00
-7.650000000000001243e+00 0.000000000000000000e+00
-7.550000000000001599e+00 0.000000000000000000e+00
-7.450000000000001954e+00 0.000000000000000000e+00
-7.350000000000002309e+00 0.000000000000000000e+00
-7.250000000000002665e+00 0.000000000000000000e+00
-7.150000000000003020e+00 0.000000000000000000e+00
-7.050000000000003375e+00 0.000000000000000000e+00
-6.950000000000003730e+00 0.000000000000000000e+00
-6.850000000000004086e+00 0.000000000000000000e+00
-6.750000000000004441e+00 0.000000000000000000e+00
-6.650000000000004796e+00 0.000000000000000000e+00
-6.550000000000005151e+00 0.000000000000000000e+00
-6.450000000000005507e+00 0.000000000000000000e+00
-6.350000000000005862e+00 0.000000000000000000e+00
-6.250000000000006217e+00 0.000000000000000000e+00
-6.150000000000006573e+00 0.000000000000000000e+00
-6.050000000000006928e+00 1.497795245398778388e-07
-5.950000000000007283e+00 0.000000000000000000e+00
-5.850000000000007638e+00 2.995590490797556776e-07
-5.750000000000007994e+00 0.000000000000000000e+00
-5.650000000000008349e+00 5.991180981595113552e-07
-5.550000000000008704e+00 2.995590490797556776e-07
-5.450000000000009059e+00 1.048456671779144792e-06
-5.350000000000009415e+00 8.986771472392669799e-07
-5.250000000000009770e+00 1.198236196319022710e-06
-5.150000000000010125e+00 2.246692868098167715e-06
-5.050000000000010481e+00 4.044047162576701039e-06
-4.950000000000010836e+00 4.643165260736212712e-06
-4.850000000000011191e+00 8.387653374233158338e-06
-4.750000000000011546e+00 1.303081863496937190e-05
-4.650000000000011902e+00 2.186781058282216293e-05
-4.550000000000012257e+00 2.950656633435593570e-05
-4.450000000000012612e+00 4.148892829754616577e-05
-4.350000000000012967e+00 6.066070743865052575e-05
-4.250000000000013323e+00 8.911881710122730607e-05
-4.150000000000013678e+00 1.222200920245403101e-04
-4.050000000000014033e+00 1.812332246932522764e-04
-3.950000000000014388e+00 2.642110812883447435e-04
-3.850000000000014744e+00 3.516823236196335578e-04
-3.750000000000015099e+00 5.170389187116585525e-04
-3.650000000000015454e+00 7.250826782975469762e-04
-3.550000000000015810e+00 9.864479486196313027e-04
-3.450000000000016165e+00 1.366288822852757944e-03
-3.350000000000016520e+00 1.825063506518399738e-03
-3.250000000000016875e+00 2.454137509585880769e-03
-3.150000000000017231e+00 3.284664973159495769e-03
-3.050000000000017586e+00 4.406813171012250244e-03
-2.950000000000017941e+00 5.749736388036783344e-03
-2.850000000000018296e+00 7.583337327453950130e-03
-2.750000000000018652e+00 9.802770322085839483e-03
-2.650000000000019007e+00 1.263824650115024165e-02
-2.550000000000019362e+00 1.622531633435592147e-02
-2.450000000000019718e+00 2.038035012461782147e-02
-2.350000000000020073e+00 2.579712662960384137e-02
-2.250000000000020428e+00 3.213280051764164785e-02
-2.150000000000020783e+00 3.983071918136753264e-02
-2.050000000000021139e+00 4.886961392829940187e-02
-1.950000000000021272e+00 5.911618098159698853e-02
-1.850000000000021627e+00 7.154608416411589733e-02
-1.750000000000021982e+00 8.531366828030079175e-02
-1.650000000000022338e+00 1.010812583876654763e-01
-1.550000000000022693e+00 1.181096925326059616e-01
-1.450000000000023048e+00 1.377480348926543308e-01
-1.350000000000023404e+00 1.583701291698783875e-01
-1.250000000000023759e+00 1.807543795533113895e-01
-1.150000000000024114e+00 2.038084439704850870e-01
-1.050000000000024469e+00 2.279129121932564894e-01
-9.500000000000248246e-01 2.523804459835145564e-01
-8.500000000000251799e-01 2.768476802147394888e-01
-7.500000000000255351e-01 3.002550745303159685e-01
-6.500000000000258904e-01 3.230880643692781717e-01
-5.500000000000262457e-01 3.434684144938981443e-01
-4.500000000000266565e-01 3.613883363688978889e-01
-3.500000000000270117e-01 3.767172222488817113e-01
-2.500000000000273670e-01 3.884798576495698263e-01
-1.500000000000277223e-01 3.966041986196600089e-01
-5.000000000002806366e-02 4.010376725460392811e-01
4.999999999997158107e-02 4.006352149636008830e-01
1.499999999999712119e-01 3.969176871645216931e-01
2.499999999999708566e-01 3.888559540356888444e-01
3.499999999999705014e-01 3.770681556748778362e-01
4.499999999999701461e-01 3.615241863976553782e-01
5.499999999999698463e-01 3.431403973351551118e-01
6.499999999999694911e-01 3.228897562787877984e-01
7.499999999999691358e-01 3.007541399060829623e-01
8.499999999999687805e-01 2.768869224501684934e-01
9.499999999999684253e-01 2.523627719996192065e-01
1.049999999999968070e+00 2.278910443826736576e-01
1.149999999999967715e+00 2.039390517158839455e-01
1.249999999999967359e+00 1.802899132477132071e-01
1.349999999999967004e+00 1.582819090299242282e-01
1.449999999999966649e+00 1.375783346913506400e-01
1.549999999999966294e+00 1.182446438842164604e-01
1.649999999999965938e+00 1.010357254122053738e-01
1.749999999999965583e+00 8.547797641872098562e-02
1.849999999999965228e+00 7.150055118865578097e-02
1.949999999999964873e+00 5.927884154524728361e-02
2.049999999999964295e+00 4.892578125000188183e-02
2.149999999999963940e+00 3.971943299463440852e-02
2.249999999999963585e+00 3.200324122891469447e-02
2.349999999999963229e+00 2.584805166794740955e-02
2.449999999999962874e+00 2.043382141487857379e-02
2.549999999999962519e+00 1.613245302914116663e-02
2.649999999999962164e+00 1.273784988496926007e-02
2.749999999999961808e+00 9.755439992331239180e-03
2.849999999999961453e+00 7.541548840107324334e-03
2.949999999999961098e+00 5.799612969708561709e-03
3.049999999999960743e+00 4.389588525690164833e-03
3.149999999999960387e+00 3.305184768021459003e-03
3.249999999999960032e+00 2.463423840107353217e-03
3.349999999999959677e+00 1.846332199003062084e-03
3.449999999999959321e+00 1.361945216641101582e-03
3.549999999999958966e+00 9.729677914110425319e-04
3.649999999999958611e+00 7.074086944018416652e-04
3.749999999999958256e+00 4.930741947852782144e-04
3.849999999999957900e+00 3.590215203220876116e-04
3.949999999999957545e+00 2.646604198619644270e-04
4.049999999999957190e+00 1.839292561349700522e-04
4.149999999999956835e+00 1.246165644171783602e-04
4.249999999999956479e+00 8.866947852760766321e-05
4.349999999999956124e+00 6.245806173312907009e-05
4.449999999999955769e+00 4.118936924846641290e-05
4.549999999999955413e+00 2.965634585889580875e-05
4.649999999999955058e+00 1.872244056748473067e-05
4.749999999999954703e+00 1.108368481595096129e-05
4.849999999999954348e+00 6.290740030674869601e-06
4.949999999999953992e+00 5.392062883435602515e-06
5.049999999999953637e+00 2.995590490797556670e-06
5.149999999999953282e+00 2.995590490797556670e-06
5.249999999999952927e+00 1.497795245398778335e-06
5.349999999999952571e+00 2.096913343558289585e-06
5.449999999999952216e+00 1.048456671779144792e-06
5.549999999999951861e+00 4.493385736196335429e-07
5.649999999999951505e+00 2.995590490797556776e-07
5.749999999999951150e+00 0.000000000000000000e+00
5.849999999999950795e+00 0.000000000000000000e+00
5.949999999999950440e+00 2.995590490797556776e-07
6.049999999999950084e+00 1.497795245398778388e-07
6.149999999999949729e+00 0.000000000000000000e+00
6.249999999999949374e+00 0.000000000000000000e+00
6.349999999999949019e+00 0.000000000000000000e+00
6.449999999999948663e+00 0.000000000000000000e+00
6.549999999999948308e+00 0.000000000000000000e+00
6.649999999999947953e+00 0.000000000000000000e+00
6.749999999999947597e+00 0.000000000000000000e+00
6.849999999999947242e+00 0.000000000000000000e+00
6.949999999999946887e+00 0.000000000000000000e+00
7.049999999999946532e+00 0.000000000000000000e+00
7.149999999999946176e+00 0.000000000000000000e+00
7.249999999999945821e+00 0.000000000000000000e+00
7.349999999999945466e+00 0.000000000000000000e+00
7.449999999999945111e+00 0.000000000000000000e+00
7.549999999999944755e+00 0.000000000000000000e+00
7.649999999999944400e+00 0.000000000000000000e+00
7.749999999999944045e+00 0.000000000000000000e+00
7.849999999999943689e+00 0.000000000000000000e+00
7.949999999999943334e+00 0.000000000000000000e+00
