-7.950000000000000178e+00 0.000000000000000000e+00
-7.850000000000000533e+00 0.000000000000000000e+00
-7.750000000000000888e+00 0.000000000000000000e+00
-7.650000000000001243e+00 0.000000000000000000e+00
-7.550000000000001599e+00 0.000000000000000000e+00
-7.450000000000001954e+00 0.000000000000000000e+00
-7.350000000000002309e+00 0.000000000000000000e+00
-7.250000000000002665e+00 0.000000000000000000e+00
-7.150000000000003020e+00 0.000000000000000000e+00
-7.050000000000003375e+00 0.000000000000000000e+00
-6.950000000000003730e+00 0.000000000000000000e+00
-6.850000000000004086e+00 0.000000000000000000e+00
-6.750000000000004441e+00 0.000000000000000000e+00
-6.650000000000004796e+00 0.000000000000000000e+00
-6.550000000000005151e+00 0.000000000000000000e+00
-6.450000000000005507e+00 0.000000000000000000e+00
-6.350000000000005862e+00 0.000000000000000000e+00
-6.250000000000006217e+00 0.000000000000000000e+00
-6.150000000000006573e+00 0.000000000000000000e+00
-6.050000000000006928e+00 0.000000000000000000e+00
-5.950000000000007283e+00 0.000000000000000000e+00
-5.850000000000007638e+00 0.000000000000000000e+00
-5.750000000000007994e+00 0.000000000000000000e+00
-5.650000000000008349e+00 0.000000000000000000e+00
-5.550000000000008704e+00 0.000000000000000000e+00
-5.450000000000009059e+00 0.000000000000000000e+00
-5.350000000000009415e+00 4.493110085270858341e-07
-5.250000000000009770e+00 7.488516808784763901e-07
-5.150000000000010125e+00 2.995406723513905561e-07
-5.050000000000010481e+00 4.493110085270858341e-07
-4.950000000000010836e+00 1.947014370284038508e-06
-4.850000000000011191e+00 2.845636387338210388e-06
-4.750000000000011546e+00 2.546095714986819621e-06
-4.650000000000011902e+00 6.739665127906287405e-06
-4.550000000000012257e+00 8.536909162014630318e-06
-4.450000000000012612e+00 1.347933025581257481e-05
-4.350000000000012967e+00 2.486187580516541467e-05
-4.250000000000013323e+00 3.714304337157242641e-05
-4.150000000000013678e+00 5.706249808293988642e-05
-4.050000000000014033e+00 9.735071851420189324e-05
-3.950000000000014388e+00 1.487219438224654012e-04
-3.850000000000014744e+00 2.186646908165152444e-04
-3.750000000000015099e+00 3.345869310165036354e-04
-3.650000000000015454e+00 4.949909610606735913e-04
-3.550000000000015810e+00 7.061671350684044354e-04
-3.450000000000016165e+00 1.004509644730389954e-03
-3.350000000000016520e+00 1.403797360974794357e-03
-3.250000000000016875e+00 1.994791107524089124e-03
-3.150000000000017231e+00 2.790071592617032574e-03
-3.050000000000017586e+00 3.782749380789542874e-03
-2.950000000000017941e+00 5.137571841834885286e-03
-2.850000000000018296e+00 6.853041272391302043e-03
-2.750000000000018652e+00 9.179573674544335218e-03
-2.650000000000019007e+00 1.209515280887614626e-02
-2.550000000000019362e+00 1.565639186246131978e-02
-2.450000000000019718e+00 2.014396044529296464e-02
-2.350000000000020073e+00 2.570792843421917245e-02
-2.250000000000020428e+00 3.248668361986692399e-02
-2.150000000000020783e+00 4.039845139868654400e-02
-2.050000000000021139e+00 4.971701194520414258e-02
-1.950000000000021272e+00 6.078578864027048972e-02
-1.850000000000021627e+00 7.339824819029587555e-02
-1.750000000000021982e+00 8.773920719012548441e-02
-1.650000000000022338e+00 1.037252435625106300e-01
-1.550000000000022693e+00 1.216042272138211922e-01
-1.450000000000023048e+00 1.410990830221227066e-01
-1.350000000000023404e+00 1.618416755011040653e-01
-1.250000000000023759e+00 1.839173737423882016e-01
-1.150000000000024114e+00 2.067369812434597387e-01
-1.050000000000024469e+00 2.303524683109715032e-01
-9.500000000000248246e-01 2.542648001847859218e-01
-8.500000000000251799e-01 2.779944122484683255e-01
-7.500000000000255351e-01 3.008090773284503028e-01
-6.500000000000258904e-01 3.215301028790296112e-01
-5.500000000000262457e-01 3.414440160879571029e-01
-4.500000000000266565e-01 3.585016592156783366e-01
-3.500000000000270117e-01 3.730680225714526621e-01
-2.500000000000273670e-01 3.839479388725984821e-01
-1.500000000000277223e-01 3.917963537992126821e-01
-5.000000000002806366e-02 3.953632841255725339e-01
4.999999999997158107e-02 3.952749196272289378e-01
1.499999999999712119e-01 3.913245772402592637e-01
2.499999999999708566e-01 3.841658547117339784e-01
3.499999999999705014e-01 3.725779740314854593e-01
4.499999999999701461e-01 3.586322589488235568e-01
5.499999999999698463e-01 3.413471146804514245e-01
6.499999999999694911e-01 3.216087323055218938e-01
7.499999999999691358e-01 3.002773926350263411e-01
8.499999999999687805e-01 2.780754380003392923e-01
9.499999999999684253e-01 2.546196061111860587e-01
1.049999999999968070e+00 2.302014998121064693e-01
1.149999999999967715e+00 2.071638267015603607e-01
1.249999999999967359e+00 1.839518209197086307e-01
1.349999999999967004e+00 1.620333815314090042e-01
1.449999999999966649e+00 1.409506606189726285e-01
1.549999999999966294e+00 1.214267493654530433e-01
1.649999999999965938e+00 1.035992867097867975e-01
1.749999999999965583e+00 8.778982956375300239e-02
1.849999999999965228e+00 7.338716518541880951e-02
1.949999999999964873e+00 6.073172154891104402e-02
2.049999999999964295e+00 4.974037611764756811e-02
2.149999999999963940e+00 4.036310559934909448e-02
2.249999999999963585e+00 3.233017361856327376e-02
2.349999999999963229e+00 2.563169533310575773e-02
2.449999999999962874e+00 2.015249735445497417e-02
2.549999999999962519e+00 1.572498667642976966e-02
2.649999999999962164e+00 1.212540641678363021e-02
2.749999999999961808e+00 9.203237387660089322e-03
2.849999999999961453e+00 6.922684478713000793e-03
2.949999999999961098e+00 5.162583487976227237e-03
3.049999999999960743e+00 3.782899151125718867e-03
3.149999999999960387e+00 2.756523037313677194e-03
3.249999999999960032e+00 1.971277164744504942e-03
3.349999999999959677e+00 1.435997983252569046e-03
3.449999999999959321e+00 1.006456659100673969e-03
3.549999999999958966e+00 6.805564075823604614e-04
3.649999999999958611e+00 4.815116308048610419e-04
3.749999999999958256e+00 3.279970362247730292e-04
3.849999999999957900e+00 2.177660687994610708e-04
3.949999999999957545e+00 1.490214844948167924e-04
4.049999999999957190e+00 9.375623044598519894e-05
4.149999999999956835e+00 6.425147421937324791e-05
4.249999999999956479e+00 3.864074673332938237e-05
4.349999999999956124e+00 2.471210546898971907e-05
4.449999999999955769e+00 1.587565563462369926e-05
4.549999999999955413e+00 1.243093790258270733e-05
4.649999999999955058e+00 5.391732102325029585e-06
4.749999999999954703e+00 3.294947395865296328e-06
4.849999999999954348e+00 1.947014370284038508e-06
4.949999999999953992e+00 1.797244034108343336e-06
5.049999999999953637e+00 1.198162689405562224e-06
5.149999999999953282e+00 1.497703361756952780e-07
5.249999999999952927e+00 4.493110085270858341e-07
5.349999999999952571e+00 0.000000000000000000e+00
5.449999999999952216e+00 2.995406723513905561e-07
5.549999999999951861e+00 0.000000000000000000e+00
5.649999999999951505e+00 0.000000000000000000e+00
5.749999999999951150e+00 0.000000000000000000e+00
5.849999999999950795e+00 0.000000000000000000e+00
5.949999999999950440e+00 0.000000000000000000e+00
6.049999999999950084e+00 0.000000000000000000e+00
6.149999999999949729e+00 0.000000000000000000e+00
6.249999999999949374e+00 0.000000000000000000e+00
6.349999999999949019e+00 0.000000000000000000e+00
6.449999999999948663e+00 0.000000000000000000e+00
6.549999999999948308e+00 0.000000000000000000e+00
6.649999999999947953e+00 0.000000000000000000e+00
6.749999999999947597e+00 0.000000000000000000e+00
6.849999999999947242e+00 0.000000000000000000e+00
6.949999999999946887e+00 0.000000000000000000e+00
7.049999999999946532e+00 0.000000000000000000e+00
7.149999999999946176e+00 0.000000000000000000e+00
7.249999999999945821e+00 0.000000000000000000e+00
7.349999999999945466e+00 0.000000000000000000e+00
7.449999999999945111e+00 0.000000000000000000e+00
7.549999999999944755e+00 0.000000000000000000e+00
7.649999999999944400e+00 0.000000000000000000e+00
7.749999999999944045e+00 0.000000000000000000e+00
7.849999999999943689e+00 0.000000000000000000e+00
7.949999999999943334e+00 0.000000000000000000e+00
