-7.950000000000000178e+00 1.319932060007672882e-04
-7.850000000000000533e+00 1.600768668519944994e-04
-7.750000000000000888e+00 1.235681077453991980e-04
-7.650000000000001243e+00 2.040746021855836768e-04
-7.550000000000001599e+00 1.338654500575158521e-04
-7.450000000000001954e+00 1.675658430789882941e-04
-7.350000000000002309e+00 1.413544262845097281e-04
-7.250000000000002665e+00 1.404183042561354868e-04
-7.150000000000003020e+00 2.124997004409516586e-04
-7.050000000000003375e+00 1.834799175613503416e-04
-6.950000000000003730e+00 2.321582630368106712e-04
-6.850000000000004086e+00 2.096913343558289618e-04
-6.750000000000004441e+00 1.685019651073625625e-04
-6.650000000000004796e+00 2.003301140720865762e-04
-6.550000000000005151e+00 2.808366085122709194e-04
-6.450000000000005507e+00 3.426206623849706269e-04
-6.350000000000005862e+00 3.079841473351239436e-04
-6.250000000000006217e+00 2.405833612921788156e-04
-6.150000000000006573e+00 3.051905233291880870e-04
-6.050000000000006928e+00 4.896065629189126156e-04
-5.950000000000007283e+00 4.708841223514280611e-04
-5.850000000000007638e+00 5.036557643841197904e-04
-5.750000000000007994e+00 6.524917958560301099e-04
-5.650000000000008349e+00 5.139457356566426178e-04
-5.550000000000008704e+00 4.858620748054158132e-04
-5.450000000000009059e+00 5.691769353307228260e-04
-5.350000000000009415e+00 6.487473077425329280e-04
-5.250000000000009770e+00 7.189564598706005630e-04
-5.150000000000010125e+00 9.043086214886993058e-04
-5.050000000000010481e+00 8.312911032755089741e-04
-4.950000000000010836e+00 9.473702347939148925e-04
-4.850000000000011191e+00 1.201059304483333059e-03
-4.750000000000011546e+00 1.442578787803886712e-03
-4.650000000000011902e+00 1.523144250560819202e-03
-4.550000000000012257e+00 1.352784783475894509e-03
-4.450000000000012612e+00 1.496962317924713801e-03
-4.350000000000012967e+00 1.548449029485296502e-03
-4.250000000000013323e+00 1.977192918480698627e-03
-4.150000000000013678e+00 2.200115268906856734e-03
-4.050000000000014033e+00 2.299476882627209118e-03
-3.950000000000014388e+00 2.848014907096139796e-03
-3.850000000000014744e+00 3.005357118258947073e-03
-3.750000000000015099e+00 3.113136459195073313e-03
-3.650000000000015454e+00 3.416815919407595326e-03
-3.550000000000015810e+00 3.147131693800285512e-03
-3.450000000000016165e+00 3.625600615893424892e-03
-3.350000000000016520e+00 4.395033954900300771e-03
-3.250000000000016875e+00 4.509395634193422847e-03
-3.150000000000017231e+00 4.789708898894556172e-03
-3.050000000000017586e+00 5.304310657075018108e-03
-2.950000000000017941e+00 5.864716055289475108e-03
-2.850000000000018296e+00 6.193228547892493802e-03
-2.750000000000018652e+00 7.128635585426153221e-03
-2.650000000000019007e+00 8.488769295376768359e-03
-2.550000000000019362e+00 8.890129772282307635e-03
-2.450000000000019718e+00 1.064089909652991828e-02
-2.350000000000020073e+00 1.178509083054941377e-02
-2.250000000000020428e+00 1.314419259495692646e-02
-2.150000000000020783e+00 1.550142157279920350e-02
-2.050000000000021139e+00 1.775605305053957333e-02
-1.950000000000021272e+00 1.969011801635874026e-02
-1.850000000000021627e+00 2.188557478824250391e-02
-1.750000000000021982e+00 2.457887894531073786e-02
-1.650000000000022338e+00 2.733180007061114178e-02
-1.550000000000022693e+00 3.109006465710829545e-02
-1.450000000000023048e+00 3.499130529860049188e-02
-1.350000000000023404e+00 4.183916324383098878e-02
-1.250000000000023759e+00 4.991705605018689762e-02
-1.150000000000024114e+00 5.933328640241547491e-02
-1.050000000000024469e+00 7.293328197271566060e-02
-9.500000000000248246e-01 8.656181083728228809e-02
-8.500000000000251799e-01 1.057057864170403566e-01
-7.500000000000255351e-01 1.280210412163071132e-01
-6.500000000000258904e-01 1.657668155585242387e-01
-5.500000000000262457e-01 2.177553180104749575e-01
-4.500000000000266565e-01 2.792170436927894350e-01
-3.500000000000270117e-01 3.830696549325103284e-01
-2.500000000000273670e-01 5.579082079368173908e-01
-1.500000000000277223e-01 8.415763865668535182e-01
-5.000000000002806366e-02 1.288514301043360621e+00
4.999999999997158107e-02 1.279972283357958762e+00
1.499999999999712119e-01 8.563172274191976907e-01
2.499999999999708566e-01 6.045630113968332164e-01
3.499999999999705014e-01 4.384540469224630366e-01
4.499999999999701461e-01 3.329366495353516253e-01
5.499999999999698463e-01 2.614438456041561221e-01
6.499999999999694911e-01 2.091673271511304000e-01
7.499999999999691358e-01 1.708131324587873201e-01
8.499999999999687805e-01 1.447202640940900564e-01
9.499999999999684253e-01 1.188502369983835405e-01
1.049999999999968070e+00 1.024567574718997509e-01
1.149999999999967715e+00 8.512598392174627882e-02
1.249999999999967359e+00 7.566374354037488925e-02
1.349999999999967004e+00 6.614613928061668924e-02
1.449999999999966649e+00 5.633490965865152467e-02
1.549999999999966294e+00 4.959799323034256441e-02
1.649999999999965938e+00 4.429231893094293104e-02
1.749999999999965583e+00 4.047574942126125341e-02
1.849999999999965228e+00 3.865687169116980432e-02
1.949999999999964873e+00 3.338257590731965457e-02
2.049999999999964295e+00 2.973900469689729972e-02
2.149999999999963940e+00 2.742048104796053487e-02
2.249999999999963585e+00 2.636003169476278801e-02
2.349999999999963229e+00 2.394091546849350105e-02
2.449999999999962874e+00 2.067283238600347434e-02
2.549999999999962519e+00 1.782180272371356594e-02
2.649999999999962164e+00 1.672055466636578058e-02
2.749999999999961808e+00 1.562832876148043115e-02
2.849999999999961453e+00 1.437855425632366888e-02
2.949999999999961098e+00 1.353241050826723899e-02
3.049999999999960743e+00 1.248983592608373348e-02
3.149999999999960387e+00 1.137004970415831512e-02
3.249999999999960032e+00 1.125259218823593602e-02
3.349999999999959677e+00 9.743865691120011038e-03
3.449999999999959321e+00 8.603492155609963193e-03
3.549999999999958966e+00 8.331412342134757870e-03
3.649999999999958611e+00 7.796761356259985197e-03
3.749999999999958256e+00 7.601694164457660149e-03
3.849999999999957900e+00 6.941403808711719622e-03
3.949999999999957545e+00 6.035901078808870654e-03
4.049999999999957190e+00 5.394598521055774497e-03
4.149999999999956835e+00 5.077127845763818211e-03
4.249999999999956479e+00 5.569395353975985230e-03
4.349999999999956124e+00 5.216469978239304285e-03
4.449999999999955769e+00 4.756789836069990132e-03
4.549999999999955413e+00 4.318677355751253909e-03
4.649999999999955058e+00 3.742040928351912567e-03
4.749999999999954703e+00 3.772041059497448917e-03
4.849999999999954348e+00 3.463091305975575778e-03
4.949999999999953992e+00 3.385282612026610689e-03
5.049999999999953637e+00 3.259879115422429675e-03
5.149999999999953282e+00 2.845353961802885717e-03
5.249999999999952927e+00 2.649313792774214693e-03
5.349999999999952571e+00 2.783171871792135960e-03
5.449999999999952216e+00 2.109156640323091910e-03
5.549999999999951861e+00 2.090412086636826879e-03
5.649999999999951505e+00 1.832049777845129977e-03
5.749999999999951150e+00 2.002431358048835635e-03
5.849999999999950795e+00 1.909711051002224713e-03
5.949999999999950440e+00 1.481881170916416867e-03
6.049999999999950084e+00 1.470647706575926514e-03
6.149999999999949729e+00 1.377035503738502495e-03
6.249999999999949374e+00 1.373291015625005204e-03
6.349999999999949019e+00 1.471583828604300457e-03
6.449999999999948663e+00 1.279678812787582052e-03
6.549999999999948308e+00 1.092454407112734231e-03
6.649999999999947953e+00 9.220801979486232397e-04
6.749999999999947597e+00 1.049392793807519837e-03
6.849999999999947242e+00 1.158919071127305876e-03
6.949999999999946887e+00 1.163599681269177760e-03
7.049999999999946532e+00 7.264306940184075446e-04
7.149999999999946176e+00 6.889858128834381104e-04
7.249999999999945821e+00 7.114527415644195758e-04
7.349999999999945466e+00 8.265957510544509005e-04
7.449999999999945111e+00 7.526421108128864088e-04
7.549999999999944755e+00 5.663538271664131808e-04
7.649999999999944400e+00 5.495036306556767836e-04
7.749999999999944045e+00 5.485675086273027320e-04
7.849999999999943689e+00 4.811667225843575769e-04
7.949999999999943334e+00 4.783583564992348802e-04
