-7.950000000000000178e+00 0.000000000000000000e+00
-7.850000000000000533e+00 0.000000000000000000e+00
-7.750000000000000888e+00 0.000000000000000000e+00
-7.650000000000001243e+00 0.000000000000000000e+00
-7.550000000000001599e+00 0.000000000000000000e+00
-7.450000000000001954e+00 0.000000000000000000e+00
-7.350000000000002309e+00 0.000000000000000000e+00
-7.250000000000002665e+00 0.000000000000000000e+00
-7.150000000000003020e+00 0.000000000000000000e+00
-7.050000000000003375e+00 0.000000000000000000e+00
-6.950000000000003730e+00 0.000000000000000000e+00
-6.850000000000004086e+00 0.000000000000000000e+00
-6.750000000000004441e+00 0.000000000000000000e+00
-6.650000000000004796e+00 0.000000000000000000e+00
-6.550000000000005151e+00 1.871526446914533429e-06
-6.450000000000005507e+00 0.000000000000000000e+00
-6.350000000000005862e+00 2.807289670371800249e-06
-6.250000000000006217e+00 1.871526446914533429e-06
-6.150000000000006573e+00 2.807289670371800249e-06
-6.050000000000006928e+00 4.678816117286333466e-06
-5.950000000000007283e+00 2.807289670371800249e-06
-5.850000000000007638e+00 3.743052893829066858e-06
-5.750000000000007994e+00 7.486105787658133715e-06
-5.650000000000008349e+00 1.029339545802993396e-05
-5.550000000000008704e+00 1.122915868148720269e-05
-5.450000000000009059e+00 9.357632234572666933e-06
-5.350000000000009415e+00 1.590797479877353616e-05
-5.250000000000009770e+00 2.245831736297440199e-05
-5.150000000000010125e+00 2.900865992717526783e-05
-5.050000000000010481e+00 2.526560703334619970e-05
-4.950000000000010836e+00 3.649476571483339731e-05
-4.850000000000011191e+00 5.427426696052146753e-05
-4.750000000000011546e+00 6.363189919509414463e-05
-4.650000000000011902e+00 6.924647853583774004e-05
-4.550000000000012257e+00 7.486105787658133546e-05
-4.450000000000012612e+00 1.029339545802993396e-04
-4.350000000000012967e+00 1.188419293790728826e-04
-4.250000000000013323e+00 1.600155112111926320e-04
-4.150000000000013678e+00 2.414269116519748197e-04
-4.050000000000014033e+00 3.293886546569579411e-04
-3.950000000000014388e+00 3.658834203717913113e-04
-3.850000000000014744e+00 5.006333245496378181e-04
-3.750000000000015099e+00 6.335117022805696486e-04
-3.650000000000015454e+00 8.431226643349973553e-04
-3.550000000000015810e+00 1.159410633863552833e-03
-3.450000000000016165e+00 1.482248945956309190e-03
-3.350000000000016520e+00 1.964167006036801003e-03
-3.250000000000016875e+00 2.543404441356850350e-03
-3.150000000000017231e+00 3.317280627156012594e-03
-3.050000000000017586e+00 4.399022913472609014e-03
-2.950000000000017941e+00 5.637973421330020468e-03
-2.850000000000018296e+00 7.316732644212343463e-03
-2.750000000000018652e+00 9.547592168934488505e-03
-2.650000000000019007e+00 1.219112327520130261e-02
-2.550000000000019362e+00 1.577509642104268223e-02
-2.450000000000019718e+00 1.991865597451153089e-02
-2.350000000000020073e+00 2.536573369825637081e-02
-2.250000000000020428e+00 3.186180199549674963e-02
-2.150000000000020783e+00 3.943586952615946856e-02
-2.050000000000021139e+00 4.794008570093873101e-02
-1.950000000000021272e+00 5.858719965743516833e-02
-1.850000000000021627e+00 7.062485776398892690e-02
-1.750000000000021982e+00 8.390708095774085384e-02
-1.650000000000022338e+00 1.001987186781315153e-01
-1.550000000000022693e+00 1.177002982464525754e-01
-1.450000000000023048e+00 1.371735309265977310e-01
-1.350000000000023404e+00 1.580981323663248339e-01
-1.250000000000023759e+00 1.798630491807166609e-01
-1.150000000000024114e+00 2.047000766577191655e-01
-1.050000000000024469e+00 2.286509363621079260e-01
-9.500000000000248246e-01 2.523921851044423903e-01
-8.500000000000251799e-01 2.757216980284545871e-01
-7.500000000000255351e-01 3.020091585018149227e-01
-6.500000000000258904e-01 3.239715213563557628e-01
-5.500000000000262457e-01 3.438995349631006615e-01
-4.500000000000266565e-01 3.614834616950852175e-01
-3.500000000000270117e-01 3.769946728871120811e-01
-2.500000000000273670e-01 3.889219109332977542e-01
-1.500000000000277223e-01 3.967804504838914337e-01
-5.000000000002806366e-02 4.016258324549529801e-01
4.999999999997158107e-02 4.015650078454283123e-01
1.499999999999712119e-01 3.972586254910780990e-01
2.499999999999708566e-01 3.903143266098020314e-01
3.499999999999705014e-01 3.770685981817649690e-01
4.499999999999701461e-01 3.622470444854264393e-01
5.499999999999698463e-01 3.439453873610500700e-01
6.499999999999694911e-01 3.229487321531170352e-01
7.499999999999691358e-01 3.010209925378440898e-01
8.499999999999687805e-01 2.773705128281861998e-01
9.499999999999684253e-01 2.534870280758875216e-01
1.049999999999968070e+00 2.287697782914870637e-01
1.149999999999967715e+00 2.050968402644649802e-01
1.249999999999967359e+00 1.810280743939209902e-01
1.349999999999967004e+00 1.582207173485977170e-01
1.449999999999966649e+00 1.373410325435965584e-01
1.549999999999966294e+00 1.177545725134131194e-01
1.649999999999965938e+00 1.001416371215005652e-01
1.749999999999965583e+00 8.429542269547563027e-02
1.849999999999965228e+00 7.058649147182718964e-02
1.949999999999964873e+00 5.906724619106872021e-02
2.049999999999964295e+00 4.791107704101155162e-02
2.149999999999963940e+00 3.929269775297051376e-02
2.249999999999963585e+00 3.147065296809162943e-02
2.349999999999963229e+00 2.503260199070557468e-02
2.449999999999962874e+00 1.988590426169052280e-02
2.549999999999962519e+00 1.594072651159462312e-02
2.649999999999962164e+00 1.244752239842859994e-02
2.749999999999961808e+00 9.739423629743230310e-03
2.849999999999961453e+00 7.386914885971640303e-03
2.949999999999961098e+00 5.934610363165970272e-03
3.049999999999960743e+00 4.319483039478743021e-03
3.149999999999960387e+00 3.334124365178242622e-03
3.249999999999960032e+00 2.514395781429675306e-03
3.349999999999959677e+00 1.958552426696057516e-03
3.449999999999959321e+00 1.504707263319283788e-03
3.549999999999958966e+00 1.095778734668459041e-03
3.649999999999958611e+00 8.515445333461128027e-04
3.749999999999958256e+00 6.335117022805697570e-04
3.849999999999957900e+00 4.922114555385223708e-04
3.949999999999957545e+00 4.323226092372572807e-04
4.049999999999957190e+00 3.013157579532399098e-04
4.149999999999956835e+00 2.245831736297440335e-04
4.249999999999956479e+00 1.890241711383678930e-04
4.349999999999956124e+00 1.347499041778463984e-04
4.449999999999955769e+00 8.515445333461126943e-05
4.549999999999955413e+00 8.609021655806853985e-05
4.649999999999955058e+00 6.924647853583774004e-05
4.749999999999954703e+00 5.427426696052147431e-05
4.849999999999954348e+00 4.398087150249153357e-05
4.949999999999953992e+00 4.210934505557700628e-05
5.049999999999953637e+00 2.807289670371800080e-05
5.149999999999953282e+00 3.743052893829067451e-05
5.249999999999952927e+00 2.152255413951713496e-05
5.349999999999952571e+00 9.357632234572666933e-06
5.449999999999952216e+00 1.029339545802993396e-05
5.549999999999951861e+00 6.550342564200867530e-06
5.649999999999951505e+00 1.216492190494446803e-05
5.749999999999951150e+00 4.678816117286333466e-06
5.849999999999950795e+00 6.550342564200866683e-06
5.949999999999950440e+00 1.871526446914533429e-06
6.049999999999950084e+00 2.807289670371800249e-06
6.149999999999949729e+00 2.807289670371800249e-06
6.249999999999949374e+00 4.678816117286333466e-06
6.349999999999949019e+00 2.807289670371800249e-06
6.449999999999948663e+00 9.357632234572667144e-07
6.549999999999948308e+00 3.743052893829066858e-06
6.649999999999947953e+00 0.000000000000000000e+00
6.749999999999947597e+00 0.000000000000000000e+00
6.849999999999947242e+00 0.000000000000000000e+00
6.949999999999946887e+00 0.000000000000000000e+00
7.049999999999946532e+00 0.000000000000000000e+00
7.149999999999946176e+00 0.000000000000000000e+00
7.249999999999945821e+00 0.000000000000000000e+00
7.349999999999945466e+00 0.000000000000000000e+00
7.449999999999945111e+00 0.000000000000000000e+00
7.549999999999944755e+00 0.000000000000000000e+00
7.649999999999944400e+00 0.000000000000000000e+00
7.749999999999944045e+00 0.000000000000000000e+00
7.849999999999943689e+00 0.000000000000000000e+00
7.949999999999943334e+00 0.000000000000000000e+00
