-7.950000000000000178e+00 1.656935990222398658e-04
-7.850000000000000533e+00 2.031384801572093000e-04
-7.750000000000000888e+00 2.340305070935590724e-04
-7.650000000000001243e+00 2.256054088381909822e-04
-7.550000000000001599e+00 2.227970427530682584e-04
-7.450000000000001954e+00 2.939423169095101889e-04
-7.350000000000002309e+00 2.901978287960132780e-04
-7.250000000000002665e+00 3.192176116756145678e-04
-7.150000000000003020e+00 3.463651504984674835e-04
-7.050000000000003375e+00 3.753849333780688276e-04
-6.950000000000003730e+00 3.969157400306762415e-04
-6.850000000000004086e+00 4.343606211656457299e-04
-6.750000000000004441e+00 4.427857194210138201e-04
-6.650000000000004796e+00 4.867834547546030246e-04
-6.550000000000005151e+00 5.214199698044498163e-04
-6.450000000000005507e+00 5.598009729677934105e-04
-6.350000000000005862e+00 6.365629792944809242e-04
-6.250000000000006217e+00 6.609021520322110347e-04
-6.150000000000006573e+00 7.311113041602788866e-04
-6.050000000000006928e+00 8.228512629409540438e-04
-5.950000000000007283e+00 8.397014594516904410e-04
-5.850000000000007638e+00 8.322124832246965108e-04
-5.750000000000007994e+00 9.436110046012306535e-04
-5.650000000000008349e+00 9.894883550311617607e-04
-5.550000000000008704e+00 1.098093252401760155e-03
-5.450000000000009059e+00 1.160813428302833860e-03
-5.350000000000009415e+00 1.276914672940019334e-03
-5.250000000000009770e+00 1.389212461146959940e-03
-5.150000000000010125e+00 1.541822464890740905e-03
-5.050000000000010481e+00 1.604557382871001775e-03
-4.950000000000010836e+00 1.730948598780710510e-03
-4.850000000000011191e+00 1.864799306759039495e-03
-4.750000000000011546e+00 2.078249871307552912e-03
-4.650000000000011902e+00 2.132581804151226224e-03
-4.550000000000012257e+00 2.309523609593144150e-03
-4.450000000000012612e+00 2.545441102822640009e-03
-4.350000000000012967e+00 2.809449627942956201e-03
-4.250000000000013323e+00 2.869331953600533745e-03
-4.150000000000013678e+00 3.175458598958097456e-03
-4.050000000000014033e+00 3.444243557735000589e-03
-3.950000000000014388e+00 3.852363277947795997e-03
-3.850000000000014744e+00 4.142597961941777568e-03
-3.750000000000015099e+00 4.533123010644892967e-03
-3.650000000000015454e+00 4.908589025458492613e-03
-3.550000000000015810e+00 5.515144502567846316e-03
-3.450000000000016165e+00 6.061935590653117628e-03
-3.350000000000016520e+00 6.612434311653920052e-03
-3.250000000000016875e+00 7.317437393574029690e-03
-3.150000000000017231e+00 8.099254079097974873e-03
-3.050000000000017586e+00 8.884741542339475232e-03
-2.950000000000017941e+00 9.831396786292800893e-03
-2.850000000000018296e+00 1.089791987611558877e-02
-2.750000000000018652e+00 1.213845109762208205e-02
-2.650000000000019007e+00 1.360010613589391487e-02
-2.550000000000019362e+00 1.501571428982517199e-02
-2.450000000000019718e+00 1.646411619890793612e-02
-2.350000000000020073e+00 1.849584743934096220e-02
-2.250000000000020428e+00 2.096776242221850411e-02
-2.150000000000020783e+00 2.374298831332890061e-02
-2.050000000000021139e+00 2.711573278700701167e-02
-1.950000000000021272e+00 3.087769763538016077e-02
-1.850000000000021627e+00 3.491174966826795373e-02
-1.750000000000021982e+00 4.003434945728387429e-02
-1.650000000000022338e+00 4.550840778515739815e-02
-1.550000000000022693e+00 5.249361768217308821e-02
-1.450000000000023048e+00 6.066502686785169018e-02
-1.350000000000023404e+00 7.102144806231040775e-02
-1.250000000000023759e+00 8.284646044329846415e-02
-1.150000000000024114e+00 9.788624117739662400e-02
-1.050000000000024469e+00 1.156878914788616042e-01
-9.500000000000248246e-01 1.372453591816795715e-01
-8.500000000000251799e-01 1.652570565733567920e-01
-7.500000000000255351e-01 1.995841796073068719e-01
-6.500000000000258904e-01 2.425437850955872721e-01
-5.500000000000262457e-01 2.987982693412338242e-01
-4.500000000000266565e-01 3.678768956426891612e-01
-3.500000000000270117e-01 4.624223531740866422e-01
-2.500000000000273670e-01 5.832524366652012127e-01
-1.500000000000277223e-01 7.363001327400424678e-01
-5.000000000002806366e-02 9.218608726655215246e-01
4.999999999997158107e-02 9.182434539035762011e-01
1.499999999999712119e-01 7.331747161288841852e-01
2.499999999999708566e-01 5.760263264521905402e-01
3.499999999999705014e-01 4.567168515740168688e-01
4.499999999999701461e-01 3.651641466831733185e-01
5.499999999999698463e-01 2.946325484280872820e-01
6.499999999999694911e-01 2.397694953265053219e-01
7.499999999999691358e-01 1.976568149164781851e-01
8.499999999999687805e-01 1.631240841041070588e-01
9.499999999999684253e-01 1.358111981210913810e-01
1.049999999999968070e+00 1.139780682795558525e-01
1.149999999999967715e+00 9.676859255695327566e-02
1.249999999999967359e+00 8.205231937957414845e-02
1.349999999999967004e+00 7.129873920077821337e-02
1.449999999999966649e+00 6.075787985361098820e-02
1.549999999999966294e+00 5.216091843908098741e-02
1.649999999999965938e+00 4.502774966430498488e-02
1.749999999999965583e+00 3.929747400016149472e-02
1.849999999999965228e+00 3.441046737863295846e-02
1.949999999999964873e+00 3.052519977993990025e-02
2.049999999999964295e+00 2.669525920443551262e-02
2.149999999999963940e+00 2.365035645875740444e-02
2.249999999999963585e+00 2.097649710413681048e-02
2.349999999999963229e+00 1.855031205089732044e-02
2.449999999999962874e+00 1.681718899543649046e-02
2.549999999999962519e+00 1.515249867156171978e-02
2.649999999999962164e+00 1.351010574245730712e-02
2.749999999999961808e+00 1.201183875052456995e-02
2.849999999999961453e+00 1.104663059991440807e-02
2.949999999999961098e+00 9.752607744077903401e-03
3.049999999999960743e+00 8.778008889025626024e-03
3.149999999999960387e+00 7.925909340977685402e-03
3.249999999999960032e+00 7.175028908627650512e-03
3.349999999999959677e+00 6.686417436053859742e-03
3.449999999999959321e+00 5.890610517381445095e-03
3.549999999999958966e+00 5.557262622805093401e-03
3.649999999999958611e+00 5.073221194779270124e-03
3.749999999999958256e+00 4.600531167727432355e-03
3.849999999999957900e+00 4.201713699481631620e-03
3.949999999999957545e+00 3.877734396228615758e-03
4.049999999999957190e+00 3.693274130401329354e-03
4.149999999999956835e+00 3.375000011793681011e-03
4.249999999999956479e+00 3.107217514401493415e-03
4.349999999999956124e+00 2.771127593096360184e-03
4.449999999999955769e+00 2.571696745854679285e-03
4.549999999999955413e+00 2.274039424990044727e-03
4.649999999999955058e+00 2.213080927551817120e-03
4.749999999999954703e+00 2.142893888542529365e-03
4.849999999999954348e+00 1.893878057955388633e-03
4.949999999999953992e+00 1.699083594618019206e-03
5.049999999999953637e+00 1.622336330370518533e-03
5.149999999999953282e+00 1.421062723230464512e-03
5.249999999999952927e+00 1.322777281290763276e-03
5.349999999999952571e+00 1.187975709204873616e-03
5.449999999999952216e+00 1.184209107972596228e-03
5.549999999999951861e+00 1.140196630559820075e-03
5.649999999999951505e+00 9.819920077645742477e-04
5.749999999999951150e+00 9.192718318635004346e-04
5.849999999999950795e+00 8.649767542177947115e-04
5.949999999999950440e+00 8.462543136503099944e-04
6.049999999999950084e+00 7.535782328412606772e-04
6.149999999999949729e+00 6.992905262351483200e-04
6.249999999999949374e+00 6.337546132093582274e-04
6.349999999999949019e+00 5.841401457055235211e-04
6.449999999999948663e+00 5.148744866454236287e-04
6.549999999999948308e+00 5.495036306556768920e-04
6.649999999999947953e+00 5.055058953220877959e-04
6.749999999999947597e+00 4.540191837615046612e-04
6.849999999999947242e+00 4.118936924846639935e-04
6.949999999999946887e+00 3.678959571510749516e-04
7.049999999999946532e+00 3.341955641296024283e-04
7.149999999999946176e+00 3.257704658742342297e-04
7.249999999999945821e+00 2.976868050230072082e-04
7.349999999999945466e+00 2.817727305406451336e-04
7.449999999999945111e+00 2.368388731786818233e-04
7.549999999999944755e+00 2.396472392638045201e-04
7.649999999999944400e+00 2.302860189800621615e-04
7.749999999999944045e+00 1.909688937883442447e-04
7.849999999999943689e+00 1.834799175613503416e-04
7.949999999999943334e+00 1.675658430789883212e-04
