-7.950000000000000178e+00 0.000000000000000000e+00
-7.850000000000000533e+00 0.000000000000000000e+00
-7.750000000000000888e+00 1.872244056748473025e-06
-7.650000000000001243e+00 1.872244056748473025e-06
-7.550000000000001599e+00 1.872244056748473025e-06
-7.450000000000001954e+00 0.000000000000000000e+00
-7.350000000000002309e+00 1.872244056748473025e-06
-7.250000000000002665e+00 0.000000000000000000e+00
-7.150000000000003020e+00 1.872244056748473025e-06
-7.050000000000003375e+00 0.000000000000000000e+00
-6.950000000000003730e+00 0.000000000000000000e+00
-6.850000000000004086e+00 0.000000000000000000e+00
-6.750000000000004441e+00 1.872244056748473025e-06
-6.650000000000004796e+00 0.000000000000000000e+00
-6.550000000000005151e+00 2.808366085122709431e-06
-6.450000000000005507e+00 6.552854198619655058e-06
-6.350000000000005862e+00 6.552854198619655058e-06
-6.250000000000006217e+00 9.361220283742365336e-06
-6.150000000000006573e+00 1.029734231211660153e-05
-6.050000000000006928e+00 1.591407448236202039e-05
-5.950000000000007283e+00 1.591407448236202039e-05
-5.850000000000007638e+00 2.433917273773014784e-05
-5.750000000000007994e+00 3.650875910659522007e-05
-5.650000000000008349e+00 3.370039302147250979e-05
-5.550000000000008704e+00 5.242283358895724724e-05
-5.450000000000009059e+00 6.740078604294501958e-05
-5.350000000000009415e+00 7.208139618481619886e-05
-5.250000000000009770e+00 8.612322661042976380e-05
-5.150000000000010125e+00 1.188874976035280188e-04
-5.050000000000010481e+00 1.207597416602765013e-04
-4.950000000000010836e+00 1.385460601993870043e-04
-4.850000000000011191e+00 1.582046227952459627e-04
-4.750000000000011546e+00 1.947133819018411556e-04
-4.650000000000011902e+00 2.536890696894180579e-04
-4.550000000000012257e+00 3.210898557323631046e-04
-4.450000000000012612e+00 3.678959571510748974e-04
-4.350000000000012967e+00 4.905279428680999355e-04
-4.250000000000013323e+00 5.972458541027630616e-04
-4.150000000000013678e+00 6.655827621740823766e-04
-4.050000000000014033e+00 8.434459475651872977e-04
-3.950000000000014388e+00 1.010075668615801432e-03
-3.850000000000014744e+00 1.244106175709360287e-03
-3.750000000000015099e+00 1.494986879313655323e-03
-3.650000000000015454e+00 1.905008327741570780e-03
-3.550000000000015810e+00 2.322518752396481034e-03
-3.450000000000016165e+00 2.857044430598172993e-03
-3.350000000000016520e+00 3.494543531921030788e-03
-3.250000000000016875e+00 4.191018321031466515e-03
-3.150000000000017231e+00 5.121523617235461748e-03
-3.050000000000017586e+00 6.265464735908784534e-03
-2.950000000000017941e+00 7.443106247603576212e-03
-2.850000000000018296e+00 9.216121369344356176e-03
-2.750000000000018652e+00 1.117823314081671515e-02
-2.650000000000019007e+00 1.366457324817864014e-02
-2.550000000000019362e+00 1.626231187691713417e-02
-2.450000000000019718e+00 2.010883729150696186e-02
-2.350000000000020073e+00 2.470051584068266859e-02
-2.250000000000020428e+00 3.014968216784916916e-02
-2.150000000000020783e+00 3.658271274683669999e-02
-2.050000000000021139e+00 4.320109548744231753e-02
-1.950000000000021272e+00 5.239755829419057154e-02
-1.850000000000021627e+00 6.331180502300570723e-02
-1.750000000000021982e+00 7.594945240605829873e-02
-1.650000000000022338e+00 9.030207534509229750e-02
-1.550000000000022693e+00 1.057789808402035681e-01
-1.450000000000023048e+00 1.247429408910089577e-01
-1.350000000000023404e+00 1.454808521855848469e-01
-1.250000000000023759e+00 1.675677153230478167e-01
-1.150000000000024114e+00 1.915446088357978527e-01
-1.050000000000024469e+00 2.172383501485858903e-01
-9.500000000000248246e-01 2.438719579778613478e-01
-8.500000000000251799e-01 2.709539682587271958e-01
-7.500000000000255351e-01 2.993428048912040174e-01
-6.500000000000258904e-01 3.277466194761352036e-01
-5.500000000000262457e-01 3.531417378618718073e-01
-4.500000000000266565e-01 3.738216095906876646e-01
-3.500000000000270117e-01 3.951539583732801564e-01
-2.500000000000273670e-01 4.099718339604161432e-01
-1.500000000000277223e-01 4.191383408622569862e-01
-5.000000000002806366e-02 4.258119548025370849e-01
4.999999999997158107e-02 4.253289158358961042e-01
1.499999999999712119e-01 4.189370746261565359e-01
2.499999999999708566e-01 4.081042705138095417e-01
3.499999999999705014e-01 3.944237831911482361e-01
4.499999999999701461e-01 3.752754071007528003e-01
5.499999999999698463e-01 3.521185564848588467e-01
6.499999999999694911e-01 3.262394630104528126e-01
7.499999999999691358e-01 2.992585539086504154e-01
8.499999999999687805e-01 2.733991189968407176e-01
9.499999999999684253e-01 2.453894117858558821e-01
1.049999999999968070e+00 2.177747480708442651e-01
1.149999999999967715e+00 1.919218660132327448e-01
1.249999999999967359e+00 1.666662298097234263e-01
1.349999999999967004e+00 1.450820642014973849e-01
1.449999999999966649e+00 1.242121597009206990e-01
1.549999999999966294e+00 1.057171967863309164e-01
1.649999999999965938e+00 8.956815567484686935e-02
1.749999999999965583e+00 7.503205281825153783e-02
1.849999999999965228e+00 6.393432617187461142e-02
1.949999999999964873e+00 5.281600484087387720e-02
2.049999999999964295e+00 4.369255955233877081e-02
2.149999999999963940e+00 3.656773479438273078e-02
2.249999999999963585e+00 2.990067370830162830e-02
2.349999999999963229e+00 2.468272952214357191e-02
2.449999999999962874e+00 2.022491642302537071e-02
2.549999999999962519e+00 1.654876521759965358e-02
2.649999999999962164e+00 1.396787678537188965e-02
2.749999999999961808e+00 1.139541345139953241e-02
2.849999999999961453e+00 9.251694006422575556e-03
2.949999999999961098e+00 7.436553393404957309e-03
3.049999999999960743e+00 6.097898892829795373e-03
3.149999999999960387e+00 5.156160132285309353e-03
3.249999999999960032e+00 4.290247256039134843e-03
3.349999999999959677e+00 3.408420305310600265e-03
3.449999999999959321e+00 2.830833013803693912e-03
3.549999999999958966e+00 2.414258711177156951e-03
3.649999999999958611e+00 1.993939920437123349e-03
3.749999999999958256e+00 1.554898689129606331e-03
3.849999999999957900e+00 1.271253714532212878e-03
3.949999999999957545e+00 1.017564644842795362e-03
4.049999999999957190e+00 8.134900426572116853e-04
4.149999999999956835e+00 6.880496908550639504e-04
4.249999999999956479e+00 5.654177051380389124e-04
4.349999999999956124e+00 4.540191837615047696e-04
4.449999999999955769e+00 3.819377875766884894e-04
4.549999999999955413e+00 3.398122962998478217e-04
4.649999999999955058e+00 2.424556053489272168e-04
4.749999999999954703e+00 1.872244056748472796e-04
4.849999999999954348e+00 1.582046227952459356e-04
4.949999999999953992e+00 1.469711584547551486e-04
5.049999999999953637e+00 1.357376941142643075e-04
5.149999999999953282e+00 1.104623993481599015e-04
5.249999999999952927e+00 8.612322661042976380e-05
5.349999999999952571e+00 5.803956575920266102e-05
5.449999999999952216e+00 5.429507764570571624e-05
5.549999999999951861e+00 5.991180981595113679e-05
5.649999999999951505e+00 5.616732170245419202e-05
5.749999999999951150e+00 3.276427099309828206e-05
5.849999999999950795e+00 2.340305070935590995e-05
5.949999999999950440e+00 1.497795245398778250e-05
6.049999999999950084e+00 2.246692868098167545e-05
6.149999999999949729e+00 1.029734231211660153e-05
6.249999999999949374e+00 1.872244056748473067e-05
6.349999999999949019e+00 9.361220283742363642e-06
6.449999999999948663e+00 5.616732170245418863e-06
6.549999999999948308e+00 1.872244056748473025e-06
6.649999999999947953e+00 9.361220283742365124e-07
6.749999999999947597e+00 0.000000000000000000e+00
6.849999999999947242e+00 9.361220283742365124e-07
6.949999999999946887e+00 9.361220283742365124e-07
7.049999999999946532e+00 9.361220283742365124e-07
7.149999999999946176e+00 9.361220283742365124e-07
7.249999999999945821e+00 1.872244056748473025e-06
7.349999999999945466e+00 0.000000000000000000e+00
7.449999999999945111e+00 1.872244056748473025e-06
7.549999999999944755e+00 1.872244056748473025e-06
7.649999999999944400e+00 1.872244056748473025e-06
7.749999999999944045e+00 1.872244056748473025e-06
7.849999999999943689e+00 0.000000000000000000e+00
7.949999999999943334e+00 0.000000000000000000e+00
