-7.950000000000000178e+00 1.366738161426384675e-04
-7.850000000000000533e+00 1.432266703412582649e-04
-7.750000000000000888e+00 1.057817892062887358e-04
-7.650000000000001243e+00 1.525878906250006505e-04
-7.550000000000001599e+00 8.144261646855859807e-05
-7.450000000000001954e+00 1.254403518021476535e-04
-7.350000000000002309e+00 1.039095451495402803e-04
-7.250000000000002665e+00 1.020373010927917842e-04
-7.150000000000003020e+00 1.207597416602765284e-04
-7.050000000000003375e+00 1.263764738305219490e-04
-6.950000000000003730e+00 1.142068874616568530e-04
-6.850000000000004086e+00 1.366738161426385217e-04
-6.750000000000004441e+00 1.113985213765341292e-04
-6.650000000000004796e+00 1.432266703412581564e-04
-6.550000000000005151e+00 1.104623993481599015e-04
-6.450000000000005507e+00 1.029734231211659984e-04
-6.350000000000005862e+00 1.076540332630371912e-04
-6.250000000000006217e+00 1.011011790644175158e-04
-6.150000000000006573e+00 1.263764738305219219e-04
-6.050000000000006928e+00 2.415194833205529213e-04
-5.950000000000007283e+00 2.564974357745407546e-04
-5.850000000000007638e+00 2.068829682707063193e-04
-5.750000000000007994e+00 2.593058018596635056e-04
-5.650000000000008349e+00 2.340305070935591266e-04
-5.550000000000008704e+00 1.890966497315957893e-04
-5.450000000000009059e+00 2.218609207246940713e-04
-5.350000000000009415e+00 3.220259777607373730e-04
-5.250000000000009770e+00 3.803014167869318883e-04
-5.150000000000010125e+00 5.049456963129817996e-04
-5.050000000000010481e+00 5.012012081994850514e-04
-4.950000000000010836e+00 4.543066543056511336e-04
-4.850000000000011191e+00 6.040493236475619329e-04
-4.750000000000011546e+00 7.574185444694731331e-04
-4.650000000000011902e+00 7.892909196717584532e-04
-4.550000000000012257e+00 8.005243840122488064e-04
-4.450000000000012612e+00 9.503186506313137088e-04
-4.350000000000012967e+00 1.197432753003332224e-03
-4.250000000000013323e+00 1.172150087197633937e-03
-4.150000000000013678e+00 1.733137797539982018e-03
-4.050000000000014033e+00 1.454210288282425760e-03
-3.950000000000014388e+00 1.789268264044468690e-03
-3.850000000000014744e+00 2.064517624544869034e-03
-3.750000000000015099e+00 2.278019786370533845e-03
-3.650000000000015454e+00 2.735827684483098377e-03
-3.550000000000015810e+00 2.558878508001588385e-03
-3.450000000000016165e+00 2.929597573316973687e-03
-3.350000000000016520e+00 3.289068432212677567e-03
-3.250000000000016875e+00 3.400629116460270312e-03
-3.150000000000017231e+00 3.670519731176198706e-03
-3.050000000000017586e+00 3.915643652857974180e-03
-2.950000000000017941e+00 4.265745920430346998e-03
-2.850000000000018296e+00 4.616297821417921637e-03
-2.750000000000018652e+00 5.476962517473512974e-03
-2.650000000000019007e+00 6.614173876997966536e-03
-2.550000000000019362e+00 6.964276144570335017e-03
-2.450000000000019718e+00 8.066438210827699476e-03
-2.350000000000020073e+00 8.866969965879541865e-03
-2.250000000000020428e+00 9.209199963166055103e-03
-2.150000000000020783e+00 1.039570883549181118e-02
-2.050000000000021139e+00 1.331333584050895316e-02
-1.950000000000021272e+00 1.521737119102417775e-02
-1.850000000000021627e+00 1.589278692001598950e-02
-1.750000000000021982e+00 1.809160488595439042e-02
-1.650000000000022338e+00 2.135618672463749160e-02
-1.550000000000022693e+00 2.494381911558480117e-02
-1.450000000000023048e+00 2.971965571796438693e-02
-1.350000000000023404e+00 3.832492429411619994e-02
-1.250000000000023759e+00 4.361400638339092695e-02
-1.150000000000024114e+00 5.376086155116658466e-02
-1.050000000000024469e+00 6.714856381013445397e-02
-9.500000000000248246e-01 8.025296753336590150e-02
-8.500000000000251799e-01 1.012440445538186906e-01
-7.500000000000255351e-01 1.253396118040240037e-01
-6.500000000000258904e-01 1.581987480766914311e-01
-5.500000000000262457e-01 2.093550159322987991e-01
-4.500000000000266565e-01 2.799289018415317409e-01
-3.500000000000270117e-01 3.898614856057911471e-01
-2.500000000000273670e-01 5.553355382137377116e-01
-1.500000000000277223e-01 8.240025603571439206e-01
-5.000000000002806366e-02 1.235859301820324774e+00
4.999999999997158107e-02 1.286337544598924687e+00
1.499999999999712119e-01 9.050801039767173428e-01
2.499999999999708566e-01 6.382897779979699315e-01
3.499999999999705014e-01 4.598370642312205048e-01
4.499999999999701461e-01 3.461751545819072851e-01
5.499999999999698463e-01 2.774233159497904166e-01
6.499999999999694911e-01 2.138988490634738393e-01
7.499999999999691358e-01 1.754022679993034739e-01
8.499999999999687805e-01 1.450272236669216119e-01
9.499999999999684253e-01 1.187480375344194816e-01
1.049999999999968070e+00 1.033288104241270877e-01
1.149999999999967715e+00 8.876522096088755587e-02
1.249999999999967359e+00 7.732362794643461712e-02
1.349999999999967004e+00 6.603859581294746484e-02
1.449999999999966649e+00 5.862163464278201397e-02
1.549999999999966294e+00 5.166017423533639241e-02
1.649999999999965938e+00 4.537122536728284417e-02
1.749999999999965583e+00 4.232340368992582036e-02
1.849999999999965228e+00 3.961809948039953649e-02
1.949999999999964873e+00 3.492660231304876850e-02
2.049999999999964295e+00 3.176750742198836824e-02
2.149999999999963940e+00 2.817082339442023020e-02
2.249999999999963585e+00 2.681178796936908512e-02
2.349999999999963229e+00 2.412280324150263555e-02
2.449999999999962874e+00 2.080441281378700435e-02
2.549999999999962519e+00 1.867179415443777010e-02
2.649999999999962164e+00 1.749482340734599684e-02
2.749999999999961808e+00 1.626217182716492571e-02
2.849999999999961453e+00 1.457551580530152754e-02
2.949999999999961098e+00 1.405495824712952278e-02
3.049999999999960743e+00 1.289501460149871867e-02
3.149999999999960387e+00 1.174533881402166358e-02
3.249999999999960032e+00 1.199956596960141328e-02
3.349999999999959677e+00 1.093986109140259073e-02
3.449999999999959321e+00 9.388972247811872354e-03
3.549999999999958966e+00 9.012046767158762850e-03
3.649999999999958611e+00 9.096150328920566894e-03
3.749999999999958256e+00 8.107922421659911894e-03
3.849999999999957900e+00 7.476828753743811756e-03
3.949999999999957545e+00 7.048475529846864526e-03
4.049999999999957190e+00 6.628481064848950298e-03
4.149999999999956835e+00 6.101584412626533810e-03
4.249999999999956479e+00 6.269997925258776958e-03
4.349999999999956124e+00 5.127855340246273604e-03
4.449999999999955769e+00 4.718607850975673271e-03
4.549999999999955413e+00 4.497579857725045316e-03
4.649999999999955058e+00 3.902213618718622205e-03
4.749999999999954703e+00 3.826520413132989979e-03
4.849999999999954348e+00 3.785331043884524772e-03
4.949999999999953992e+00 3.793586608229241978e-03
5.049999999999953637e+00 4.087521554099157392e-03
5.149999999999953282e+00 3.566256376126172595e-03
5.249999999999952927e+00 3.401108234033847766e-03
5.349999999999952571e+00 3.240095245153479242e-03
5.449999999999952216e+00 2.853498960553700267e-03
5.549999999999951861e+00 2.925572985698923940e-03
5.649999999999951505e+00 2.605610899024364026e-03
5.749999999999951150e+00 2.496467915763441250e-03
5.849999999999950795e+00 2.593109615873792628e-03
5.949999999999950440e+00 2.482654587565226879e-03
6.049999999999950084e+00 2.148459023435623366e-03
6.149999999999949729e+00 1.960298495732400951e-03
6.249999999999949374e+00 2.054817336439825233e-03
6.349999999999949019e+00 2.040775506014211316e-03
6.449999999999948663e+00 1.985551677379725124e-03
6.549999999999948308e+00 1.664461821647361369e-03
6.649999999999947953e+00 1.577365617810589640e-03
6.749999999999947597e+00 1.618554987059055931e-03
6.849999999999947242e+00 1.327421036234667680e-03
6.949999999999946887e+00 1.357376941142644268e-03
7.049999999999946532e+00 1.118665823907213312e-03
7.149999999999946176e+00 9.323775402607398666e-04
7.249999999999945821e+00 8.771463405866599837e-04
7.349999999999945466e+00 1.113049091736967484e-03
7.449999999999945111e+00 1.044712183665648386e-03
7.549999999999944755e+00 1.035350963381905486e-03
7.649999999999944400e+00 9.398665164877334716e-04
7.749999999999944045e+00 1.038159329467028616e-03
7.849999999999943689e+00 6.983470331671807942e-04
7.949999999999943334e+00 5.682260712231615007e-04
