-7.950000000000000178e+00 4.117358183211970875e-05
-7.850000000000000533e+00 2.152255413951713835e-05
-7.750000000000000888e+00 1.403644835185900379e-05
-7.650000000000001243e+00 1.029339545802993566e-05
-7.550000000000001599e+00 6.550342564200867530e-06
-7.450000000000001954e+00 5.614579340743600498e-06
-7.350000000000002309e+00 4.678816117286333466e-06
-7.250000000000002665e+00 3.743052893829066858e-06
-7.150000000000003020e+00 2.807289670371800249e-06
-7.050000000000003375e+00 2.807289670371800249e-06
-6.950000000000003730e+00 2.807289670371800249e-06
-6.850000000000004086e+00 1.871526446914533429e-06
-6.750000000000004441e+00 1.871526446914533429e-06
-6.650000000000004796e+00 1.871526446914533429e-06
-6.550000000000005151e+00 9.357632234572667144e-07
-6.450000000000005507e+00 1.871526446914533429e-06
-6.350000000000005862e+00 1.871526446914533429e-06
-6.250000000000006217e+00 1.871526446914533429e-06
-6.150000000000006573e+00 0.000000000000000000e+00
-6.050000000000006928e+00 1.871526446914533429e-06
-5.950000000000007283e+00 1.590797479877353616e-05
-5.850000000000007638e+00 1.965102769260260429e-05
-5.750000000000007994e+00 1.010624281333847446e-04
-5.650000000000008349e+00 1.216492190494446667e-04
-5.550000000000008704e+00 1.253922719432737213e-04
-5.450000000000009059e+00 1.544009318704489282e-04
-5.350000000000009415e+00 1.815380653507097297e-04
-5.250000000000009770e+00 1.590797479877352938e-04
-5.150000000000010125e+00 2.339408058643166022e-04
-5.050000000000010481e+00 2.330050426408593724e-04
-4.950000000000010836e+00 2.545275967803765243e-04
-4.850000000000011191e+00 3.134806798581843304e-04
-4.750000000000011546e+00 4.051854757569964250e-04
-4.650000000000011902e+00 4.341941356841716318e-04
-4.550000000000012257e+00 5.605221708509025829e-04
-4.450000000000012612e+00 6.325759390571120393e-04
-4.350000000000012967e+00 8.019490825028772942e-04
-4.250000000000013323e+00 1.005945465216561514e-03
-4.150000000000013678e+00 1.197776926025301151e-03
-4.050000000000014033e+00 1.493478104637796598e-03
-3.950000000000014388e+00 1.670337353871220341e-03
-3.850000000000014744e+00 1.945451741567657059e-03
-3.750000000000015099e+00 2.365609428899970081e-03
-3.650000000000015454e+00 2.927067362974329189e-03
-3.550000000000015810e+00 3.744924420275979552e-03
-3.450000000000016165e+00 4.489791946147961114e-03
-3.350000000000016520e+00 4.821987890475288793e-03
-3.250000000000016875e+00 5.996370735914153399e-03
-3.150000000000017231e+00 6.977050594097361849e-03
-3.050000000000017586e+00 8.498601595438890627e-03
-2.950000000000017941e+00 9.610288304906129675e-03
-2.850000000000018296e+00 1.077999233422773095e-02
-2.750000000000018652e+00 1.257385043359533078e-02
-2.650000000000019007e+00 1.469896871406681758e-02
-2.550000000000019362e+00 1.808081700364142994e-02
-2.450000000000019718e+00 2.112111171665413678e-02
-2.350000000000020073e+00 2.492592498323142891e-02
-2.250000000000020428e+00 2.948122035502137583e-02
-2.150000000000020783e+00 3.456428618484111426e-02
-2.050000000000021139e+00 4.086384420515518784e-02
-1.950000000000021272e+00 4.911446854637752102e-02
-1.850000000000021627e+00 5.675497526590585207e-02
-1.750000000000021982e+00 6.658236063865372034e-02
-1.650000000000022338e+00 7.912345935942746711e-02
-1.550000000000022693e+00 9.393471966030861320e-02
-1.450000000000023048e+00 1.099212985698524159e-01
-1.350000000000023404e+00 1.315655019284185379e-01
-1.250000000000023759e+00 1.491484928971798241e-01
-1.150000000000024114e+00 1.741212060415832652e-01
-1.050000000000024469e+00 1.979934616352010956e-01
-9.500000000000248246e-01 2.253645359213259369e-01
-8.500000000000251799e-01 2.597285687763468687e-01
-7.500000000000255351e-01 2.894792889397225788e-01
-6.500000000000258904e-01 3.196005713395872472e-01
-5.500000000000262457e-01 3.514586302821879338e-01
-4.500000000000266565e-01 3.867032163304808812e-01
-3.500000000000270117e-01 4.185098082957918741e-01
-2.500000000000273670e-01 4.457751413376657146e-01
-1.500000000000277223e-01 4.598078466366303241e-01
-5.000000000002806366e-02 4.699674279537057187e-01
4.999999999997158107e-02 4.675325720462701895e-01
1.499999999999712119e-01 4.589871822896585130e-01
2.499999999999708566e-01 4.418374496933573647e-01
3.499999999999705014e-01 4.117788634294642369e-01
4.499999999999701461e-01 3.862970950915003421e-01
5.499999999999698463e-01 3.507455787059137187e-01
6.499999999999694911e-01 3.196501667904302346e-01
7.499999999999691358e-01 2.850662295778982891e-01
8.499999999999687805e-01 2.581920455634298950e-01
9.499999999999684253e-01 2.300405447489421440e-01
1.049999999999968070e+00 2.022549273548254478e-01
1.149999999999967715e+00 1.752927815973515380e-01
1.249999999999967359e+00 1.530553043551137193e-01
1.349999999999967004e+00 1.294422551743940053e-01
1.449999999999966649e+00 1.113221361153678840e-01
1.549999999999966294e+00 9.414152333269262818e-02
1.649999999999965938e+00 8.106048923198377887e-02
1.749999999999965583e+00 6.707457209419212529e-02
1.849999999999965228e+00 5.793310116423849160e-02
1.949999999999964873e+00 4.759198178181263394e-02
2.049999999999964295e+00 4.143653129791100009e-02
2.149999999999963940e+00 3.399534214497909601e-02
2.249999999999963585e+00 2.927348091941388980e-02
2.349999999999963229e+00 2.579712054427014956e-02
2.449999999999962874e+00 2.146360105643950467e-02
2.549999999999962519e+00 1.758018367909178897e-02
2.649999999999962164e+00 1.496098241663485449e-02
2.749999999999961808e+00 1.224446177893836855e-02
2.849999999999961453e+00 1.089977002683026157e-02
2.949999999999961098e+00 9.186387564679985782e-03
3.049999999999960743e+00 8.467721409064802099e-03
3.149999999999960387e+00 7.113672024722127694e-03
3.249999999999960032e+00 5.394674983231132273e-03
3.349999999999959677e+00 4.413995125047922088e-03
3.449999999999959321e+00 3.577422803277128215e-03
3.549999999999958966e+00 3.279850098217717766e-03
3.649999999999958611e+00 2.699676899674213846e-03
3.749999999999958256e+00 2.170970678420858051e-03
3.849999999999957900e+00 1.921121897757768326e-03
3.949999999999957545e+00 1.806023021272524674e-03
4.049999999999957190e+00 1.508450316213113141e-03
4.149999999999956835e+00 1.254858482656194280e-03
4.249999999999956479e+00 1.108879419796860583e-03
4.349999999999956124e+00 1.193098109908014189e-03
4.449999999999955769e+00 8.665167449214289126e-04
4.549999999999955413e+00 6.643918886546592607e-04
4.649999999999955058e+00 5.923381204484498043e-04
4.749999999999954703e+00 3.602688410310476074e-04
4.849999999999954348e+00 3.368747604446159418e-04
4.949999999999953992e+00 2.367480955346885083e-04
5.049999999999953637e+00 2.208401207359148705e-04
5.149999999999953282e+00 2.563991232272909296e-04
5.249999999999952927e+00 1.618870376581070915e-04
5.349999999999952571e+00 2.339408058643166022e-04
5.449999999999952216e+00 9.731937523955574423e-05
5.549999999999951861e+00 1.403644835185899667e-04
5.649999999999951505e+00 1.291353248371027488e-04
5.749999999999951150e+00 5.521003018397874473e-05
5.849999999999950795e+00 3.181594959754707231e-05
5.949999999999950440e+00 8.421869011115399900e-06
6.049999999999950084e+00 1.497221157531626912e-05
6.149999999999949729e+00 1.122915868148720100e-05
6.249999999999949374e+00 1.590797479877353616e-05
6.349999999999949019e+00 1.684373802223079980e-05
6.449999999999948663e+00 6.550342564200867530e-06
6.549999999999948308e+00 6.550342564200867530e-06
6.649999999999947953e+00 5.614579340743600498e-06
6.749999999999947597e+00 5.614579340743600498e-06
6.849999999999947242e+00 6.550342564200867530e-06
6.949999999999946887e+00 6.550342564200867530e-06
7.049999999999946532e+00 6.550342564200867530e-06
7.149999999999946176e+00 5.614579340743600498e-06
7.249999999999945821e+00 7.486105787658134562e-06
7.349999999999945466e+00 6.550342564200867530e-06
7.449999999999945111e+00 8.421869011115401595e-06
7.549999999999944755e+00 9.357632234572668627e-06
7.649999999999944400e+00 1.029339545802993566e-05
7.749999999999944045e+00 1.403644835185900379e-05
7.849999999999943689e+00 1.590797479877353616e-05
7.949999999999943334e+00 1.403644835185900379e-05
