-7.950000000000000178e+00 3.632153470092037723e-04
-7.850000000000000533e+00 3.445076485209060038e-04
-7.750000000000000888e+00 3.650949621055457292e-04
-7.650000000000001243e+00 4.081565754107605568e-04
-7.550000000000001599e+00 4.315669971597099817e-04
-7.450000000000001954e+00 3.978813462174244611e-04
-7.350000000000002309e+00 4.783952116972023600e-04
-7.250000000000002665e+00 4.736998594761442321e-04
-7.150000000000003020e+00 4.577857849937821033e-04
-7.050000000000003375e+00 5.598378281657609987e-04
-6.950000000000003730e+00 5.794816486824329272e-04
-6.850000000000004086e+00 6.431379466118811172e-04
-6.750000000000004441e+00 6.918752604040893494e-04
-6.650000000000004796e+00 6.684574676155464502e-04
-6.550000000000005151e+00 7.321137655449945318e-04
-6.450000000000005507e+00 7.527453053671952655e-04
-6.350000000000005862e+00 8.126939703811139702e-04
-6.250000000000006217e+00 8.491806163689287132e-04
-6.150000000000006573e+00 8.988171969915438424e-04
-6.050000000000006928e+00 9.185052437457768334e-04
-5.950000000000007283e+00 1.004694809712547866e-03
-5.850000000000007638e+00 1.087958072960700396e-03
-5.750000000000007994e+00 1.149778982031367421e-03
-5.650000000000008349e+00 1.266801606617740323e-03
-5.550000000000008704e+00 1.283651803128476720e-03
-5.450000000000009059e+00 1.380028145813461723e-03
-5.350000000000009415e+00 1.425094681888108058e-03
-5.250000000000009770e+00 1.517704423340815890e-03
-5.150000000000010125e+00 1.610387875189458681e-03
-5.050000000000010481e+00 1.797781814774956303e-03
-4.950000000000010836e+00 1.792128227406743430e-03
-4.850000000000011191e+00 2.050468423079658715e-03
-4.750000000000011546e+00 1.980259270951591297e-03
-4.650000000000011902e+00 2.288302386603463523e-03
-4.550000000000012257e+00 2.348273164736162759e-03
-4.450000000000012612e+00 2.529969290715887529e-03
-4.350000000000012967e+00 2.669451472943649289e-03
-4.250000000000013323e+00 2.990681378428290682e-03
-4.150000000000013678e+00 3.161129297988337500e-03
-4.050000000000014033e+00 3.380196594707096311e-03
-3.950000000000014388e+00 3.525369219501039292e-03
-3.850000000000014744e+00 3.832675231193562355e-03
-3.750000000000015099e+00 4.223966868014400813e-03
-3.650000000000015454e+00 4.687524177009894794e-03
-3.550000000000015810e+00 5.078299841059188968e-03
-3.450000000000016165e+00 5.482741412514828896e-03
-3.350000000000016520e+00 5.972510138304801958e-03
-3.250000000000016875e+00 6.492595949942829570e-03
-3.150000000000017231e+00 7.071392091943069606e-03
-3.050000000000017586e+00 7.479644490868546033e-03
-2.950000000000017941e+00 8.281326128096965639e-03
-2.850000000000018296e+00 9.172145747129552273e-03
-2.750000000000018652e+00 1.016286506577280743e-02
-2.650000000000019007e+00 1.109345881445190571e-02
-2.550000000000019362e+00 1.236429237972726941e-02
-2.450000000000019718e+00 1.384311456921236312e-02
-2.350000000000020073e+00 1.566271466118406702e-02
-2.250000000000020428e+00 1.716714384221700723e-02
-2.150000000000020783e+00 1.961517665681161704e-02
-2.050000000000021139e+00 2.164863272050951415e-02
-1.950000000000021272e+00 2.467620615210330479e-02
-1.850000000000021627e+00 2.832752432513847146e-02
-1.750000000000021982e+00 3.174834271904530825e-02
-1.650000000000022338e+00 3.678069887031806817e-02
-1.550000000000022693e+00 4.275526552866927565e-02
-1.450000000000023048e+00 4.979305305110542229e-02
-1.350000000000023404e+00 5.810559553188070214e-02
-1.250000000000023759e+00 6.812089975603144443e-02
-1.150000000000024114e+00 8.185131112985952195e-02
-1.050000000000024469e+00 9.713479317499787435e-02
-9.500000000000248246e-01 1.167134168464653565e-01
-8.500000000000251799e-01 1.423911556322961514e-01
-7.500000000000255351e-01 1.736503340507987714e-01
-6.500000000000258904e-01 2.171337477257120341e-01
-5.500000000000262457e-01 2.729241660606315234e-01
-4.500000000000266565e-01 3.499874562596642091e-01
-3.500000000000270117e-01 4.554748608866691084e-01
-2.500000000000273670e-01 6.057795572555021435e-01
-1.500000000000277223e-01 8.148392156312862511e-01
-5.000000000002806366e-02 1.091904004215251023e+00
4.999999999997158107e-02 1.089810783762529045e+00
1.499999999999712119e-01 8.137873830233735006e-01
2.499999999999708566e-01 6.044516644727337962e-01
3.499999999999705014e-01 4.556020776590131161e-01
4.499999999999701461e-01 3.500052646913220933e-01
5.499999999999698463e-01 2.724455423467070370e-01
6.499999999999694911e-01 2.157209626799452828e-01
7.499999999999691358e-01 1.734954611378999589e-01
8.499999999999687805e-01 1.423948780072909481e-01
9.499999999999684253e-01 1.170766248224349854e-01
1.049999999999968070e+00 9.743643822828262913e-02
1.149999999999967715e+00 8.138734841368641670e-02
1.249999999999967359e+00 6.875149219325518701e-02
1.349999999999967004e+00 5.845792385341034431e-02
1.449999999999966649e+00 4.971910678190342991e-02
1.549999999999966294e+00 4.251116618149101273e-02
1.649999999999965938e+00 3.704129460410658659e-02
1.749999999999965583e+00 3.212140577495141425e-02
1.849999999999965228e+00 2.839751971711833647e-02
1.949999999999964873e+00 2.477615744899114292e-02
2.049999999999964295e+00 2.188143226399096725e-02
2.149999999999963940e+00 1.931924415921185134e-02
2.249999999999963585e+00 1.753406682214174450e-02
2.349999999999963229e+00 1.557360616353826999e-02
2.449999999999962874e+00 1.433321499178403548e-02
2.549999999999962519e+00 1.263128617588294561e-02
2.649999999999962164e+00 1.117308815518045992e-02
2.749999999999961808e+00 1.024866396664112292e-02
2.849999999999961453e+00 9.157646912249139265e-03
2.949999999999961098e+00 8.396181667042848865e-03
3.049999999999960743e+00 7.703348171491611329e-03
3.149999999999960387e+00 6.915848414441075689e-03
3.249999999999960032e+00 6.320290528405222465e-03
3.349999999999959677e+00 5.791978636580848508e-03
3.449999999999959321e+00 5.294514545455264454e-03
3.549999999999958966e+00 4.860279231962706323e-03
3.649999999999958611e+00 4.454451905063489328e-03
3.749999999999958256e+00 4.034907073480772585e-03
3.849999999999957900e+00 3.844785849245679725e-03
3.949999999999957545e+00 3.516243872484288435e-03
4.049999999999957190e+00 3.354029404150179160e-03
4.149999999999956835e+00 3.141677124501095902e-03
4.249999999999956479e+00 2.843607025419225484e-03
4.349999999999956124e+00 2.580453540891754910e-03
4.449999999999955769e+00 2.438347268568707635e-03
4.549999999999955413e+00 2.378332264198447336e-03
4.649999999999955058e+00 2.056254689160554559e-03
4.749999999999954703e+00 1.970035639035408979e-03
4.849999999999954348e+00 1.798636855367801921e-03
4.949999999999953992e+00 1.665795979813782489e-03
5.049999999999953637e+00 1.630215971695968009e-03
5.149999999999953282e+00 1.507466049345447274e-03
5.249999999999952927e+00 1.441030869489250393e-03
5.349999999999952571e+00 1.377337716361835048e-03
5.449999999999952216e+00 1.292017933067096799e-03
5.549999999999951861e+00 1.215270668819596559e-03
5.649999999999951505e+00 1.117936090987456431e-03
5.749999999999951150e+00 1.072987491546306118e-03
5.849999999999950795e+00 9.952377659140901247e-04
5.949999999999950440e+00 9.493456734049720690e-04
6.049999999999950084e+00 8.884461442834922559e-04
6.149999999999949729e+00 8.482518653801479191e-04
6.249999999999949374e+00 7.957700634744428302e-04
6.349999999999949019e+00 7.592834174866278703e-04
6.449999999999948663e+00 7.096689499827934892e-04
6.549999999999948308e+00 7.058654935525484047e-04
6.649999999999947953e+00 6.459684258157843452e-04
6.749999999999947597e+00 5.832703630334909548e-04
6.849999999999947242e+00 5.972753382611369587e-04
6.949999999999946887e+00 5.355281395864047852e-04
7.049999999999946532e+00 5.654545603360062837e-04
7.149999999999946176e+00 5.027491265141194191e-04
7.249999999999945821e+00 4.896065629189127241e-04
7.349999999999945466e+00 4.708841223514280069e-04
7.449999999999945111e+00 4.044194583368571202e-04
7.549999999999944755e+00 4.072278244219798169e-04
7.649999999999944400e+00 3.847608957409981347e-04
7.749999999999944045e+00 3.463725215380609578e-04
7.849999999999943689e+00 3.575986148389582705e-04
7.949999999999943334e+00 3.089202693634979951e-04
