-7.950000000000000178e+00 0.000000000000000000e+00
-7.850000000000000533e+00 0.000000000000000000e+00
-7.750000000000000888e+00 0.000000000000000000e+00
-7.650000000000001243e+00 0.000000000000000000e+00
-7.550000000000001599e+00 0.000000000000000000e+00
-7.450000000000001954e+00 0.000000000000000000e+00
-7.350000000000002309e+00 0.000000000000000000e+00
-7.250000000000002665e+00 0.000000000000000000e+00
-7.150000000000003020e+00 0.000000000000000000e+00
-7.050000000000003375e+00 0.000000000000000000e+00
-6.950000000000003730e+00 0.000000000000000000e+00
-6.850000000000004086e+00 0.000000000000000000e+00
-6.750000000000004441e+00 0.000000000000000000e+00
-6.650000000000004796e+00 0.000000000000000000e+00
-6.550000000000005151e+00 0.000000000000000000e+00
-6.450000000000005507e+00 0.000000000000000000e+00
-6.350000000000005862e+00 0.000000000000000000e+00
-6.250000000000006217e+00 0.000000000000000000e+00
-6.150000000000006573e+00 0.000000000000000000e+00
-6.050000000000006928e+00 0.000000000000000000e+00
-5.950000000000007283e+00 0.000000000000000000e+00
-5.850000000000007638e+00 1.872244056748473025e-06
-5.750000000000007994e+00 0.000000000000000000e+00
-5.650000000000008349e+00 0.000000000000000000e+00
-5.550000000000008704e+00 9.361220283742365124e-07
-5.450000000000009059e+00 9.361220283742365124e-07
-5.350000000000009415e+00 0.000000000000000000e+00
-5.250000000000009770e+00 1.872244056748473025e-06
-5.150000000000010125e+00 1.872244056748473025e-06
-5.050000000000010481e+00 0.000000000000000000e+00
-4.950000000000010836e+00 4.680610141871182668e-06
-4.850000000000011191e+00 6.552854198619655905e-06
-4.750000000000011546e+00 4.680610141871182668e-06
-4.650000000000011902e+00 1.685019651073625489e-05
-4.550000000000012257e+00 1.778631853911049278e-05
-4.450000000000012612e+00 1.497795245398778420e-05
-4.350000000000012967e+00 2.995590490797556840e-05
-4.250000000000013323e+00 3.557263707822098557e-05
-4.150000000000013678e+00 7.769812835506163297e-05
-4.050000000000014033e+00 8.705934863880399153e-05
-3.950000000000014388e+00 1.919050158167184589e-04
-3.850000000000014744e+00 2.630502899731604165e-04
-3.750000000000015099e+00 3.763210554064430418e-04
-3.650000000000015454e+00 5.654177051380388039e-04
-3.550000000000015810e+00 7.479615006710151753e-04
-3.450000000000016165e+00 1.040967695552151313e-03
-3.350000000000016520e+00 1.436947313554452635e-03
-3.250000000000016875e+00 2.060404584451693694e-03
-3.150000000000017231e+00 2.793388132668724478e-03
-3.050000000000017586e+00 3.877417441526095389e-03
-2.950000000000017941e+00 5.181435427051413189e-03
-2.850000000000018296e+00 7.060232337998515080e-03
-2.750000000000018652e+00 9.161826291698650995e-03
-2.650000000000019007e+00 1.220890349405672967e-02
-2.550000000000019362e+00 1.559485687068629285e-02
-2.450000000000019718e+00 2.021181071462812076e-02
-2.350000000000020073e+00 2.549809180885753701e-02
-2.250000000000020428e+00 3.225782897574791530e-02
-2.150000000000020783e+00 4.029724495542551244e-02
-2.050000000000021139e+00 4.938979821702420281e-02
-1.950000000000021272e+00 6.069908844181310520e-02
-1.850000000000021627e+00 7.350055717983121351e-02
-1.750000000000021982e+00 8.735609932179858039e-02
-1.650000000000022338e+00 1.035519465347013446e-01
-1.550000000000022693e+00 1.210920649803494120e-01
-1.450000000000023048e+00 1.406691849597411226e-01
-1.350000000000023404e+00 1.615250476298920601e-01
-1.250000000000023759e+00 1.845489689177573223e-01
-1.150000000000024114e+00 2.075129783958062357e-01
-1.050000000000024469e+00 2.292647098471098932e-01
-9.500000000000248246e-01 2.539820758843027715e-01
-8.500000000000251799e-01 2.774178908646511843e-01
-7.500000000000255351e-01 3.008986397023619141e-01
-6.500000000000258904e-01 3.215738308210355778e-01
-5.500000000000262457e-01 3.418399366133093586e-01
-4.500000000000266565e-01 3.593969052554687460e-01
-3.500000000000270117e-01 3.726860935702698274e-01
-2.500000000000273670e-01 3.840786986555843607e-01
-1.500000000000277223e-01 3.908346913343614393e-01
-5.000000000002806366e-02 3.959983404428734644e-01
4.999999999997158107e-02 3.966171171036290133e-01
1.499999999999712119e-01 3.922912972105114804e-01
2.499999999999708566e-01 3.841779275905919944e-01
3.499999999999705014e-01 3.735276672737782855e-01
4.499999999999701461e-01 3.585777984806413077e-01
5.499999999999698463e-01 3.408317331887505408e-01
6.499999999999694911e-01 3.223629816909547863e-01
7.499999999999691358e-01 3.011336063314838385e-01
8.499999999999687805e-01 2.772269219708626831e-01
9.499999999999684253e-01 2.540157762773244121e-01
1.049999999999968070e+00 2.308907538103959212e-01
1.149999999999967715e+00 2.070252588190231169e-01
1.249999999999967359e+00 1.843757863425081189e-01
1.349999999999967004e+00 1.616916773509426974e-01
1.449999999999966649e+00 1.404295377204772266e-01
1.549999999999966294e+00 1.214337495207059303e-01
1.649999999999965938e+00 1.033759555933669860e-01
1.749999999999965583e+00 8.773148425517668381e-02
1.849999999999965228e+00 7.287054705473536287e-02
1.949999999999964873e+00 6.029000311541356238e-02
2.049999999999964295e+00 4.930648335649887026e-02
2.149999999999963940e+00 4.021205785084347450e-02
2.249999999999963585e+00 3.226157346386142322e-02
2.349999999999963229e+00 2.563102113688668637e-02
2.449999999999962874e+00 1.994407981451308889e-02
2.549999999999962519e+00 1.572310558857356599e-02
2.649999999999962164e+00 1.201606235621164101e-02
2.749999999999961808e+00 9.194590562691748112e-03
2.849999999999961453e+00 6.965684013132716901e-03
2.949999999999961098e+00 5.202966233704021254e-03
3.049999999999960743e+00 3.842780926476248218e-03
3.149999999999960387e+00 2.895425433761516371e-03
3.249999999999960032e+00 2.047298876054454153e-03
3.349999999999959677e+00 1.465967096434053762e-03
3.449999999999959321e+00 1.066242990318255583e-03
3.549999999999958966e+00 7.601310870398803390e-04
3.649999999999958611e+00 5.167393596625784744e-04
3.749999999999958256e+00 3.538541267254613596e-04
3.849999999999957900e+00 2.452639714340499135e-04
3.949999999999957545e+00 1.638213549654913832e-04
4.049999999999957190e+00 1.273125958588961631e-04
4.149999999999956835e+00 6.740078604294501958e-05
4.249999999999956479e+00 5.429507764570571624e-05
4.349999999999956124e+00 4.025324722009217162e-05
4.449999999999955769e+00 1.872244056748473067e-05
4.549999999999955413e+00 1.216958636886507561e-05
4.649999999999955058e+00 1.404183042561354800e-05
4.749999999999954703e+00 4.680610141871182668e-06
4.849999999999954348e+00 5.616732170245418863e-06
4.949999999999953992e+00 2.808366085122709431e-06
5.049999999999953637e+00 2.808366085122709431e-06
5.149999999999953282e+00 1.872244056748473025e-06
5.249999999999952927e+00 1.872244056748473025e-06
5.349999999999952571e+00 3.744488113496946050e-06
5.449999999999952216e+00 0.000000000000000000e+00
5.549999999999951861e+00 9.361220283742365124e-07
5.649999999999951505e+00 0.000000000000000000e+00
5.749999999999951150e+00 9.361220283742365124e-07
5.849999999999950795e+00 9.361220283742365124e-07
5.949999999999950440e+00 0.000000000000000000e+00
6.049999999999950084e+00 0.000000000000000000e+00
6.149999999999949729e+00 0.000000000000000000e+00
6.249999999999949374e+00 0.000000000000000000e+00
6.349999999999949019e+00 0.000000000000000000e+00
6.449999999999948663e+00 0.000000000000000000e+00
6.549999999999948308e+00 0.000000000000000000e+00
6.649999999999947953e+00 0.000000000000000000e+00
6.749999999999947597e+00 0.000000000000000000e+00
6.849999999999947242e+00 0.000000000000000000e+00
6.949999999999946887e+00 0.000000000000000000e+00
7.049999999999946532e+00 0.000000000000000000e+00
7.149999999999946176e+00 0.000000000000000000e+00
7.249999999999945821e+00 0.000000000000000000e+00
7.349999999999945466e+00 0.000000000000000000e+00
7.449999999999945111e+00 0.000000000000000000e+00
7.549999999999944755e+00 0.000000000000000000e+00
7.649999999999944400e+00 0.000000000000000000e+00
7.749999999999944045e+00 0.000000000000000000e+00
7.849999999999943689e+00 0.000000000000000000e+00
7.949999999999943334e+00 0.000000000000000000e+00
