-7.950000000000000178e+00 1.198236196319022710e-06
-7.850000000000000533e+00 1.647574769938656042e-06
-7.750000000000000888e+00 2.696031441717800834e-06
-7.650000000000001243e+00 2.546251917177923127e-06
-7.550000000000001599e+00 4.044047162576701886e-06
-7.450000000000001954e+00 5.392062883435601668e-06
-7.350000000000002309e+00 7.488976226993892099e-06
-7.250000000000002665e+00 8.836991947852791034e-06
-7.150000000000003020e+00 1.243170053680985938e-05
-7.050000000000003375e+00 1.662552722392644024e-05
-6.950000000000003730e+00 1.587662960122705128e-05
-6.850000000000004086e+00 2.066957438650314128e-05
-6.750000000000004441e+00 2.441406250000008945e-05
-6.650000000000004796e+00 3.504840874233141804e-05
-6.550000000000005151e+00 3.834355828220873351e-05
-6.450000000000005507e+00 4.598231403374249951e-05
-6.350000000000005862e+00 5.362106978527626550e-05
-6.250000000000006217e+00 6.650210889570576096e-05
-6.150000000000006573e+00 8.267829754601255157e-05
-6.050000000000006928e+00 9.271352569018436764e-05
-5.950000000000007283e+00 1.228192101226998159e-04
-5.850000000000007638e+00 1.282112730061354218e-04
-5.750000000000007994e+00 1.580173983895711578e-04
-5.650000000000008349e+00 1.888719804447860559e-04
-5.550000000000008704e+00 2.084930981595101130e-04
-5.450000000000009059e+00 2.654093174846637549e-04
-5.350000000000009415e+00 3.061493481595105792e-04
-5.250000000000009770e+00 3.692065279907992634e-04
-5.150000000000010125e+00 4.306161330521492527e-04
-5.050000000000010481e+00 5.073032496165663131e-04
-4.950000000000010836e+00 5.890828700153391724e-04
-4.850000000000011191e+00 6.829946319018417519e-04
-4.750000000000011546e+00 7.861927243098165621e-04
-4.650000000000011902e+00 9.064656825153373943e-04
-4.550000000000012257e+00 1.076765001917176848e-03
-4.450000000000012612e+00 1.248112777990795490e-03
-4.350000000000012967e+00 1.450764474693248471e-03
-4.250000000000013323e+00 1.661654045245394493e-03
-4.150000000000013678e+00 1.957769344627065429e-03
-4.050000000000014033e+00 2.234410947085881984e-03
-3.950000000000014388e+00 2.619044766104284671e-03
-3.850000000000014744e+00 3.056850316334343547e-03
-3.750000000000015099e+00 3.441783694401826313e-03
-3.650000000000015454e+00 3.993722421697605551e-03
-3.550000000000015810e+00 4.638222536426359066e-03
-3.450000000000016165e+00 5.350723734662552085e-03
-3.350000000000016520e+00 6.195330473542915578e-03
-3.250000000000016875e+00 7.077383272924582698e-03
-3.150000000000017231e+00 8.175715347009161055e-03
-3.050000000000017586e+00 9.455582563568740856e-03
-2.950000000000017941e+00 1.086770510029703117e-02
-2.850000000000018296e+00 1.250749133495959731e-02
-2.750000000000018652e+00 1.447394435391096551e-02
-2.650000000000019007e+00 1.671255148641695443e-02
-2.550000000000019362e+00 1.914796773480237704e-02
-2.450000000000019718e+00 2.216018257345830217e-02
-2.350000000000020073e+00 2.553621659468696681e-02
-2.250000000000020428e+00 2.944980932948929042e-02
-2.150000000000020783e+00 3.389181833003564875e-02
-2.050000000000021139e+00 3.910534873768434228e-02
-1.950000000000021272e+00 4.501969046445732786e-02
-1.850000000000021627e+00 5.200871089410122328e-02
-1.750000000000021982e+00 6.018233168649968906e-02
-1.650000000000022338e+00 6.935513758393793693e-02
-1.550000000000022693e+00 8.007861797513597668e-02
-1.450000000000023048e+00 9.233927029492380867e-02
-1.350000000000023404e+00 1.066778269316825123e-01
-1.250000000000023759e+00 1.232024192671993812e-01
-1.150000000000024114e+00 1.427389221648570905e-01
-1.050000000000024469e+00 1.649151618109634398e-01
-9.500000000000248246e-01 1.906368231475195352e-01
-8.500000000000251799e-01 2.203225340487836859e-01
-7.500000000000255351e-01 2.546415436320293990e-01
-6.500000000000258904e-01 2.937102282291083610e-01
-5.500000000000262457e-01 3.384768302161895726e-01
-4.500000000000266565e-01 3.879435455262117416e-01
-3.500000000000270117e-01 4.429716028871812927e-01
-2.500000000000273670e-01 5.005972004485005344e-01
-1.500000000000277223e-01 5.532512558836510941e-01
-5.000000000002806366e-02 5.878227088309141424e-01
4.999999999997158107e-02 5.883735531062509461e-01
1.499999999999712119e-01 5.524715461360846236e-01
2.499999999999708566e-01 4.996649679702987457e-01
3.499999999999705014e-01 4.430578499472564991e-01
4.499999999999701461e-01 3.882800859654574333e-01
5.499999999999698463e-01 3.378038991172239713e-01
6.499999999999694911e-01 2.934785322776742866e-01
7.499999999999691358e-01 2.546451595692123537e-01
8.499999999999687805e-01 2.203214608254189799e-01
9.499999999999684253e-01 1.908388544975294920e-01
1.049999999999968070e+00 1.649174014276335587e-01
1.149999999999967715e+00 1.428696808691467257e-01
1.249999999999967359e+00 1.235292370103790310e-01
1.349999999999967004e+00 1.067366891054603861e-01
1.449999999999966649e+00 9.246958791620427109e-02
1.549999999999966294e+00 7.981230290430593732e-02
1.649999999999965938e+00 6.934285920102462031e-02
1.749999999999965583e+00 6.005337151587080563e-02
1.849999999999965228e+00 5.194160730837470152e-02
1.949999999999964873e+00 4.510896141981579621e-02
2.049999999999964295e+00 3.911419044709754655e-02
2.149999999999963940e+00 3.393061476499048545e-02
2.249999999999963585e+00 2.946089419367158013e-02
2.349999999999963229e+00 2.553217254752439616e-02
2.449999999999962874e+00 2.202912548948587901e-02
2.549999999999962519e+00 1.922285985580500511e-02
2.649999999999962164e+00 1.661624443150411939e-02
2.749999999999961808e+00 1.450015812943811384e-02
2.849999999999961453e+00 1.258462661073130040e-02
2.949999999999961098e+00 1.088073473956566520e-02
3.049999999999960743e+00 9.447047489402636555e-03
3.149999999999960387e+00 8.185001677530634803e-03
3.249999999999960032e+00 7.090412912193215858e-03
3.349999999999959677e+00 6.170616851993835153e-03
3.449999999999959321e+00 5.351773370700665250e-03
3.549999999999958966e+00 4.597632285276052715e-03
3.649999999999958611e+00 4.062619823619614302e-03
3.749999999999958256e+00 3.495554543711641791e-03
3.849999999999957900e+00 3.024948456973684981e-03
3.949999999999957545e+00 2.582498562116555037e-03
4.049999999999957190e+00 2.213891152223919183e-03
4.149999999999956835e+00 1.929010496549073876e-03
4.249999999999956479e+00 1.649971242331284022e-03
4.349999999999956124e+00 1.437284317484659483e-03
4.449999999999955769e+00 1.246465203220856795e-03
4.549999999999955413e+00 1.096386119631900715e-03
4.649999999999955058e+00 9.361220283742329286e-04
4.749999999999954703e+00 7.974261886503073490e-04
4.849999999999954348e+00 6.771532304447865167e-04
4.949999999999953992e+00 5.977700824386521141e-04
5.049999999999953637e+00 5.085014858128854330e-04
5.149999999999953282e+00 4.156381805981613923e-04
5.249999999999952927e+00 3.594708588957072409e-04
5.349999999999952571e+00 3.107925134202468571e-04
5.449999999999952216e+00 2.757441046779153917e-04
5.549999999999951861e+00 2.198763420245408305e-04
5.649999999999951505e+00 1.929160276073627468e-04
5.749999999999951150e+00 1.647574769938656787e-04
5.849999999999950795e+00 1.300086273006139932e-04
5.949999999999950440e+00 1.234183282208593216e-04
6.049999999999950084e+00 9.780602952454022067e-05
6.149999999999949729e+00 7.459020322085915626e-05
6.249999999999949374e+00 6.979725843558306966e-05
6.349999999999949019e+00 6.096026648773027862e-05
6.449999999999948663e+00 4.972680214723944429e-05
6.549999999999948308e+00 3.879289685582836282e-05
6.649999999999947953e+00 2.890744823619642318e-05
6.749999999999947597e+00 2.651097584355837988e-05
6.849999999999947242e+00 2.411450345092033319e-05
6.949999999999946887e+00 1.752420437116570563e-05
7.049999999999946532e+00 1.422905483128839355e-05
7.149999999999946176e+00 1.303081863496937190e-05
7.249999999999945821e+00 8.387653374233158338e-06
7.349999999999945466e+00 7.039637653374258556e-06
7.449999999999945111e+00 4.193826687116579169e-06
7.549999999999944755e+00 5.392062883435602515e-06
7.649999999999944400e+00 4.193826687116579169e-06
7.749999999999944045e+00 2.995590490797556670e-06
7.849999999999943689e+00 2.845810966257678964e-06
7.949999999999943334e+00 1.198236196319022710e-06
