-7.950000000000000178e+00 4.583253450920262307e-05
-7.850000000000000533e+00 5.781489647239284636e-05
-7.750000000000000888e+00 5.886335314417199497e-05
-7.650000000000001243e+00 6.500431365030699660e-05
-7.550000000000001599e+00 8.162984087423341651e-05
-7.450000000000001954e+00 8.926859662576718251e-05
-7.350000000000002309e+00 1.048456671779144809e-04
-7.250000000000002665e+00 1.183258243865034821e-04
-7.150000000000003020e+00 1.427398868865035987e-04
-7.050000000000003375e+00 1.488808473926386139e-04
-6.950000000000003730e+00 1.626605636503073815e-04
-6.850000000000004086e+00 1.876737442484670173e-04
-6.750000000000004441e+00 2.066957438650315415e-04
-6.650000000000004796e+00 2.417441526073630341e-04
-6.550000000000005151e+00 2.699027032208601022e-04
-6.450000000000005507e+00 2.958145609662590509e-04
-6.350000000000005862e+00 3.256206863496948411e-04
-6.250000000000006217e+00 3.572241660276090944e-04
-6.150000000000006573e+00 4.117439129601247133e-04
-6.050000000000006928e+00 4.643165260736217760e-04
-5.950000000000007283e+00 5.138935486963210932e-04
-5.850000000000007638e+00 5.756027128067504016e-04
-5.750000000000007994e+00 6.459990893404922181e-04
-5.650000000000008349e+00 7.051620015337434644e-04
-5.550000000000008704e+00 7.772071322037590359e-04
-5.450000000000009059e+00 8.721661713957057447e-04
-5.350000000000009415e+00 9.824062601897247046e-04
-5.250000000000009770e+00 1.092941190567483503e-03
-5.150000000000010125e+00 1.231040270925919588e-03
-5.050000000000010481e+00 1.342776975599002578e-03
-4.950000000000010836e+00 1.484767964862805222e-03
-4.850000000000011191e+00 1.683225834878141446e-03
-4.750000000000011546e+00 1.844688162332128352e-03
-4.650000000000011902e+00 2.051084347148078406e-03
-4.550000000000012257e+00 2.282794450977601933e-03
-4.450000000000012612e+00 2.552098036100299873e-03
-4.350000000000012967e+00 2.853010997732586661e-03
-4.250000000000013323e+00 3.153771821107663291e-03
-4.150000000000013678e+00 3.500209502635727530e-03
-4.050000000000014033e+00 3.882003407519547377e-03
-3.950000000000014388e+00 4.330455097655287050e-03
-3.850000000000014744e+00 4.828174816433966621e-03
-3.750000000000015099e+00 5.336384998762112516e-03
-3.650000000000015454e+00 5.973698055045622082e-03
-3.550000000000015810e+00 6.589160991241333094e-03
-3.450000000000016165e+00 7.377299670003827949e-03
-3.350000000000016520e+00 8.278519531061260747e-03
-3.250000000000016875e+00 9.164660014159897033e-03
-3.150000000000017231e+00 1.025207823218075853e-02
-3.050000000000017586e+00 1.153598949590291592e-02
-2.950000000000017941e+00 1.293032836766634837e-02
-2.850000000000018296e+00 1.437527856632824126e-02
-2.750000000000018652e+00 1.605279390941263470e-02
-2.650000000000019007e+00 1.810652947208229308e-02
-2.550000000000019362e+00 2.023896061218478926e-02
-2.450000000000019718e+00 2.291591108596994705e-02
-2.350000000000020073e+00 2.554578361439612672e-02
-2.250000000000020428e+00 2.885315846570234849e-02
-2.150000000000020783e+00 3.253443018491301159e-02
-2.050000000000021139e+00 3.687797742825210667e-02
-1.950000000000021272e+00 4.183479280703761294e-02
-1.850000000000021627e+00 4.737542872325206655e-02
-1.750000000000021982e+00 5.396027795117269710e-02
-1.650000000000022338e+00 6.149881468966074405e-02
-1.550000000000022693e+00 6.988818286254780410e-02
-1.450000000000023048e+00 8.001382830615864916e-02
-1.350000000000023404e+00 9.210870181770663967e-02
-1.250000000000023759e+00 1.054262008213797536e-01
-1.150000000000024114e+00 1.218838770904173696e-01
-1.050000000000024469e+00 1.412878121358281946e-01
-9.500000000000248246e-01 1.641693281820028327e-01
-8.500000000000251799e-01 1.921073655956505033e-01
-7.500000000000255351e-01 2.251618114198944975e-01
-6.500000000000258904e-01 2.657225843086634121e-01
-5.500000000000262457e-01 3.157948204966990469e-01
-4.500000000000266565e-01 3.784106554993884597e-01
-3.500000000000270117e-01 4.566759847614662027e-01
-2.500000000000273670e-01 5.573768361790611969e-01
-1.500000000000277223e-01 6.892042539366874943e-01
-5.000000000002806366e-02 8.683521513811813808e-01
4.999999999997158107e-02 8.515033465227319631e-01
1.499999999999712119e-01 6.525164375362870750e-01
2.499999999999708566e-01 5.144740481381530062e-01
3.499999999999705014e-01 4.135184370811129106e-01
4.499999999999701461e-01 3.369266357245290777e-01
5.499999999999698463e-01 2.781509153958600655e-01
6.499999999999694911e-01 2.321461544826527446e-01
7.499999999999691358e-01 1.948139724152931906e-01
8.499999999999687805e-01 1.645313134499245544e-01
9.499999999999684253e-01 1.398401942105162166e-01
1.049999999999968070e+00 1.198579191430353269e-01
1.149999999999967715e+00 1.029183172291767423e-01
1.249999999999967359e+00 8.882395193017025847e-02
1.349999999999967004e+00 7.709448974574714675e-02
1.449999999999966649e+00 6.666806225016685961e-02
1.549999999999966294e+00 5.811675174772851227e-02
1.649999999999965938e+00 5.084439681167465808e-02
1.749999999999965583e+00 4.446933562614942964e-02
1.849999999999965228e+00 3.905680955743640048e-02
1.949999999999964873e+00 3.422611915261057625e-02
2.049999999999964295e+00 3.017130555476231837e-02
2.149999999999963940e+00 2.663477274837540085e-02
2.249999999999963585e+00 2.357227798476121960e-02
2.349999999999963229e+00 2.075888779905089160e-02
2.449999999999962874e+00 1.836459723413189082e-02
2.549999999999962519e+00 1.629910692720169807e-02
2.649999999999962164e+00 1.449108408485693528e-02
2.749999999999961808e+00 1.290502624231612550e-02
2.849999999999961453e+00 1.145621361890723951e-02
2.949999999999961098e+00 1.021299403184019669e-02
3.049999999999960743e+00 9.164506696536352248e-03
3.149999999999960387e+00 8.123824407637272871e-03
3.249999999999960032e+00 7.288488667516026046e-03
3.349999999999959677e+00 6.562362250012044457e-03
3.449999999999959321e+00 5.796955857355897551e-03
3.549999999999958966e+00 5.192897393619244975e-03
3.649999999999958611e+00 4.674808838869478136e-03
3.749999999999958256e+00 4.159695825382813891e-03
3.849999999999957900e+00 3.735668812044088370e-03
3.949999999999957545e+00 3.357771533530975322e-03
4.049999999999957190e+00 3.005639871337725550e-03
4.149999999999956835e+00 2.676725214814492174e-03
4.249999999999956479e+00 2.369219595369780919e-03
4.349999999999956124e+00 2.153684500824228770e-03
4.449999999999955769e+00 1.931861024980671606e-03
4.549999999999955413e+00 1.735799627357973189e-03
4.649999999999955058e+00 1.534794326059123843e-03
4.749999999999954703e+00 1.369434192868095295e-03
4.849999999999954348e+00 1.251109547847928079e-03
4.949999999999953992e+00 1.125745265174386400e-03
5.049999999999953637e+00 1.011463487950460625e-03
5.149999999999953282e+00 9.075141391871165836e-04
5.249999999999952927e+00 8.077609758435587688e-04
5.349999999999952571e+00 7.342192292944794930e-04
5.449999999999952216e+00 6.512425520657228991e-04
5.549999999999951861e+00 5.887833109662595280e-04
5.649999999999951505e+00 5.371105543663370549e-04
5.749999999999951150e+00 4.721062407160304107e-04
5.849999999999950795e+00 4.114443539110449605e-04
5.949999999999950440e+00 3.784928585122717651e-04
6.049999999999950084e+00 3.414973159509218517e-04
6.149999999999949729e+00 2.958145609662590509e-04
6.249999999999949374e+00 2.621141679447864734e-04
6.349999999999949019e+00 2.387485621165654783e-04
6.449999999999948663e+00 2.090922162576696187e-04
6.549999999999948308e+00 1.912684528374241060e-04
6.649999999999947953e+00 1.602640912576693314e-04
6.749999999999947597e+00 1.512773197852766639e-04
6.849999999999947242e+00 1.244667848926384838e-04
6.949999999999946887e+00 1.234183282208593216e-04
7.049999999999946532e+00 1.018500766871169251e-04
7.149999999999946176e+00 8.971793519938682537e-05
7.249999999999945821e+00 8.672234470858925599e-05
7.349999999999945466e+00 6.680166794478552739e-05
7.449999999999945111e+00 6.155938458588979792e-05
7.549999999999944755e+00 5.122459739263822897e-05
7.649999999999944400e+00 4.628187308282225915e-05
7.749999999999944045e+00 4.088981019938665325e-05
7.849999999999943689e+00 3.429951111963202231e-05
7.949999999999943334e+00 3.295149539877312761e-05
