-7.950000000000000178e+00 4.118936924846639935e-05
-7.850000000000000533e+00 8.050649444018431614e-05
-7.750000000000000888e+00 6.833690807131926085e-05
-7.650000000000001243e+00 6.740078604294503313e-05
-7.550000000000001599e+00 5.897568778757690907e-05
-7.450000000000001954e+00 8.237873849693285290e-05
-7.350000000000002309e+00 8.331486052530703997e-05
-7.250000000000002665e+00 8.050649444018434324e-05
-7.150000000000003020e+00 7.301751821319044013e-05
-7.050000000000003375e+00 1.001650570360433016e-04
-6.950000000000003730e+00 1.610129888803686865e-04
-6.850000000000004086e+00 1.207597416602765284e-04
-6.750000000000004441e+00 1.254403518021476806e-04
-6.650000000000004796e+00 1.170152535467795362e-04
-6.550000000000005151e+00 1.525878906250005421e-04
-6.450000000000005507e+00 1.900327717599700034e-04
-6.350000000000005862e+00 1.937772598734669414e-04
-6.250000000000006217e+00 3.164092455904919795e-04
-6.150000000000006573e+00 2.827088525690194020e-04
-6.050000000000006928e+00 3.079841473351237809e-04
-5.950000000000007283e+00 3.632153470092037723e-04
-5.850000000000007638e+00 3.575986148389583247e-04
-5.750000000000007994e+00 4.128298145130382618e-04
-5.650000000000008349e+00 4.661887701303697165e-04
-5.550000000000008704e+00 5.541842407975480170e-04
-5.450000000000009059e+00 5.822679016487752011e-04
-5.350000000000009415e+00 7.170694737346651861e-04
-5.250000000000009770e+00 8.228512629409538270e-04
-5.150000000000010125e+00 1.002594063428400867e-03
-5.050000000000010481e+00 1.144877240701691092e-03
-4.950000000000010836e+00 1.155174583013807935e-03
-4.850000000000011191e+00 1.311514332791898592e-03
-4.750000000000011546e+00 1.430394459355833082e-03
-4.650000000000011902e+00 1.605464020741002472e-03
-4.550000000000012257e+00 1.806744998920650509e-03
-4.450000000000012612e+00 2.250459469330446261e-03
-4.350000000000012967e+00 2.345066762512992668e-03
-4.250000000000013323e+00 2.727903816920089139e-03
-4.150000000000013678e+00 2.961949066092836244e-03
-4.050000000000014033e+00 3.117330580723772643e-03
-3.950000000000014388e+00 3.350469192026519702e-03
-3.850000000000014744e+00 3.603207397608377844e-03
-3.750000000000015099e+00 4.176128821052599478e-03
-3.650000000000015454e+00 5.021572320347627086e-03
-3.550000000000015810e+00 5.674182052837156362e-03
-3.450000000000016165e+00 6.277877566584228602e-03
-3.350000000000016520e+00 6.667311701427504171e-03
-3.250000000000016875e+00 7.792515637454146618e-03
-3.150000000000017231e+00 8.633131105815422882e-03
-3.050000000000017586e+00 9.739678940630904641e-03
-2.950000000000017941e+00 1.104099175462537608e-02
-2.850000000000018296e+00 1.187227548686127857e-02
-2.750000000000018652e+00 1.328486888559880265e-02
-2.650000000000019007e+00 1.506088402045415060e-02
-2.550000000000019362e+00 1.701557315505592208e-02
-2.450000000000019718e+00 1.962918163203927063e-02
-2.350000000000020073e+00 2.154181898576013748e-02
-2.250000000000020428e+00 2.445710937122617945e-02
-2.150000000000020783e+00 2.709025847417184316e-02
-2.050000000000021139e+00 3.044150162535569359e-02
-1.950000000000021272e+00 3.547174965930469104e-02
-1.850000000000021627e+00 4.055411094317973308e-02
-1.750000000000021982e+00 4.626471330264818327e-02
-1.650000000000022338e+00 5.269818614401140106e-02
-1.550000000000022693e+00 5.879765506827451527e-02
-1.450000000000023048e+00 6.827131318997628484e-02
-1.350000000000023404e+00 7.932550647651392950e-02
-1.250000000000023759e+00 8.984218144277472673e-02
-1.150000000000024114e+00 1.060244217165880048e-01
-1.050000000000024469e+00 1.242122628954753782e-01
-9.500000000000248246e-01 1.466232159017852310e-01
-8.500000000000251799e-01 1.689279743406716383e-01
-7.500000000000255351e-01 1.994443730993376573e-01
-6.500000000000258904e-01 2.372483417991440580e-01
-5.500000000000262457e-01 2.830835003984408238e-01
-4.500000000000266565e-01 3.473564742423601581e-01
-3.500000000000270117e-01 4.237957690846065884e-01
-2.500000000000273670e-01 5.293733804941546106e-01
-1.500000000000277223e-01 6.785442488106367964e-01
-5.000000000002806366e-02 8.945587557713552407e-01
4.999999999997158107e-02 8.917509351431626152e-01
1.499999999999712119e-01 6.883869011743879440e-01
2.499999999999708566e-01 5.462582356330587530e-01
3.499999999999705014e-01 4.419883424709126207e-01
4.499999999999701461e-01 3.609978360868594249e-01
5.499999999999698463e-01 3.009194923733716776e-01
6.499999999999694911e-01 2.525585070076106220e-01
7.499999999999691358e-01 2.110489324281634715e-01
8.499999999999687805e-01 1.809707714574895765e-01
9.499999999999684253e-01 1.544576653834873470e-01
1.049999999999968070e+00 1.317401066142462329e-01
1.149999999999967715e+00 1.123135843447898852e-01
1.249999999999967359e+00 9.741116293351664845e-02
1.349999999999967004e+00 8.459477521136155032e-02
1.449999999999966649e+00 7.404558658945373240e-02
1.549999999999966294e+00 6.486404276684216985e-02
1.649999999999965938e+00 5.601981982914811670e-02
1.749999999999965583e+00 4.955771049896411096e-02
1.849999999999965228e+00 4.425195511812891891e-02
1.949999999999964873e+00 3.912723246971003266e-02
2.049999999999964295e+00 3.436528290592474888e-02
2.149999999999963940e+00 3.073766999622242618e-02
2.249999999999963585e+00 2.731171398771890801e-02
2.349999999999963229e+00 2.401748582779076116e-02
2.449999999999962874e+00 2.117583212786377372e-02
2.549999999999962519e+00 1.911482311816536939e-02
2.649999999999962164e+00 1.692844009602116617e-02
2.749999999999961808e+00 1.547471629635190256e-02
2.849999999999961453e+00 1.355561454090756235e-02
2.949999999999961098e+00 1.209981210807296523e-02
3.049999999999960743e+00 1.080791211163938809e-02
3.149999999999960387e+00 9.878365050582569445e-03
3.249999999999960032e+00 8.565089039327844489e-03
3.349999999999959677e+00 7.798206080020325670e-03
3.449999999999959321e+00 6.814120697011201259e-03
3.549999999999958966e+00 6.229037058237714766e-03
3.649999999999958611e+00 5.565378137397535355e-03
3.749999999999958256e+00 5.063638843307721911e-03
3.849999999999957900e+00 4.490584741150816656e-03
3.949999999999957545e+00 4.323026269111421294e-03
4.049999999999957190e+00 4.034693313332561072e-03
4.149999999999956835e+00 3.577873134525524912e-03
4.249999999999956479e+00 3.236188594168927252e-03
4.349999999999956124e+00 2.975003177212920923e-03
4.449999999999955769e+00 2.713817760256914593e-03
4.549999999999955413e+00 2.295371213573629311e-03
4.649999999999955058e+00 2.059468462423321485e-03
4.749999999999954703e+00 1.926539134394179712e-03
4.849999999999954348e+00 1.758037169286816824e-03
4.949999999999953992e+00 1.557707055214730112e-03
5.049999999999953637e+00 1.282487178872703882e-03
5.149999999999953282e+00 1.264700860333593541e-03
5.249999999999952927e+00 1.207597416602765013e-03
5.349999999999952571e+00 1.055945648006138739e-03
5.449999999999952216e+00 1.021309132956292002e-03
5.549999999999951861e+00 8.958687811541441587e-04
5.649999999999951505e+00 7.470253786426405817e-04
5.749999999999951150e+00 7.320474261886528297e-04
5.849999999999950795e+00 6.449880775498489059e-04
5.949999999999950440e+00 5.382701663151859967e-04
6.049999999999950084e+00 4.680610141871182532e-04
6.149999999999949729e+00 4.015963501725474749e-04
6.249999999999949374e+00 3.332594421012282141e-04
6.349999999999949019e+00 3.332594421012282683e-04
6.449999999999948663e+00 3.547902487538356821e-04
6.549999999999948308e+00 3.061119032783753526e-04
6.649999999999947953e+00 2.359027511503076092e-04
6.749999999999947597e+00 1.975217479869639066e-04
6.849999999999947242e+00 2.087552123274547477e-04
6.949999999999946887e+00 2.424556053489273252e-04
7.049999999999946532e+00 1.741186972776080102e-04
7.149999999999946176e+00 1.713103311924852863e-04
7.249999999999945821e+00 1.404183042561354868e-04
7.349999999999945466e+00 1.441627923696323977e-04
7.449999999999945111e+00 1.048456671779145080e-04
7.549999999999944755e+00 1.245042297737734664e-04
7.649999999999944400e+00 1.188874976035280594e-04
7.749999999999944045e+00 7.020915212806772986e-05
7.849999999999943689e+00 5.991180981595113002e-05
7.949999999999943334e+00 7.676200632668739169e-05
