-7.950000000000000178e+00 6.269613597163687421e-05
-7.850000000000000533e+00 6.643918886546594234e-05
-7.750000000000000888e+00 5.427426696052146753e-05
-7.650000000000001243e+00 6.363189919509413108e-05
-7.550000000000001599e+00 6.176037274817960379e-05
-7.450000000000001954e+00 7.298953142966680817e-05
-7.350000000000002309e+00 8.515445333461126943e-05
-7.250000000000002665e+00 7.298953142966679462e-05
-7.150000000000003020e+00 8.796174300498308069e-05
-7.050000000000003375e+00 9.076903267535486484e-05
-6.950000000000003730e+00 9.451208556918394652e-05
-6.850000000000004086e+00 1.253922719432737484e-04
-6.750000000000004441e+00 1.263280351667310053e-04
-6.650000000000004796e+00 1.057412442506711374e-04
-6.550000000000005151e+00 1.169704029321583417e-04
-6.450000000000005507e+00 1.010624281333847988e-04
-6.350000000000005862e+00 1.432086142607514505e-04
-6.250000000000006217e+00 1.628375373102802933e-04
-6.150000000000006573e+00 1.862242496823540271e-04
-6.050000000000006928e+00 1.618944058724650775e-04
-5.950000000000007283e+00 1.993249348107557588e-04
-5.850000000000007638e+00 2.311408844083028447e-04
-5.750000000000007994e+00 2.414269116519748197e-04
-5.650000000000008349e+00 2.545349649947345103e-04
-5.550000000000008704e+00 2.732502294638798103e-04
-5.450000000000009059e+00 2.872793096013809212e-04
-5.350000000000009415e+00 2.844793881453670011e-04
-5.250000000000009770e+00 2.760501509198936762e-04
-5.150000000000010125e+00 3.443756026609900772e-04
-5.050000000000010481e+00 3.219099170836577095e-04
-4.950000000000010836e+00 3.200383906367431958e-04
-4.850000000000011191e+00 3.406399179815189273e-04
-4.750000000000011546e+00 3.630834989157774454e-04
-4.650000000000011902e+00 4.145725808490009377e-04
-4.550000000000012257e+00 4.510526101351184985e-04
-4.450000000000012612e+00 4.501242151260190921e-04
-4.350000000000012967e+00 4.987986391745128549e-04
-4.250000000000013323e+00 5.315577202098752379e-04
-4.150000000000013678e+00 6.027051980500591375e-04
-4.050000000000014033e+00 7.103400733907184756e-04
-3.950000000000014388e+00 7.926651324118840977e-04
-3.850000000000014744e+00 8.319671877970893741e-04
-3.750000000000015099e+00 1.017226201398554065e-03
-3.650000000000015454e+00 1.129532524642141728e-03
-3.550000000000015810e+00 1.315771510753211294e-03
-3.450000000000016165e+00 1.635765692103806302e-03
-3.350000000000016520e+00 2.109350301745478717e-03
-3.250000000000016875e+00 2.485497644717869076e-03
-3.150000000000017231e+00 3.254643436899238348e-03
-3.050000000000017586e+00 4.091201022241316466e-03
-2.950000000000017941e+00 5.140272646094842107e-03
-2.850000000000018296e+00 6.795571474461513731e-03
-2.750000000000018652e+00 8.629741074581342639e-03
-2.650000000000019007e+00 1.114423264279770440e-02
-2.550000000000019362e+00 1.431734678782647235e-02
-2.450000000000019718e+00 1.793967148940088865e-02
-2.350000000000020073e+00 2.257267204980968611e-02
-2.250000000000020428e+00 2.804228177306107572e-02
-2.150000000000020783e+00 3.406685803353728947e-02
-2.050000000000021139e+00 4.281278848032845502e-02
-1.950000000000021272e+00 5.209677541239323556e-02
-1.850000000000021627e+00 6.346002085876573107e-02
-1.750000000000021982e+00 7.567677078350341924e-02
-1.650000000000022338e+00 9.085168930402030829e-02
-1.550000000000022693e+00 1.081754738598844634e-01
-1.450000000000023048e+00 1.283713515313983089e-01
-1.350000000000023404e+00 1.489732030776049765e-01
-1.250000000000023759e+00 1.708558050117216509e-01
-1.150000000000024114e+00 1.953560682514947633e-01
-1.050000000000024469e+00 2.209840735398214129e-01
-9.500000000000248246e-01 2.470095939927585693e-01
-8.500000000000251799e-01 2.732112810827783678e-01
-7.500000000000255351e-01 3.011664852985557195e-01
-6.500000000000258904e-01 3.263776264913667569e-01
-5.500000000000262457e-01 3.506808047334929457e-01
-4.500000000000266565e-01 3.739777059407564108e-01
-3.500000000000270117e-01 3.945267421264452290e-01
-2.500000000000273670e-01 4.087115789472579030e-01
-1.500000000000277223e-01 4.225816677553428935e-01
-5.000000000002806366e-02 4.259398714450426393e-01
4.999999999997158107e-02 4.232462880586423948e-01
1.499999999999712119e-01 4.193080953757580831e-01
2.499999999999708566e-01 4.084015023824330015e-01
3.499999999999705014e-01 3.931187868858599943e-01
4.499999999999701461e-01 3.751939697166057908e-01
5.499999999999698463e-01 3.532687647670719744e-01
6.499999999999694911e-01 3.275649037119318652e-01
7.499999999999691358e-01 3.041703662962114141e-01
8.499999999999687805e-01 2.748699103440348512e-01
9.499999999999684253e-01 2.483847238383792844e-01
1.049999999999968070e+00 2.203994425715912198e-01
1.149999999999967715e+00 1.949151911453877728e-01
1.249999999999967359e+00 1.719413935059331267e-01
1.349999999999967004e+00 1.480976971111668539e-01
1.449999999999966649e+00 1.270406962276421914e-01
1.549999999999966294e+00 1.098826449173308795e-01
1.649999999999965938e+00 9.253510523837678303e-02
1.749999999999965583e+00 7.639617376055431175e-02
1.849999999999965228e+00 6.311084854855775195e-02
1.949999999999964873e+00 5.155395169243012776e-02
2.049999999999964295e+00 4.255927032891511363e-02
2.149999999999963940e+00 3.427091336196580462e-02
2.249999999999963585e+00 2.766065247860637066e-02
2.349999999999963229e+00 2.221160744162797504e-02
2.449999999999962874e+00 1.755704748600787207e-02
2.549999999999962519e+00 1.367167753185530646e-02
2.649999999999962164e+00 1.091306228553196728e-02
2.749999999999961808e+00 8.690631998035283634e-03
2.849999999999961453e+00 6.904282109098429376e-03
2.949999999999961098e+00 5.472446485779096370e-03
3.049999999999960743e+00 4.206322003369634618e-03
3.149999999999960387e+00 3.309927149226796553e-03
3.249999999999960032e+00 2.577165599544891349e-03
3.349999999999959677e+00 2.043787930388606903e-03
3.449999999999959321e+00 1.645204374696316229e-03
3.549999999999958966e+00 1.279269376824019883e-03
3.649999999999958611e+00 1.088373679238737856e-03
3.749999999999958256e+00 9.751168563429771534e-04
3.849999999999957900e+00 7.823201594533488309e-04
3.949999999999957545e+00 7.158883388022408475e-04
4.049999999999957190e+00 6.709790722906499617e-04
4.149999999999956835e+00 5.998536990935396948e-04
4.249999999999956479e+00 5.727165656132788933e-04
4.349999999999956124e+00 5.689808809338078519e-04
4.449999999999955769e+00 4.323520820946890079e-04
4.549999999999955413e+00 4.267301345395874807e-04
4.649999999999955058e+00 4.276953706204764376e-04
4.749999999999954703e+00 4.174167115911623944e-04
4.849999999999954348e+00 3.584636285133545883e-04
4.949999999999953992e+00 3.322033125416876164e-04
5.049999999999953637e+00 3.509185770108329706e-04
5.149999999999953282e+00 2.872866778157388530e-04
5.249999999999952927e+00 3.144238112959995462e-04
5.349999999999952571e+00 2.526781749765358602e-04
5.449999999999952216e+00 2.741933609016950803e-04
5.549999999999951861e+00 2.639220700867389146e-04
5.649999999999951505e+00 2.339850151504642743e-04
5.749999999999951150e+00 2.143266192435037856e-04
5.849999999999950795e+00 1.974460401494833133e-04
5.949999999999950440e+00 1.862242496823540271e-04
6.049999999999950084e+00 1.684373802223080251e-04
6.149999999999949729e+00 1.684373802223080251e-04
6.249999999999949374e+00 1.534725368613496844e-04
6.349999999999949019e+00 1.375571938482182232e-04
6.449999999999948663e+00 1.347499041778464255e-04
6.549999999999948308e+00 1.646943273284789705e-04
6.649999999999947953e+00 1.384929570716754801e-04
6.749999999999947597e+00 1.422360099655045618e-04
6.849999999999947242e+00 1.600155112111926320e-04
6.949999999999946887e+00 1.253922719432737484e-04
7.049999999999946532e+00 9.170479589881214881e-05
7.149999999999946176e+00 8.234716366423947172e-05
7.249999999999945821e+00 7.953987399386767401e-05
7.349999999999945466e+00 6.363189919509414463e-05
7.449999999999945111e+00 6.550342564200867192e-05
7.549999999999944755e+00 6.363189919509414463e-05
7.649999999999944400e+00 4.585239794940607441e-05
7.749999999999944045e+00 5.427426696052146753e-05
7.849999999999943689e+00 4.772392439632060169e-05
7.949999999999943334e+00 4.491663472594880399e-05
