-7.950000000000000178e+00 1.872244056748473025e-06
-7.850000000000000533e+00 1.872244056748473025e-06
-7.750000000000000888e+00 3.744488113496946050e-06
-7.650000000000001243e+00 7.488976226993892099e-06
-7.550000000000001599e+00 5.616732170245418863e-06
-7.450000000000001954e+00 9.361220283742365336e-06
-7.350000000000002309e+00 5.616732170245418863e-06
-7.250000000000002665e+00 1.029734231211660153e-05
-7.150000000000003020e+00 8.425098255368127447e-06
-7.050000000000003375e+00 7.488976226993892099e-06
-6.950000000000003730e+00 1.310570839723931181e-05
-6.850000000000004086e+00 1.591407448236202039e-05
-6.750000000000004441e+00 2.246692868098167545e-05
-6.650000000000004796e+00 1.685019651073625489e-05
-6.550000000000005151e+00 3.182814896472404079e-05
-6.450000000000005507e+00 2.433917273773015123e-05
-6.350000000000005862e+00 4.212549127684064062e-05
-6.250000000000006217e+00 4.867834547546030246e-05
-6.150000000000006573e+00 5.429507764570570946e-05
-6.050000000000006928e+00 6.833690807131926085e-05
-5.950000000000007283e+00 7.208139618481621241e-05
-5.850000000000007638e+00 7.395364024156468141e-05
-5.750000000000007994e+00 8.237873849693281225e-05
-5.650000000000008349e+00 1.095262773197856602e-04
-5.550000000000008704e+00 1.207597416602765149e-04
-5.450000000000009059e+00 1.216958636886507426e-04
-5.350000000000009415e+00 1.750548193059822243e-04
-5.250000000000009770e+00 2.068829682707062380e-04
-5.150000000000010125e+00 2.050107242139577826e-04
-5.050000000000010481e+00 2.031384801572093000e-04
-4.950000000000010836e+00 2.593058018596635056e-04
-4.850000000000011191e+00 3.079841473351237809e-04
-4.750000000000011546e+00 3.547902487538355737e-04
-4.650000000000011902e+00 3.912990078604307938e-04
-4.550000000000012257e+00 4.381051092791426408e-04
-4.450000000000012612e+00 5.139309935774558861e-04
-4.350000000000012967e+00 6.122238065567507052e-04
-4.250000000000013323e+00 6.908580569401866472e-04
-4.150000000000013678e+00 8.069371884585921318e-04
-4.050000000000014033e+00 9.754391535659545859e-04
-3.950000000000014388e+00 1.099007261311354001e-03
-3.850000000000014744e+00 1.271253714532212878e-03
-3.750000000000015099e+00 1.527751150306753524e-03
-3.650000000000015454e+00 1.800162660563655757e-03
-3.550000000000015810e+00 2.185844936253841971e-03
-3.450000000000016165e+00 2.598674750766882292e-03
-3.350000000000016520e+00 3.066735764954003039e-03
-3.250000000000016875e+00 3.743559362508172821e-03
-3.150000000000017231e+00 4.607592623658003476e-03
-3.050000000000017586e+00 5.694437669640090016e-03
-2.950000000000017941e+00 7.052750732811113865e-03
-2.850000000000018296e+00 8.587062108356066648e-03
-2.750000000000018652e+00 1.080284820743865337e-02
-2.650000000000019007e+00 1.305048456860474597e-02
-2.550000000000019362e+00 1.629509826102901182e-02
-2.450000000000019718e+00 2.003864288145807901e-02
-2.350000000000020073e+00 2.474639319111261032e-02
-2.250000000000020428e+00 3.031539050895061538e-02
-2.150000000000020783e+00 3.679803555544194915e-02
-2.050000000000021139e+00 4.487676866031134471e-02
-1.950000000000021272e+00 5.412098106154630828e-02
-1.850000000000021627e+00 6.489386599303736958e-02
-1.750000000000021982e+00 7.716456828304645021e-02
-1.650000000000022338e+00 9.120175495371624086e-02
-1.550000000000022693e+00 1.074397055447769700e-01
-1.450000000000023048e+00 1.256229840501557615e-01
-1.350000000000023404e+00 1.457140202810459084e-01
-1.250000000000023759e+00 1.670061600426565596e-01
-1.150000000000024114e+00 1.902023646389404410e-01
-1.050000000000024469e+00 2.159289660462362370e-01
-9.500000000000248246e-01 2.419504458924694734e-01
-8.500000000000251799e-01 2.686326952120219325e-01
-7.500000000000255351e-01 2.959882521432425362e-01
-6.500000000000258904e-01 3.237734006330121872e-01
-5.500000000000262457e-01 3.493913824008584301e-01
-4.500000000000266565e-01 3.731036334790828191e-01
-3.500000000000270117e-01 3.924253174524005017e-01
-2.500000000000273670e-01 4.105741216056009169e-01
-1.500000000000277223e-01 4.221576661005457809e-01
-5.000000000002806366e-02 4.280319792493861852e-01
4.999999999997158107e-02 4.285458070484092219e-01
1.499999999999712119e-01 4.210745876557958622e-01
2.499999999999708566e-01 4.091454888247080812e-01
3.499999999999705014e-01 3.938106380046423327e-01
4.499999999999701461e-01 3.729097530246551218e-01
5.499999999999698463e-01 3.498286324695449867e-01
6.499999999999694911e-01 3.241918398086559572e-01
7.499999999999691358e-01 2.976433674866854062e-01
8.499999999999687805e-01 2.701801565222017310e-01
9.499999999999684253e-01 2.438937836260973713e-01
1.049999999999968070e+00 2.174117685971018454e-01
1.149999999999967715e+00 1.924013300256707248e-01
1.249999999999967359e+00 1.693586494420402655e-01
1.349999999999967004e+00 1.482462967071546955e-01
1.449999999999966649e+00 1.278799374053682103e-01
1.549999999999966294e+00 1.088326698650770308e-01
1.649999999999965938e+00 9.227732230912027989e-02
1.749999999999965583e+00 7.804080798576312761e-02
1.849999999999965228e+00 6.562405591724851384e-02
1.949999999999964873e+00 5.473787810720533165e-02
2.049999999999964295e+00 4.504713549843583631e-02
2.149999999999963940e+00 3.686824470757001787e-02
2.249999999999963585e+00 3.052226610618171548e-02
2.349999999999963229e+00 2.475765613961147110e-02
2.449999999999962874e+00 2.015845175901079256e-02
2.549999999999962519e+00 1.604983428959495806e-02
2.649999999999962164e+00 1.313098369200533383e-02
2.749999999999961808e+00 1.042560577208303217e-02
2.849999999999961453e+00 8.396078472488540875e-03
2.949999999999961098e+00 6.751319439674607903e-03
3.049999999999960743e+00 5.425763276457089973e-03
3.149999999999960387e+00 4.368881506422572086e-03
3.249999999999960032e+00 3.506713118289895952e-03
3.349999999999959677e+00 2.766240593845871454e-03
3.449999999999959321e+00 2.268223674750774986e-03
3.549999999999958966e+00 1.839479785755373728e-03
3.649999999999958611e+00 1.566132153470097118e-03
3.749999999999958256e+00 1.236617199482366357e-03
3.849999999999957900e+00 1.030670353240034469e-03
3.949999999999957545e+00 8.368930933665676359e-04
4.049999999999957190e+00 7.367280363305242800e-04
4.149999999999956835e+00 5.850762677338978979e-04
4.249999999999956479e+00 4.558914278182531437e-04
4.349999999999956124e+00 4.287438889954002822e-04
4.449999999999955769e+00 3.126647574769949602e-04
4.549999999999955413e+00 3.107925134202464777e-04
4.649999999999955058e+00 2.536890696894180579e-04
4.749999999999954703e+00 2.012662361004608446e-04
4.849999999999954348e+00 1.741186972776080102e-04
4.949999999999953992e+00 1.413544262845097010e-04
5.049999999999953637e+00 1.188874976035280459e-04
5.149999999999953282e+00 9.642056892254636364e-05
5.249999999999952927e+00 1.001650570360433016e-04
5.349999999999952571e+00 8.425098255368128125e-05
5.449999999999952216e+00 6.272017590107384030e-05
5.549999999999951861e+00 5.897568778757690229e-05
5.649999999999951505e+00 4.867834547546030246e-05
5.749999999999951150e+00 4.306161330521488190e-05
5.849999999999950795e+00 3.744488113496946134e-05
5.949999999999950440e+00 2.714753882285285473e-05
6.049999999999950084e+00 2.714753882285285473e-05
6.149999999999949729e+00 1.216958636886507561e-05
6.249999999999949374e+00 1.778631853911049617e-05
6.349999999999949019e+00 1.497795245398778420e-05
6.449999999999948663e+00 8.425098255368129141e-06
6.549999999999948308e+00 6.552854198619655058e-06
6.649999999999947953e+00 1.123346434049083773e-05
6.749999999999947597e+00 6.552854198619655905e-06
6.849999999999947242e+00 2.808366085122709431e-06
6.949999999999946887e+00 2.808366085122709431e-06
7.049999999999946532e+00 3.744488113496946050e-06
7.149999999999946176e+00 9.361220283742365124e-07
7.249999999999945821e+00 3.744488113496946050e-06
7.349999999999945466e+00 9.361220283742365124e-07
7.449999999999945111e+00 9.361220283742365124e-07
7.549999999999944755e+00 2.808366085122709431e-06
7.649999999999944400e+00 2.808366085122709431e-06
7.749999999999944045e+00 1.872244056748473025e-06
7.849999999999943689e+00 0.000000000000000000e+00
7.949999999999943334e+00 1.872244056748473025e-06
