-7.950000000000000178e+00 7.957037241181010197e-05
-7.850000000000000533e+00 7.676200632668740524e-05
-7.750000000000000888e+00 8.425098255368128125e-05
-7.650000000000001243e+00 9.922893500766906036e-05
-7.550000000000001599e+00 7.957037241181010197e-05
-7.450000000000001954e+00 9.173995878067518436e-05
-7.350000000000002309e+00 1.132707654332826253e-04
-7.250000000000002665e+00 1.001650570360433016e-04
-7.150000000000003020e+00 1.273125958588961631e-04
-7.050000000000003375e+00 1.413544262845097010e-04
-6.950000000000003730e+00 1.394821822277612184e-04
-6.850000000000004086e+00 1.469711584547550944e-04
-6.750000000000004441e+00 1.731825752492337418e-04
-6.650000000000004796e+00 1.516517685966263008e-04
-6.550000000000005151e+00 1.638213549654913832e-04
-6.450000000000005507e+00 2.106274563842031760e-04
-6.350000000000005862e+00 1.862882836464730383e-04
-6.250000000000006217e+00 2.227970427530682855e-04
-6.150000000000006573e+00 2.471362154907983961e-04
-6.050000000000006928e+00 2.359027511503075550e-04
-5.950000000000007283e+00 2.499445815759210928e-04
-5.850000000000007638e+00 2.780282424271481685e-04
-5.750000000000007994e+00 2.939423169095102431e-04
-5.650000000000008349e+00 3.267065879026084980e-04
-5.550000000000008704e+00 3.070480253067495125e-04
-5.450000000000009059e+00 3.098637624314657378e-04
-5.350000000000009415e+00 3.370113012543185993e-04
-5.250000000000009770e+00 3.688394502190426400e-04
-5.150000000000010125e+00 3.978887172570179896e-04
-5.050000000000010481e+00 4.259355229102775855e-04
-4.950000000000010836e+00 4.231271568251548346e-04
-4.850000000000011191e+00 4.802527136747637856e-04
-4.750000000000011546e+00 5.551498469842962909e-04
-4.650000000000011902e+00 5.485675086273026236e-04
-4.550000000000012257e+00 6.075653095336601113e-04
-4.450000000000012612e+00 6.365703503340743984e-04
-4.350000000000012967e+00 7.049220004845806620e-04
-4.250000000000013323e+00 7.666986833176869494e-04
-4.150000000000013678e+00 7.891656119986686316e-04
-4.050000000000014033e+00 8.996427534260154546e-04
-3.950000000000014388e+00 1.016680120091575414e-03
-3.850000000000014744e+00 1.077513309856713850e-03
-3.750000000000015099e+00 1.253489509111882852e-03
-3.650000000000015454e+00 1.451984234325188507e-03
-3.550000000000015810e+00 1.656051465471178276e-03
-3.450000000000016165e+00 1.896642197802950267e-03
-3.350000000000016520e+00 2.400268478028697895e-03
-3.250000000000016875e+00 2.911413218639813567e-03
-3.150000000000017231e+00 3.415054240944749228e-03
-3.050000000000017586e+00 4.122769865435268674e-03
-2.950000000000017941e+00 5.296733228372907908e-03
-2.850000000000018296e+00 6.546419281054552397e-03
-2.750000000000018652e+00 8.479511269647341254e-03
-2.650000000000019007e+00 1.067575674276756773e-02
-2.550000000000019362e+00 1.315649486003843405e-02
-2.450000000000019718e+00 1.683830702387185616e-02
-2.350000000000020073e+00 2.109956398118984292e-02
-2.250000000000020428e+00 2.601057070763507229e-02
-2.150000000000020783e+00 3.274708172876629464e-02
-2.050000000000021139e+00 4.000681125336255639e-02
-1.950000000000021272e+00 4.996091373576807410e-02
-1.850000000000021627e+00 6.054222534822399637e-02
-1.750000000000021982e+00 7.362171495762949436e-02
-1.650000000000022338e+00 8.854966227901522879e-02
-1.550000000000022693e+00 1.046856640214583745e-01
-1.450000000000023048e+00 1.240215077618349593e-01
-1.350000000000023404e+00 1.454113506532577760e-01
-1.250000000000023759e+00 1.685135007843290844e-01
-1.150000000000024114e+00 1.936146031427607717e-01
-1.050000000000024469e+00 2.204817771036357010e-01
-9.500000000000248246e-01 2.479832437636096121e-01
-8.500000000000251799e-01 2.766451847840646350e-01
-7.500000000000255351e-01 3.032232002327256981e-01
-6.500000000000258904e-01 3.298833290624585413e-01
-5.500000000000262457e-01 3.551619481674199719e-01
-4.500000000000266565e-01 3.784891066531219650e-01
-3.500000000000270117e-01 3.980973029354387682e-01
-2.500000000000273670e-01 4.126960743706581947e-01
-1.500000000000277223e-01 4.242211149243493296e-01
-5.000000000002806366e-02 4.293467958079154601e-01
4.999999999997158107e-02 4.295676174120575119e-01
1.499999999999712119e-01 4.248459726927692470e-01
2.499999999999708566e-01 4.137777228337269353e-01
3.499999999999705014e-01 3.984653757975399335e-01
4.499999999999701461e-01 3.789676345435316618e-01
5.499999999999698463e-01 3.552945089434695891e-01
6.499999999999694911e-01 3.303154488875878481e-01
7.499999999999691358e-01 3.029574816264195558e-01
8.499999999999687805e-01 2.762682961586095942e-01
9.499999999999684253e-01 2.478996930298173473e-01
1.049999999999968070e+00 2.200332493443712678e-01
1.149999999999967715e+00 1.927546755506642784e-01
1.249999999999967359e+00 1.680816315745460865e-01
1.349999999999967004e+00 1.448649207461125410e-01
1.449999999999966649e+00 1.235724345456405970e-01
1.549999999999966294e+00 1.048111412284584709e-01
1.649999999999965938e+00 8.793970138161366634e-02
1.749999999999965583e+00 7.380871086107693158e-02
1.849999999999965228e+00 6.080545991418696838e-02
1.949999999999964873e+00 4.968277492774701709e-02
2.049999999999964295e+00 4.043938071190697481e-02
2.149999999999963940e+00 3.290894238719992843e-02
2.249999999999963585e+00 2.633267776683134026e-02
2.349999999999963229e+00 2.088327556639782423e-02
2.449999999999962874e+00 1.680269753159566865e-02
2.549999999999962519e+00 1.318078980653860158e-02
2.649999999999962164e+00 1.049509256233093629e-02
2.749999999999961808e+00 8.388729546013821980e-03
2.849999999999961453e+00 6.724275095406065036e-03
2.949999999999961098e+00 5.398748416346920570e-03
3.049999999999960743e+00 4.354928128472079427e-03
3.149999999999960387e+00 3.469341947550861477e-03
3.249999999999960032e+00 2.806545438343118447e-03
3.349999999999959677e+00 2.431175247044234725e-03
3.449999999999959321e+00 1.988382156583625750e-03
3.549999999999958966e+00 1.710324429998103142e-03
3.649999999999958611e+00 1.475350429836576761e-03
3.749999999999958256e+00 1.233860430674398089e-03
3.849999999999957900e+00 1.116815692969244656e-03
3.949999999999957545e+00 9.633064223950570104e-04
4.049999999999957190e+00 9.183651939935002801e-04
4.149999999999956835e+00 8.490921638938068051e-04
4.249999999999956479e+00 7.367501494493048112e-04
4.349999999999956124e+00 7.077303665697035756e-04
4.449999999999955769e+00 6.122311775963442879e-04
4.549999999999955413e+00 5.504618658028315832e-04
4.649999999999955058e+00 5.504544947632381089e-04
4.749999999999954703e+00 4.886630698509449814e-04
4.849999999999954348e+00 4.605867800393112716e-04
4.949999999999953992e+00 4.334318701768649900e-04
5.049999999999953637e+00 4.334244991372714615e-04
5.149999999999953282e+00 4.212549127684063520e-04
5.249999999999952927e+00 3.697755722474169084e-04
5.349999999999952571e+00 3.679622965074163827e-04
5.449999999999952216e+00 3.201758468227693132e-04
5.549999999999951861e+00 2.883329557788582697e-04
5.649999999999951505e+00 3.192323537548016248e-04
5.749999999999951150e+00 2.817727305406451336e-04
5.849999999999950795e+00 2.639864120015346849e-04
5.949999999999950440e+00 2.583696798312892372e-04
6.049999999999950084e+00 2.265415308665651964e-04
6.149999999999949729e+00 2.218609207246940171e-04
6.249999999999949374e+00 2.096913343558289618e-04
6.349999999999949019e+00 2.153080665260743553e-04
6.449999999999948663e+00 1.750548193059822243e-04
6.549999999999948308e+00 1.497795245398778454e-04
6.649999999999947953e+00 1.516517685966263008e-04
6.749999999999947597e+00 1.450989143980066661e-04
6.849999999999947242e+00 1.385460601993870043e-04
6.949999999999946887e+00 1.254403518021476806e-04
7.049999999999946532e+00 1.301209619440188599e-04
7.149999999999946176e+00 1.263764738305219219e-04
7.249999999999945821e+00 1.113985213765341428e-04
7.349999999999945466e+00 1.216958636886507426e-04
7.449999999999945111e+00 9.735669095092059136e-05
7.549999999999944755e+00 9.173995878067518436e-05
7.649999999999944400e+00 6.833690807131926085e-05
7.749999999999944045e+00 8.986771472392670180e-05
7.849999999999943689e+00 8.518710458205552252e-05
7.949999999999943334e+00 8.050649444018434324e-05
