-7.950000000000000178e+00 0.000000000000000000e+00
-7.850000000000000533e+00 0.000000000000000000e+00
-7.750000000000000888e+00 0.000000000000000000e+00
-7.650000000000001243e+00 0.000000000000000000e+00
-7.550000000000001599e+00 0.000000000000000000e+00
-7.450000000000001954e+00 0.000000000000000000e+00
-7.350000000000002309e+00 0.000000000000000000e+00
-7.250000000000002665e+00 0.000000000000000000e+00
-7.150000000000003020e+00 0.000000000000000000e+00
-7.050000000000003375e+00 0.000000000000000000e+00
-6.950000000000003730e+00 0.000000000000000000e+00
-6.850000000000004086e+00 0.000000000000000000e+00
-6.750000000000004441e+00 0.000000000000000000e+00
-6.650000000000004796e+00 0.000000000000000000e+00
-6.550000000000005151e+00 0.000000000000000000e+00
-6.450000000000005507e+00 0.000000000000000000e+00
-6.350000000000005862e+00 0.000000000000000000e+00
-6.250000000000006217e+00 0.000000000000000000e+00
-6.150000000000006573e+00 0.000000000000000000e+00
-6.050000000000006928e+00 0.000000000000000000e+00
-5.950000000000007283e+00 0.000000000000000000e+00
-5.850000000000007638e+00 0.000000000000000000e+00
-5.750000000000007994e+00 0.000000000000000000e+00
-5.650000000000008349e+00 0.000000000000000000e+00
-5.550000000000008704e+00 0.000000000000000000e+00
-5.450000000000009059e+00 0.000000000000000000e+00
-5.350000000000009415e+00 9.357632234572667144e-07
-5.250000000000009770e+00 0.000000000000000000e+00
-5.150000000000010125e+00 9.357632234572667144e-07
-5.050000000000010481e+00 0.000000000000000000e+00
-4.950000000000010836e+00 0.000000000000000000e+00
-4.850000000000011191e+00 1.871526446914533429e-06
-4.750000000000011546e+00 1.871526446914533429e-06
-4.650000000000011902e+00 6.550342564200867530e-06
-4.550000000000012257e+00 9.357632234572666933e-06
-4.450000000000012612e+00 1.403644835185900209e-05
-4.350000000000012967e+00 2.152255413951713157e-05
-4.250000000000013323e+00 2.807289670371800080e-05
-4.150000000000013678e+00 5.146697729014966982e-05
-4.050000000000014033e+00 7.018224175929499691e-05
-3.950000000000014388e+00 1.356856674013036824e-04
-3.850000000000014744e+00 2.227116471828294926e-04
-3.750000000000015099e+00 3.312601811038725090e-04
-3.650000000000015454e+00 4.744319542928343006e-04
-3.550000000000015810e+00 6.821713899003475478e-04
-3.450000000000016165e+00 9.563500143733265476e-04
-3.350000000000016520e+00 1.390544150057497312e-03
-3.250000000000016875e+00 2.026863142008437403e-03
-3.150000000000017231e+00 2.682833161651983385e-03
-3.050000000000017586e+00 3.672870652069774432e-03
-2.950000000000017941e+00 5.126110938098898603e-03
-2.850000000000018296e+00 7.036003677175163042e-03
-2.750000000000018652e+00 9.072224451418191282e-03
-2.650000000000019007e+00 1.205356608135308566e-02
-2.550000000000019362e+00 1.561975972594877547e-02
-2.450000000000019718e+00 2.008054301216963961e-02
-2.350000000000020073e+00 2.547241070573049923e-02
-2.250000000000020428e+00 3.217808996502530272e-02
-2.150000000000020783e+00 4.043245735914140215e-02
-2.050000000000021139e+00 4.977324585569145587e-02
-1.950000000000021272e+00 6.077314254743125532e-02
-1.850000000000021627e+00 7.336477248227168957e-02
-1.750000000000021982e+00 8.783354344336737063e-02
-1.650000000000022338e+00 1.044255611584878618e-01
-1.550000000000022693e+00 1.218410505102509311e-01
-1.450000000000023048e+00 1.414134740920823252e-01
-1.350000000000023404e+00 1.626702714761368296e-01
-1.250000000000023759e+00 1.850303337006475868e-01
-1.150000000000024114e+00 2.078461126149824534e-01
-1.050000000000024469e+00 2.309819225517399099e-01
-9.500000000000248246e-01 2.541701352290112181e-01
-8.500000000000251799e-01 2.774893547575651986e-01
-7.500000000000255351e-01 3.009096367142526374e-01
-6.500000000000258904e-01 3.214262453885522453e-01
-5.500000000000262457e-01 3.402341504168188147e-01
-4.500000000000266565e-01 3.581615022518119806e-01
-3.500000000000270117e-01 3.710638055768402666e-01
-2.500000000000273670e-01 3.837387184385682160e-01
-1.500000000000277223e-01 3.899868094815920894e-01
-5.000000000002806366e-02 3.955096840264363811e-01
4.999999999997158107e-02 3.955433715024812003e-01
1.499999999999712119e-01 3.913708032890853561e-01
2.499999999999708566e-01 3.837415257282386083e-01
3.499999999999705014e-01 3.722971415053567545e-01
4.499999999999701461e-01 3.575158256276266266e-01
5.499999999999698463e-01 3.410763373179303004e-01
6.499999999999694911e-01 3.212568722451063508e-01
7.499999999999691358e-01 3.008619127898561896e-01
8.499999999999687805e-01 2.783979808475421924e-01
9.499999999999684253e-01 2.534945141816750125e-01
1.049999999999968070e+00 2.312523581233190684e-01
1.149999999999967715e+00 2.076776752347600508e-01
1.249999999999967359e+00 1.848834188745647755e-01
1.349999999999967004e+00 1.629042122820010818e-01
1.449999999999966649e+00 1.423305220510704405e-01
1.549999999999966294e+00 1.222284564847622712e-01
1.649999999999965938e+00 1.038360303277097718e-01
1.749999999999965583e+00 8.799355895457861010e-02
1.849999999999965228e+00 7.292402800402331131e-02
1.949999999999964873e+00 6.079092204867694166e-02
2.049999999999964295e+00 4.928945626916404060e-02
2.149999999999963940e+00 4.026495574214254691e-02
2.249999999999963585e+00 3.235588497748216608e-02
2.349999999999963229e+00 2.542562254455763698e-02
2.449999999999962874e+00 2.011984506755484792e-02
2.549999999999962519e+00 1.572082215408215911e-02
2.649999999999962164e+00 1.194033873131475354e-02
2.749999999999961808e+00 9.069417161747816286e-03
2.849999999999961453e+00 6.780540317171330697e-03
2.949999999999961098e+00 5.151376545132245813e-03
3.049999999999960743e+00 3.677549468187060744e-03
3.149999999999960387e+00 2.840977146416261666e-03
3.249999999999960032e+00 1.954809373802227947e-03
3.349999999999959677e+00 1.393351439727869056e-03
3.449999999999959321e+00 1.007816991663476082e-03
3.549999999999958966e+00 7.336383671904971905e-04
3.649999999999958611e+00 4.575882162706035143e-04
3.749999999999958256e+00 3.153522063050989525e-04
3.849999999999957900e+00 2.039963827136841656e-04
3.949999999999957545e+00 1.403644835185899938e-04
4.049999999999957190e+00 1.076127706975856782e-04
4.149999999999956835e+00 6.082460952472234014e-05
4.249999999999956479e+00 3.930205538520520179e-05
4.349999999999956124e+00 2.620137025680347012e-05
4.449999999999955769e+00 1.684373802223079980e-05
4.549999999999955413e+00 1.403644835185900209e-05
4.649999999999955058e+00 6.550342564200867530e-06
4.749999999999954703e+00 3.743052893829066858e-06
4.849999999999954348e+00 4.678816117286333466e-06
4.949999999999953992e+00 9.357632234572667144e-07
5.049999999999953637e+00 0.000000000000000000e+00
5.149999999999953282e+00 9.357632234572667144e-07
5.249999999999952927e+00 0.000000000000000000e+00
5.349999999999952571e+00 0.000000000000000000e+00
5.449999999999952216e+00 0.000000000000000000e+00
5.549999999999951861e+00 0.000000000000000000e+00
5.649999999999951505e+00 0.000000000000000000e+00
5.749999999999951150e+00 0.000000000000000000e+00
5.849999999999950795e+00 0.000000000000000000e+00
5.949999999999950440e+00 0.000000000000000000e+00
6.049999999999950084e+00 0.000000000000000000e+00
6.149999999999949729e+00 0.000000000000000000e+00
6.249999999999949374e+00 0.000000000000000000e+00
6.349999999999949019e+00 0.000000000000000000e+00
6.449999999999948663e+00 0.000000000000000000e+00
6.549999999999948308e+00 0.000000000000000000e+00
6.649999999999947953e+00 0.000000000000000000e+00
6.749999999999947597e+00 0.000000000000000000e+00
6.849999999999947242e+00 0.000000000000000000e+00
6.949999999999946887e+00 0.000000000000000000e+00
7.049999999999946532e+00 0.000000000000000000e+00
7.149999999999946176e+00 0.000000000000000000e+00
7.249999999999945821e+00 0.000000000000000000e+00
7.349999999999945466e+00 0.000000000000000000e+00
7.449999999999945111e+00 0.000000000000000000e+00
7.549999999999944755e+00 0.000000000000000000e+00
7.649999999999944400e+00 0.000000000000000000e+00
7.749999999999944045e+00 0.000000000000000000e+00
7.849999999999943689e+00 0.000000000000000000e+00
7.949999999999943334e+00 0.000000000000000000e+00
