-7.950000000000000178e+00 0.000000000000000000e+00
-7.850000000000000533e+00 0.000000000000000000e+00
-7.750000000000000888e+00 0.000000000000000000e+00
-7.650000000000001243e+00 0.000000000000000000e+00
-7.550000000000001599e+00 0.000000000000000000e+00
-7.450000000000001954e+00 0.000000000000000000e+00
-7.350000000000002309e+00 9.361220283742365124e-07
-7.250000000000002665e+00 0.000000000000000000e+00
-7.150000000000003020e+00 0.000000000000000000e+00
-7.050000000000003375e+00 0.000000000000000000e+00
-6.950000000000003730e+00 1.872244056748473025e-06
-6.850000000000004086e+00 0.000000000000000000e+00
-6.750000000000004441e+00 0.000000000000000000e+00
-6.650000000000004796e+00 9.361220283742365124e-07
-6.550000000000005151e+00 0.000000000000000000e+00
-6.450000000000005507e+00 9.361220283742365124e-07
-6.350000000000005862e+00 9.361220283742365124e-07
-6.250000000000006217e+00 1.872244056748473025e-06
-6.150000000000006573e+00 3.744488113496946050e-06
-6.050000000000006928e+00 3.744488113496946050e-06
-5.950000000000007283e+00 1.872244056748473025e-06
-5.850000000000007638e+00 3.744488113496946050e-06
-5.750000000000007994e+00 5.616732170245418863e-06
-5.650000000000008349e+00 7.488976226993892099e-06
-5.550000000000008704e+00 4.680610141871182668e-06
-5.450000000000009059e+00 1.029734231211660153e-05
-5.350000000000009415e+00 1.404183042561354800e-05
-5.250000000000009770e+00 1.029734231211660153e-05
-5.150000000000010125e+00 1.685019651073625489e-05
-5.050000000000010481e+00 2.433917273773015123e-05
-4.950000000000010836e+00 2.340305070935590995e-05
-4.850000000000011191e+00 2.808366085122709601e-05
-4.750000000000011546e+00 3.557263707822098557e-05
-4.650000000000011902e+00 5.148671156058300596e-05
-4.550000000000012257e+00 6.178405387269959902e-05
-4.450000000000012612e+00 8.612322661042976380e-05
-4.350000000000012967e+00 1.057817892062887222e-04
-4.250000000000013323e+00 1.301209619440188599e-04
-4.150000000000013678e+00 1.741186972776079831e-04
-4.050000000000014033e+00 2.171803105828228378e-04
-3.950000000000014388e+00 3.257704658742342839e-04
-3.850000000000014744e+00 3.763210554064429876e-04
-3.750000000000015099e+00 5.466952645705540868e-04
-3.650000000000015454e+00 7.329835482170273149e-04
-3.550000000000015810e+00 9.819920077645742477e-04
-3.450000000000016165e+00 1.299337375383440062e-03
-3.350000000000016520e+00 1.709358823811354868e-03
-3.250000000000016875e+00 2.327199362538352051e-03
-3.150000000000017231e+00 3.194048360812899202e-03
-3.050000000000017586e+00 4.195698931173337531e-03
-2.950000000000017941e+00 5.583031777223962724e-03
-2.850000000000018296e+00 7.178183713573669210e-03
-2.750000000000018652e+00 9.571847740126556911e-03
-2.650000000000019007e+00 1.219018105348924561e-02
-2.550000000000019362e+00 1.583169574386497636e-02
-2.450000000000019718e+00 2.021649132477000219e-02
-2.350000000000020073e+00 2.542413816861597772e-02
-2.250000000000020428e+00 3.184967977137677375e-02
-2.150000000000020783e+00 3.973089112825913677e-02
-2.050000000000021139e+00 4.855009675757250565e-02
-1.950000000000021272e+00 5.952987202837371761e-02
-1.850000000000021627e+00 7.198123112777982113e-02
-1.750000000000021982e+00 8.607735663103936730e-02
-1.650000000000022338e+00 1.014016742355257072e-01
-1.550000000000022693e+00 1.193930034988501254e-01
-1.450000000000023048e+00 1.387042648221833430e-01
-1.350000000000023404e+00 1.595535746381357145e-01
-1.250000000000023759e+00 1.815346559863921239e-01
-1.150000000000024114e+00 2.047270792393642846e-01
-1.050000000000024469e+00 2.292047980372939331e-01
-9.500000000000248246e-01 2.532528368241994121e-01
-8.500000000000251799e-01 2.769320435319247431e-01
-7.500000000000255351e-01 2.999999625551227900e-01
-6.500000000000258904e-01 3.228647430981634869e-01
-5.500000000000262457e-01 3.435998460266532772e-01
-4.500000000000266565e-01 3.613140831695791921e-01
-3.500000000000270117e-01 3.755665410515770519e-01
-2.500000000000273670e-01 3.883951573284180059e-01
-1.500000000000277223e-01 3.950715796347831765e-01
-5.000000000002806366e-02 3.992008139019420643e-01
4.999999999997158107e-02 3.998523548336904154e-01
1.499999999999712119e-01 3.944331444114319574e-01
2.499999999999708566e-01 3.853134436110100536e-01
3.499999999999705014e-01 3.752154952909368957e-01
4.499999999999701461e-01 3.605998220619296424e-01
5.499999999999698463e-01 3.426309597272857443e-01
6.499999999999694911e-01 3.224331908430830840e-01
7.499999999999691358e-01 3.002714379433510938e-01
8.499999999999687805e-01 2.770602922498122678e-01
9.499999999999684253e-01 2.534466140840727633e-01
1.049999999999968070e+00 2.287395453891919728e-01
1.149999999999967715e+00 2.056753708541074199e-01
1.249999999999967359e+00 1.819502941669903229e-01
1.349999999999967004e+00 1.602266463765369964e-01
1.449999999999966649e+00 1.396712788774940595e-01
1.549999999999966294e+00 1.195830362706101213e-01
1.649999999999965938e+00 1.018697352497128228e-01
1.749999999999965583e+00 8.601557257716666016e-02
1.849999999999965228e+00 7.173971164445921977e-02
1.949999999999964873e+00 5.979666680646036903e-02
2.049999999999964295e+00 4.888990905387238101e-02
2.149999999999963940e+00 3.962230097296773335e-02
2.249999999999963585e+00 3.214643045437140523e-02
2.349999999999963229e+00 2.557766218126935817e-02
2.449999999999962874e+00 2.044958570983518645e-02
2.549999999999962519e+00 1.584292920820546541e-02
2.649999999999962164e+00 1.231468528326301604e-02
2.749999999999961808e+00 9.445471266296037727e-03
2.849999999999961453e+00 7.177247591545294833e-03
2.949999999999961098e+00 5.473505499904175384e-03
3.049999999999960743e+00 4.089917141967047698e-03
3.149999999999960387e+00 3.020865785563664647e-03
3.249999999999960032e+00 2.226098183473934101e-03
3.349999999999959677e+00 1.626980085314422286e-03
3.449999999999959321e+00 1.232872711368869284e-03
3.549999999999958966e+00 8.471904356786843712e-04
3.649999999999958611e+00 6.449880775498491228e-04
3.749999999999958256e+00 4.465302075345107852e-04
3.849999999999957900e+00 3.341955641296023741e-04
3.949999999999957545e+00 2.527529476610438437e-04
4.049999999999957190e+00 1.778631853911049211e-04
4.149999999999956835e+00 1.413544262845097010e-04
4.249999999999956479e+00 8.518710458205552252e-05
4.349999999999956124e+00 6.272017590107384030e-05
4.449999999999955769e+00 4.680610141871181990e-05
4.549999999999955413e+00 3.931712519171793035e-05
4.649999999999955058e+00 3.370039302147250979e-05
4.749999999999954703e+00 1.965856259585896517e-05
4.849999999999954348e+00 1.778631853911049278e-05
4.949999999999953992e+00 1.310570839723931012e-05
5.049999999999953637e+00 2.808366085122709431e-06
5.149999999999953282e+00 5.616732170245418863e-06
5.249999999999952927e+00 9.361220283742365124e-07
5.349999999999952571e+00 4.680610141871182668e-06
5.449999999999952216e+00 1.872244056748473025e-06
5.549999999999951861e+00 2.808366085122709431e-06
5.649999999999951505e+00 0.000000000000000000e+00
5.749999999999951150e+00 1.872244056748473025e-06
5.849999999999950795e+00 9.361220283742365124e-07
5.949999999999950440e+00 9.361220283742365124e-07
6.049999999999950084e+00 9.361220283742365124e-07
6.149999999999949729e+00 9.361220283742365124e-07
6.249999999999949374e+00 0.000000000000000000e+00
6.349999999999949019e+00 0.000000000000000000e+00
6.449999999999948663e+00 9.361220283742365124e-07
6.549999999999948308e+00 0.000000000000000000e+00
6.649999999999947953e+00 0.000000000000000000e+00
6.749999999999947597e+00 9.361220283742365124e-07
6.849999999999947242e+00 9.361220283742365124e-07
6.949999999999946887e+00 0.000000000000000000e+00
7.049999999999946532e+00 0.000000000000000000e+00
7.149999999999946176e+00 0.000000000000000000e+00
7.249999999999945821e+00 0.000000000000000000e+00
7.349999999999945466e+00 0.000000000000000000e+00
7.449999999999945111e+00 0.000000000000000000e+00
7.549999999999944755e+00 0.000000000000000000e+00
7.649999999999944400e+00 0.000000000000000000e+00
7.749999999999944045e+00 0.000000000000000000e+00
7.849999999999943689e+00 0.000000000000000000e+00
7.949999999999943334e+00 0.000000000000000000e+00
