-7.950000000000000178e+00 0.000000000000000000e+00
-7.850000000000000533e+00 0.000000000000000000e+00
-7.750000000000000888e+00 0.000000000000000000e+00
-7.650000000000001243e+00 0.000000000000000000e+00
-7.550000000000001599e+00 0.000000000000000000e+00
-7.450000000000001954e+00 0.000000000000000000e+00
-7.350000000000002309e+00 0.000000000000000000e+00
-7.250000000000002665e+00 0.000000000000000000e+00
-7.150000000000003020e+00 0.000000000000000000e+00
-7.050000000000003375e+00 0.000000000000000000e+00
-6.950000000000003730e+00 0.000000000000000000e+00
-6.850000000000004086e+00 0.000000000000000000e+00
-6.750000000000004441e+00 0.000000000000000000e+00
-6.650000000000004796e+00 0.000000000000000000e+00
-6.550000000000005151e+00 0.000000000000000000e+00
-6.450000000000005507e+00 0.000000000000000000e+00
-6.350000000000005862e+00 0.000000000000000000e+00
-6.250000000000006217e+00 0.000000000000000000e+00
-6.150000000000006573e+00 0.000000000000000000e+00
-6.050000000000006928e+00 0.000000000000000000e+00
-5.950000000000007283e+00 0.000000000000000000e+00
-5.850000000000007638e+00 0.000000000000000000e+00
-5.750000000000007994e+00 0.000000000000000000e+00
-5.650000000000008349e+00 0.000000000000000000e+00
-5.550000000000008704e+00 0.000000000000000000e+00
-5.450000000000009059e+00 0.000000000000000000e+00
-5.350000000000009415e+00 0.000000000000000000e+00
-5.250000000000009770e+00 1.122915868148720269e-05
-5.150000000000010125e+00 6.363189919509404976e-05
-5.050000000000010481e+00 3.275171282100433596e-05
-4.950000000000010836e+00 6.456766241855138794e-05
-4.850000000000011191e+00 5.895308307780779253e-05
-4.750000000000011546e+00 4.772392439632061525e-05
-4.650000000000011902e+00 4.491663472594881076e-05
-4.550000000000012257e+00 1.029339545802992719e-04
-4.450000000000012612e+00 1.066770074741283942e-04
-4.350000000000012967e+00 1.450432996358762782e-04
-4.250000000000013323e+00 3.088018637408979105e-04
-4.150000000000013678e+00 2.423626748754319953e-04
-4.050000000000014033e+00 5.642652237447317188e-04
-3.950000000000014388e+00 7.523536316596415689e-04
-3.850000000000014744e+00 1.090164155327715987e-03
-3.750000000000015099e+00 1.282931379359911932e-03
-3.650000000000015454e+00 1.400837545515528845e-03
-3.550000000000015810e+00 1.691859908010736246e-03
-3.450000000000016165e+00 2.376838587581454453e-03
-3.350000000000016520e+00 2.303849056151788255e-03
-3.250000000000016875e+00 2.659439081065548792e-03
-3.150000000000017231e+00 4.393408334131864226e-03
-3.050000000000017586e+00 5.213136917880435012e-03
-2.950000000000017941e+00 5.766172982943676070e-03
-2.850000000000018296e+00 6.947106170946737436e-03
-2.750000000000018652e+00 9.445593977577663308e-03
-2.650000000000019007e+00 1.083520236441172513e-02
-2.550000000000019362e+00 1.483465438146813406e-02
-2.450000000000019718e+00 1.824083251485263124e-02
-2.350000000000020073e+00 2.071686200412058143e-02
-2.250000000000020428e+00 2.650549330442718982e-02
-2.150000000000020783e+00 3.391580227098518752e-02
-2.050000000000021139e+00 4.315365681295495193e-02
-1.950000000000021272e+00 4.870366849127978626e-02
-1.850000000000021627e+00 5.752417263558769200e-02
-1.750000000000021982e+00 6.603681067937798577e-02
-1.650000000000022338e+00 7.927037418551041714e-02
-1.550000000000022693e+00 9.329465761546394675e-02
-1.450000000000023048e+00 1.099868019954943765e-01
-1.350000000000023404e+00 1.249777288352791893e-01
-1.250000000000023759e+00 1.495611644787243066e-01
-1.150000000000024114e+00 1.716414334994212365e-01
-1.050000000000024469e+00 1.987757596900109891e-01
-9.500000000000248246e-01 2.306122960784744436e-01
-8.500000000000251799e-01 2.535422381060706831e-01
-7.500000000000255351e-01 2.861105413352765803e-01
-6.500000000000258904e-01 3.126384929570655835e-01
-5.500000000000262457e-01 3.373576142679118872e-01
-4.500000000000266565e-01 3.666254806079826123e-01
-3.500000000000270117e-01 3.895694590839299254e-01
-2.500000000000273670e-01 4.103050363525191924e-01
-1.500000000000277223e-01 4.315122382857300432e-01
-5.000000000002806366e-02 4.448599649051244165e-01
4.999999999997158107e-02 4.453503048342151716e-01
1.499999999999712119e-01 4.348005102529582944e-01
2.499999999999708566e-01 4.250769945980139020e-01
3.499999999999705014e-01 4.137692318057579755e-01
4.499999999999701461e-01 3.857496736057777209e-01
5.499999999999698463e-01 3.535051444518886865e-01
6.499999999999694911e-01 3.346626161843547775e-01
7.499999999999691358e-01 3.120059170180087826e-01
8.499999999999687805e-01 2.811846837269986743e-01
9.499999999999684253e-01 2.408701325340131261e-01
1.049999999999968070e+00 2.146874775416793280e-01
1.149999999999967715e+00 1.850031965671678491e-01
1.249999999999967359e+00 1.720625269499777843e-01
1.349999999999967004e+00 1.473948726164214240e-01
1.449999999999966649e+00 1.288386878952642589e-01
1.549999999999966294e+00 1.120772970366979288e-01
1.649999999999965938e+00 9.863880138462824410e-02
1.749999999999965583e+00 8.371712102337901251e-02
1.849999999999965228e+00 7.154845606554127713e-02
1.949999999999964873e+00 6.102486285454142290e-02
2.049999999999964295e+00 5.039459263606711759e-02
2.149999999999963940e+00 4.113427977673435321e-02
2.249999999999963585e+00 3.766821279704879455e-02
2.349999999999963229e+00 3.311104589881203736e-02
2.449999999999962874e+00 2.580273512361085445e-02
2.549999999999962519e+00 2.255750826466104003e-02
2.649999999999962164e+00 1.869654920467631390e-02
2.749999999999961808e+00 1.562911735818334202e-02
2.849999999999961453e+00 1.313811565734008049e-02
2.949999999999961098e+00 1.063120598169802616e-02
3.049999999999960743e+00 9.687020889229644091e-03
3.149999999999960387e+00 7.535701238501373717e-03
3.249999999999960032e+00 6.127377587198175324e-03
3.349999999999959677e+00 5.760558403602933017e-03
3.449999999999959321e+00 5.134532807110019255e-03
3.549999999999958966e+00 3.836629216174788394e-03
3.649999999999958611e+00 2.983213156381767095e-03
3.749999999999958256e+00 1.950130557684942503e-03
3.849999999999957900e+00 1.612320034016870903e-03
3.949999999999957545e+00 1.135080790053663666e-03
4.049999999999957190e+00 7.953987399386757643e-04
4.149999999999956835e+00 6.475481506324283661e-04
4.249999999999956479e+00 4.819180600804922471e-04
4.349999999999956124e+00 6.353832287274835660e-04
4.449999999999955769e+00 4.837895865274068692e-04
4.549999999999955413e+00 4.744319542928341379e-04
4.649999999999955058e+00 2.142897781717140182e-04
4.749999999999954703e+00 3.088018637408977479e-04
4.849999999999954348e+00 2.105467252778849907e-04
4.949999999999953992e+00 1.609512744346498075e-04
5.049999999999953637e+00 2.592064128976629442e-04
5.149999999999953282e+00 1.937029872556541503e-04
5.249999999999952927e+00 1.656300905519363358e-04
5.349999999999952571e+00 1.955745137025681219e-04
5.449999999999952216e+00 5.240274051360687248e-05
5.549999999999951861e+00 0.000000000000000000e+00
5.649999999999951505e+00 0.000000000000000000e+00
5.749999999999951150e+00 0.000000000000000000e+00
5.849999999999950795e+00 0.000000000000000000e+00
5.949999999999950440e+00 0.000000000000000000e+00
6.049999999999950084e+00 0.000000000000000000e+00
6.149999999999949729e+00 0.000000000000000000e+00
6.249999999999949374e+00 0.000000000000000000e+00
6.349999999999949019e+00 0.000000000000000000e+00
6.449999999999948663e+00 0.000000000000000000e+00
6.549999999999948308e+00 0.000000000000000000e+00
6.649999999999947953e+00 0.000000000000000000e+00
6.749999999999947597e+00 0.000000000000000000e+00
6.849999999999947242e+00 0.000000000000000000e+00
6.949999999999946887e+00 0.000000000000000000e+00
7.049999999999946532e+00 0.000000000000000000e+00
7.149999999999946176e+00 0.000000000000000000e+00
7.249999999999945821e+00 0.000000000000000000e+00
7.349999999999945466e+00 0.000000000000000000e+00
7.449999999999945111e+00 0.000000000000000000e+00
7.549999999999944755e+00 0.000000000000000000e+00
7.649999999999944400e+00 0.000000000000000000e+00
7.749999999999944045e+00 0.000000000000000000e+00
7.849999999999943689e+00 0.000000000000000000e+00
7.949999999999943334e+00 0.000000000000000000e+00
