-7.950000000000000178e+00 0.000000000000000000e+00
-7.850000000000000533e+00 0.000000000000000000e+00
-7.750000000000000888e+00 0.000000000000000000e+00
-7.650000000000001243e+00 0.000000000000000000e+00
-7.550000000000001599e+00 0.000000000000000000e+00
-7.450000000000001954e+00 0.000000000000000000e+00
-7.350000000000002309e+00 0.000000000000000000e+00
-7.250000000000002665e+00 0.000000000000000000e+00
-7.150000000000003020e+00 0.000000000000000000e+00
-7.050000000000003375e+00 0.000000000000000000e+00
-6.950000000000003730e+00 0.000000000000000000e+00
-6.850000000000004086e+00 0.000000000000000000e+00
-6.750000000000004441e+00 0.000000000000000000e+00
-6.650000000000004796e+00 0.000000000000000000e+00
-6.550000000000005151e+00 0.000000000000000000e+00
-6.450000000000005507e+00 0.000000000000000000e+00
-6.350000000000005862e+00 2.246692868098168223e-05
-6.250000000000006217e+00 1.123346434049083603e-05
-6.150000000000006573e+00 1.029734231211659984e-05
-6.050000000000006928e+00 9.361220283742363642e-06
-5.950000000000007283e+00 1.029734231211659984e-05
-5.850000000000007638e+00 1.685019651073625489e-05
-5.750000000000007994e+00 5.710344373082843329e-05
-5.650000000000008349e+00 6.552854198619653702e-05
-5.550000000000008704e+00 9.173995878067515725e-05
-5.450000000000009059e+00 1.245042297737734664e-04
-5.350000000000009415e+00 1.029734231211660390e-04
-5.250000000000009770e+00 8.893159269555246053e-05
-5.150000000000010125e+00 1.713103311924852592e-04
-5.050000000000010481e+00 1.366738161426385488e-04
-4.950000000000010836e+00 9.922893500766906036e-05
-4.850000000000011191e+00 1.553962567101232388e-04
-4.750000000000011546e+00 2.293498969516879473e-04
-4.650000000000011902e+00 3.828739096050627036e-04
-4.550000000000012257e+00 3.959796180023020273e-04
-4.450000000000012612e+00 4.287438889954003907e-04
-4.350000000000012967e+00 5.354618002300632999e-04
-4.250000000000013323e+00 5.317173121165664432e-04
-4.150000000000013678e+00 8.350208493098189907e-04
-4.050000000000014033e+00 1.009139546587427055e-03
-3.950000000000014388e+00 1.286231666986201172e-03
-3.850000000000014744e+00 1.424777727185588556e-03
-3.750000000000015099e+00 1.607321522718564277e-03
-3.650000000000015454e+00 2.274776528949397358e-03
-3.550000000000015810e+00 2.831769135832069156e-03
-3.450000000000016165e+00 2.916020118385750926e-03
-3.350000000000016520e+00 4.008474525498489059e-03
-3.250000000000016875e+00 4.777966832822113166e-03
-3.150000000000017231e+00 5.783361891296044666e-03
-3.050000000000017586e+00 6.757864922833627802e-03
-2.950000000000017941e+00 8.082477592983163678e-03
-2.850000000000018296e+00 9.807750491276854762e-03
-2.750000000000018652e+00 1.140383854965489746e-02
-2.650000000000019007e+00 1.438819557611194233e-02
-2.550000000000019362e+00 1.744463399875383416e-02
-2.450000000000019718e+00 2.172832840059443424e-02
-2.350000000000020073e+00 2.465839034940583291e-02
-2.250000000000020428e+00 3.022176356403390163e-02
-2.150000000000020783e+00 3.728386814608891653e-02
-2.050000000000021139e+00 4.539068491180960063e-02
-1.950000000000021272e+00 5.255201842887233243e-02
-1.850000000000021627e+00 6.317700345091986636e-02
-1.750000000000021982e+00 7.429813314800617907e-02
-1.650000000000022338e+00 8.688429381949795693e-02
-1.550000000000022693e+00 1.022441840610625180e-01
-1.450000000000023048e+00 1.190868915955719115e-01
-1.350000000000023404e+00 1.414611441957460136e-01
-1.250000000000023759e+00 1.586708115653788498e-01
-1.150000000000024114e+00 1.833666467959206847e-01
-1.050000000000024469e+00 2.085576905794715996e-01
-9.500000000000248246e-01 2.367396442436782711e-01
-8.500000000000251799e-01 2.639807952693678517e-01
-7.500000000000255351e-01 2.909972770082477900e-01
-6.500000000000258904e-01 3.258631419550461761e-01
-5.500000000000262457e-01 3.549362837902652612e-01
-4.500000000000266565e-01 3.797472620302965174e-01
-3.500000000000270117e-01 4.063687002732035980e-01
-2.500000000000273670e-01 4.225130607745462008e-01
-1.500000000000277223e-01 4.372841302602635816e-01
-5.000000000002806366e-02 4.429944746333462358e-01
4.999999999997158107e-02 4.421538370518663941e-01
1.499999999999712119e-01 4.349428890672994985e-01
2.499999999999708566e-01 4.203684052075407074e-01
3.499999999999705014e-01 3.998766940064285569e-01
4.499999999999701461e-01 3.790788709020372904e-01
5.499999999999698463e-01 3.527260996812741078e-01
6.499999999999694911e-01 3.213304390936581045e-01
7.499999999999691358e-01 2.943261269411465708e-01
8.499999999999687805e-01 2.660280941454221670e-01
9.499999999999684253e-01 2.345687772598781251e-01
1.049999999999968070e+00 2.071319767302578496e-01
1.149999999999967715e+00 1.820045892446361668e-01
1.249999999999967359e+00 1.604887605444817178e-01
1.349999999999967004e+00 1.393071274084566047e-01
1.449999999999966649e+00 1.225982853240038806e-01
1.549999999999966294e+00 1.026542055094903927e-01
1.649999999999965938e+00 8.593225771664128598e-02
1.749999999999965583e+00 7.280033790260731497e-02
1.849999999999965228e+00 6.060454011694749177e-02
1.949999999999964873e+00 5.047289140385317896e-02
2.049999999999964295e+00 4.229212099789099455e-02
2.149999999999963940e+00 3.583007063602382247e-02
2.249999999999963585e+00 3.025359171299863564e-02
2.349999999999963229e+00 2.648008381662210128e-02
2.449999999999962874e+00 2.203912091401467183e-02
2.549999999999962519e+00 1.770206755655677131e-02
2.649999999999962164e+00 1.487123454275304790e-02
2.749999999999961808e+00 1.196925625479293431e-02
2.849999999999961453e+00 9.549380811445570133e-03
2.949999999999961098e+00 8.287488317197118370e-03
3.049999999999960743e+00 6.754120434720128560e-03
3.149999999999960387e+00 5.918163463381934108e-03
3.249999999999960032e+00 5.347129026073650995e-03
3.349999999999959677e+00 4.111447948619655762e-03
3.449999999999959321e+00 3.126647574769953614e-03
3.549999999999958966e+00 2.709137150115043576e-03
3.649999999999958611e+00 2.206439620878076959e-03
3.749999999999958256e+00 1.573621129697092133e-03
3.849999999999957900e+00 1.280614934815955779e-03
3.949999999999957545e+00 1.343335110717029917e-03
4.049999999999957190e+00 1.183258243865035119e-03
4.149999999999956835e+00 8.621683881326717980e-04
4.249999999999956479e+00 5.635454610812902672e-04
4.349999999999956124e+00 4.755499904141120750e-04
4.449999999999955769e+00 4.118936924846639935e-04
4.549999999999955413e+00 3.931712519171792221e-04
4.649999999999955058e+00 3.622792249808295039e-04
4.749999999999954703e+00 2.920700728527618147e-04
4.849999999999954348e+00 2.059468462423319967e-04
4.949999999999953992e+00 1.216958636886507697e-04
5.049999999999953637e+00 1.525878906250005421e-04
5.149999999999953282e+00 1.188874976035280323e-04
5.249999999999952927e+00 9.173995878067518436e-05
5.349999999999952571e+00 9.829281297929483264e-05
5.449999999999952216e+00 8.518710458205552252e-05
5.549999999999951861e+00 5.242283358895725401e-05
5.649999999999951505e+00 3.557263707822099234e-05
5.749999999999951150e+00 4.118936924846640612e-05
5.849999999999950795e+00 2.433917273773015462e-05
5.949999999999950440e+00 1.216958636886507223e-05
6.049999999999950084e+00 1.591407448236201701e-05
6.149999999999949729e+00 1.685019651073625489e-05
6.249999999999949374e+00 9.361220283742363642e-06
6.349999999999949019e+00 9.361220283742363642e-06
6.449999999999948663e+00 0.000000000000000000e+00
6.549999999999948308e+00 0.000000000000000000e+00
6.649999999999947953e+00 0.000000000000000000e+00
6.749999999999947597e+00 0.000000000000000000e+00
6.849999999999947242e+00 0.000000000000000000e+00
6.949999999999946887e+00 0.000000000000000000e+00
7.049999999999946532e+00 0.000000000000000000e+00
7.149999999999946176e+00 0.000000000000000000e+00
7.249999999999945821e+00 0.000000000000000000e+00
7.349999999999945466e+00 0.000000000000000000e+00
7.449999999999945111e+00 0.000000000000000000e+00
7.549999999999944755e+00 0.000000000000000000e+00
7.649999999999944400e+00 0.000000000000000000e+00
7.749999999999944045e+00 0.000000000000000000e+00
7.849999999999943689e+00 0.000000000000000000e+00
7.949999999999943334e+00 0.000000000000000000e+00
