-7.950000000000000178e+00 2.714753882285285812e-05
-7.850000000000000533e+00 1.872244056748473067e-05
-7.750000000000000888e+00 2.621141679447862023e-05
-7.650000000000001243e+00 3.838100316334368907e-05
-7.550000000000001599e+00 4.867834547546030246e-05
-7.450000000000001954e+00 9.361220283742365336e-05
-7.350000000000002309e+00 7.676200632668737814e-05
-7.250000000000002665e+00 7.208139618481619886e-05
-7.150000000000003020e+00 1.085901552914114325e-04
-7.050000000000003375e+00 1.142068874616568395e-04
-6.950000000000003730e+00 1.441627923696323977e-04
-6.850000000000004086e+00 2.068829682707062380e-04
-6.750000000000004441e+00 1.909688937883442447e-04
-6.650000000000004796e+00 2.134358224693259269e-04
-6.550000000000005151e+00 2.246692868098167139e-04
-6.450000000000005507e+00 2.359027511503075550e-04
-6.350000000000005862e+00 2.415194833205530026e-04
-6.250000000000006217e+00 2.752198763420254718e-04
-6.150000000000006573e+00 3.267065879026084980e-04
-6.050000000000006928e+00 3.828739096050626494e-04
-5.950000000000007283e+00 4.025693273988891689e-04
-5.850000000000007638e+00 4.934395035075317057e-04
-5.750000000000007994e+00 5.298745522181919120e-04
-5.650000000000008349e+00 5.785823818520261386e-04
-5.550000000000008704e+00 6.918384052061217612e-04
-5.450000000000009059e+00 7.676421763856543668e-04
-5.350000000000009415e+00 8.490921638938065882e-04
-5.250000000000009770e+00 9.220949400278100798e-04
-5.150000000000010125e+00 1.108390594713876565e-03
-5.050000000000010481e+00 1.184201736933002645e-03
-4.950000000000010836e+00 1.244120917788547019e-03
-4.850000000000011191e+00 1.546480961913832258e-03
-4.750000000000011546e+00 1.779575346979017387e-03
-4.650000000000011902e+00 1.996755657561840279e-03
-4.550000000000012257e+00 2.115635784125774986e-03
-4.450000000000012612e+00 2.280400632159234817e-03
-4.350000000000012967e+00 2.580895803267366402e-03
-4.250000000000013323e+00 2.823351408616293998e-03
-4.150000000000013678e+00 3.030227005847407548e-03
-4.050000000000014033e+00 3.301709765115530722e-03
-3.950000000000014388e+00 3.823129734919982273e-03
-3.850000000000014744e+00 4.276330733286612049e-03
-3.750000000000015099e+00 4.837075199322375153e-03
-3.650000000000015454e+00 5.288197564523637595e-03
-3.550000000000015810e+00 5.878861080269408290e-03
-3.450000000000016165e+00 6.550053203574142911e-03
-3.350000000000016520e+00 7.423462427086898428e-03
-3.250000000000016875e+00 7.960855439690451771e-03
-3.150000000000017231e+00 8.731298611121627445e-03
-3.050000000000017586e+00 1.003349594986732533e-02
-2.950000000000017941e+00 1.155938222715689398e-02
-2.850000000000018296e+00 1.280535327588338754e-02
-2.750000000000018652e+00 1.431901836952696391e-02
-2.650000000000019007e+00 1.640282600468801616e-02
-2.550000000000019362e+00 1.836968472565864846e-02
-2.450000000000019718e+00 2.095341100812997404e-02
-2.350000000000020073e+00 2.357182540292828907e-02
-2.250000000000020428e+00 2.713685081544238778e-02
-2.150000000000020783e+00 3.048342072752393758e-02
-2.050000000000021139e+00 3.466411959312436925e-02
-1.950000000000021272e+00 3.923071449456317500e-02
-1.850000000000021627e+00 4.416693017641791508e-02
-1.750000000000021982e+00 4.946268305652471581e-02
-1.650000000000022338e+00 5.657997461201637324e-02
-1.550000000000022693e+00 6.462169772708709070e-02
-1.450000000000023048e+00 7.475999511789502283e-02
-1.350000000000023404e+00 8.576188350747722400e-02
-1.250000000000023759e+00 9.776560674340951940e-02
-1.150000000000024114e+00 1.133331391703230329e-01
-1.050000000000024469e+00 1.324529598533333852e-01
-9.500000000000248246e-01 1.544668202146624592e-01
-8.500000000000251799e-01 1.797592821319813350e-01
-7.500000000000255351e-01 2.115407060767228731e-01
-6.500000000000258904e-01 2.508650917424399829e-01
-5.500000000000262457e-01 2.993985004663725080e-01
-4.500000000000266565e-01 3.591582383644705279e-01
-3.500000000000270117e-01 4.360594688870015334e-01
-2.500000000000273670e-01 5.383526040220033559e-01
-1.500000000000277223e-01 6.711775581304987304e-01
-5.000000000002806366e-02 8.556481213000994845e-01
4.999999999997158107e-02 8.589593102221320109e-01
1.499999999999712119e-01 6.705479386705008871e-01
2.499999999999708566e-01 5.353442247775110907e-01
3.499999999999705014e-01 4.411454788354756129e-01
4.499999999999701461e-01 3.638907258830010871e-01
5.499999999999698463e-01 3.013775214026720439e-01
6.499999999999694911e-01 2.516351147646144204e-01
7.499999999999691358e-01 2.107644029288150977e-01
8.499999999999687805e-01 1.768772793613196392e-01
9.499999999999684253e-01 1.488113679734323069e-01
1.049999999999968070e+00 1.285065421101724004e-01
1.149999999999967715e+00 1.079420934903512208e-01
1.249999999999967359e+00 9.461394923129887169e-02
1.349999999999967004e+00 8.092636359750905728e-02
1.449999999999966649e+00 7.091287264909817978e-02
1.549999999999966294e+00 6.171733122229861035e-02
1.649999999999965938e+00 5.340697056924292863e-02
1.749999999999965583e+00 4.694465484995032079e-02
1.849999999999965228e+00 4.157012766970782924e-02
1.949999999999964873e+00 3.649342734424064483e-02
2.049999999999964295e+00 3.148049388229677559e-02
2.149999999999963940e+00 2.837658596467278194e-02
2.249999999999963585e+00 2.502421504443113481e-02
2.349999999999963229e+00 2.176090102455808389e-02
2.449999999999962874e+00 1.913016225155943911e-02
2.549999999999962519e+00 1.697327075882881786e-02
2.649999999999962164e+00 1.534795652846251968e-02
2.749999999999961808e+00 1.378658606656982255e-02
2.849999999999961453e+00 1.261621977095382825e-02
2.949999999999961098e+00 1.122418420164258274e-02
3.049999999999960743e+00 1.032551442544292486e-02
3.149999999999960387e+00 9.245229604699076176e-03
3.249999999999960032e+00 8.141556475325051334e-03
3.349999999999959677e+00 7.021976642508255886e-03
3.449999999999959321e+00 6.465875931416397403e-03
3.549999999999958966e+00 5.667349099133984353e-03
3.649999999999958611e+00 4.951215747427691050e-03
3.749999999999958256e+00 4.486854995116505880e-03
3.849999999999957900e+00 4.169502256458045182e-03
3.949999999999957545e+00 3.792230336944039243e-03
4.049999999999957190e+00 3.523570685840225931e-03
4.149999999999956835e+00 2.981548660371946893e-03
4.249999999999956479e+00 2.718498370398785176e-03
4.349999999999956124e+00 2.465745422737740736e-03
4.449999999999955769e+00 2.144655567005376330e-03
4.549999999999955413e+00 1.991131554352001520e-03
4.649999999999955058e+00 1.722464532208594842e-03
4.749999999999954703e+00 1.713103311924852809e-03
4.849999999999954348e+00 1.516517685966262737e-03
4.949999999999953992e+00 1.348951842887274877e-03
5.049999999999953637e+00 1.156110705042182312e-03
5.149999999999953282e+00 1.029734231211660092e-03
5.249999999999952927e+00 9.351859063458622381e-04
5.349999999999952571e+00 8.743379745015368533e-04
5.449999999999952216e+00 7.938314800613525913e-04
5.549999999999951861e+00 7.526421108128861920e-04
5.649999999999951505e+00 7.825980157208616960e-04
5.749999999999951150e+00 6.721356163727019301e-04
5.849999999999950795e+00 5.382701663151861051e-04
5.949999999999950440e+00 4.427857194210138743e-04
6.049999999999950084e+00 4.015963501725474749e-04
6.149999999999949729e+00 3.941073739455535447e-04
6.249999999999949374e+00 3.791294214915657927e-04
6.349999999999949019e+00 3.482373945552160203e-04
6.449999999999948663e+00 2.939423169095102431e-04
6.549999999999948308e+00 2.967506829946329940e-04
6.649999999999947953e+00 3.098563913918722635e-04
6.749999999999947597e+00 2.368388731786818233e-04
6.849999999999947242e+00 2.518168256326696296e-04
6.949999999999946887e+00 2.443278494056756994e-04
7.049999999999946532e+00 2.171803105828228921e-04
7.149999999999946176e+00 2.508807036042953612e-04
7.249999999999945821e+00 2.293498969516879744e-04
7.349999999999945466e+00 1.675658430789883483e-04
7.449999999999945111e+00 1.703742091641110450e-04
7.549999999999944755e+00 1.076540332630372048e-04
7.649999999999944400e+00 8.986771472392670180e-05
7.749999999999944045e+00 9.922893500766906036e-05
7.849999999999943689e+00 6.552854198619655058e-05
7.949999999999943334e+00 4.212549127684064062e-05
