-7.950000000000000178e+00 1.085901552914114189e-04
-7.850000000000000533e+00 1.226319857170249839e-04
-7.750000000000000888e+00 9.454832486579788108e-05
-7.650000000000001243e+00 1.319932060007673424e-04
-7.550000000000001599e+00 1.291848399156446457e-04
-7.450000000000001954e+00 1.282487178872703773e-04
-7.350000000000002309e+00 1.432266703412581835e-04
-7.250000000000002665e+00 1.657009700618333400e-04
-7.150000000000003020e+00 1.591407448236202039e-04
-7.050000000000003375e+00 1.638213549654913832e-04
-6.950000000000003730e+00 1.628999750163041176e-04
-6.850000000000004086e+00 1.862882836464730383e-04
-6.750000000000004441e+00 1.881678987428150223e-04
-6.650000000000004796e+00 2.031605932759898041e-04
-6.550000000000005151e+00 2.078485744574544848e-04
-6.450000000000005507e+00 2.396472392638045201e-04
-6.350000000000005862e+00 2.274850239345329391e-04
-6.250000000000006217e+00 2.827162236086128762e-04
-6.150000000000006573e+00 3.248564569646404925e-04
-6.050000000000006928e+00 3.079915183747172552e-04
-5.950000000000007283e+00 3.173674807376466165e-04
-5.850000000000007638e+00 3.370260433335055478e-04
-5.750000000000007994e+00 3.847756378201851375e-04
-5.650000000000008349e+00 3.838174026730304463e-04
-5.550000000000008704e+00 4.615302731072790142e-04
-5.450000000000009059e+00 4.783878406576087773e-04
-5.350000000000009415e+00 5.308033032069725977e-04
-5.250000000000009770e+00 5.354912843884371970e-04
-5.150000000000010125e+00 6.468824347253779739e-04
-5.050000000000010481e+00 6.627891381681465200e-04
-4.950000000000010836e+00 7.751458946918355708e-04
-4.850000000000011191e+00 8.884461442834922559e-04
-4.750000000000011546e+00 9.998078104620587020e-04
-4.650000000000011902e+00 1.052267499248983476e-03
-4.550000000000012257e+00 1.160850283500801340e-03
-4.450000000000012612e+00 1.392079795548830864e-03
-4.350000000000012967e+00 1.477252158051699411e-03
-4.250000000000013323e+00 1.696371052047611783e-03
-4.150000000000013678e+00 1.987519744951186332e-03
-4.050000000000014033e+00 2.129817664303664156e-03
-3.950000000000014388e+00 2.517394297169380304e-03
-3.850000000000014744e+00 2.730808006519926893e-03
-3.750000000000015099e+00 3.205429245945260342e-03
-3.650000000000015454e+00 3.616475268876674035e-03
-3.550000000000015810e+00 4.092017888251194696e-03
-3.450000000000016165e+00 4.869957406948969593e-03
-3.350000000000016520e+00 5.564663146556965423e-03
-3.250000000000016875e+00 6.369647009523284054e-03
-3.150000000000017231e+00 7.186977363808711231e-03
-3.050000000000017586e+00 8.402100611836427896e-03
-2.950000000000017941e+00 9.680909641951953096e-03
-2.850000000000018296e+00 1.100107020418699885e-02
-2.750000000000018652e+00 1.292767567793748351e-02
-2.650000000000019007e+00 1.490033540706814721e-02
-2.550000000000019362e+00 1.725199187897775294e-02
-2.450000000000019718e+00 2.016553532806014681e-02
-2.350000000000020073e+00 2.330943850651853722e-02
-2.250000000000020428e+00 2.680879532729415690e-02
-2.150000000000020783e+00 3.118880710350292393e-02
-2.050000000000021139e+00 3.649782048383837935e-02
-1.950000000000021272e+00 4.228282611696357329e-02
-1.850000000000021627e+00 4.946774696072549909e-02
-1.750000000000021982e+00 5.690202270289590469e-02
-1.650000000000022338e+00 6.640536400104059267e-02
-1.550000000000022693e+00 7.744973169180011108e-02
-1.450000000000023048e+00 8.976831625500829304e-02
-1.350000000000023404e+00 1.046640300202514584e-01
-1.250000000000023759e+00 1.222436277539623306e-01
-1.150000000000024114e+00 1.415263336699103536e-01
-1.050000000000024469e+00 1.645392131404648794e-01
-9.500000000000248246e-01 1.908352494694776080e-01
-8.500000000000251799e-01 2.221941727957588153e-01
-7.500000000000255351e-01 2.565448978984861128e-01
-6.500000000000258904e-01 2.977467020907461071e-01
-5.500000000000262457e-01 3.435975167781408768e-01
-4.500000000000266565e-01 3.952500177612618959e-01
-3.500000000000270117e-01 4.512565697191432412e-01
-2.500000000000273670e-01 5.129947683545315051e-01
-1.500000000000277223e-01 5.754851815804342685e-01
-5.000000000002806366e-02 6.295943542365507462e-01
4.999999999997158107e-02 6.271800218149778949e-01
1.499999999999712119e-01 5.728687205111282488e-01
2.499999999999708566e-01 5.064182088925792691e-01
3.499999999999705014e-01 4.444289305355174635e-01
4.499999999999701461e-01 3.870962474733300462e-01
5.499999999999698463e-01 3.357236985739705526e-01
6.499999999999694911e-01 2.895313762511694256e-01
7.499999999999691358e-01 2.496559316654426985e-01
8.499999999999687805e-01 2.153487399225546550e-01
9.499999999999684253e-01 1.844276489770872718e-01
1.049999999999968070e+00 1.578362477205233760e-01
1.149999999999967715e+00 1.349955852190311556e-01
1.249999999999967359e+00 1.161873015244399010e-01
1.349999999999967004e+00 9.964334222465506818e-02
1.449999999999966649e+00 8.540752815005937804e-02
1.549999999999966294e+00 7.264850922906040953e-02
1.649999999999965938e+00 6.280980774253015764e-02
1.749999999999965583e+00 5.359519743630253991e-02
1.849999999999965228e+00 4.600502420672968745e-02
1.949999999999964873e+00 4.003056074293279837e-02
2.049999999999964295e+00 3.405651005735319675e-02
2.149999999999963940e+00 2.934045258607699547e-02
2.249999999999963585e+00 2.494967172102208544e-02
2.349999999999963229e+00 2.145944761830279393e-02
2.449999999999962874e+00 1.848717172573941317e-02
2.549999999999962519e+00 1.597151699391404639e-02
2.649999999999962164e+00 1.383675336204316132e-02
2.749999999999961808e+00 1.179866091444101844e-02
2.849999999999961453e+00 1.005556484241025735e-02
2.949999999999961098e+00 8.977137523643971551e-03
3.049999999999960743e+00 7.671954913862907149e-03
3.149999999999960387e+00 6.582205678280984157e-03
3.249999999999960032e+00 5.712555684960909409e-03
3.349999999999959677e+00 5.052611768075848837e-03
3.449999999999959321e+00 4.300765729539056566e-03
3.549999999999958966e+00 3.823269784672259260e-03
3.649999999999958611e+00 3.251380306771126626e-03
3.749999999999958256e+00 2.816002482141575971e-03
3.849999999999957900e+00 2.529563883538245468e-03
3.949999999999957545e+00 2.298275403173466631e-03
4.049999999999957190e+00 2.039957320619330793e-03
4.149999999999956835e+00 1.782494278658041439e-03
4.249999999999956479e+00 1.558739000757818679e-03
4.349999999999956124e+00 1.406151110132818245e-03
4.449999999999955769e+00 1.192722658703086226e-03
4.549999999999955413e+00 1.092579714785823618e-03
4.649999999999955058e+00 1.007363126045394226e-03
4.749999999999954703e+00 8.332296866885993214e-04
4.849999999999954348e+00 7.414676147891435245e-04
4.949999999999953992e+00 6.890374101605926472e-04
5.049999999999953637e+00 6.094817798279696022e-04
5.149999999999953282e+00 5.580024393069800501e-04
5.249999999999952927e+00 5.121103467978618861e-04
5.349999999999952571e+00 4.531125458915043983e-04
5.449999999999952216e+00 4.128814117901927986e-04
5.549999999999951861e+00 4.231640120231223144e-04
5.649999999999951505e+00 3.679401833886359057e-04
5.749999999999951150e+00 3.482595076739964431e-04
5.849999999999950795e+00 3.398565225374087758e-04
5.949999999999950440e+00 3.061413874367492497e-04
6.049999999999950084e+00 2.808513505914579222e-04
6.149999999999949729e+00 2.855319607333291015e-04
6.249999999999949374e+00 2.321656340764041183e-04
6.349999999999949019e+00 2.462148355416111847e-04
6.449999999999948663e+00 1.956495039302154240e-04
6.549999999999948308e+00 1.984726120945251235e-04
6.649999999999947953e+00 1.787993074194791623e-04
6.749999999999947597e+00 1.741260683172014844e-04
6.849999999999947242e+00 1.741186972776079559e-04
6.949999999999946887e+00 1.984652410549316221e-04
7.049999999999946532e+00 1.432266703412581564e-04
7.149999999999946176e+00 1.497942666190648481e-04
7.249999999999945821e+00 1.544601346817490247e-04
7.349999999999945466e+00 1.722464532208595276e-04
7.449999999999945111e+00 1.291922109552381200e-04
7.549999999999944755e+00 1.235681077453991980e-04
7.649999999999944400e+00 1.273125958588961631e-04
7.749999999999944045e+00 1.273125958588961631e-04
7.849999999999943689e+00 1.001650570360433016e-04
7.949999999999943334e+00 1.104623993481599015e-04
