-7.950000000000000178e+00 1.413002467420472778e-04
-7.850000000000000533e+00 1.385003252860334119e-04
-7.750000000000000888e+00 1.207134558259874099e-04
-7.650000000000001243e+00 1.534651686469917526e-04
-7.550000000000001599e+00 1.478653257349640208e-04
-7.450000000000001954e+00 1.450506678502342913e-04
-7.350000000000002309e+00 1.469295625115067368e-04
-7.250000000000002665e+00 1.534872732900655480e-04
-7.150000000000003020e+00 1.581587211929939276e-04
-7.050000000000003375e+00 1.768887220908551454e-04
-6.950000000000003730e+00 1.731456691970260637e-04
-6.850000000000004086e+00 1.815601699937835522e-04
-6.750000000000004441e+00 2.030900923476586088e-04
-6.650000000000004796e+00 1.806317749846842271e-04
-6.550000000000005151e+00 2.040111191424000292e-04
-6.450000000000005507e+00 2.115414342162057291e-04
-6.350000000000005862e+00 2.517718846105103034e-04
-6.250000000000006217e+00 2.498856217348798718e-04
-6.150000000000006573e+00 2.255631461393488811e-04
-6.050000000000006928e+00 2.639810158016023690e-04
-5.950000000000007283e+00 2.826962802707477232e-04
-5.850000000000007638e+00 2.958338064709390867e-04
-5.750000000000007994e+00 3.257413885497820270e-04
-5.650000000000008349e+00 3.463060748227680453e-04
-5.550000000000008704e+00 3.472271016175094657e-04
-5.450000000000009059e+00 4.287048159875130396e-04
-5.350000000000009415e+00 5.026227424262791864e-04
-5.250000000000009770e+00 4.755003453747343569e-04
-5.150000000000010125e+00 5.635062976658650148e-04
-5.050000000000010481e+00 6.411009630692388571e-04
-4.950000000000010836e+00 6.523595946081577751e-04
-4.850000000000011191e+00 7.553451266889626373e-04
-4.750000000000011546e+00 8.217622109113547572e-04
-4.650000000000011902e+00 9.322633216372492931e-04
-4.550000000000012257e+00 1.037982461244846581e-03
-4.450000000000012612e+00 1.171781865770519506e-03
-4.350000000000012967e+00 1.399253379428571937e-03
-4.250000000000013323e+00 1.421652751076682864e-03
-4.150000000000013678e+00 1.718297061126993581e-03
-4.050000000000014033e+00 2.000064946388642115e-03
-3.950000000000014388e+00 2.212608457757525918e-03
-3.850000000000014744e+00 2.634556621178817722e-03
-3.750000000000015099e+00 2.979823777777119119e-03
-3.650000000000015454e+00 3.334478039467424215e-03
-3.550000000000015810e+00 3.939106341464903606e-03
-3.450000000000016165e+00 4.508212482042792124e-03
-3.350000000000016520e+00 5.173576974992691660e-03
-3.250000000000016875e+00 5.888308504140730981e-03
-3.150000000000017231e+00 6.874779778809272414e-03
-3.050000000000017586e+00 7.980056141785102017e-03
-2.950000000000017941e+00 9.006654711846959205e-03
-2.850000000000018296e+00 1.080444006946734183e-02
-2.750000000000018652e+00 1.252739384206857411e-02
-2.650000000000019007e+00 1.433906828375365421e-02
-2.550000000000019362e+00 1.654318855857087739e-02
-2.450000000000019718e+00 1.922984582347466928e-02
-2.350000000000020073e+00 2.220139509652787821e-02
-2.250000000000020428e+00 2.574749562056950075e-02
-2.150000000000020783e+00 3.019786025168821886e-02
-2.050000000000021139e+00 3.520378087718038784e-02
-1.950000000000021272e+00 4.109613453100335184e-02
-1.850000000000021627e+00 4.789477855085187696e-02
-1.750000000000021982e+00 5.567884755893019039e-02
-1.650000000000022338e+00 6.525866092925161621e-02
-1.550000000000022693e+00 7.577484171660756052e-02
-1.450000000000023048e+00 8.784619466742027427e-02
-1.350000000000023404e+00 1.018851334757320398e-01
-1.250000000000023759e+00 1.191538185246276971e-01
-1.150000000000024114e+00 1.382843187139136398e-01
-1.050000000000024469e+00 1.611827247840578459e-01
-9.500000000000248246e-01 1.870903980165536662e-01
-8.500000000000251799e-01 2.179304202541783031e-01
-7.500000000000255351e-01 2.510381725611724457e-01
-6.500000000000258904e-01 2.923301910708797080e-01
-5.500000000000262457e-01 3.383579230491446932e-01
-4.500000000000266565e-01 3.894865224631179901e-01
-3.500000000000270117e-01 4.509044574490099211e-01
-2.500000000000273670e-01 5.166154162166212149e-01
-1.500000000000277223e-01 5.881984513121418789e-01
-5.000000000002806366e-02 6.533546203796722907e-01
4.999999999997158107e-02 6.522968616310909074e-01
1.499999999999712119e-01 5.832499511811414239e-01
2.499999999999708566e-01 5.096736372646557545e-01
3.499999999999705014e-01 4.445382391933997424e-01
4.499999999999701461e-01 3.852291387342480222e-01
5.499999999999698463e-01 3.327246431803609905e-01
6.499999999999694911e-01 2.879842487736418155e-01
7.499999999999691358e-01 2.469918734372283653e-01
8.499999999999687805e-01 2.136609231809036280e-01
9.499999999999684253e-01 1.834400077864899448e-01
1.049999999999968070e+00 1.570909122000248570e-01
1.149999999999967715e+00 1.347600649454436250e-01
1.249999999999967359e+00 1.163020248395340017e-01
1.349999999999967004e+00 9.950131718915364298e-02
1.449999999999966649e+00 8.519189123176226786e-02
1.549999999999966294e+00 7.319944448850865260e-02
1.649999999999965938e+00 6.323166515938480337e-02
1.749999999999965583e+00 5.339582107655396759e-02
1.849999999999965228e+00 4.609433326784838358e-02
1.949999999999964873e+00 3.987759397691746643e-02
2.049999999999964295e+00 3.427251963269584145e-02
2.149999999999963940e+00 2.938250101905391654e-02
2.249999999999963585e+00 2.541440075409049856e-02
2.349999999999963229e+00 2.138520325567110775e-02
2.449999999999962874e+00 1.855504264793223987e-02
2.549999999999962519e+00 1.604158262972597837e-02
2.649999999999962164e+00 1.353333193907078902e-02
2.749999999999961808e+00 1.163147055364462806e-02
2.849999999999961453e+00 1.003883102017777071e-02
2.949999999999961098e+00 8.749349298253637081e-03
3.049999999999960743e+00 7.655162097886481984e-03
3.149999999999960387e+00 6.556502391404076327e-03
3.249999999999960032e+00 5.733797049054914323e-03
3.349999999999959677e+00 4.970155312998927530e-03
3.449999999999959321e+00 4.283356684481805753e-03
3.549999999999958966e+00 3.554419238051671759e-03
3.649999999999958611e+00 3.310185036729324654e-03
3.749999999999958256e+00 2.846864349688249442e-03
3.849999999999957900e+00 2.459451006962581638e-03
3.949999999999957545e+00 2.124469877607952813e-03
4.049999999999957190e+00 1.837116885862992519e-03
4.149999999999956835e+00 1.611546371509286167e-03
4.249999999999956479e+00 1.429949360443713308e-03
4.349999999999956124e+00 1.295214192694583207e-03
4.449999999999955769e+00 1.089397861034490647e-03
4.549999999999955413e+00 9.883059600436742021e-04
4.649999999999955058e+00 8.685135310124284837e-04
4.749999999999954703e+00 7.907862377506118690e-04
4.849999999999954348e+00 7.206776781348961901e-04
4.949999999999953992e+00 6.345211476476062505e-04
5.049999999999953637e+00 5.699387488003388770e-04
5.149999999999953282e+00 5.250736915748956905e-04
5.249999999999952927e+00 4.670268988631133870e-04
5.349999999999952571e+00 4.594892155749497552e-04
5.449999999999952216e+00 3.763094436882640447e-04
5.549999999999951861e+00 3.650139710775554677e-04
5.649999999999951505e+00 3.518985495204378453e-04
5.749999999999951150e+00 2.994958090068309186e-04
5.849999999999950795e+00 2.929307300139141756e-04
5.949999999999950440e+00 3.210404677894218659e-04
6.049999999999950084e+00 2.779732548673137667e-04
6.149999999999949729e+00 2.208695935933466790e-04
6.249999999999949374e+00 2.115266977874898926e-04
6.349999999999949019e+00 1.946755915509011474e-04
6.449999999999948663e+00 2.021469609098433930e-04
6.549999999999948308e+00 1.928040651039866337e-04
6.649999999999947953e+00 1.937029872556542316e-04
6.749999999999947597e+00 1.881399854154161316e-04
6.849999999999947242e+00 1.385150617147492755e-04
6.949999999999946887e+00 1.469221942971488050e-04
7.049999999999946532e+00 1.497368521818785345e-04
7.149999999999946176e+00 1.534872732900655480e-04
7.249999999999945821e+00 1.534725368613496844e-04
7.349999999999945466e+00 1.525367736378924004e-04
7.449999999999945111e+00 1.319426145074746007e-04
7.549999999999944755e+00 1.459790628593336163e-04
7.649999999999944400e+00 1.263354033810889371e-04
7.749999999999944045e+00 1.310142194983752756e-04
7.849999999999943689e+00 1.188419293790728690e-04
7.949999999999943334e+00 1.057412442506711374e-04
