-7.950000000000000178e+00 0.000000000000000000e+00
-7.850000000000000533e+00 0.000000000000000000e+00
-7.750000000000000888e+00 0.000000000000000000e+00
-7.650000000000001243e+00 0.000000000000000000e+00
-7.550000000000001599e+00 0.000000000000000000e+00
-7.450000000000001954e+00 0.000000000000000000e+00
-7.350000000000002309e+00 0.000000000000000000e+00
-7.250000000000002665e+00 0.000000000000000000e+00
-7.150000000000003020e+00 0.000000000000000000e+00
-7.050000000000003375e+00 0.000000000000000000e+00
-6.950000000000003730e+00 0.000000000000000000e+00
-6.850000000000004086e+00 0.000000000000000000e+00
-6.750000000000004441e+00 0.000000000000000000e+00
-6.650000000000004796e+00 0.000000000000000000e+00
-6.550000000000005151e+00 0.000000000000000000e+00
-6.450000000000005507e+00 0.000000000000000000e+00
-6.350000000000005862e+00 0.000000000000000000e+00
-6.250000000000006217e+00 0.000000000000000000e+00
-6.150000000000006573e+00 3.744488113496946050e-06
-6.050000000000006928e+00 1.872244056748473025e-06
-5.950000000000007283e+00 1.872244056748473025e-06
-5.850000000000007638e+00 1.872244056748473025e-06
-5.750000000000007994e+00 0.000000000000000000e+00
-5.650000000000008349e+00 1.872244056748473025e-06
-5.550000000000008704e+00 3.744488113496946050e-06
-5.450000000000009059e+00 8.425098255368127447e-06
-5.350000000000009415e+00 1.310570839723931012e-05
-5.250000000000009770e+00 2.527529476610438573e-05
-5.150000000000010125e+00 2.808366085122709601e-05
-5.050000000000010481e+00 3.744488113496946134e-05
-4.950000000000010836e+00 4.586997939033759218e-05
-4.850000000000011191e+00 7.020915212806774341e-05
-4.750000000000011546e+00 1.263764738305219490e-04
-4.650000000000011902e+00 1.291848399156446457e-04
-4.550000000000012257e+00 2.031384801572093000e-04
-4.450000000000012612e+00 2.658586560582832216e-04
-4.350000000000012967e+00 3.641514690375780407e-04
-4.250000000000013323e+00 4.306161330521488190e-04
-4.150000000000013678e+00 5.139309935774558861e-04
-4.050000000000014033e+00 6.440519555214747460e-04
-3.950000000000014388e+00 7.629394531250028189e-04
-3.850000000000014744e+00 9.173995878067517894e-04
-3.750000000000015099e+00 1.095262773197856494e-03
-3.650000000000015454e+00 1.561451543328226318e-03
-3.550000000000015810e+00 1.856329982266111209e-03
-3.450000000000016165e+00 2.322518752396481902e-03
-3.350000000000016520e+00 3.008696199194799917e-03
-3.250000000000016875e+00 3.426206623849711256e-03
-3.150000000000017231e+00 4.733032975460150886e-03
-3.050000000000017586e+00 5.971522418999272719e-03
-2.950000000000017941e+00 7.474934396568292880e-03
-2.850000000000018296e+00 9.295691741756158255e-03
-2.750000000000018652e+00 1.122035863209355604e-02
-2.650000000000019007e+00 1.370857098351223845e-02
-2.550000000000019362e+00 1.735008567388802991e-02
-2.450000000000019718e+00 2.168245842120408717e-02
-2.350000000000020073e+00 2.675062308282227103e-02
-2.250000000000020428e+00 3.159037396951708959e-02
-2.150000000000020783e+00 3.873860177818246042e-02
-2.050000000000021139e+00 4.720863389091230211e-02
-1.950000000000021272e+00 5.647530584978870116e-02
-1.850000000000021627e+00 6.623905860573203741e-02
-1.750000000000021982e+00 7.861365569881137438e-02
-1.650000000000022338e+00 9.190097176955555613e-02
-1.550000000000022693e+00 1.089945600076691751e-01
-1.450000000000023048e+00 1.272414505847399846e-01
-1.350000000000023404e+00 1.471602551044885188e-01
-1.250000000000023759e+00 1.697507518932168114e-01
-1.150000000000024114e+00 1.904802380895367353e-01
-1.050000000000024469e+00 2.119801527152080922e-01
-9.500000000000248246e-01 2.399037366995831200e-01
-8.500000000000251799e-01 2.701929010496589290e-01
-7.500000000000255351e-01 3.013910398892866160e-01
-6.500000000000258904e-01 3.305999194186198809e-01
-5.500000000000262457e-01 3.509867849525544203e-01
-4.500000000000266565e-01 3.702297093678155182e-01
-3.500000000000270117e-01 3.899856286546257156e-01
-2.500000000000273670e-01 4.050506404572528640e-01
-1.500000000000277223e-01 4.199808506877937275e-01
-5.000000000002806366e-02 4.255685630751595561e-01
4.999999999997158107e-02 4.223951093989709582e-01
1.499999999999712119e-01 4.196288688051248439e-01
2.499999999999708566e-01 4.065624775330771157e-01
3.499999999999705014e-01 3.893097485501395005e-01
4.499999999999701461e-01 3.711611507860479442e-01
5.499999999999698463e-01 3.508351331839577592e-01
6.499999999999694911e-01 3.261673816142679483e-01
7.499999999999691358e-01 2.974593273701148788e-01
8.499999999999687805e-01 2.710775363664728044e-01
9.499999999999684253e-01 2.423198676548171115e-01
1.049999999999968070e+00 2.158753564752732002e-01
1.149999999999967715e+00 1.898296332798165287e-01
1.249999999999967359e+00 1.678354462231630151e-01
1.349999999999967004e+00 1.470189006782039731e-01
1.449999999999966649e+00 1.265580815040267260e-01
1.549999999999966294e+00 1.078066211536622410e-01
1.649999999999965938e+00 9.207321822277640677e-02
1.749999999999965583e+00 7.706905435199389032e-02
1.849999999999965228e+00 6.624841982601581414e-02
1.949999999999964873e+00 5.606622052338910978e-02
2.049999999999964295e+00 4.627532022862319849e-02
2.149999999999963940e+00 3.791387827118482268e-02
2.249999999999963585e+00 3.131047348303318129e-02
2.349999999999963229e+00 2.529027271855845138e-02
2.449999999999962874e+00 2.096819731355452354e-02
2.549999999999962519e+00 1.708609926188649208e-02
2.649999999999962164e+00 1.422624646520318989e-02
2.749999999999961808e+00 1.152366216928680208e-02
2.849999999999961453e+00 9.646737502396494912e-03
2.949999999999961098e+00 7.796960374329029060e-03
3.049999999999960743e+00 6.302909617043750932e-03
3.149999999999960387e+00 4.499002468366591380e-03
3.249999999999960032e+00 3.820313997795266210e-03
3.349999999999959677e+00 2.792452010640350535e-03
3.449999999999959321e+00 2.214864719133445049e-03
3.549999999999958966e+00 1.667233332534515068e-03
3.649999999999958611e+00 1.459414242235434860e-03
3.749999999999958256e+00 1.093390529141108174e-03
3.849999999999957900e+00 9.510999808282243669e-04
3.949999999999957545e+00 7.451531345858922618e-04
4.049999999999957190e+00 6.169044166986219387e-04
4.149999999999956835e+00 5.083142614072103842e-04
4.249999999999956479e+00 4.362328652223942667e-04
4.349999999999956124e+00 2.930061948811360289e-04
4.449999999999955769e+00 2.199886766679455888e-04
4.549999999999955413e+00 1.516517685966263008e-04
4.649999999999955058e+00 1.273125958588961631e-04
4.749999999999954703e+00 1.020373010927917706e-04
4.849999999999954348e+00 9.922893500766906036e-05
4.949999999999953992e+00 9.829281297929483264e-05
5.049999999999953637e+00 6.459241995782230930e-05
5.149999999999953282e+00 3.089202693634979951e-05
5.249999999999952927e+00 1.404183042561354631e-05
5.349999999999952571e+00 1.872244056748472728e-05
5.449999999999952216e+00 9.361220283742363642e-06
5.549999999999951861e+00 9.361220283742365124e-07
5.649999999999951505e+00 2.808366085122709431e-06
5.749999999999951150e+00 1.872244056748473025e-06
5.849999999999950795e+00 0.000000000000000000e+00
5.949999999999950440e+00 0.000000000000000000e+00
6.049999999999950084e+00 0.000000000000000000e+00
6.149999999999949729e+00 0.000000000000000000e+00
6.249999999999949374e+00 0.000000000000000000e+00
6.349999999999949019e+00 0.000000000000000000e+00
6.449999999999948663e+00 0.000000000000000000e+00
6.549999999999948308e+00 0.000000000000000000e+00
6.649999999999947953e+00 0.000000000000000000e+00
6.749999999999947597e+00 0.000000000000000000e+00
6.849999999999947242e+00 0.000000000000000000e+00
6.949999999999946887e+00 0.000000000000000000e+00
7.049999999999946532e+00 0.000000000000000000e+00
7.149999999999946176e+00 0.000000000000000000e+00
7.249999999999945821e+00 0.000000000000000000e+00
7.349999999999945466e+00 0.000000000000000000e+00
7.449999999999945111e+00 0.000000000000000000e+00
7.549999999999944755e+00 0.000000000000000000e+00
7.649999999999944400e+00 0.000000000000000000e+00
7.749999999999944045e+00 0.000000000000000000e+00
7.849999999999943689e+00 0.000000000000000000e+00
7.949999999999943334e+00 0.000000000000000000e+00
