-7.950000000000000178e+00 2.995590490797556840e-05
-7.850000000000000533e+00 5.335895561733148174e-05
-7.750000000000000888e+00 5.055058953220877146e-05
-7.650000000000001243e+00 5.897568778757689552e-05
-7.550000000000001599e+00 5.991180981595113679e-05
-7.450000000000001954e+00 7.020915212806774341e-05
-7.350000000000002309e+00 8.612322661042976380e-05
-7.250000000000002665e+00 9.922893500766906036e-05
-7.150000000000003020e+00 1.011011790644175429e-04
-7.050000000000003375e+00 1.085901552914114460e-04
-6.950000000000003730e+00 1.067179112346629635e-04
-6.850000000000004086e+00 1.132707654332826118e-04
-6.750000000000004441e+00 1.441627923696324248e-04
-6.650000000000004796e+00 1.600768668519944181e-04
-6.550000000000005151e+00 1.488434025115036041e-04
-6.450000000000005507e+00 1.900327717599700034e-04
-6.350000000000005862e+00 2.124997004409516586e-04
-6.250000000000006217e+00 2.490084595475468786e-04
-6.150000000000006573e+00 2.396546103033980215e-04
-6.050000000000006928e+00 2.930061948811359747e-04
-5.950000000000007283e+00 2.901978287960132780e-04
-5.850000000000007638e+00 3.491735165835901261e-04
-5.750000000000007994e+00 4.165743026265351727e-04
-5.650000000000008349e+00 3.725765672929460767e-04
-5.550000000000008704e+00 4.549626768294724038e-04
-5.450000000000009059e+00 4.558987988578466722e-04
-5.350000000000009415e+00 5.691621932515358775e-04
-5.250000000000009770e+00 6.009977132558533925e-04
-5.150000000000010125e+00 6.955460381216513549e-04
-5.050000000000010481e+00 8.022565783167208983e-04
-4.950000000000010836e+00 8.528292809677102959e-04
-4.850000000000011191e+00 9.660926753613993927e-04
-4.750000000000011546e+00 1.098078510322573207e-03
-4.650000000000011902e+00 1.207619529721545544e-03
-4.550000000000012257e+00 1.339597993643125559e-03
-4.450000000000012612e+00 1.519333423090978800e-03
-4.350000000000012967e+00 1.747754569053885628e-03
-4.250000000000013323e+00 1.957482758607681853e-03
-4.150000000000013678e+00 2.263565177727684501e-03
-4.050000000000014033e+00 2.440529096288383392e-03
-3.950000000000014388e+00 2.789709983911568998e-03
-3.850000000000014744e+00 3.199760916497860520e-03
-3.750000000000015099e+00 3.559209662274788639e-03
-3.650000000000015454e+00 4.123691245384456319e-03
-3.550000000000015810e+00 4.640445347126223585e-03
-3.450000000000016165e+00 5.418362752705218818e-03
-3.350000000000016520e+00 5.887396744118681205e-03
-3.250000000000016875e+00 6.872263457324723213e-03
-3.150000000000017231e+00 7.971270718636075045e-03
-3.050000000000017586e+00 9.033739736682439708e-03
-2.950000000000017941e+00 1.014210821827751449e-02
-2.850000000000018296e+00 1.175796540484531742e-02
-2.750000000000018652e+00 1.352910091148974703e-02
-2.650000000000019007e+00 1.539305991973510118e-02
-2.550000000000019362e+00 1.743559710421219155e-02
-2.450000000000019718e+00 2.009703625711776326e-02
-2.350000000000020073e+00 2.327610666547673401e-02
-2.250000000000020428e+00 2.701237606982698908e-02
-2.150000000000020783e+00 3.109394919497420265e-02
-2.050000000000021139e+00 3.582896498008482367e-02
-1.950000000000021272e+00 4.166023125769878488e-02
-1.850000000000021627e+00 4.794573785026207818e-02
-1.750000000000021982e+00 5.538686865925442765e-02
-1.650000000000022338e+00 6.364215290446753603e-02
-1.550000000000022693e+00 7.421489199787670299e-02
-1.450000000000023048e+00 8.643543436345185738e-02
-1.350000000000023404e+00 1.004936284969630556e-01
-1.250000000000023759e+00 1.164777720817008061e-01
-1.150000000000024114e+00 1.349746662086648563e-01
-1.050000000000024469e+00 1.572607906594590821e-01
-9.500000000000248246e-01 1.841383504151218875e-01
-8.500000000000251799e-01 2.133948394891896361e-01
-7.500000000000255351e-01 2.493421833651459085e-01
-6.500000000000258904e-01 2.900304840841247955e-01
-5.500000000000262457e-01 3.373753200446465428e-01
-4.500000000000266565e-01 3.907530275867049929e-01
-3.500000000000270117e-01 4.525025702520288351e-01
-2.500000000000273670e-01 5.172924898447190944e-01
-1.500000000000277223e-01 5.808493155948506459e-01
-5.000000000002806366e-02 6.241139936698252288e-01
4.999999999997158107e-02 6.229392932029285124e-01
1.499999999999712119e-01 5.816045228274417944e-01
2.499999999999708566e-01 5.174286919143278318e-01
3.499999999999705014e-01 4.521372689008146817e-01
4.499999999999701461e-01 3.905226162600516360e-01
5.499999999999698463e-01 3.376122031440627613e-01
6.499999999999694911e-01 2.901818852373752589e-01
7.499999999999691358e-01 2.487589498573103686e-01
8.499999999999687805e-01 2.146673315383735292e-01
9.499999999999684253e-01 1.833203124410354157e-01
1.049999999999968070e+00 1.574245899013058114e-01
1.149999999999967715e+00 1.348060536779635832e-01
1.249999999999967359e+00 1.160647137649603172e-01
1.349999999999967004e+00 1.005200094476681738e-01
1.449999999999966649e+00 8.560774032749793316e-02
1.549999999999966294e+00 7.456385175431211321e-02
1.649999999999965938e+00 6.414080373296768278e-02
1.749999999999965583e+00 5.551611983852641763e-02
1.849999999999965228e+00 4.763748097446200702e-02
1.949999999999964873e+00 4.183440155225353480e-02
2.049999999999964295e+00 3.603506661815861906e-02
2.149999999999963940e+00 3.101072278692403039e-02
2.249999999999963585e+00 2.711893181819059750e-02
2.349999999999963229e+00 2.315264175228564508e-02
2.449999999999962874e+00 2.038445520398703484e-02
2.549999999999962519e+00 1.762473798018135418e-02
2.649999999999962164e+00 1.547061062729829586e-02
2.749999999999961808e+00 1.345987210762761288e-02
2.849999999999961453e+00 1.159498434839348682e-02
2.949999999999961098e+00 1.030124159206153786e-02
3.049999999999960743e+00 9.055351624770575231e-03
3.149999999999960387e+00 7.740999441735201513e-03
3.249999999999960032e+00 6.854410799429271062e-03
3.349999999999959677e+00 6.123277382150208933e-03
3.449999999999959321e+00 5.353807187945362756e-03
3.549999999999958966e+00 4.659234127050050113e-03
3.649999999999958611e+00 4.159241769343896902e-03
3.749999999999958256e+00 3.578853482791460785e-03
3.849999999999957900e+00 3.135153754460850463e-03
3.949999999999957545e+00 2.779397899520264989e-03
4.049999999999957190e+00 2.552856368653698763e-03
4.149999999999956835e+00 2.159670374657331020e-03
4.249999999999956479e+00 1.928440862609300411e-03
4.349999999999956124e+00 1.738415461888923692e-03
4.449999999999955769e+00 1.514682297107481463e-03
4.549999999999955413e+00 1.344285974824590158e-03
4.649999999999955058e+00 1.260034992270909256e-03
4.749999999999954703e+00 1.051272408903861089e-03
4.849999999999954348e+00 9.923040921558780401e-04
4.949999999999953992e+00 8.528145388885231305e-04
5.049999999999953637e+00 7.620033310966286590e-04
5.149999999999953282e+00 6.805680856676636029e-04
5.249999999999952927e+00 5.738575454725939511e-04
5.349999999999952571e+00 5.532481187691737487e-04
5.449999999999952216e+00 5.148744866454236287e-04
5.549999999999951861e+00 4.558987988578466722e-04
5.649999999999951505e+00 4.137659365414125302e-04
5.749999999999951150e+00 3.295149539877311948e-04
5.849999999999950795e+00 3.257704658742342297e-04
5.949999999999950440e+00 2.995590490797556365e-04
6.049999999999950084e+00 2.920700728527617605e-04
6.149999999999949729e+00 2.546251917177923263e-04
6.249999999999949374e+00 2.387111172354302788e-04
6.349999999999949019e+00 2.106274563842032031e-04
6.449999999999948663e+00 1.619491109087429007e-04
6.549999999999948308e+00 1.404183042561354868e-04
6.649999999999947953e+00 1.778631853911049211e-04
6.749999999999947597e+00 1.273125958588961631e-04
6.849999999999947242e+00 1.104623993481599015e-04
6.949999999999946887e+00 1.039095451495402532e-04
7.049999999999946532e+00 9.642056892254635009e-05
7.149999999999946176e+00 1.020373010927917842e-04
7.249999999999945821e+00 7.208139618481619886e-05
7.349999999999945466e+00 7.020915212806774341e-05
7.449999999999945111e+00 6.740078604294501958e-05
7.549999999999944755e+00 6.178405387269959902e-05
7.649999999999944400e+00 6.272017590107384030e-05
7.749999999999944045e+00 5.148671156058300596e-05
7.849999999999943689e+00 5.148671156058300596e-05
7.949999999999943334e+00 3.838100316334369584e-05
