-7.950000000000000178e+00 5.055058953220877146e-05
-7.850000000000000533e+00 5.429507764570572301e-05
-7.750000000000000888e+00 6.084793184432537130e-05
-7.650000000000001243e+00 5.897568778757690229e-05
-7.550000000000001599e+00 6.927303009969348858e-05
-7.450000000000001954e+00 6.646466401457077830e-05
-7.350000000000002309e+00 6.833690807131926085e-05
-7.250000000000002665e+00 8.799547066717821925e-05
-7.150000000000003020e+00 9.080383675230094308e-05
-7.050000000000003375e+00 1.151430094900310943e-04
-6.950000000000003730e+00 1.348015720858900392e-04
-6.850000000000004086e+00 1.282487178872704044e-04
-6.750000000000004441e+00 1.497795245398778183e-04
-6.650000000000004796e+00 1.591407448236202039e-04
-6.550000000000005151e+00 1.862882836464730654e-04
-6.450000000000005507e+00 1.853521616180987971e-04
-6.350000000000005862e+00 2.096913343558289618e-04
-6.250000000000006217e+00 1.975217479869639066e-04
-6.150000000000006573e+00 2.677309001150315958e-04
-6.050000000000006928e+00 2.836449745973936704e-04
-5.950000000000007283e+00 2.845884676653613046e-04
-5.850000000000007638e+00 3.538541267254613053e-04
-5.750000000000007994e+00 3.482373945552159119e-04
-5.650000000000008349e+00 3.819377875766884352e-04
-5.550000000000008704e+00 4.147020585697867986e-04
-5.450000000000009059e+00 4.765155966008603489e-04
-5.350000000000009415e+00 4.746286104649248636e-04
-5.250000000000009770e+00 5.223560918328239763e-04
-5.150000000000010125e+00 5.476534997177088865e-04
-5.050000000000010481e+00 6.365998344924484039e-04
-4.950000000000010836e+00 6.749734666161986323e-04
-4.850000000000011191e+00 7.901017340270430084e-04
-4.750000000000011546e+00 8.266031220940447000e-04
-4.650000000000011902e+00 8.809276838981244286e-04
-4.550000000000012257e+00 1.008240279757020375e-03
-4.450000000000012612e+00 1.078464173964275175e-03
-4.350000000000012967e+00 1.228236327464559113e-03
-4.250000000000013323e+00 1.325607760494666720e-03
-4.150000000000013678e+00 1.377116585174030169e-03
-4.050000000000014033e+00 1.485691998386254450e-03
-3.950000000000014388e+00 1.747791424251853541e-03
-3.850000000000014744e+00 1.948121538323940036e-03
-3.750000000000015099e+00 2.166230599895543722e-03
-3.650000000000015454e+00 2.466777368280829736e-03
-3.550000000000015810e+00 2.778564972046199903e-03
-3.450000000000016165e+00 3.159566637594516184e-03
-3.350000000000016520e+00 3.682851480416123556e-03
-3.250000000000016875e+00 4.381235368781274432e-03
-3.150000000000017231e+00 5.036483933445275521e-03
-3.050000000000017586e+00 5.873494963445342540e-03
-2.950000000000017941e+00 6.899477335503917397e-03
-2.850000000000018296e+00 8.499324624074662549e-03
-2.750000000000018652e+00 1.016105179003280040e-02
-2.650000000000019007e+00 1.228043206227203213e-02
-2.550000000000019362e+00 1.480052415993258694e-02
-2.450000000000019718e+00 1.786171690311231727e-02
-2.350000000000020073e+00 2.159491995499169745e-02
-2.250000000000020428e+00 2.656401047343368710e-02
-2.150000000000020783e+00 3.167907705998522505e-02
-2.050000000000021139e+00 3.872350588909499736e-02
-1.950000000000021272e+00 4.639051483539045201e-02
-1.850000000000021627e+00 5.587537693727399890e-02
-1.750000000000021982e+00 6.671775603005265787e-02
-1.650000000000022338e+00 7.966181752900680646e-02
-1.550000000000022693e+00 9.416822246707978739e-02
-1.450000000000023048e+00 1.099900778730875106e-01
-1.350000000000023404e+00 1.296372374706956931e-01
-1.250000000000023759e+00 1.500117565133119724e-01
-1.150000000000024114e+00 1.722296693637073162e-01
-1.050000000000024469e+00 1.973042064954437236e-01
-9.500000000000248246e-01 2.240715176119057461e-01
-8.500000000000251799e-01 2.536164944335832505e-01
-7.500000000000255351e-01 2.835253499958331758e-01
-6.500000000000258904e-01 3.160038973811690188e-01
-5.500000000000262457e-01 3.502137619172652760e-01
-4.500000000000266565e-01 3.842484242132642169e-01
-3.500000000000270117e-01 4.196099989437656608e-01
-2.500000000000273670e-01 4.510148512177548641e-01
-1.500000000000277223e-01 4.805333512652130712e-01
-5.000000000002806366e-02 4.952992831363335902e-01
4.999999999997158107e-02 4.966224142275245113e-01
1.499999999999712119e-01 4.796110499360768387e-01
2.499999999999708566e-01 4.527780481147570812e-01
3.499999999999705014e-01 4.187277518437805823e-01
4.499999999999701461e-01 3.835054381643187016e-01
5.499999999999698463e-01 3.504889817936073237e-01
6.499999999999694911e-01 3.163683363207506760e-01
7.499999999999691358e-01 2.838397911738522739e-01
8.499999999999687805e-01 2.532959868899787859e-01
9.499999999999684253e-01 2.241065890182915854e-01
1.049999999999968070e+00 1.973135087474106875e-01
1.149999999999967715e+00 1.718272474571002628e-01
1.249999999999967359e+00 1.493518052253872130e-01
1.349999999999967004e+00 1.282355753236751883e-01
1.449999999999966649e+00 1.103841557628747055e-01
1.549999999999966294e+00 9.427123274539891962e-02
1.649999999999965938e+00 7.954764012570350595e-02
1.749999999999965583e+00 6.718221997691817271e-02
1.849999999999965228e+00 5.586319997986552433e-02
1.949999999999964873e+00 4.678824138977639990e-02
2.049999999999964295e+00 3.864387654836645702e-02
2.149999999999963940e+00 3.196087190364463315e-02
2.249999999999963585e+00 2.616893012226178053e-02
2.349999999999963229e+00 2.143863180249075406e-02
2.449999999999962874e+00 1.793841257008266243e-02
2.549999999999962519e+00 1.464601242797368939e-02
2.649999999999962164e+00 1.234507607950700685e-02
2.749999999999961808e+00 9.987795504387638260e-03
2.849999999999961453e+00 8.479666061478804973e-03
2.949999999999961098e+00 7.118493034945520478e-03
3.049999999999960743e+00 6.012969774633511802e-03
3.149999999999960387e+00 4.939171468731915274e-03
3.249999999999960032e+00 4.297905766176779441e-03
3.349999999999959677e+00 3.714679629380847597e-03
3.449999999999959321e+00 3.215726588257377186e-03
3.549999999999958966e+00 2.816879635853202120e-03
3.649999999999958611e+00 2.388157859976580526e-03
3.749999999999958256e+00 2.141928282355781525e-03
3.849999999999957900e+00 1.966851349931018553e-03
3.949999999999957545e+00 1.785295273703570770e-03
4.049999999999957190e+00 1.579333685382051716e-03
4.149999999999956835e+00 1.415468104178999650e-03
4.249999999999956479e+00 1.273133329628554997e-03
4.349999999999956124e+00 1.155204067172181832e-03
4.449999999999955769e+00 1.025090476267756772e-03
4.549999999999955413e+00 9.969920733373426394e-04
4.649999999999955058e+00 8.790406977621888348e-04
4.749999999999954703e+00 8.256817421448572718e-04
4.849999999999954348e+00 7.423889947383307359e-04
4.949999999999953992e+00 7.077156244905164102e-04
5.049999999999953637e+00 6.328332332601710160e-04
5.149999999999953282e+00 5.495110016952703662e-04
5.249999999999952927e+00 5.663611982060065466e-04
5.349999999999952571e+00 4.886704408905383473e-04
5.449999999999952216e+00 4.353041142336134183e-04
5.549999999999951861e+00 4.212622838079998263e-04
5.649999999999951505e+00 3.519892537083063513e-04
5.749999999999951150e+00 3.697682012078233799e-04
5.849999999999950795e+00 2.855319607333291015e-04
5.949999999999950440e+00 2.883329557788582697e-04
6.049999999999950084e+00 2.611780459164119339e-04
6.149999999999949729e+00 2.761633694099932144e-04
6.249999999999949374e+00 2.321582630368106170e-04
6.349999999999949019e+00 2.012662361004608175e-04
6.449999999999948663e+00 1.806715514762276178e-04
6.549999999999948308e+00 1.759909413343564385e-04
6.649999999999947953e+00 1.619491109087429007e-04
6.749999999999947597e+00 1.600842378915879195e-04
6.849999999999947242e+00 1.469711584547551215e-04
6.949999999999946887e+00 1.263764738305219219e-04
7.049999999999946532e+00 1.170152535467795498e-04
7.149999999999946176e+00 8.425098255368128125e-05
7.249999999999945821e+00 1.011011790644175429e-04
7.349999999999945466e+00 8.986771472392670180e-05
7.449999999999945111e+00 8.331486052530703997e-05
7.549999999999944755e+00 8.518710458205552252e-05
7.649999999999944400e+00 6.178405387269961257e-05
7.749999999999944045e+00 5.616732170245418524e-05
7.849999999999943689e+00 6.365629792944808157e-05
7.949999999999943334e+00 5.803956575920266102e-05
