-7.950000000000000178e+00 6.140960506134991471e-06
-7.850000000000000533e+00 8.687212423312914598e-06
-7.750000000000000888e+00 8.387653374233158338e-06
-7.650000000000001243e+00 6.140960506134991471e-06
-7.550000000000001599e+00 5.841401457055235211e-06
-7.450000000000001954e+00 6.140960506134991471e-06
-7.350000000000002309e+00 7.488976226993891252e-06
-7.250000000000002665e+00 6.440519555214746884e-06
-7.150000000000003020e+00 8.387653374233158338e-06
-7.050000000000003375e+00 8.237873849693281902e-06
-6.950000000000003730e+00 9.885448619631936250e-06
-6.850000000000004086e+00 1.003522814417181607e-05
-6.750000000000004441e+00 7.638755751533769382e-06
-6.650000000000004796e+00 7.938314800613525642e-06
-6.550000000000005151e+00 1.228192101226998294e-05
-6.450000000000005507e+00 8.088094325153402078e-06
-6.350000000000005862e+00 9.885448619631936250e-06
-6.250000000000006217e+00 1.123346434049083773e-05
-6.150000000000006573e+00 1.153302338957059399e-05
-6.050000000000006928e+00 1.078412576687120503e-05
-5.950000000000007283e+00 1.407927530674851711e-05
-5.850000000000007638e+00 1.078412576687120503e-05
-5.750000000000007994e+00 1.407927530674851711e-05
-5.650000000000008349e+00 1.692626563934115482e-05
-5.550000000000008704e+00 1.632596817484668398e-05
-5.450000000000009059e+00 1.917295850743932508e-05
-5.350000000000009415e+00 2.606163726993874379e-05
-5.250000000000009770e+00 2.321582630368106441e-05
-5.150000000000010125e+00 2.875766871165654336e-05
-5.050000000000010481e+00 3.400113143688722776e-05
-4.950000000000010836e+00 3.849451717308356149e-05
-4.850000000000011191e+00 4.388540069018420907e-05
-4.750000000000011546e+00 6.215850268404930366e-05
-4.650000000000011902e+00 6.335791824670328025e-05
-4.550000000000012257e+00 8.612322661042976380e-05
-4.450000000000012612e+00 1.024503741516113824e-04
-4.350000000000012967e+00 1.368984854294483635e-04
-4.250000000000013323e+00 1.601166704657993852e-04
-4.150000000000013678e+00 2.146340586656451011e-04
-4.050000000000014033e+00 2.844324964675632849e-04
-3.950000000000014388e+00 3.907759588908767470e-04
-3.850000000000014744e+00 4.857397155481640210e-04
-3.750000000000015099e+00 6.461512275977020518e-04
-3.650000000000015454e+00 8.505990992282983811e-04
-3.550000000000015810e+00 1.118855407045551975e-03
-3.450000000000016165e+00 1.493453997919783321e-03
-3.350000000000016520e+00 1.972749655813722976e-03
-3.250000000000016875e+00 2.586994306585421125e-03
-3.150000000000017231e+00 3.391762050670847281e-03
-3.050000000000017586e+00 4.486051256959184413e-03
-2.950000000000017941e+00 5.831225884317154870e-03
-2.850000000000018296e+00 7.531533661190846843e-03
-2.750000000000018652e+00 9.640276049088764010e-03
-2.650000000000019007e+00 1.248564003550546586e-02
-2.550000000000019362e+00 1.583590608168082906e-02
-2.450000000000019718e+00 2.002001007273315064e-02
-2.350000000000020073e+00 2.529765673118393801e-02
-2.250000000000020428e+00 3.149000222853431952e-02
-2.150000000000020783e+00 3.871582762457390081e-02
-2.050000000000021139e+00 4.779850516732477017e-02
-1.950000000000021272e+00 5.819772468155414574e-02
-1.850000000000021627e+00 7.017958423468875773e-02
-1.750000000000021982e+00 8.384900497334958624e-02
-1.650000000000022338e+00 9.932012479206575595e-02
-1.550000000000022693e+00 1.169098181964475236e-01
-1.450000000000023048e+00 1.357899872175716560e-01
-1.350000000000023404e+00 1.566666394626326508e-01
-1.250000000000023759e+00 1.788567130758462742e-01
-1.150000000000024114e+00 2.024927794475605280e-01
-1.050000000000024469e+00 2.269732237610851966e-01
-9.500000000000248246e-01 2.518022168218795320e-01
-8.500000000000251799e-01 2.762548174756200292e-01
-7.500000000000255351e-01 3.004637563270889933e-01
-6.500000000000258904e-01 3.239552937131966459e-01
-5.500000000000262457e-01 3.449587443503961404e-01
-4.500000000000266565e-01 3.635847363390085629e-01
-3.500000000000270117e-01 3.798287314773765577e-01
-2.500000000000273670e-01 3.918535553460887888e-01
-1.500000000000277223e-01 4.003485263393365967e-01
-5.000000000002806366e-02 4.047927289612649471e-01
4.999999999997158107e-02 4.047720051360272353e-01
1.499999999999712119e-01 4.001127875201069273e-01
2.499999999999708566e-01 3.919890433093818904e-01
3.499999999999705014e-01 3.795475811574189340e-01
4.499999999999701461e-01 3.633731249962600662e-01
5.499999999999698463e-01 3.443737173212071401e-01
6.499999999999694911e-01 3.234102283329005623e-01
7.499999999999691358e-01 3.004942240769864492e-01
8.499999999999687805e-01 2.764226082828273867e-01
9.499999999999684253e-01 2.516893007508713698e-01
1.049999999999968070e+00 2.267285182196106808e-01
1.149999999999967715e+00 2.024125778193179570e-01
1.249999999999967359e+00 1.789144241880811781e-01
1.349999999999967004e+00 1.564259579190930838e-01
1.449999999999966649e+00 1.358674326666896859e-01
1.549999999999966294e+00 1.168555024798908354e-01
1.649999999999965938e+00 9.949945923695971417e-02
1.749999999999965583e+00 8.386500307768329776e-02
1.849999999999965228e+00 7.015379031357688033e-02
1.949999999999964873e+00 5.802055319451851489e-02
2.049999999999964295e+00 4.796387355608015129e-02
2.149999999999963940e+00 3.893616509883537219e-02
2.249999999999963585e+00 3.144567574483485978e-02
2.349999999999963229e+00 2.525436337239389539e-02
2.449999999999962874e+00 2.013398403534369385e-02
2.549999999999962519e+00 1.593552479726222798e-02
2.649999999999962164e+00 1.251828961312248870e-02
2.749999999999961808e+00 9.727296773480097539e-03
2.849999999999961453e+00 7.503963614378494906e-03
2.949999999999961098e+00 5.899673947665544371e-03
3.049999999999960743e+00 4.473472135630505997e-03
3.149999999999960387e+00 3.404344710098531745e-03
3.249999999999960032e+00 2.607367860021849500e-03
3.349999999999959677e+00 1.967356413563952147e-03
3.449999999999959321e+00 1.497495686349689919e-03
3.549999999999958966e+00 1.120504161181825730e-03
3.649999999999958611e+00 8.598854297497708285e-04
3.749999999999958256e+00 6.407627028132713547e-04
3.849999999999957900e+00 4.936744922497727801e-04
3.949999999999957545e+00 3.804435304302950676e-04
4.049999999999957190e+00 2.913223545963976552e-04
4.149999999999956835e+00 2.258675230061359422e-04
4.249999999999956479e+00 1.797389675468583667e-04
4.349999999999956124e+00 1.346529719276851414e-04
4.449999999999955769e+00 9.870470667177947929e-05
4.549999999999955413e+00 7.788535276073647851e-05
4.649999999999955058e+00 6.275762078220882296e-05
4.749999999999954703e+00 5.302313105345171130e-05
4.849999999999954348e+00 4.313768243381977844e-05
4.949999999999953992e+00 3.999113305214738786e-05
5.049999999999953637e+00 3.444929064417190552e-05
5.149999999999953282e+00 3.025546395705532127e-05
5.249999999999952927e+00 2.411568281725528812e-05
5.349999999999952571e+00 1.947133819018411624e-05
5.449999999999952216e+00 2.111891296012277398e-05
5.549999999999951861e+00 2.081935391104301772e-05
5.649999999999951505e+00 1.737442484662582920e-05
5.749999999999951150e+00 1.662552722392644024e-05
5.849999999999950795e+00 1.497795245398778250e-05
5.949999999999950440e+00 1.138324386503071755e-05
6.049999999999950084e+00 1.303081863496937190e-05
6.149999999999949729e+00 1.063434624233132521e-05
6.249999999999949374e+00 1.138324386503071755e-05
6.349999999999949019e+00 1.108368481595096129e-05
6.449999999999948663e+00 1.078412576687120503e-05
6.549999999999948308e+00 9.585889570552181684e-06
6.649999999999947953e+00 9.136550996932547294e-06
6.749999999999947597e+00 7.339196702454013969e-06
6.849999999999947242e+00 8.986771472392670858e-06
6.949999999999946887e+00 9.885448619631937944e-06
7.049999999999946532e+00 8.986771472392670858e-06
7.149999999999946176e+00 9.136550996932547294e-06
7.249999999999945821e+00 6.140960506134991471e-06
7.349999999999945466e+00 7.638755751533769382e-06
7.449999999999945111e+00 8.387653374233158338e-06
7.549999999999944755e+00 6.740078604294502296e-06
7.649999999999944400e+00 6.590299079754625014e-06
7.749999999999944045e+00 7.189417177914135839e-06
7.849999999999943689e+00 4.044047162576701039e-06
7.949999999999943334e+00 8.088094325153403772e-06
