-7.950000000000000178e+00 0.000000000000000000e+00
-7.850000000000000533e+00 0.000000000000000000e+00
-7.750000000000000888e+00 0.000000000000000000e+00
-7.650000000000001243e+00 0.000000000000000000e+00
-7.550000000000001599e+00 0.000000000000000000e+00
-7.450000000000001954e+00 6.552854198619655058e-06
-7.350000000000002309e+00 1.123346434049083773e-05
-7.250000000000002665e+00 5.616732170245418863e-06
-7.150000000000003020e+00 6.552854198619655058e-06
-7.050000000000003375e+00 1.123346434049083773e-05
-6.950000000000003730e+00 8.425098255368129141e-06
-6.850000000000004086e+00 1.404183042561354631e-05
-6.750000000000004441e+00 1.685019651073625489e-05
-6.650000000000004796e+00 3.557263707822097879e-05
-6.550000000000005151e+00 4.399773533358911640e-05
-6.450000000000005507e+00 3.838100316334368907e-05
-6.350000000000005862e+00 2.527529476610438573e-05
-6.250000000000006217e+00 2.527529476610438573e-05
-6.150000000000006573e+00 1.965856259585896517e-05
-6.050000000000006928e+00 2.714753882285285812e-05
-5.950000000000007283e+00 2.808366085122709601e-05
-5.850000000000007638e+00 4.680610141871181990e-05
-5.750000000000007994e+00 1.254403518021476806e-04
-5.650000000000008349e+00 1.113985213765341292e-04
-5.550000000000008704e+00 1.245042297737734393e-04
-5.450000000000009059e+00 1.759909413343564927e-04
-5.350000000000009415e+00 2.424556053489272710e-04
-5.250000000000009770e+00 2.724115102569028292e-04
-5.150000000000010125e+00 3.435567844133447868e-04
-5.050000000000010481e+00 3.510457606403387170e-04
-4.950000000000010836e+00 4.287438889954003365e-04
-4.850000000000011191e+00 4.240632788535291572e-04
-4.750000000000011546e+00 5.026975292369649908e-04
-4.650000000000011902e+00 5.569926068826707138e-04
-4.550000000000012257e+00 6.627743960889594631e-04
-4.450000000000012612e+00 9.305052962039911130e-04
-4.350000000000012967e+00 1.037223207438654022e-03
-4.250000000000013323e+00 1.427586093270710602e-03
-4.150000000000013678e+00 1.643830281825158900e-03
-4.050000000000014033e+00 1.971472991756142209e-03
-3.950000000000014388e+00 2.223289817388812706e-03
-3.850000000000014744e+00 2.740029177051393240e-03
-3.750000000000015099e+00 3.151922869536059185e-03
-3.650000000000015454e+00 3.405611939225478002e-03
-3.550000000000015810e+00 4.027196966065973993e-03
-3.450000000000016165e+00 4.849112106978557997e-03
-3.350000000000016520e+00 5.747789254217826153e-03
-3.250000000000016875e+00 6.528515025881942782e-03
-3.150000000000017231e+00 7.468381542369674844e-03
-3.050000000000017586e+00 8.602025318730860404e-03
-2.950000000000017941e+00 1.043027164014571559e-02
-2.850000000000018296e+00 1.261518045437115022e-02
-2.750000000000018652e+00 1.404838327981207738e-02
-2.650000000000019007e+00 1.677998735860811858e-02
-2.550000000000019362e+00 1.962860669095096294e-02
-2.450000000000019718e+00 2.290128930214734709e-02
-2.350000000000020073e+00 2.694533646472411365e-02
-2.250000000000020428e+00 3.028073925182152987e-02
-2.150000000000020783e+00 3.435755068539125129e-02
-2.050000000000021139e+00 4.069696906154132016e-02
-1.950000000000021272e+00 4.708506578316691560e-02
-1.850000000000021627e+00 5.458246710841598709e-02
-1.750000000000021982e+00 6.361791692628414319e-02
-1.650000000000022338e+00 7.473623825728523129e-02
-1.550000000000022693e+00 8.483886718750019429e-02
-1.450000000000023048e+00 9.720597530435234890e-02
-1.350000000000023404e+00 1.143632198403954081e-01
-1.250000000000023759e+00 1.332307593222788744e-01
-1.150000000000024114e+00 1.523866243889020200e-01
-1.050000000000024469e+00 1.745268464819823562e-01
-9.500000000000248246e-01 2.015901343222821773e-01
-8.500000000000251799e-01 2.279232469804497452e-01
-7.500000000000255351e-01 2.588976526552957957e-01
-6.500000000000258904e-01 2.981202295221470067e-01
-5.500000000000262457e-01 3.412024375119869779e-01
-4.500000000000266565e-01 3.895896490366235754e-01
-3.500000000000270117e-01 4.344401915380624590e-01
-2.500000000000273670e-01 4.833123142733963817e-01
-1.500000000000277223e-01 5.266791033598604566e-01
-5.000000000002806366e-02 5.580363829443115709e-01
4.999999999997158107e-02 5.556352299415316942e-01
1.499999999999712119e-01 5.242536111843425495e-01
2.499999999999708566e-01 4.842943062811612132e-01
3.499999999999705014e-01 4.334909638012909294e-01
4.499999999999701461e-01 3.847264950992191346e-01
5.499999999999698463e-01 3.383135649324238714e-01
6.499999999999694911e-01 2.953867531992945827e-01
7.499999999999691358e-01 2.607483659053914105e-01
8.499999999999687805e-01 2.273166399060631282e-01
9.499999999999684253e-01 2.014628217264233245e-01
1.049999999999968070e+00 1.750941364311771609e-01
1.149999999999967715e+00 1.526215910180240831e-01
1.249999999999967359e+00 1.314783388851621382e-01
1.349999999999967004e+00 1.146740123538157186e-01
1.449999999999966649e+00 9.796423414733551605e-02
1.549999999999966294e+00 8.547355792273796105e-02
1.649999999999965938e+00 7.526233883723160156e-02
1.749999999999965583e+00 6.391653985333550780e-02
1.849999999999965228e+00 5.468918501965064349e-02
1.949999999999964873e+00 4.706447109854267064e-02
2.049999999999964295e+00 4.054438117091630628e-02
2.149999999999963940e+00 3.563816562020714895e-02
2.249999999999963585e+00 3.057561769075937963e-02
2.349999999999963229e+00 2.696967563746184571e-02
2.449999999999962874e+00 2.289380032592034861e-02
2.549999999999962519e+00 1.926539134394174985e-02
2.649999999999962164e+00 1.648510891967022024e-02
2.749999999999961808e+00 1.433390049846623021e-02
2.849999999999961453e+00 1.250565417705135941e-02
2.949999999999961098e+00 1.078880637701304032e-02
3.049999999999960743e+00 9.111275702166438117e-03
3.149999999999960387e+00 7.519868253930252558e-03
3.249999999999960032e+00 6.599660300038383276e-03
3.349999999999959677e+00 5.911610609183320410e-03
3.449999999999959321e+00 5.021358560199416440e-03
3.549999999999958966e+00 4.020644111867354223e-03
3.649999999999958611e+00 3.395314596913361592e-03
3.749999999999958256e+00 2.897297677818265992e-03
3.849999999999957900e+00 2.366516487730071540e-03
3.949999999999957545e+00 2.268223674750776287e-03
4.049999999999957190e+00 1.892838741372706267e-03
4.149999999999956835e+00 1.669105576591263605e-03
4.249999999999956479e+00 1.283423300901078042e-03
4.349999999999956124e+00 1.194491708205525906e-03
4.449999999999955769e+00 8.939965370973958388e-04
4.549999999999955413e+00 7.058360093941742908e-04
4.649999999999955058e+00 5.822679016487752011e-04
4.749999999999954703e+00 5.392062883435601566e-04
4.849999999999954348e+00 4.493385736196335361e-04
4.949999999999953992e+00 3.613431029524552898e-04
5.049999999999953637e+00 2.883255847392648496e-04
5.149999999999953282e+00 2.602419238880377197e-04
5.249999999999952927e+00 2.508807036042954154e-04
5.349999999999952571e+00 2.827088525690194562e-04
5.449999999999952216e+00 2.199886766679456430e-04
5.549999999999951861e+00 1.348015720858900392e-04
5.649999999999951505e+00 1.123346434049083840e-04
5.749999999999951150e+00 5.897568778757690229e-05
5.849999999999950795e+00 6.646466401457077830e-05
5.949999999999950440e+00 4.025324722009216485e-05
6.049999999999950084e+00 4.212549127684064062e-05
6.149999999999949729e+00 3.744488113496946134e-05
6.249999999999949374e+00 3.276427099309827529e-05
6.349999999999949019e+00 2.527529476610438234e-05
6.449999999999948663e+00 1.404183042561354631e-05
6.549999999999948308e+00 1.123346434049083773e-05
6.649999999999947953e+00 1.029734231211659984e-05
6.749999999999947597e+00 1.591407448236202039e-05
6.849999999999947242e+00 6.552854198619655058e-06
6.949999999999946887e+00 9.361220283742363642e-06
7.049999999999946532e+00 4.680610141871182668e-06
7.149999999999946176e+00 2.808366085122709431e-06
7.249999999999945821e+00 6.552854198619655058e-06
7.349999999999945466e+00 1.872244056748473025e-06
7.449999999999945111e+00 1.872244056748473025e-06
7.549999999999944755e+00 3.744488113496946050e-06
7.649999999999944400e+00 3.744488113496946050e-06
7.749999999999944045e+00 6.552854198619655058e-06
7.849999999999943689e+00 0.000000000000000000e+00
7.949999999999943334e+00 0.000000000000000000e+00
