-7.950000000000000178e+00 1.694380871357368038e-04
-7.850000000000000533e+00 2.377749952070560375e-04
-7.750000000000000888e+00 2.780282424271481685e-04
-7.650000000000001243e+00 4.568275498466279542e-04
-7.550000000000001599e+00 4.090853263995414594e-04
-7.450000000000001954e+00 4.455940855061365710e-04
-7.350000000000002309e+00 6.197127827837446354e-04
-7.250000000000002665e+00 8.237873849693282038e-04
-7.150000000000003020e+00 6.843052027415668769e-04
-7.050000000000003375e+00 5.775872915069038592e-04
-6.950000000000003730e+00 6.206489048121187953e-04
-6.850000000000004086e+00 5.832040236771493611e-04
-6.750000000000004441e+00 6.243933929256158689e-04
-6.650000000000004796e+00 6.206489048121187953e-04
-6.550000000000005151e+00 6.290740030674869939e-04
-6.450000000000005507e+00 7.264306940184075446e-04
-6.350000000000005862e+00 7.329835482170272065e-04
-6.250000000000006217e+00 8.237873849693282038e-04
-6.150000000000006573e+00 8.874436828987765022e-04
-6.050000000000006928e+00 9.005493912960158259e-04
-5.950000000000007283e+00 1.007267302530678518e-03
-5.850000000000007638e+00 1.242233931652612184e-03
-5.750000000000007994e+00 1.289040033071323869e-03
-5.650000000000008349e+00 1.396694066334361155e-03
-5.550000000000008704e+00 1.480945048888042924e-03
-5.450000000000009059e+00 1.540856858703994582e-03
-5.350000000000009415e+00 1.536176248562122915e-03
-5.250000000000009770e+00 1.568004397526846739e-03
-5.150000000000010125e+00 2.139974956863506181e-03
-5.050000000000010481e+00 2.258862454467034254e-03
-4.950000000000010836e+00 2.370260975843569047e-03
-4.850000000000011191e+00 2.866435135040290225e-03
-4.750000000000011546e+00 2.677360598427473530e-03
-4.650000000000011902e+00 2.949779479723971080e-03
-4.550000000000012257e+00 3.206269544458919662e-03
-4.450000000000012612e+00 3.505828593538676437e-03
-4.350000000000012967e+00 3.600369547364879949e-03
-4.250000000000013323e+00 3.877454296724063085e-03
-4.150000000000013678e+00 4.426043918470148192e-03
-4.050000000000014033e+00 4.689094208443307307e-03
-3.950000000000014388e+00 5.016788515651442876e-03
-3.850000000000014744e+00 5.693597371126424625e-03
-3.750000000000015099e+00 6.585699551048292480e-03
-3.650000000000015454e+00 6.590402274308943160e-03
-3.550000000000015810e+00 6.960185217595949748e-03
-3.450000000000016165e+00 7.852353736874151391e-03
-3.350000000000016520e+00 7.987280616633129354e-03
-3.250000000000016875e+00 8.778502748678380235e-03
-3.150000000000017231e+00 9.813816856862306315e-03
-3.050000000000017586e+00 1.093742864833674444e-02
-2.950000000000017941e+00 1.181403690303306671e-02
-2.850000000000018296e+00 1.325164023911132999e-02
-2.750000000000018652e+00 1.517076410767444899e-02
-2.650000000000019007e+00 1.702156581024545298e-02
-2.550000000000019362e+00 1.908765346622375708e-02
-2.450000000000019718e+00 2.151316038382061757e-02
-2.350000000000020073e+00 2.443552696729639137e-02
-2.250000000000020428e+00 2.636727742668316596e-02
-2.150000000000020783e+00 2.980216713517397364e-02
-2.050000000000021139e+00 3.291726429090090222e-02
-1.950000000000021272e+00 3.738693739272482691e-02
-1.850000000000021627e+00 4.137079264598091111e-02
-1.750000000000021982e+00 4.606938075342052741e-02
-1.650000000000022338e+00 5.372862062398452848e-02
-1.550000000000022693e+00 6.243407637029135121e-02
-1.450000000000023048e+00 6.988714089238587390e-02
-1.350000000000023404e+00 8.146809078139352622e-02
-1.250000000000023759e+00 9.369566511874077852e-02
-1.150000000000024114e+00 1.054470555562689038e-01
-1.050000000000024469e+00 1.241312551703430689e-01
-9.500000000000248246e-01 1.482452279064139233e-01
-8.500000000000251799e-01 1.762334632790646394e-01
-7.500000000000255351e-01 2.096945039028579871e-01
-6.500000000000258904e-01 2.533057756305594488e-01
-5.500000000000262457e-01 3.055460285687847666e-01
-4.500000000000266565e-01 3.828299708380489830e-01
-3.500000000000270117e-01 4.813382024494651246e-01
-2.500000000000273670e-01 5.974435306425834868e-01
-1.500000000000277223e-01 7.532847548998478082e-01
-5.000000000002806366e-02 9.349783820971522275e-01
4.999999999997158107e-02 9.331873890098421054e-01
1.499999999999712119e-01 7.122648311095560736e-01
2.499999999999708566e-01 5.581033856942153593e-01
3.499999999999705014e-01 4.312251283433680138e-01
4.499999999999701461e-01 3.344736808245072912e-01
5.499999999999698463e-01 2.650910728502171021e-01
6.499999999999694911e-01 2.162622697145753503e-01
7.499999999999691358e-01 1.786712503486245773e-01
8.499999999999687805e-01 1.457548042431170143e-01
9.499999999999684253e-01 1.227596889779829503e-01
1.049999999999968070e+00 1.022990835639549789e-01
1.149999999999967715e+00 8.768068305029844134e-02
1.249999999999967359e+00 7.422388466618082270e-02
1.349999999999967004e+00 6.234345680952884522e-02
1.449999999999966649e+00 5.450613999342538568e-02
1.549999999999966294e+00 4.624584344128876423e-02
1.649999999999965938e+00 4.022730853176240823e-02
1.749999999999965583e+00 3.717443032124428948e-02
1.849999999999965228e+00 3.252680558155413015e-02
1.949999999999964873e+00 2.778189786130894762e-02
2.049999999999964295e+00 2.488860265798990834e-02
2.149999999999963940e+00 2.135439556201626510e-02
2.249999999999963585e+00 1.825573582458276528e-02
2.349999999999963229e+00 1.615166520157920033e-02
2.449999999999962874e+00 1.528873759636839753e-02
2.549999999999962519e+00 1.340020354211829759e-02
2.649999999999962164e+00 1.230844201272736360e-02
2.749999999999961808e+00 1.103820550165904649e-02
2.849999999999961453e+00 9.577014838881592676e-03
2.949999999999961098e+00 8.315476154533617270e-03
3.049999999999960743e+00 7.049404280835652042e-03
3.149999999999960387e+00 6.953367005971959267e-03
3.249999999999960032e+00 5.938935052956408576e-03
3.349999999999959677e+00 5.057041762871541078e-03
3.449999999999959321e+00 4.737802038077142293e-03
3.549999999999958966e+00 4.630162746893290437e-03
3.649999999999958611e+00 4.457916293672429392e-03
3.749999999999958256e+00 3.554543794212103921e-03
3.849999999999957900e+00 3.181996711077531362e-03
3.949999999999957545e+00 3.190414438293306086e-03
4.049999999999957190e+00 2.826314566532881281e-03
4.149999999999956835e+00 2.802277606418481989e-03
4.249999999999956479e+00 2.413786964643174597e-03
4.349999999999956124e+00 2.130635849698545546e-03
4.449999999999955769e+00 1.981785076147447519e-03
4.549999999999955413e+00 1.770228868774462085e-03
4.649999999999955058e+00 1.621378095223365359e-03
4.749999999999954703e+00 1.500610982523495384e-03
4.849999999999954348e+00 1.475328316717797747e-03
4.949999999999953992e+00 1.360185307227766531e-03
5.049999999999953637e+00 1.123346434049084328e-03
5.149999999999953282e+00 7.292390601035304582e-04
5.249999999999952927e+00 7.189417177914140481e-04
5.349999999999952571e+00 7.376641583588987652e-04
5.449999999999952216e+00 5.700983152799100374e-04
5.549999999999951861e+00 5.120587495207073493e-04
5.649999999999951505e+00 4.671248921587439849e-04
5.749999999999951150e+00 5.354618002300632999e-04
5.849999999999950795e+00 5.700983152799104711e-04
5.949999999999950440e+00 3.669598351227007374e-04
6.049999999999950084e+00 2.742837543136513118e-04
6.149999999999949729e+00 3.089202693634980493e-04
6.249999999999949374e+00 2.527529476610438980e-04
6.349999999999949019e+00 2.911339508243876006e-04
6.449999999999948663e+00 2.855172186541420987e-04
6.549999999999948308e+00 2.714753882285286151e-04
6.649999999999947953e+00 2.153080665260743553e-04
6.749999999999947597e+00 3.004951711081301760e-04
6.849999999999947242e+00 2.639864120015346849e-04
6.949999999999946887e+00 2.649225340299092785e-04
7.049999999999946532e+00 1.450989143980066390e-04
7.149999999999946176e+00 1.582046227952459898e-04
7.249999999999945821e+00 1.703742091641110450e-04
7.349999999999945466e+00 2.059468462423319967e-04
7.449999999999945111e+00 1.310570839723930740e-04
7.549999999999944755e+00 1.085901552914114460e-04
7.649999999999944400e+00 9.080383675230095663e-05
7.749999999999944045e+00 1.759909413343566824e-04
7.849999999999943689e+00 6.740078604294501958e-05
7.949999999999943334e+00 7.488976226993890914e-05
