-7.950000000000000178e+00 0.000000000000000000e+00
-7.850000000000000533e+00 0.000000000000000000e+00
-7.750000000000000888e+00 0.000000000000000000e+00
-7.650000000000001243e+00 0.000000000000000000e+00
-7.550000000000001599e+00 0.000000000000000000e+00
-7.450000000000001954e+00 0.000000000000000000e+00
-7.350000000000002309e+00 0.000000000000000000e+00
-7.250000000000002665e+00 0.000000000000000000e+00
-7.150000000000003020e+00 0.000000000000000000e+00
-7.050000000000003375e+00 0.000000000000000000e+00
-6.950000000000003730e+00 0.000000000000000000e+00
-6.850000000000004086e+00 0.000000000000000000e+00
-6.750000000000004441e+00 0.000000000000000000e+00
-6.650000000000004796e+00 0.000000000000000000e+00
-6.550000000000005151e+00 0.000000000000000000e+00
-6.450000000000005507e+00 0.000000000000000000e+00
-6.350000000000005862e+00 0.000000000000000000e+00
-6.250000000000006217e+00 0.000000000000000000e+00
-6.150000000000006573e+00 0.000000000000000000e+00
-6.050000000000006928e+00 0.000000000000000000e+00
-5.950000000000007283e+00 0.000000000000000000e+00
-5.850000000000007638e+00 0.000000000000000000e+00
-5.750000000000007994e+00 0.000000000000000000e+00
-5.650000000000008349e+00 0.000000000000000000e+00
-5.550000000000008704e+00 0.000000000000000000e+00
-5.450000000000009059e+00 9.357632234572667144e-07
-5.350000000000009415e+00 0.000000000000000000e+00
-5.250000000000009770e+00 0.000000000000000000e+00
-5.150000000000010125e+00 0.000000000000000000e+00
-5.050000000000010481e+00 0.000000000000000000e+00
-4.950000000000010836e+00 0.000000000000000000e+00
-4.850000000000011191e+00 9.357632234572667144e-07
-4.750000000000011546e+00 4.678816117286333466e-06
-4.650000000000011902e+00 4.678816117286333466e-06
-4.550000000000012257e+00 7.486105787658133715e-06
-4.450000000000012612e+00 1.310068512840173506e-05
-4.350000000000012967e+00 2.152255413951713496e-05
-4.250000000000013323e+00 3.181594959754707231e-05
-4.150000000000013678e+00 5.521003018397873795e-05
-4.050000000000014033e+00 8.234716366423947172e-05
-3.950000000000014388e+00 1.253922719432737484e-04
-3.850000000000014744e+00 2.068036723840559633e-04
-3.750000000000015099e+00 2.863435463779236915e-04
-3.650000000000015454e+00 4.547809266002317166e-04
-3.550000000000015810e+00 6.671991783250312211e-04
-3.450000000000016165e+00 9.853586743005017003e-04
-3.350000000000016520e+00 1.383993807493296650e-03
-3.250000000000016875e+00 1.901470870065163736e-03
-3.150000000000017231e+00 2.664117897182838139e-03
-3.050000000000017586e+00 3.729952208700668213e-03
-2.950000000000017941e+00 5.056864459563062408e-03
-2.850000000000018296e+00 6.988279752778842752e-03
-2.750000000000018652e+00 9.398805816404780245e-03
-2.650000000000019007e+00 1.195343941644315747e-02
-2.550000000000019362e+00 1.577790371071306069e-02
-2.450000000000019718e+00 2.039776674492166028e-02
-2.350000000000020073e+00 2.584484446866650020e-02
-2.250000000000020428e+00 3.223423575843274713e-02
-2.150000000000020783e+00 4.022284639708698095e-02
-2.050000000000021139e+00 4.998379258096932731e-02
-1.950000000000021272e+00 6.071044641145963150e-02
-1.850000000000021627e+00 7.331424126820496046e-02
-1.750000000000021982e+00 8.817416125670585192e-02
-1.650000000000022338e+00 1.040372194207530854e-01
-1.550000000000022693e+00 1.219626997293003501e-01
-1.450000000000023048e+00 1.418439251748726537e-01
-1.350000000000023404e+00 1.620376955370796679e-01
-1.250000000000023759e+00 1.840178378928668812e-01
-1.150000000000024114e+00 2.073754237135834178e-01
-1.050000000000024469e+00 2.303587042449173894e-01
-9.500000000000248246e-01 2.548906729110733682e-01
-8.500000000000251799e-01 2.778711461527356708e-01
-7.500000000000255351e-01 2.989445339449924854e-01
-6.500000000000258904e-01 3.224845935942822206e-01
-5.500000000000262457e-01 3.414132120783747726e-01
-4.500000000000266565e-01 3.581689883575998046e-01
-3.500000000000270117e-01 3.722625182660889154e-01
-2.500000000000273670e-01 3.840409699597450155e-01
-1.500000000000277223e-01 3.895423219504499102e-01
-5.000000000002806366e-02 3.950951409184449981e-01
4.999999999997158107e-02 3.942099089090544961e-01
1.499999999999712119e-01 3.917058065230829556e-01
2.499999999999708566e-01 3.832839375119679315e-01
3.499999999999705014e-01 3.730513666634633907e-01
4.499999999999701461e-01 3.587398039239086400e-01
5.499999999999698463e-01 3.416153369346417445e-01
6.499999999999694911e-01 3.214477679426916978e-01
7.499999999999691358e-01 3.006850535406229152e-01
8.499999999999687805e-01 2.787470205298917536e-01
9.499999999999684253e-01 2.546894838180299159e-01
1.049999999999968070e+00 2.308948965719583579e-01
1.149999999999967715e+00 2.063226900871939495e-01
1.249999999999967359e+00 1.840178378928668257e-01
1.349999999999967004e+00 1.627310960856614974e-01
1.449999999999966649e+00 1.408389154728795223e-01
1.549999999999966294e+00 1.218728664598485167e-01
1.649999999999965938e+00 1.037171883983306758e-01
1.749999999999965583e+00 8.801601727194159619e-02
1.849999999999965228e+00 7.378493016960395445e-02
1.949999999999964873e+00 6.091912161029057471e-02
2.049999999999964295e+00 4.979851146272477186e-02
2.149999999999963940e+00 4.020974571195858049e-02
2.249999999999963585e+00 3.222019931008087562e-02
2.349999999999963229e+00 2.561932553181329314e-02
2.449999999999962874e+00 2.015821135971659211e-02
2.549999999999962519e+00 1.574515199789205261e-02
2.649999999999962164e+00 1.203297929043702433e-02
2.749999999999961808e+00 8.929988441452681516e-03
2.849999999999961453e+00 7.008866543694902349e-03
2.949999999999961098e+00 5.077451250479122005e-03
3.049999999999960743e+00 3.825400057493309226e-03
3.149999999999960387e+00 2.769859141433509385e-03
3.249999999999960032e+00 1.871526446914531083e-03
3.349999999999959677e+00 1.430781968666159764e-03
3.449999999999959321e+00 9.469923821387539247e-04
3.549999999999958966e+00 7.036939440398647539e-04
3.649999999999958611e+00 4.800465336335779502e-04
3.749999999999958256e+00 3.144164430816416686e-04
3.849999999999957900e+00 1.749877227865088774e-04
3.949999999999957545e+00 1.375571938482181961e-04
4.049999999999957190e+00 8.047563721732494443e-05
4.149999999999956835e+00 5.146697729014966982e-05
4.249999999999956479e+00 3.930205538520520857e-05
4.349999999999956124e+00 2.152255413951713157e-05
4.449999999999955769e+00 1.310068512840173506e-05
4.549999999999955413e+00 4.678816117286333466e-06
4.649999999999955058e+00 2.807289670371800249e-06
4.749999999999954703e+00 3.743052893829066858e-06
4.849999999999954348e+00 1.871526446914533429e-06
4.949999999999953992e+00 0.000000000000000000e+00
5.049999999999953637e+00 0.000000000000000000e+00
5.149999999999953282e+00 0.000000000000000000e+00
5.249999999999952927e+00 0.000000000000000000e+00
5.349999999999952571e+00 9.357632234572667144e-07
5.449999999999952216e+00 0.000000000000000000e+00
5.549999999999951861e+00 0.000000000000000000e+00
5.649999999999951505e+00 0.000000000000000000e+00
5.749999999999951150e+00 0.000000000000000000e+00
5.849999999999950795e+00 0.000000000000000000e+00
5.949999999999950440e+00 0.000000000000000000e+00
6.049999999999950084e+00 0.000000000000000000e+00
6.149999999999949729e+00 0.000000000000000000e+00
6.249999999999949374e+00 0.000000000000000000e+00
6.349999999999949019e+00 0.000000000000000000e+00
6.449999999999948663e+00 0.000000000000000000e+00
6.549999999999948308e+00 0.000000000000000000e+00
6.649999999999947953e+00 0.000000000000000000e+00
6.749999999999947597e+00 0.000000000000000000e+00
6.849999999999947242e+00 0.000000000000000000e+00
6.949999999999946887e+00 0.000000000000000000e+00
7.049999999999946532e+00 0.000000000000000000e+00
7.149999999999946176e+00 0.000000000000000000e+00
7.249999999999945821e+00 0.000000000000000000e+00
7.349999999999945466e+00 0.000000000000000000e+00
7.449999999999945111e+00 0.000000000000000000e+00
7.549999999999944755e+00 0.000000000000000000e+00
7.649999999999944400e+00 0.000000000000000000e+00
7.749999999999944045e+00 0.000000000000000000e+00
7.849999999999943689e+00 0.000000000000000000e+00
7.949999999999943334e+00 0.000000000000000000e+00
