-7.950000000000000178e+00 3.079841473351237809e-04
-7.850000000000000533e+00 3.529180046970871996e-04
-7.750000000000000888e+00 3.959796180023020815e-04
-7.650000000000001243e+00 3.753849333780688276e-04
-7.550000000000001599e+00 3.969157400306763499e-04
-7.450000000000001954e+00 4.718055023006152184e-04
-7.350000000000002309e+00 4.577636718750016805e-04
-7.250000000000002665e+00 4.914640648964743123e-04
-7.150000000000003020e+00 5.214199698044498163e-04
-7.050000000000003375e+00 5.476313865989282468e-04
-6.950000000000003730e+00 5.438868984854313901e-04
-6.850000000000004086e+00 5.935013659892659880e-04
-6.750000000000004441e+00 7.816618936924875360e-04
-6.650000000000004796e+00 9.773113976227032311e-04
-6.550000000000005151e+00 9.445471266296045967e-04
-6.450000000000005507e+00 9.239524420053714512e-04
-6.350000000000005862e+00 8.986771472392672891e-04
-6.250000000000006217e+00 8.574877779908007813e-04
-6.150000000000006573e+00 8.855714388420278570e-04
-6.050000000000006928e+00 9.979060822469360513e-04
-5.950000000000007283e+00 1.075604210601997617e-03
-5.850000000000007638e+00 1.196363952262274443e-03
-5.750000000000007994e+00 1.318059815950925213e-03
-5.650000000000008349e+00 1.436962055633640017e-03
-5.550000000000008704e+00 1.482839406063570908e-03
-5.450000000000009059e+00 1.612016874939622242e-03
-5.350000000000009415e+00 1.716847800038349883e-03
-5.250000000000009770e+00 1.780504097967798181e-03
-5.150000000000010125e+00 1.927482627462147021e-03
-5.050000000000010481e+00 1.898477586661732408e-03
-4.950000000000010836e+00 2.110041165074310124e-03
-4.850000000000011191e+00 2.331024932087378751e-03
-4.750000000000011546e+00 2.355489412498198033e-03
-4.650000000000011902e+00 2.553025902564349213e-03
-4.550000000000012257e+00 3.147529729938334641e-03
-4.450000000000012612e+00 3.259901228541210207e-03
-4.350000000000012967e+00 3.419019860246050747e-03
-4.250000000000013323e+00 3.599669298603498484e-03
-4.150000000000013678e+00 3.839309166827710885e-03
-4.050000000000014033e+00 4.208192843284315997e-03
-3.950000000000014388e+00 4.410520509086241284e-03
-3.850000000000014744e+00 4.641698423857117464e-03
-3.750000000000015099e+00 5.160376366932787479e-03
-3.650000000000015454e+00 5.336492615940234552e-03
-3.550000000000015810e+00 6.228734845614376792e-03
-3.450000000000016165e+00 6.981023146526773616e-03
-3.350000000000016520e+00 7.652230011910692367e-03
-3.250000000000016875e+00 7.755535131813567906e-03
-3.150000000000017231e+00 8.944631239036639203e-03
-3.050000000000017586e+00 9.597005098259163425e-03
-2.950000000000017941e+00 1.060518640969941931e-02
-2.850000000000018296e+00 1.180135134389264859e-02
-2.750000000000018652e+00 1.277558164696525507e-02
-2.650000000000019007e+00 1.396600454131516691e-02
-2.550000000000019362e+00 1.508842222437547197e-02
-2.450000000000019718e+00 1.703358060478283448e-02
-2.350000000000020073e+00 1.887951005018254774e-02
-2.250000000000020428e+00 2.104173080453927702e-02
-2.150000000000020783e+00 2.353825768861950857e-02
-2.050000000000021139e+00 2.693172952563450961e-02
-1.950000000000021272e+00 2.972254516548508696e-02
-1.850000000000021627e+00 3.368680819550165517e-02
-1.750000000000021982e+00 3.768939326036482851e-02
-1.650000000000022338e+00 4.310895012148401734e-02
-1.550000000000022693e+00 4.987110498936087044e-02
-1.450000000000023048e+00 5.712645611643874660e-02
-1.350000000000023404e+00 6.494677531523965208e-02
-1.250000000000023759e+00 7.380100075366226309e-02
-1.150000000000024114e+00 8.751322777281328458e-02
-1.050000000000024469e+00 1.015710607253843822e-01
-9.500000000000248246e-01 1.181040740313730325e-01
-8.500000000000251799e-01 1.414754956098341343e-01
-7.500000000000255351e-01 1.695340507002068287e-01
-6.500000000000258904e-01 2.071658319151097882e-01
-5.500000000000262457e-01 2.589953852692650216e-01
-4.500000000000266565e-01 3.297199278567489178e-01
-3.500000000000270117e-01 4.295029733948213524e-01
-2.500000000000273670e-01 5.850158694354701261e-01
-1.500000000000277223e-01 8.341644745588100429e-01
-5.000000000002806366e-02 1.261914533656858461e+00
4.999999999997158107e-02 1.233721147510242977e+00
1.499999999999712119e-01 7.878589183257731499e-01
2.499999999999708566e-01 5.443579889968939156e-01
3.499999999999705014e-01 3.927617832967237321e-01
4.499999999999701461e-01 2.958260229328282254e-01
5.499999999999698463e-01 2.323857628028274391e-01
6.499999999999694911e-01 1.838722706278753949e-01
7.499999999999691358e-01 1.499315743446141269e-01
8.499999999999687805e-01 1.226994381003454898e-01
9.499999999999684253e-01 1.023722337608808930e-01
1.049999999999968070e+00 8.491293876437533417e-02
1.149999999999967715e+00 7.416336843111825949e-02
1.249999999999967359e+00 6.214217583134921258e-02
1.349999999999967004e+00 5.495473409204607029e-02
1.449999999999966649e+00 4.720045203696354719e-02
1.549999999999966294e+00 4.135436259872699721e-02
1.649999999999965938e+00 3.533430188400479843e-02
1.749999999999965583e+00 3.088669767472378147e-02
1.849999999999965228e+00 2.758803214896034250e-02
1.949999999999964873e+00 2.549611637024647159e-02
2.049999999999964295e+00 2.246430459088641710e-02
2.149999999999963940e+00 1.968294599483425694e-02
2.249999999999963585e+00 1.817386568781780357e-02
2.349999999999963229e+00 1.615563819192006659e-02
2.449999999999962874e+00 1.463331212675412704e-02
2.549999999999962519e+00 1.324523480570456713e-02
2.649999999999962164e+00 1.241531471579345944e-02
2.749999999999961808e+00 1.131135411587529116e-02
2.849999999999961453e+00 1.053819103083412229e-02
2.949999999999961098e+00 9.466006982603525355e-03
3.049999999999960743e+00 8.974329157558840614e-03
3.149999999999960387e+00 8.304264803311920892e-03
3.249999999999960032e+00 7.605512362967102591e-03
3.349999999999959677e+00 6.349929478610672612e-03
3.449999999999959321e+00 6.068105150792871966e-03
3.549999999999958966e+00 5.317924967204214204e-03
3.649999999999958611e+00 5.184111114423852265e-03
3.749999999999958256e+00 4.845072777281319784e-03
3.849999999999957900e+00 4.479071177305771895e-03
3.949999999999957545e+00 4.095349598147456777e-03
4.049999999999957190e+00 3.542683791506165761e-03
4.149999999999956835e+00 3.375000011793681011e-03
4.249999999999956479e+00 3.069772633266523981e-03
4.349999999999956124e+00 2.896560573858915529e-03
4.449999999999955769e+00 2.664417052901290640e-03
4.549999999999955413e+00 2.571770456250615112e-03
4.649999999999955058e+00 2.461381767298390089e-03
4.749999999999954703e+00 2.392897438435200638e-03
4.849999999999954348e+00 2.252471763139471134e-03
4.949999999999953992e+00 2.084832209664547013e-03
5.049999999999953637e+00 1.868646989426846292e-03
5.149999999999953282e+00 1.650486330578087961e-03
5.249999999999952927e+00 1.603665487080189328e-03
5.349999999999952571e+00 1.616734340279461389e-03
5.449999999999952216e+00 1.397681785639889743e-03
5.549999999999951861e+00 1.184238592130970125e-03
5.649999999999951505e+00 9.764195018318899168e-04
5.749999999999951150e+00 8.762397027166593955e-04
5.849999999999950795e+00 8.849301583973936437e-04
5.949999999999950440e+00 9.080752227209770190e-04
6.049999999999950084e+00 8.743822007390981326e-04
6.149999999999949729e+00 7.451531345858924786e-04
6.249999999999949374e+00 6.908580569401867556e-04
6.349999999999949019e+00 6.187766607553703670e-04
6.449999999999948663e+00 6.140960506134992419e-04
6.549999999999948308e+00 6.234572708972416005e-04
6.649999999999947953e+00 5.635454610812904840e-04
6.749999999999947597e+00 5.785234135352783445e-04
6.849999999999947242e+00 4.427857194210139285e-04
6.949999999999946887e+00 4.334244991372714615e-04
7.049999999999946532e+00 3.519818826687129854e-04
7.149999999999946176e+00 3.117286354486208002e-04
7.249999999999945821e+00 3.192176116756146763e-04
7.349999999999945466e+00 3.023674151648783875e-04
7.449999999999945111e+00 2.340305070935591266e-04
7.549999999999944755e+00 1.965856259585896924e-04
7.649999999999944400e+00 1.582046227952459627e-04
7.749999999999944045e+00 1.703742091641110450e-04
7.849999999999943689e+00 1.956495039302154240e-04
7.949999999999943334e+00 1.741186972776079559e-04
