-7.950000000000000178e+00 1.872244056748473025e-06
-7.850000000000000533e+00 3.744488113496946050e-06
-7.750000000000000888e+00 2.808366085122709431e-06
-7.650000000000001243e+00 3.744488113496946050e-06
-7.550000000000001599e+00 9.361220283742365124e-07
-7.450000000000001954e+00 1.123346434049083773e-05
-7.350000000000002309e+00 4.680610141871182668e-06
-7.250000000000002665e+00 1.404183042561354800e-05
-7.150000000000003020e+00 2.246692868098167545e-05
-7.050000000000003375e+00 1.310570839723931012e-05
-6.950000000000003730e+00 1.591407448236202039e-05
-6.850000000000004086e+00 1.778631853911049278e-05
-6.750000000000004441e+00 1.591407448236202039e-05
-6.650000000000004796e+00 2.621141679447862023e-05
-6.550000000000005151e+00 1.778631853911049278e-05
-6.450000000000005507e+00 2.153080665260744095e-05
-6.350000000000005862e+00 2.621141679447862023e-05
-6.250000000000006217e+00 4.025324722009217162e-05
-6.150000000000006573e+00 5.710344373082841974e-05
-6.050000000000006928e+00 4.493385736196335090e-05
-5.950000000000007283e+00 4.493385736196335090e-05
-5.850000000000007638e+00 5.148671156058301274e-05
-5.750000000000007994e+00 6.552854198619656413e-05
-5.650000000000008349e+00 8.612322661042973670e-05
-5.550000000000008704e+00 7.208139618481621241e-05
-5.450000000000009059e+00 1.095262773197856602e-04
-5.350000000000009415e+00 1.469711584547551215e-04
-5.250000000000009770e+00 1.984578700153381478e-04
-5.150000000000010125e+00 2.162441885544485966e-04
-5.050000000000010481e+00 2.415194833205530026e-04
-4.950000000000010836e+00 2.574335578029150230e-04
-4.850000000000011191e+00 2.817727305406451878e-04
-4.750000000000011546e+00 3.959796180023020273e-04
-4.650000000000011902e+00 4.652526481019956107e-04
-4.550000000000012257e+00 5.822679016487752011e-04
-4.450000000000012612e+00 6.805607146280699118e-04
-4.350000000000012967e+00 7.694923073236225892e-04
-4.250000000000013323e+00 9.220801979486230229e-04
-4.150000000000013678e+00 1.035350963381905486e-03
-4.050000000000014033e+00 1.183258243865034903e-03
-3.950000000000014388e+00 1.464094852377305443e-03
-3.850000000000014744e+00 1.789865318251539781e-03
-3.750000000000015099e+00 2.081935391104302625e-03
-3.650000000000015454e+00 2.504126425901084113e-03
-3.550000000000015810e+00 2.896361555789890747e-03
-3.450000000000016165e+00 3.585347368673332327e-03
-3.350000000000016520e+00 4.264035839244656630e-03
-3.250000000000016875e+00 4.932426967503865389e-03
-3.150000000000017231e+00 5.929396927722431834e-03
-3.050000000000017586e+00 7.228734303105874281e-03
-2.950000000000017941e+00 8.770527283838223942e-03
-2.850000000000018296e+00 1.014194605540645611e-02
-2.750000000000018652e+00 1.229596284269553197e-02
-2.650000000000019007e+00 1.516330461560578755e-02
-2.550000000000019362e+00 1.780227683983034645e-02
-2.450000000000019718e+00 2.109368189159423895e-02
-2.350000000000020073e+00 2.508901385349757845e-02
-2.250000000000020428e+00 3.004858098878475034e-02
-2.150000000000020783e+00 3.544532448236205335e-02
-2.050000000000021139e+00 4.266376144315549984e-02
-1.950000000000021272e+00 5.040642673983861122e-02
-1.850000000000021627e+00 5.956544466545197342e-02
-1.750000000000021982e+00 7.001350262413705283e-02
-1.650000000000022338e+00 8.294883681221257299e-02
-1.550000000000022693e+00 9.756731840730481498e-02
-1.450000000000023048e+00 1.153639342887273767e-01
-1.350000000000023404e+00 1.327339070274393684e-01
-1.250000000000023759e+00 1.538975843110149677e-01
-1.150000000000024114e+00 1.780710487076448134e-01
-1.050000000000024469e+00 2.068962361419783846e-01
-9.500000000000248246e-01 2.327483147562741661e-01
-8.500000000000251799e-01 2.627182762367537006e-01
-7.500000000000255351e-01 2.912757769972087463e-01
-6.500000000000258904e-01 3.228699028258789072e-01
-5.500000000000262457e-01 3.556163064190032697e-01
-4.500000000000266565e-01 3.845247497455454022e-01
-3.500000000000270117e-01 4.085720219443335632e-01
-2.500000000000273670e-01 4.320453628872537588e-01
-1.500000000000277223e-01 4.455611738143565592e-01
-5.000000000002806366e-02 4.549590134227995408e-01
4.999999999997158107e-02 4.557443092390117689e-01
1.499999999999712119e-01 4.474054963731247114e-01
2.499999999999708566e-01 4.300132336106826658e-01
3.499999999999705014e-01 4.090841249200918850e-01
4.499999999999701461e-01 3.840127425933014815e-01
5.499999999999698463e-01 3.548813916584125927e-01
6.499999999999694911e-01 3.246032912387653568e-01
7.499999999999691358e-01 2.923268503880436797e-01
8.499999999999687805e-01 2.618073041954726010e-01
9.499999999999684253e-01 2.330131340957497244e-01
1.049999999999968070e+00 2.049510040511750286e-01
1.149999999999967715e+00 1.779654585654679433e-01
1.249999999999967359e+00 1.528894619678912992e-01
1.349999999999967004e+00 1.335313945431391980e-01
1.449999999999966649e+00 1.154614236583909881e-01
1.549999999999966294e+00 9.827975149713517877e-02
1.649999999999965938e+00 8.283373802896014382e-02
1.749999999999965583e+00 7.006783455698076257e-02
1.849999999999965228e+00 5.884655454493774307e-02
1.949999999999964873e+00 4.999835124586337470e-02
2.049999999999964295e+00 4.130081199608023890e-02
2.149999999999963940e+00 3.514203568724799664e-02
2.249999999999963585e+00 2.990348944542633655e-02
2.349999999999963229e+00 2.530525804205203608e-02
2.449999999999962874e+00 2.091858284605069285e-02
2.549999999999962519e+00 1.763841125862729287e-02
2.649999999999962164e+00 1.468401013707817428e-02
2.749999999999961808e+00 1.234370506614262085e-02
2.849999999999961453e+00 1.035819024396089985e-02
2.949999999999961098e+00 8.767718917753103414e-03
3.049999999999960743e+00 7.108910683473972265e-03
3.149999999999960387e+00 5.914418975268443540e-03
3.249999999999960032e+00 4.933363089532238899e-03
3.349999999999959677e+00 4.240632788535300679e-03
3.449999999999959321e+00 3.498288020034527428e-03
3.549999999999958966e+00 2.960017853719338829e-03
3.649999999999958611e+00 2.457320324482371778e-03
3.749999999999958256e+00 2.058532340394945807e-03
3.849999999999957900e+00 1.675658430789882941e-03
3.949999999999957545e+00 1.409799774731600045e-03
4.049999999999957190e+00 1.201980684432519403e-03
4.149999999999956835e+00 1.013820156729298072e-03
4.249999999999956479e+00 9.061661234662610025e-04
4.349999999999956124e+00 7.919592360046041630e-04
4.449999999999955769e+00 5.495036306556768920e-04
4.549999999999955413e+00 5.363979222584374599e-04
4.649999999999955058e+00 4.736777463573636467e-04
4.749999999999954703e+00 3.519818826687128770e-04
4.849999999999954348e+00 3.463651504984674835e-04
4.949999999999953992e+00 2.986229270513814224e-04
5.049999999999953637e+00 2.761559983703997401e-04
5.149999999999953282e+00 1.647574769938655974e-04
5.249999999999952927e+00 1.825437955329761003e-04
5.349999999999952571e+00 1.422905483128839152e-04
5.449999999999952216e+00 1.179513755751537910e-04
5.549999999999951861e+00 9.642056892254635009e-05
5.649999999999951505e+00 8.893159269555246053e-05
5.749999999999951150e+00 4.867834547546029568e-05
5.849999999999950795e+00 5.991180981595113002e-05
5.949999999999950440e+00 4.867834547546029568e-05
6.049999999999950084e+00 3.931712519171793035e-05
6.149999999999949729e+00 2.901978287960133051e-05
6.249999999999949374e+00 2.246692868098167545e-05
6.349999999999949019e+00 1.591407448236202039e-05
6.449999999999948663e+00 2.340305070935591334e-05
6.549999999999948308e+00 1.497795245398778250e-05
6.649999999999947953e+00 9.361220283742365336e-06
6.749999999999947597e+00 7.488976226993892099e-06
6.849999999999947242e+00 9.361220283742365336e-06
6.949999999999946887e+00 1.029734231211660153e-05
7.049999999999946532e+00 9.361220283742365336e-06
7.149999999999946176e+00 7.488976226993892099e-06
7.249999999999945821e+00 1.310570839723931181e-05
7.349999999999945466e+00 1.685019651073625489e-05
7.449999999999945111e+00 2.808366085122709431e-06
7.549999999999944755e+00 5.616732170245418863e-06
7.649999999999944400e+00 4.680610141871182668e-06
7.749999999999944045e+00 7.488976226993891252e-06
7.849999999999943689e+00 2.808366085122709431e-06
7.949999999999943334e+00 9.361220283742365124e-07
