-7.950000000000000178e+00 9.361220283742365124e-07
-7.850000000000000533e+00 4.680610141871182668e-06
-7.750000000000000888e+00 1.029734231211660153e-05
-7.650000000000001243e+00 1.029734231211660153e-05
-7.550000000000001599e+00 8.425098255368129141e-06
-7.450000000000001954e+00 5.616732170245418863e-06
-7.350000000000002309e+00 1.685019651073625489e-05
-7.250000000000002665e+00 1.123346434049083773e-05
-7.150000000000003020e+00 1.497795245398778420e-05
-7.050000000000003375e+00 1.965856259585896517e-05
-6.950000000000003730e+00 2.059468462423320306e-05
-6.850000000000004086e+00 2.246692868098167545e-05
-6.750000000000004441e+00 2.621141679447862023e-05
-6.650000000000004796e+00 2.153080665260744095e-05
-6.550000000000005151e+00 3.931712519171793035e-05
-6.450000000000005507e+00 3.931712519171793035e-05
-6.350000000000005862e+00 5.242283358895724046e-05
-6.250000000000006217e+00 6.740078604294501958e-05
-6.150000000000006573e+00 7.208139618481621241e-05
-6.050000000000006928e+00 7.863425038343586069e-05
-5.950000000000007283e+00 8.986771472392670180e-05
-5.850000000000007638e+00 1.142068874616568395e-04
-5.750000000000007994e+00 1.188874976035280188e-04
-5.650000000000008349e+00 1.450989143980066390e-04
-5.550000000000008704e+00 1.572685007668717214e-04
-5.450000000000009059e+00 1.965856259585896382e-04
-5.350000000000009415e+00 2.237331647814424997e-04
-5.250000000000009770e+00 2.330943850651848582e-04
-5.150000000000010125e+00 2.986229270513814224e-04
-5.050000000000010481e+00 3.557263707822098421e-04
-4.950000000000010836e+00 3.819377875766884352e-04
-4.850000000000011191e+00 4.568275498466274121e-04
-4.750000000000011546e+00 5.073781393788361158e-04
-4.650000000000011902e+00 6.066070743865053117e-04
-4.550000000000012257e+00 7.620033310966286590e-04
-4.450000000000012612e+00 8.237873849693284206e-04
-4.350000000000012967e+00 9.904171060199423379e-04
-4.250000000000013323e+00 1.122410312020709518e-03
-4.150000000000013678e+00 1.294656765241568828e-03
-4.050000000000014033e+00 1.560515421299851725e-03
-3.950000000000014388e+00 1.865691202549852809e-03
-3.850000000000014744e+00 2.043561758980551746e-03
-3.750000000000015099e+00 2.401153002779917410e-03
-3.650000000000015454e+00 2.971288173257797746e-03
-3.550000000000015810e+00 3.413108286492065081e-03
-3.450000000000016165e+00 3.948562715682538485e-03
-3.350000000000016520e+00 4.660951579275336015e-03
-3.250000000000016875e+00 5.437932862825954269e-03
-3.150000000000017231e+00 6.404047651306138747e-03
-3.050000000000017586e+00 7.440319994637234480e-03
-2.950000000000017941e+00 8.640413692933801917e-03
-2.850000000000018296e+00 1.019156789394988320e-02
-2.750000000000018652e+00 1.192901774965202631e-02
-2.650000000000019007e+00 1.406526296048118095e-02
-2.550000000000019362e+00 1.672854487328507417e-02
-2.450000000000019718e+00 2.001335284461278410e-02
-2.350000000000020073e+00 2.406303148143900533e-02
-2.250000000000020428e+00 2.835795197658045469e-02
-2.150000000000020783e+00 3.354594025783039224e-02
-2.050000000000021139e+00 3.970656669760058710e-02
-1.950000000000021272e+00 4.723208116785921479e-02
-1.850000000000021627e+00 5.667380794604159888e-02
-1.750000000000021982e+00 6.709945057332268592e-02
-1.650000000000022338e+00 7.967538761289841287e-02
-1.550000000000022693e+00 9.362266971364635593e-02
-1.450000000000023048e+00 1.101788133418791227e-01
-1.350000000000023404e+00 1.298777323795128891e-01
-1.250000000000023759e+00 1.518701061604270652e-01
-1.150000000000024114e+00 1.753256313006501532e-01
-1.050000000000024469e+00 2.034619803428922846e-01
-9.500000000000248246e-01 2.318676524298010078e-01
-8.500000000000251799e-01 2.623479257234179185e-01
-7.500000000000255351e-01 2.943064315233526740e-01
-6.500000000000258904e-01 3.283730399049490378e-01
-5.500000000000262457e-01 3.588235636827676878e-01
-4.500000000000266565e-01 3.873073761604076126e-01
-3.500000000000270117e-01 4.163818668958724767e-01
-2.500000000000273670e-01 4.354685473848700639e-01
-1.500000000000277223e-01 4.498195118399958004e-01
-5.000000000002806366e-02 4.574103263500135519e-01
4.999999999997158107e-02 4.582843621118916078e-01
1.499999999999712119e-01 4.491040934791300510e-01
2.499999999999708566e-01 4.352277355213507448e-01
3.499999999999705014e-01 4.164435772393489943e-01
4.499999999999701461e-01 3.906375233962749993e-01
5.499999999999698463e-01 3.599021310512862115e-01
6.499999999999694911e-01 3.273172785329326873e-01
7.499999999999691358e-01 2.961104050113860242e-01
8.499999999999687805e-01 2.648427793815102405e-01
9.499999999999684253e-01 2.328403053304005099e-01
1.049999999999968070e+00 2.030397745660162401e-01
1.149999999999967715e+00 1.759323120854326683e-01
1.249999999999967359e+00 1.508142047386584750e-01
1.349999999999967004e+00 1.300051186857677510e-01
1.449999999999966649e+00 1.111431148546193487e-01
1.549999999999966294e+00 9.348782391532292624e-02
1.649999999999965938e+00 7.929619922309014135e-02
1.749999999999965583e+00 6.693187735920415327e-02
1.849999999999965228e+00 5.694155358823577845e-02
1.949999999999964873e+00 4.757843894731809270e-02
2.049999999999964295e+00 3.989941520648528084e-02
2.149999999999963940e+00 3.406831109174239536e-02
2.249999999999963585e+00 2.858169988344109319e-02
2.349999999999963229e+00 2.377568624496565267e-02
2.449999999999962874e+00 1.977094883654099966e-02
2.549999999999962519e+00 1.675847129403467556e-02
2.649999999999962164e+00 1.426089772233220601e-02
2.749999999999961808e+00 1.199359542753065944e-02
2.849999999999961453e+00 1.005023558078415799e-02
2.949999999999961098e+00 8.460685634525547463e-03
3.049999999999960743e+00 7.111726420598691797e-03
3.149999999999960387e+00 6.267351722044720019e-03
3.249999999999960032e+00 5.253546307394604126e-03
3.349999999999959677e+00 4.356711920053706923e-03
3.449999999999959321e+00 3.941081110495137270e-03
3.549999999999958966e+00 3.422462135736214182e-03
3.649999999999958611e+00 2.910403386215504231e-03
3.749999999999958256e+00 2.318774264282984394e-03
3.849999999999957900e+00 2.048234998082828964e-03
3.949999999999957545e+00 1.775823487825926080e-03
4.049999999999957190e+00 1.550218078987735098e-03
4.149999999999956835e+00 1.349887964915648820e-03
4.249999999999956479e+00 1.150493972871936702e-03
4.349999999999956124e+00 9.810558857362000878e-04
4.449999999999955769e+00 8.818269507285311087e-04
4.549999999999955413e+00 7.254945719900333847e-04
4.649999999999955058e+00 5.860123897622720578e-04
4.749999999999954703e+00 5.251644579179466730e-04
4.849999999999954348e+00 4.615081599884985372e-04
4.949999999999953992e+00 4.015963501725474207e-04
5.049999999999953637e+00 3.557263707822098421e-04
5.149999999999953282e+00 3.454290284700932694e-04
5.249999999999952927e+00 2.593058018596634514e-04
5.349999999999952571e+00 1.947133819018411556e-04
5.449999999999952216e+00 1.628852329371171148e-04
5.549999999999951861e+00 1.797354294478534036e-04
5.649999999999951505e+00 1.319932060007673424e-04
5.749999999999951150e+00 1.188874976035280323e-04
5.849999999999950795e+00 1.011011790644175429e-04
5.949999999999950440e+00 8.799547066717821925e-05
6.049999999999950084e+00 8.893159269555246053e-05
6.149999999999949729e+00 6.084793184432537130e-05
6.249999999999949374e+00 7.676200632668739169e-05
6.349999999999949019e+00 6.272017590107384030e-05
6.449999999999948663e+00 6.459241995782232285e-05
6.549999999999948308e+00 4.774222344708606118e-05
6.649999999999947953e+00 2.153080665260744095e-05
6.749999999999947597e+00 2.901978287960133051e-05
6.849999999999947242e+00 2.153080665260744095e-05
6.949999999999946887e+00 2.340305070935590995e-05
7.049999999999946532e+00 1.872244056748472728e-05
7.149999999999946176e+00 1.216958636886507561e-05
7.249999999999945821e+00 1.404183042561354800e-05
7.349999999999945466e+00 1.029734231211660153e-05
7.449999999999945111e+00 2.153080665260744095e-05
7.549999999999944755e+00 8.425098255368129141e-06
7.649999999999944400e+00 1.497795245398778420e-05
7.749999999999944045e+00 3.744488113496946050e-06
7.849999999999943689e+00 2.808366085122709431e-06
7.949999999999943334e+00 3.744488113496946050e-06
