-7.950000000000000178e+00 5.195550967872946454e-04
-7.850000000000000533e+00 5.102012475431459779e-04
-7.750000000000000888e+00 5.354912843884373054e-04
-7.650000000000001243e+00 5.560638558938900281e-04
-7.550000000000001599e+00 5.532628608483608056e-04
-7.450000000000001954e+00 5.944669721760142619e-04
-7.350000000000002309e+00 6.122459196755312364e-04
-7.250000000000002665e+00 6.731454487970112664e-04
-7.150000000000003020e+00 6.937401334212444119e-04
-7.050000000000003375e+00 6.404106619622868543e-04
-6.950000000000003730e+00 7.442612387950791643e-04
-6.850000000000004086e+00 7.620770414925637270e-04
-6.750000000000004441e+00 7.761336139973642675e-04
-6.650000000000004796e+00 8.219888513085148434e-04
-6.550000000000005151e+00 8.529251044824255699e-04
-6.450000000000005507e+00 9.362694491661066425e-04
-6.350000000000005862e+00 1.028989756212717131e-03
-6.250000000000006217e+00 1.038387831694426860e-03
-6.150000000000006573e+00 1.077727070004925363e-03
-6.050000000000006928e+00 1.146941131787870827e-03
-5.950000000000007283e+00 1.257536209848713563e-03
-5.850000000000007638e+00 1.281890124665630622e-03
-5.750000000000007994e+00 1.279170211055629617e-03
-5.650000000000008349e+00 1.335344903797677351e-03
-5.550000000000008704e+00 1.453288908333237681e-03
-5.450000000000009059e+00 1.519650377793499386e-03
-5.350000000000009415e+00 1.666761586000530763e-03
-5.250000000000009770e+00 1.642599318213044685e-03
-5.150000000000010125e+00 1.783091332865115132e-03
-5.050000000000010481e+00 1.936600603439302777e-03
-4.950000000000010836e+00 2.001310960030621040e-03
-4.850000000000011191e+00 2.049149006992423243e-03
-4.750000000000011546e+00 2.133407360585697944e-03
-4.650000000000011902e+00 2.196348667674576961e-03
-4.550000000000012257e+00 2.438826386142285522e-03
-4.450000000000012612e+00 2.570812221103459770e-03
-4.350000000000012967e+00 2.861385972918742242e-03
-4.250000000000013323e+00 2.945437937403399663e-03
-4.150000000000013678e+00 3.115222463400031411e-03
-4.050000000000014033e+00 3.425388438454832034e-03
-3.950000000000014388e+00 3.683212661356203253e-03
-3.850000000000014744e+00 3.754372677591832214e-03
-3.750000000000015099e+00 4.098990891706642825e-03
-3.650000000000015454e+00 4.350188550013459748e-03
-3.550000000000015810e+00 4.690030330471682551e-03
-3.450000000000016165e+00 5.102366285331959989e-03
-3.350000000000016520e+00 5.305733267716568509e-03
-3.250000000000016875e+00 5.942930156416092666e-03
-3.150000000000017231e+00 6.190059000867298780e-03
-3.050000000000017586e+00 6.796275410155352449e-03
-2.950000000000017941e+00 7.460457674806669076e-03
-2.850000000000018296e+00 7.868105648485477360e-03
-2.750000000000018652e+00 8.717949658417810735e-03
-2.650000000000019007e+00 9.620275470255845729e-03
-2.550000000000019362e+00 1.065384264205610984e-02
-2.450000000000019718e+00 1.184715498392665579e-02
-2.350000000000020073e+00 1.311721459004470611e-02
-2.250000000000020428e+00 1.443511961416415329e-02
-2.150000000000020783e+00 1.596850223872034458e-02
-2.050000000000021139e+00 1.795698758985830867e-02
-1.950000000000021272e+00 1.990925902347341625e-02
-1.850000000000021627e+00 2.251596083635765480e-02
-1.750000000000021982e+00 2.536592169790651691e-02
-1.650000000000022338e+00 2.861914476457604051e-02
-1.550000000000022693e+00 3.293154199459358278e-02
-1.450000000000023048e+00 3.789153665017697126e-02
-1.350000000000023404e+00 4.377058200643607622e-02
-1.250000000000023759e+00 5.097321545834121448e-02
-1.150000000000024114e+00 6.021959494521683665e-02
-1.050000000000024469e+00 7.186644192819037491e-02
-9.500000000000248246e-01 8.719280131064421901e-02
-8.500000000000251799e-01 1.063310274795191551e-01
-7.500000000000255351e-01 1.314286728203807320e-01
-6.500000000000258904e-01 1.661816502958052000e-01
-5.500000000000262457e-01 2.138067626658298193e-01
-4.500000000000266565e-01 2.821981574618234179e-01
-3.500000000000270117e-01 3.859197558438094422e-01
-2.500000000000273670e-01 5.572641486102553054e-01
-1.500000000000277223e-01 8.703259397639154793e-01
-5.000000000002806366e-02 1.578648068134264726e+00
4.999999999997158107e-02 1.586120872300390783e+00
1.499999999999712119e-01 8.683122823125660750e-01
2.499999999999708566e-01 5.597807763193067832e-01
3.499999999999705014e-01 3.887324413581341176e-01
4.499999999999701461e-01 2.839901677525965562e-01
5.499999999999698463e-01 2.142967820069660856e-01
6.499999999999694911e-01 1.653803372105564495e-01
7.499999999999691358e-01 1.312474484409349718e-01
8.499999999999687805e-01 1.053312565242550403e-01
9.499999999999684253e-01 8.595271235151334677e-02
1.049999999999968070e+00 7.156008678060538086e-02
1.149999999999967715e+00 5.964795608266185156e-02
1.249999999999967359e+00 5.073883114134716821e-02
1.349999999999967004e+00 4.310738009005071758e-02
1.449999999999966649e+00 3.759516189020162963e-02
1.549999999999966294e+00 3.280175272943126885e-02
1.649999999999965938e+00 2.882049945315163370e-02
1.749999999999965583e+00 2.518797006004028921e-02
1.849999999999965228e+00 2.244899494165072604e-02
1.949999999999964873e+00 1.984198354510356005e-02
2.049999999999964295e+00 1.752901766002021300e-02
2.149999999999963940e+00 1.583307412826900906e-02
2.249999999999963585e+00 1.460632675080233284e-02
2.349999999999963229e+00 1.305368359978834741e-02
2.449999999999962874e+00 1.198579686764075433e-02
2.549999999999962519e+00 1.074847204835743461e-02
2.649999999999962164e+00 9.801993709354346260e-03
2.749999999999961808e+00 8.857918329258741147e-03
2.849999999999961453e+00 8.121890541689607765e-03
2.949999999999961098e+00 7.556310673680515996e-03
3.049999999999960743e+00 6.971639813124261460e-03
3.149999999999960387e+00 6.501772894236734421e-03
3.249999999999960032e+00 5.832961616720697302e-03
3.349999999999959677e+00 5.382605839637158787e-03
3.449999999999959321e+00 5.073412841808699371e-03
3.549999999999958966e+00 4.741642349705356592e-03
3.649999999999958611e+00 4.253790094209692479e-03
3.749999999999958256e+00 4.037074159121259442e-03
3.849999999999957900e+00 3.774060724346065421e-03
3.949999999999957545e+00 3.574342406560238050e-03
4.049999999999957190e+00 3.318346201478054522e-03
4.149999999999956835e+00 3.155623131411993895e-03
4.249999999999956479e+00 2.926133184708028419e-03
4.349999999999956124e+00 2.807909080667914982e-03
4.449999999999955769e+00 2.499954417491163580e-03
4.549999999999955413e+00 2.313216500429486795e-03
4.649999999999955058e+00 2.228243155995642162e-03
4.749999999999954703e+00 2.106281934881625885e-03
4.849999999999954348e+00 2.106355645277560411e-03
4.949999999999953992e+00 1.921637393064501865e-03
5.049999999999953637e+00 1.801717949917883924e-03
5.149999999999953282e+00 1.752331984641448005e-03
5.249999999999952927e+00 1.559284457687737727e-03
5.349999999999952571e+00 1.504849330289755559e-03
5.449999999999952216e+00 1.416794891305829356e-03
5.549999999999951861e+00 1.382092036899641458e-03
5.649999999999951505e+00 1.277202143484165806e-03
5.749999999999951150e+00 1.252796631390094319e-03
5.849999999999950795e+00 1.204177254231382109e-03
5.949999999999950440e+00 1.103017106850216582e-03
6.049999999999950084e+00 1.062712262352970023e-03
6.149999999999949729e+00 9.952967342308381357e-04
6.249999999999949374e+00 9.521835236484686629e-04
6.349999999999949019e+00 9.053700511901635042e-04
6.449999999999948663e+00 8.622715826869810883e-04
6.549999999999948308e+00 8.435859973174637426e-04
6.649999999999947953e+00 8.323304198581924244e-04
6.749999999999947597e+00 7.527084501692277857e-04
6.849999999999947242e+00 7.442980939930466441e-04
6.949999999999946887e+00 6.881086591718119615e-04
7.049999999999946532e+00 6.740668287461984778e-04
7.149999999999946176e+00 6.497129139292812019e-04
7.249999999999945821e+00 6.150690278398408817e-04
7.349999999999945466e+00 6.094449246300020140e-04
7.449999999999945111e+00 5.748452647781227562e-04
7.549999999999944755e+00 5.710712925062518940e-04
7.649999999999944400e+00 5.457665135817734011e-04
7.749999999999944045e+00 5.195698388664818108e-04
7.849999999999943689e+00 5.130022425886750920e-04
7.949999999999943334e+00 4.296800110237745506e-04
