-7.950000000000000178e+00 3.004951711081298507e-04
-7.850000000000000533e+00 2.611927879955989367e-04
-7.750000000000000888e+00 2.536964407290115864e-04
-7.650000000000001243e+00 3.154804946017111854e-04
-7.550000000000001599e+00 2.995811621985361136e-04
-7.450000000000001954e+00 2.949005520566649343e-04
-7.350000000000002309e+00 3.482595076739964431e-04
-7.250000000000002665e+00 3.547976197934290480e-04
-7.150000000000003020e+00 3.660531972527004746e-04
-7.050000000000003375e+00 3.931786229567727506e-04
-6.950000000000003730e+00 4.446948186757298366e-04
-6.850000000000004086e+00 4.484319357496332733e-04
-6.750000000000004441e+00 4.793681889235441081e-04
-6.650000000000004796e+00 5.383365056715275904e-04
-6.550000000000005151e+00 5.532997160463282854e-04
-6.450000000000005507e+00 5.701941387946255282e-04
-6.350000000000005862e+00 5.748894910156837103e-04
-6.250000000000006217e+00 6.189167105076468119e-04
-6.150000000000006573e+00 6.778850272556302941e-04
-6.050000000000006928e+00 7.228704818947481953e-04
-5.950000000000007283e+00 7.416371486997939749e-04
-5.850000000000007638e+00 8.417727215774633252e-04
-5.750000000000007994e+00 8.726352643554390921e-04
-5.650000000000008349e+00 9.260015910123641295e-04
-5.550000000000008704e+00 9.363136754036677049e-04
-5.450000000000009059e+00 9.971616072479930898e-04
-5.350000000000009415e+00 1.096420026414035966e-03
-5.250000000000009770e+00 1.167587413689258292e-03
-5.150000000000010125e+00 1.289364358813437604e-03
-5.050000000000010481e+00 1.412910353440055946e-03
-4.950000000000010836e+00 1.384856176747202875e-03
-4.850000000000011191e+00 1.601056139064090328e-03
-4.750000000000011546e+00 1.660068682049634656e-03
-4.650000000000011902e+00 1.831356900123339276e-03
-4.550000000000012257e+00 1.925072297515072368e-03
-4.450000000000012612e+00 2.054301363668277914e-03
-4.350000000000012967e+00 2.320174761805749060e-03
-4.250000000000013323e+00 2.492531780620511894e-03
-4.150000000000013678e+00 2.706822643682684632e-03
-4.050000000000014033e+00 2.936260993109495246e-03
-3.950000000000014388e+00 3.142303662866543709e-03
-3.850000000000014744e+00 3.515904804662987534e-03
-3.750000000000015099e+00 3.789304034225420524e-03
-3.650000000000015454e+00 4.202214930173989171e-03
-3.550000000000015810e+00 4.611764632067922275e-03
-3.450000000000016165e+00 5.149069192196362166e-03
-3.350000000000016520e+00 5.567567336156802743e-03
-3.250000000000016875e+00 6.161540448680055855e-03
-3.150000000000017231e+00 6.851536093987804603e-03
-3.050000000000017586e+00 7.430376462225603967e-03
-2.950000000000017941e+00 8.308680056028432473e-03
-2.850000000000018296e+00 9.329657492203002195e-03
-2.750000000000018652e+00 1.049156183436565290e-02
-2.650000000000019007e+00 1.139376233853059417e-02
-2.550000000000019362e+00 1.294984039399513578e-02
-2.450000000000019718e+00 1.452418388557237539e-02
-2.350000000000020073e+00 1.686412040452829608e-02
-2.250000000000020428e+00 1.905623072443665689e-02
-2.150000000000020783e+00 2.177242933048231799e-02
-2.050000000000021139e+00 2.446301357394055701e-02
-1.950000000000021272e+00 2.785812178174533471e-02
-1.850000000000021627e+00 3.232054915164895431e-02
-1.750000000000021982e+00 3.695298217873690255e-02
-1.650000000000022338e+00 4.298182180161504162e-02
-1.550000000000022693e+00 4.988878074230617549e-02
-1.450000000000023048e+00 5.861855354823186648e-02
-1.350000000000023404e+00 6.868502015820102113e-02
-1.250000000000023759e+00 8.072265754730301168e-02
-1.150000000000024114e+00 9.627310390443871713e-02
-1.050000000000024469e+00 1.150112079310595947e-01
-9.500000000000248246e-01 1.371911746696276024e-01
-8.500000000000251799e-01 1.669643588771210219e-01
-7.500000000000255351e-01 2.017718746744978642e-01
-6.500000000000258904e-01 2.466956189701383639e-01
-5.500000000000262457e-01 3.035978406911034044e-01
-4.500000000000266565e-01 3.766166267231048081e-01
-3.500000000000270117e-01 4.717506322818842412e-01
-2.500000000000273670e-01 5.933112079098323832e-01
-1.500000000000277223e-01 7.450992965126985723e-01
-5.000000000002806366e-02 9.327276498993510856e-01
4.999999999997158107e-02 9.302009754633329131e-01
1.499999999999712119e-01 7.405058636561000496e-01
2.499999999999708566e-01 5.855246554434094808e-01
3.499999999999705014e-01 4.649935486892474712e-01
4.499999999999701461e-01 3.729248783978992288e-01
5.499999999999698463e-01 3.005729429468820824e-01
6.499999999999694911e-01 2.435971582507738264e-01
7.499999999999691358e-01 1.985955757770259678e-01
8.499999999999687805e-01 1.641629289402557201e-01
9.499999999999684253e-01 1.355075997423141887e-01
1.049999999999968070e+00 1.136621307804991932e-01
1.149999999999967715e+00 9.482434081441587503e-02
1.249999999999967359e+00 7.945725643820804318e-02
1.349999999999967004e+00 6.812136413152580783e-02
1.449999999999966649e+00 5.739631724699642557e-02
1.549999999999966294e+00 4.874497967338518867e-02
1.649999999999965938e+00 4.227976713553235205e-02
1.749999999999965583e+00 3.628108980667080208e-02
1.849999999999965228e+00 3.202810315577692135e-02
1.949999999999964873e+00 2.761600524421770758e-02
2.049999999999964295e+00 2.416952089044624441e-02
2.149999999999963940e+00 2.119215160952377455e-02
2.249999999999963585e+00 1.892757659937173778e-02
2.349999999999963229e+00 1.672687901833696394e-02
2.449999999999962874e+00 1.511949115626204203e-02
2.549999999999962519e+00 1.321821994559439425e-02
2.649999999999962164e+00 1.160343155976763935e-02
2.749999999999961808e+00 1.019947701943371005e-02
2.849999999999961453e+00 9.280735902420959166e-03
2.949999999999961098e+00 8.396741866051949874e-03
3.049999999999960743e+00 7.448184893883494188e-03
3.149999999999960387e+00 6.792619374516976199e-03
3.249999999999960032e+00 5.988372615510008032e-03
3.349999999999959677e+00 5.448915711820266281e-03
3.449999999999959321e+00 5.014164425556162999e-03
3.549999999999958966e+00 4.557417957145062232e-03
3.649999999999958611e+00 4.153543955738122316e-03
3.749999999999958256e+00 3.732989291731095803e-03
3.849999999999957900e+00 3.444693191150203712e-03
3.949999999999957545e+00 3.140431418809795389e-03
4.049999999999957190e+00 2.981209592550645993e-03
4.149999999999956835e+00 2.734080748099439878e-03
4.249999999999956479e+00 2.561753213443050941e-03
4.349999999999956124e+00 2.295850331147205898e-03
4.449999999999955769e+00 2.072972206958608420e-03
4.549999999999955413e+00 2.075869025518852808e-03
4.649999999999955058e+00 1.823064480580654156e-03
4.749999999999954703e+00 1.735960905704289278e-03
4.849999999999954348e+00 1.472770565978852308e-03
4.949999999999953992e+00 1.393273903962977600e-03
5.049999999999953637e+00 1.330494759745155884e-03
5.149999999999953282e+00 1.187209121087149906e-03
5.249999999999952927e+00 1.158167225088768248e-03
5.349999999999952571e+00 1.088894194989074556e-03
5.449999999999952216e+00 1.008343474311329448e-03
5.549999999999951861e+00 9.184831306269961937e-04
5.649999999999951505e+00 8.510676025048641985e-04
5.749999999999951150e+00 8.912766234873953754e-04
5.849999999999950795e+00 7.864604404678550084e-04
5.949999999999950440e+00 7.396174838511755190e-04
6.049999999999950084e+00 7.021210054390515480e-04
6.149999999999949729e+00 6.366219476112289352e-04
6.249999999999949374e+00 6.132262679414664588e-04
6.349999999999949019e+00 5.823489830843036350e-04
6.449999999999948663e+00 5.542726932726700336e-04
6.549999999999948308e+00 5.186484589172945994e-04
6.649999999999947953e+00 4.943092861795642719e-04
6.749999999999947597e+00 5.158548349113588512e-04
6.849999999999947242e+00 4.605941510789048543e-04
6.949999999999946887e+00 4.409798147206068770e-04
7.049999999999946532e+00 4.044710556140116570e-04
7.149999999999946176e+00 3.782596388195329554e-04
7.249999999999945821e+00 3.688615633378231713e-04
7.349999999999945466e+00 3.894636190016498452e-04
7.449999999999945111e+00 3.098785045106527405e-04
7.549999999999944755e+00 2.883403268184517982e-04
7.649999999999944400e+00 2.995811621985361678e-04
7.749999999999944045e+00 2.724262523360897778e-04
7.849999999999943689e+00 2.415194833205530026e-04
7.949999999999943334e+00 2.433917273773014852e-04
