-7.950000000000000178e+00 0.000000000000000000e+00
-7.850000000000000533e+00 0.000000000000000000e+00
-7.750000000000000888e+00 0.000000000000000000e+00
-7.650000000000001243e+00 0.000000000000000000e+00
-7.550000000000001599e+00 0.000000000000000000e+00
-7.450000000000001954e+00 0.000000000000000000e+00
-7.350000000000002309e+00 0.000000000000000000e+00
-7.250000000000002665e+00 0.000000000000000000e+00
-7.150000000000003020e+00 0.000000000000000000e+00
-7.050000000000003375e+00 0.000000000000000000e+00
-6.950000000000003730e+00 0.000000000000000000e+00
-6.850000000000004086e+00 0.000000000000000000e+00
-6.750000000000004441e+00 0.000000000000000000e+00
-6.650000000000004796e+00 0.000000000000000000e+00
-6.550000000000005151e+00 0.000000000000000000e+00
-6.450000000000005507e+00 0.000000000000000000e+00
-6.350000000000005862e+00 0.000000000000000000e+00
-6.250000000000006217e+00 0.000000000000000000e+00
-6.150000000000006573e+00 0.000000000000000000e+00
-6.050000000000006928e+00 0.000000000000000000e+00
-5.950000000000007283e+00 0.000000000000000000e+00
-5.850000000000007638e+00 0.000000000000000000e+00
-5.750000000000007994e+00 0.000000000000000000e+00
-5.650000000000008349e+00 1.497795245398778388e-07
-5.550000000000008704e+00 0.000000000000000000e+00
-5.450000000000009059e+00 2.995590490797556776e-07
-5.350000000000009415e+00 5.991180981595113552e-07
-5.250000000000009770e+00 1.198236196319022710e-06
-5.150000000000010125e+00 2.246692868098167715e-06
-5.050000000000010481e+00 2.246692868098167715e-06
-4.950000000000010836e+00 4.942724309815968125e-06
-4.850000000000011191e+00 6.590299079754624167e-06
-4.750000000000011546e+00 7.938314800613525642e-06
-4.650000000000011902e+00 1.243170053680986107e-05
-4.550000000000012257e+00 1.797354294478534172e-05
-4.450000000000012612e+00 2.351538535276081728e-05
-4.350000000000012967e+00 4.103958972392652969e-05
-4.250000000000013323e+00 5.811445552147260601e-05
-4.150000000000013678e+00 8.357697469325182373e-05
-4.050000000000014033e+00 1.247663439417182366e-04
-3.950000000000014388e+00 1.779380751533749406e-04
-3.850000000000014744e+00 2.463873178680992850e-04
-3.750000000000015099e+00 3.819377875766889773e-04
-3.650000000000015454e+00 5.363604773773026670e-04
-3.550000000000015810e+00 7.677698427914118147e-04
-3.450000000000016165e+00 1.079910371932514199e-03
-3.350000000000016520e+00 1.536288583205517970e-03
-3.250000000000016875e+00 2.109045485046005461e-03
-3.150000000000017231e+00 2.869625910659498111e-03
-3.050000000000017586e+00 3.917483464340473440e-03
-2.950000000000017941e+00 5.283622507668686574e-03
-2.850000000000018296e+00 6.993505559815916400e-03
-2.750000000000018652e+00 9.262066238496886525e-03
-2.650000000000019007e+00 1.217617666794472073e-02
-2.550000000000019362e+00 1.573074434432511839e-02
-2.450000000000019718e+00 2.020480852185704140e-02
-2.350000000000020073e+00 2.561933833397495031e-02
-2.250000000000020428e+00 3.234998082822444776e-02
-2.150000000000020783e+00 4.014256015145950540e-02
-2.050000000000021139e+00 4.958496093750188599e-02
-1.950000000000021272e+00 6.044038175805407226e-02
-1.850000000000021627e+00 7.283209116181582621e-02
-1.750000000000021982e+00 8.727862586273976708e-02
-1.650000000000022338e+00 1.032082774156565796e-01
-1.550000000000022693e+00 1.208180058953363667e-01
-1.450000000000023048e+00 1.400953796012434915e-01
-1.350000000000023404e+00 1.611404512557680357e-01
-1.250000000000023759e+00 1.831196978048448554e-01
-1.150000000000024114e+00 2.062860968654233185e-01
-1.050000000000024469e+00 2.305867762653420194e-01
-9.500000000000248246e-01 2.542266284029941481e-01
-8.500000000000251799e-01 2.774710625958743959e-01
-7.500000000000255351e-01 3.008516463765589788e-01
-6.500000000000258904e-01 3.221125503259507084e-01
-5.500000000000262457e-01 3.419074122891424539e-01
-4.500000000000266565e-01 3.588907627971955616e-01
-3.500000000000270117e-01 3.736771472392952376e-01
-2.500000000000273670e-01 3.851189548984192967e-01
-1.500000000000277223e-01 3.929880715586945295e-01
-5.000000000002806366e-02 3.962108775882185463e-01
4.999999999997158107e-02 3.959265960506418991e-01
1.499999999999712119e-01 3.922333325345381261e-01
2.499999999999708566e-01 3.844224801093091282e-01
3.499999999999705014e-01 3.736552794287125723e-01
4.499999999999701461e-01 3.591790883819352409e-01
5.499999999999698463e-01 3.420255883340050929e-01
6.499999999999694911e-01 3.221103036330824065e-01
7.499999999999691358e-01 3.008546419670493077e-01
8.499999999999687805e-01 2.780096697661204042e-01
9.499999999999684253e-01 2.536916159413376004e-01
1.049999999999968070e+00 2.302749352952496720e-01
1.149999999999967715e+00 2.064891979006993616e-01
1.249999999999967359e+00 1.832425170149674654e-01
1.349999999999967004e+00 1.609912708493260736e-01
1.449999999999966649e+00 1.402268860237895765e-01
1.549999999999966294e+00 1.209541554831431581e-01
1.649999999999965938e+00 1.031928501246290042e-01
1.749999999999965583e+00 8.730693419287778589e-02
1.849999999999965228e+00 7.291686637270536342e-02
1.949999999999964873e+00 6.034886646856015002e-02
2.049999999999964295e+00 4.946993026265524007e-02
2.149999999999963940e+00 4.018824290644414099e-02
2.249999999999963585e+00 3.236331120590849042e-02
2.349999999999963229e+00 2.561933833397494337e-02
2.449999999999962874e+00 2.014879097967911536e-02
2.549999999999962519e+00 1.581012749233127318e-02
2.649999999999962164e+00 1.213873178680975259e-02
2.749999999999961808e+00 9.267757860429402805e-03
2.849999999999961453e+00 7.074086944018370682e-03
2.949999999999961098e+00 5.247825201303657136e-03
3.049999999999960743e+00 3.933659652990780312e-03
3.149999999999960387e+00 2.848057659125755904e-03
3.249999999999960032e+00 2.115186445552140124e-03
3.349999999999959677e+00 1.517865701687112897e-03
3.449999999999959321e+00 1.069725364263802601e-03
3.549999999999958966e+00 7.617786618098167572e-04
3.649999999999958611e+00 5.633207917944804254e-04
3.749999999999958256e+00 3.747483703987748000e-04
3.849999999999957900e+00 2.550745302914121724e-04
3.949999999999957545e+00 1.791363113496939792e-04
4.049999999999957190e+00 1.229689896472396923e-04
4.149999999999956835e+00 8.372675421779170017e-05
4.249999999999956479e+00 5.886335314417199497e-05
4.349999999999956124e+00 3.924223542944799890e-05
4.449999999999955769e+00 2.681053489263813275e-05
4.549999999999955413e+00 1.722464532208595276e-05
4.649999999999955058e+00 1.063434624233132690e-05
4.749999999999954703e+00 7.039637653374258556e-06
4.849999999999954348e+00 3.894267638036823756e-06
4.949999999999953992e+00 2.696031441717801257e-06
5.049999999999953637e+00 2.696031441717801257e-06
5.149999999999953282e+00 2.246692868098167715e-06
5.249999999999952927e+00 1.348015720858900629e-06
5.349999999999952571e+00 2.995590490797556776e-07
5.449999999999952216e+00 2.995590490797556776e-07
5.549999999999951861e+00 4.493385736196335429e-07
5.649999999999951505e+00 1.497795245398778388e-07
5.749999999999951150e+00 2.995590490797556776e-07
5.849999999999950795e+00 1.497795245398778388e-07
5.949999999999950440e+00 0.000000000000000000e+00
6.049999999999950084e+00 0.000000000000000000e+00
6.149999999999949729e+00 0.000000000000000000e+00
6.249999999999949374e+00 0.000000000000000000e+00
6.349999999999949019e+00 1.497795245398778388e-07
6.449999999999948663e+00 0.000000000000000000e+00
6.549999999999948308e+00 0.000000000000000000e+00
6.649999999999947953e+00 0.000000000000000000e+00
6.749999999999947597e+00 0.000000000000000000e+00
6.849999999999947242e+00 0.000000000000000000e+00
6.949999999999946887e+00 0.000000000000000000e+00
7.049999999999946532e+00 0.000000000000000000e+00
7.149999999999946176e+00 0.000000000000000000e+00
7.249999999999945821e+00 0.000000000000000000e+00
7.349999999999945466e+00 0.000000000000000000e+00
7.449999999999945111e+00 0.000000000000000000e+00
7.549999999999944755e+00 0.000000000000000000e+00
7.649999999999944400e+00 0.000000000000000000e+00
7.749999999999944045e+00 0.000000000000000000e+00
7.849999999999943689e+00 0.000000000000000000e+00
7.949999999999943334e+00 0.000000000000000000e+00
