-7.950000000000000178e+00 1.497795245398778547e-06
-7.850000000000000533e+00 1.198236196319022710e-06
-7.750000000000000888e+00 1.048456671779144792e-06
-7.650000000000001243e+00 2.396472392638045421e-06
-7.550000000000001599e+00 1.797354294478534172e-06
-7.450000000000001954e+00 2.845810966257678540e-06
-7.350000000000002309e+00 2.396472392638045421e-06
-7.250000000000002665e+00 2.696031441717801257e-06
-7.150000000000003020e+00 2.696031441717801257e-06
-7.050000000000003375e+00 3.444929064417190213e-06
-6.950000000000003730e+00 2.995590490797556670e-06
-6.850000000000004086e+00 5.092503834355846255e-06
-6.750000000000004441e+00 3.744488113496946050e-06
-6.650000000000004796e+00 3.894267638036823756e-06
-6.550000000000005151e+00 5.541842407975479798e-06
-6.450000000000005507e+00 6.290740030674869601e-06
-6.350000000000005862e+00 8.088094325153403772e-06
-6.250000000000006217e+00 1.258148006134973920e-05
-6.150000000000006573e+00 1.018500766871169251e-05
-6.050000000000006928e+00 1.183258243865035025e-05
-5.950000000000007283e+00 1.527751150306753876e-05
-5.850000000000007638e+00 1.437883435582827168e-05
-5.750000000000007994e+00 1.557707055214729841e-05
-5.650000000000008349e+00 2.007045628834363215e-05
-5.550000000000008704e+00 2.216736963190191919e-05
-5.450000000000009059e+00 2.770921203987740153e-05
-5.350000000000009415e+00 2.905722776073629962e-05
-5.250000000000009770e+00 2.965634585889581214e-05
-5.150000000000010125e+00 4.448451878834372159e-05
-5.050000000000010481e+00 4.643165260736212881e-05
-4.950000000000010836e+00 5.407040835889590158e-05
-4.850000000000011191e+00 6.889858128834381104e-05
-4.750000000000011546e+00 7.354174654908000766e-05
-4.650000000000011902e+00 9.466065950920278841e-05
-4.550000000000012257e+00 1.187751629601231250e-04
-4.450000000000012612e+00 1.312068634969330047e-04
-4.350000000000012967e+00 1.643081384202460494e-04
-4.250000000000013323e+00 2.134358224693260896e-04
-4.150000000000013678e+00 2.589687979294490140e-04
-4.050000000000014033e+00 3.446426859662593111e-04
-3.950000000000014388e+00 4.442460697852781710e-04
-3.850000000000014744e+00 5.776996261503085633e-04
-3.750000000000015099e+00 7.423073236196328206e-04
-3.650000000000015454e+00 9.725184528374228483e-04
-3.550000000000015810e+00 1.268033454754599002e-03
-3.450000000000016165e+00 1.628553949688416698e-03
-3.350000000000016520e+00 2.133010208972385691e-03
-3.250000000000016875e+00 2.790542321702443353e-03
-3.150000000000017231e+00 3.670646807898757073e-03
-3.050000000000017586e+00 4.679712644090240278e-03
-2.950000000000017941e+00 6.097374664493835847e-03
-2.850000000000018296e+00 7.803663008052108205e-03
-2.750000000000018652e+00 1.004091976610424312e-02
-2.650000000000019007e+00 1.282277723411603954e-02
-2.550000000000019362e+00 1.616255871357369367e-02
-2.450000000000019718e+00 2.035593724148414274e-02
-2.350000000000020073e+00 2.551030709567423185e-02
-2.250000000000020428e+00 3.157832025589411146e-02
-2.150000000000020783e+00 3.885835640488641968e-02
-2.050000000000021139e+00 4.768606320158339656e-02
-1.950000000000021272e+00 5.792349252451765851e-02
-1.850000000000021627e+00 6.951568472311610292e-02
-1.750000000000021982e+00 8.328117428469010430e-02
-1.650000000000022338e+00 9.845235765709947628e-02
-1.550000000000022693e+00 1.157243297708430291e-01
-1.450000000000023048e+00 1.349554404735285040e-01
-1.350000000000023404e+00 1.553605160133579854e-01
-1.250000000000023759e+00 1.776874114531895033e-01
-1.150000000000024114e+00 2.014568275970311240e-01
-1.050000000000024469e+00 2.258671644787744182e-01
-9.500000000000248246e-01 2.510471074766932875e-01
-8.500000000000251799e-01 2.762349722783018491e-01
-7.500000000000255351e-01 3.004783167838604996e-01
-6.500000000000258904e-01 3.239362221801935782e-01
-5.500000000000262457e-01 3.449341805083722123e-01
-4.500000000000266565e-01 3.642978083505508113e-01
-3.500000000000270117e-01 3.799843700938676516e-01
-2.500000000000273670e-01 3.928276800958739878e-01
-1.500000000000277223e-01 4.013910059825287480e-01
-5.000000000002806366e-02 4.054587242068138919e-01
4.999999999997158107e-02 4.058187517266198530e-01
1.499999999999712119e-01 4.012859126484217831e-01
2.499999999999708566e-01 3.928603096242627712e-01
3.499999999999705014e-01 3.801875808102129217e-01
4.499999999999701461e-01 3.643627077005968662e-01
5.499999999999698463e-01 3.457369952218070086e-01
6.499999999999694911e-01 3.239729382129339363e-01
7.499999999999691358e-01 3.006631517933409103e-01
8.499999999999687805e-01 2.762081369767162009e-01
9.499999999999684253e-01 2.513597126761706324e-01
1.049999999999968070e+00 2.265028405745846407e-01
1.149999999999967715e+00 2.016054171409390749e-01
1.249999999999967359e+00 1.783438927505152094e-01
1.349999999999967004e+00 1.554511432400015325e-01
1.449999999999966649e+00 1.350839442293858272e-01
1.549999999999966294e+00 1.157969728402447884e-01
1.649999999999965938e+00 9.865215764600396287e-02
1.749999999999965583e+00 8.338781966489514086e-02
1.849999999999965228e+00 6.959416683524227709e-02
1.949999999999964873e+00 5.771799973431425423e-02
2.049999999999964295e+00 4.774492655472752090e-02
2.149999999999963940e+00 3.888262068786187131e-02
2.249999999999963585e+00 3.163104500726478946e-02
2.349999999999963229e+00 2.538164058726277358e-02
2.449999999999962874e+00 2.027520607775713107e-02
2.549999999999962519e+00 1.614638488365605432e-02
2.649999999999962164e+00 1.273799966449379838e-02
2.749999999999961808e+00 1.002489571571114554e-02
2.849999999999961453e+00 7.803962567101188283e-03
2.949999999999961098e+00 6.047349482663852069e-03
3.049999999999960743e+00 4.673423083425900203e-03
3.149999999999960387e+00 3.559959739263788767e-03
3.249999999999960032e+00 2.755044574386492692e-03
3.349999999999959677e+00 2.109195264570545500e-03
3.449999999999959321e+00 1.605486723542940775e-03
3.549999999999958966e+00 1.231487250766869369e-03
3.649999999999958611e+00 9.460074769938647734e-04
3.749999999999958256e+00 7.000694976993876656e-04
3.849999999999957900e+00 5.459463669478547589e-04
3.949999999999957545e+00 4.142901648773025585e-04
4.049999999999957190e+00 3.262198044478542927e-04
4.149999999999956835e+00 2.365018692484672776e-04
4.249999999999956479e+00 2.059468462423321594e-04
4.349999999999956124e+00 1.589160755368104164e-04
4.449999999999955769e+00 1.288103911042949546e-04
4.549999999999955413e+00 9.705713190184082494e-05
4.649999999999955058e+00 7.743601418711683565e-05
4.749999999999954703e+00 6.320695935582845227e-05
4.849999999999954348e+00 5.302195168711675976e-05
4.949999999999953992e+00 4.882812500000017889e-05
5.049999999999953637e+00 4.059025115030689360e-05
5.149999999999953282e+00 2.755943251533752171e-05
5.249999999999952927e+00 2.381494440184057693e-05
5.349999999999952571e+00 2.441406250000008945e-05
5.449999999999952216e+00 1.872244056748473067e-05
5.549999999999951861e+00 1.947133819018411963e-05
5.649999999999951505e+00 1.407927530674851711e-05
5.749999999999951150e+00 1.303081863496937190e-05
5.849999999999950795e+00 1.422905483128839355e-05
5.949999999999950440e+00 9.885448619631936250e-06
6.049999999999950084e+00 9.286330521472425424e-06
6.149999999999949729e+00 7.938314800613525642e-06
6.249999999999949374e+00 8.537432898773036468e-06
6.349999999999949019e+00 7.339196702454013122e-06
6.449999999999948663e+00 4.792944785276090842e-06
6.549999999999948308e+00 3.295149539877312083e-06
6.649999999999947953e+00 2.696031441717801257e-06
6.749999999999947597e+00 4.792944785276089995e-06
6.849999999999947242e+00 3.594708588957067920e-06
6.949999999999946887e+00 3.894267638036823756e-06
7.049999999999946532e+00 2.546251917177923127e-06
7.149999999999946176e+00 1.797354294478534172e-06
7.249999999999945821e+00 1.647574769938656253e-06
7.349999999999945466e+00 1.497795245398778335e-06
7.449999999999945111e+00 1.797354294478534172e-06
7.549999999999944755e+00 1.198236196319022710e-06
7.649999999999944400e+00 1.647574769938656253e-06
7.749999999999944045e+00 8.986771472392670858e-07
7.849999999999943689e+00 8.986771472392670858e-07
7.949999999999943334e+00 7.488976226993891676e-07
