-7.950000000000000178e+00 7.018224175929499691e-05
-7.850000000000000533e+00 8.047563721732493088e-05
-7.750000000000000888e+00 8.234716366423947172e-05
-7.650000000000001243e+00 1.225849822729019236e-04
-7.550000000000001599e+00 1.179061661556156122e-04
-7.450000000000001954e+00 1.291353248371028301e-04
-7.350000000000002309e+00 1.497221157531626709e-04
-7.250000000000002665e+00 1.553366950939062934e-04
-7.150000000000003020e+00 2.096109620544277610e-04
-7.050000000000003375e+00 1.965102769260260022e-04
-6.950000000000003730e+00 1.890241711383678930e-04
-6.850000000000004086e+00 2.320692794174021697e-04
-6.750000000000004441e+00 2.554633600038338625e-04
-6.650000000000004796e+00 2.947654153890390846e-04
-6.550000000000005151e+00 3.284528914335006571e-04
-6.450000000000005507e+00 3.565257881372186884e-04
-6.350000000000005862e+00 3.705622364890776769e-04
-6.250000000000006217e+00 4.341941356841718487e-04
-6.150000000000006573e+00 4.865968761977787754e-04
-6.050000000000006928e+00 4.763034807397488685e-04
-5.950000000000007283e+00 5.801731985435054379e-04
-5.850000000000007638e+00 6.597130725373731661e-04
-5.750000000000007994e+00 7.205376820620955402e-04
-5.650000000000008349e+00 7.439317626485272058e-04
-5.550000000000008704e+00 9.207910118819505156e-04
-5.450000000000009059e+00 9.685149362782710224e-04
-5.350000000000009415e+00 9.900374904177880117e-04
-5.250000000000009770e+00 1.191233951675457932e-03
-5.150000000000010125e+00 1.255801614094009117e-03
-5.050000000000010481e+00 1.321312407950375571e-03
-4.950000000000010836e+00 1.533723291460816493e-03
-4.850000000000011191e+00 1.656308273733718200e-03
-4.750000000000011546e+00 1.844404049862986578e-03
-4.650000000000011902e+00 2.048400432576670364e-03
-4.550000000000012257e+00 2.202793996232761849e-03
-4.450000000000012612e+00 2.382467903350915864e-03
-4.350000000000012967e+00 2.752109113045253259e-03
-4.250000000000013323e+00 2.970127207682081091e-03
-4.150000000000013678e+00 3.124542875981246859e-03
-4.050000000000014033e+00 3.624247805521786572e-03
-3.950000000000014388e+00 3.985452409776290596e-03
-3.850000000000014744e+00 4.377566673262315092e-03
-3.750000000000015099e+00 4.849176601456056147e-03
-3.650000000000015454e+00 5.433107589322101055e-03
-3.550000000000015810e+00 6.014290233232638325e-03
-3.450000000000016165e+00 6.634730723242231870e-03
-3.350000000000016520e+00 7.200830632362082914e-03
-3.250000000000016875e+00 8.132828698282449156e-03
-3.150000000000017231e+00 8.875876275208034738e-03
-3.050000000000017586e+00 1.004282459235976768e-02
-2.950000000000017941e+00 1.116208582618697168e-02
-2.850000000000018296e+00 1.246561873289167739e-02
-2.750000000000018652e+00 1.412469745522400288e-02
-2.650000000000019007e+00 1.542646935869716220e-02
-2.550000000000019362e+00 1.776231120159112858e-02
-2.450000000000019718e+00 1.976860965732661277e-02
-2.350000000000020073e+00 2.212595931793137974e-02
-2.250000000000020428e+00 2.525817250505928147e-02
-2.150000000000020783e+00 2.862700852807779917e-02
-2.050000000000021139e+00 3.257334308782777049e-02
-1.950000000000021272e+00 3.675918882349650529e-02
-1.850000000000021627e+00 4.221486525339667589e-02
-1.750000000000021982e+00 4.842686678249544935e-02
-1.650000000000022338e+00 5.541006983558148524e-02
-1.550000000000022693e+00 6.363203919116594554e-02
-1.450000000000023048e+00 7.375866248541797232e-02
-1.350000000000023404e+00 8.557735199768284895e-02
-1.250000000000023759e+00 9.948327980040513885e-02
-1.150000000000024114e+00 1.164133806631250934e-01
-1.050000000000024469e+00 1.370945952461811723e-01
-9.500000000000248246e-01 1.623841489761896906e-01
-8.500000000000251799e-01 1.925266370969770380e-01
-7.500000000000255351e-01 2.286532278767732240e-01
-6.500000000000258904e-01 2.742554086347975817e-01
-5.500000000000262457e-01 3.282480919154139309e-01
-4.500000000000266565e-01 3.951823363671570499e-01
-3.500000000000270117e-01 4.761279035597994480e-01
-2.500000000000273670e-01 5.713367569515239719e-01
-1.500000000000277223e-01 6.752510745567854578e-01
-5.000000000002806366e-02 7.718834153849599700e-01
4.999999999997158107e-02 7.642890557919557182e-01
1.499999999999712119e-01 6.583003942713643308e-01
2.499999999999708566e-01 5.482125593205955383e-01
3.499999999999705014e-01 4.525912038162561712e-01
4.499999999999701461e-01 3.723435538875978779e-01
5.499999999999698463e-01 3.064919432761082918e-01
6.499999999999694911e-01 2.542897360844691423e-01
7.499999999999691358e-01 2.108958533788019563e-01
8.499999999999687805e-01 1.764179447708794646e-01
9.499999999999684253e-01 1.487227869444360251e-01
1.049999999999968070e+00 1.250668915972249773e-01
1.149999999999967715e+00 1.072785190214501083e-01
1.249999999999967359e+00 9.067353324905973178e-02
1.349999999999967004e+00 7.794449348465805338e-02
1.449999999999966649e+00 6.688529740376575328e-02
1.549999999999966294e+00 5.838722631976092647e-02
1.649999999999965938e+00 4.994841778383690700e-02
1.749999999999965583e+00 4.405128215889560217e-02
1.849999999999965228e+00 3.812003170147709730e-02
1.949999999999964873e+00 3.339013912226183878e-02
2.049999999999964295e+00 2.956266122831970392e-02
2.149999999999963940e+00 2.595059308113152607e-02
2.249999999999963585e+00 2.312999641562925313e-02
2.349999999999963229e+00 2.048083599359297458e-02
2.449999999999962874e+00 1.820584086486680062e-02
2.549999999999962519e+00 1.614988801257322137e-02
2.649999999999962164e+00 1.451779169121963919e-02
2.749999999999961808e+00 1.286336231214716894e-02
2.849999999999961453e+00 1.140531058214228587e-02
2.949999999999961098e+00 1.023189297278428653e-02
3.049999999999960743e+00 9.188384350770977330e-03
3.149999999999960387e+00 8.092679298246082537e-03
3.249999999999960032e+00 7.393656802109143181e-03
3.349999999999959677e+00 6.747000205414029061e-03
3.449999999999959321e+00 5.952456178340879457e-03
3.549999999999958966e+00 5.535113148893299959e-03
3.649999999999958611e+00 4.984884373500433029e-03
3.749999999999958256e+00 4.475814443510969104e-03
3.849999999999957900e+00 3.957394249501288916e-03
3.949999999999957545e+00 3.660742571236619888e-03
4.049999999999957190e+00 3.322932047568546120e-03
4.149999999999956835e+00 3.040324185870092386e-03
4.249999999999956479e+00 2.739929454711592487e-03
4.349999999999956124e+00 2.429263432738137073e-03
4.449999999999955769e+00 2.214030523128606917e-03
4.549999999999955413e+00 2.045593142906298838e-03
4.649999999999955058e+00 1.854712181749732132e-03
4.749999999999954703e+00 1.651636825830789766e-03
4.849999999999954348e+00 1.557110003832890173e-03
4.949999999999953992e+00 1.411138309187915003e-03
5.049999999999953637e+00 1.366214306247608579e-03
5.149999999999953282e+00 1.149117238405523251e-03
5.249999999999952927e+00 1.053669389612882238e-03
5.349999999999952571e+00 9.741295156190145094e-04
5.449999999999952216e+00 8.964611680720616744e-04
5.549999999999951861e+00 7.373887882986842040e-04
5.649999999999951505e+00 7.308310775201254470e-04
5.749999999999951150e+00 6.681349415484885050e-04
5.849999999999950795e+00 5.885950675546208852e-04
5.949999999999950440e+00 5.708155663089328150e-04
6.049999999999950084e+00 4.856611129743215456e-04
6.149999999999949729e+00 4.940829819854368303e-04
6.249999999999949374e+00 3.808556319471076380e-04
6.349999999999949019e+00 4.295153195668854830e-04
6.449999999999948663e+00 3.649476571483341357e-04
6.549999999999948308e+00 2.704355715791501350e-04
6.649999999999947953e+00 2.816647302606373258e-04
6.749999999999947597e+00 2.208401207359149789e-04
6.849999999999947242e+00 2.292619897470303449e-04
6.949999999999946887e+00 2.002533298198550839e-04
7.049999999999946532e+00 2.058679091605986793e-04
7.149999999999946176e+00 1.413002467420472778e-04
7.249999999999945821e+00 1.534651686469917526e-04
7.349999999999945466e+00 1.403644835185900209e-04
7.449999999999945111e+00 1.048054810272138805e-04
7.549999999999944755e+00 9.731937523955574423e-05
7.649999999999944400e+00 9.357632234572666255e-05
7.749999999999944045e+00 8.421869011115401256e-05
7.849999999999943689e+00 7.486105787658133546e-05
7.949999999999943334e+00 6.831071531238046962e-05
