-7.950000000000000178e+00 1.591407448236202039e-05
-7.850000000000000533e+00 7.488976226993892099e-06
-7.750000000000000888e+00 2.808366085122709601e-05
-7.650000000000001243e+00 2.901978287960133051e-05
-7.550000000000001599e+00 4.680610141871181990e-05
-7.450000000000001954e+00 3.089202693634980629e-05
-7.350000000000002309e+00 3.276427099309827529e-05
-7.250000000000002665e+00 4.399773533358911640e-05
-7.150000000000003020e+00 5.148671156058299918e-05
-7.050000000000003375e+00 4.399773533358911640e-05
-6.950000000000003730e+00 6.833690807131926085e-05
-6.850000000000004086e+00 9.642056892254636364e-05
-6.750000000000004441e+00 1.179513755751537910e-04
-6.650000000000004796e+00 1.216958636886507426e-04
-6.550000000000005151e+00 1.319932060007673424e-04
-6.450000000000005507e+00 1.759909413343564656e-04
-6.350000000000005862e+00 1.685019651073625625e-04
-6.250000000000006217e+00 2.171803105828228378e-04
-6.150000000000006573e+00 2.227970427530682855e-04
-6.050000000000006928e+00 2.433917273773014852e-04
-5.950000000000007283e+00 2.696031441717800783e-04
-5.850000000000007638e+00 3.341955641296024283e-04
-5.750000000000007994e+00 4.315522550805230874e-04
-5.650000000000008349e+00 5.055058953220877959e-04
-5.550000000000008704e+00 5.148671156058300460e-04
-5.450000000000009059e+00 5.775872915069039677e-04
-5.350000000000009415e+00 6.421797114647263176e-04
-5.250000000000009770e+00 6.917941789685608071e-04
-5.150000000000010125e+00 8.097455545437146117e-04
-5.050000000000010481e+00 9.089744895513839160e-04
-4.950000000000010836e+00 1.018500766871169305e-03
-4.850000000000011191e+00 1.179513755751537829e-03
-4.750000000000011546e+00 1.194491708205525689e-03
-4.650000000000011902e+00 1.365802039398011057e-03
-4.550000000000012257e+00 1.494986879313655540e-03
-4.450000000000012612e+00 1.681275162960128768e-03
-4.350000000000012967e+00 1.815140613017644268e-03
-4.250000000000013323e+00 2.066957438650314331e-03
-4.150000000000013678e+00 2.425499546557241537e-03
-4.050000000000014033e+00 2.714768624364475268e-03
-3.950000000000014388e+00 3.045212329340988341e-03
-3.850000000000014744e+00 3.442128069371667293e-03
-3.750000000000015099e+00 3.861510738083326951e-03
-3.650000000000015454e+00 4.455012104072595541e-03
-3.550000000000015810e+00 5.154295259268153531e-03
-3.450000000000016165e+00 5.722528701530911650e-03
-3.350000000000016520e+00 6.487333027673071809e-03
-3.250000000000016875e+00 7.477750133693012412e-03
-3.150000000000017231e+00 8.666625109728279264e-03
-3.050000000000017586e+00 9.634582658106816480e-03
-2.950000000000017941e+00 1.063250348243292148e-02
-2.850000000000018296e+00 1.218274367453940632e-02
-2.750000000000018652e+00 1.376389063566143232e-02
-2.650000000000019007e+00 1.638595369505848817e-02
-2.550000000000019362e+00 1.846601684210607414e-02
-2.450000000000019718e+00 2.134935377093431785e-02
-2.350000000000020073e+00 2.406792585172908353e-02
-2.250000000000020428e+00 2.749505385552802536e-02
-2.150000000000020783e+00 3.137621578516760351e-02
-2.050000000000021139e+00 3.609715288465462774e-02
-1.950000000000021272e+00 4.094161386564949823e-02
-1.850000000000021627e+00 4.758637755696027566e-02
-1.750000000000021982e+00 5.399890927483834424e-02
-1.650000000000022338e+00 6.219382470578069255e-02
-1.550000000000022693e+00 7.163671610821926994e-02
-1.450000000000023048e+00 8.221678938602396125e-02
-1.350000000000023404e+00 9.640015851391203761e-02
-1.250000000000023759e+00 1.105520680448148496e-01
-1.150000000000024114e+00 1.279574659998129471e-01
-1.050000000000024469e+00 1.481344264392445154e-01
-9.500000000000248246e-01 1.743412879312556951e-01
-8.500000000000251799e-01 2.046873640780347559e-01
-7.500000000000255351e-01 2.413600698472683770e-01
-6.500000000000258904e-01 2.829423155060669104e-01
-5.500000000000262457e-01 3.321410637478681149e-01
-4.500000000000266565e-01 3.893863778777535978e-01
-3.500000000000270117e-01 4.557152968271716009e-01
-2.500000000000273670e-01 5.306109190735862624e-01
-1.500000000000277223e-01 5.995463481888559931e-01
-5.000000000002806366e-02 6.478959526694855198e-01
4.999999999997158107e-02 6.484147411781548964e-01
1.499999999999712119e-01 5.997680248335908182e-01
2.499999999999708566e-01 5.321719946938952006e-01
3.499999999999705014e-01 4.572373722769911275e-01
4.499999999999701461e-01 3.925739470947638976e-01
5.499999999999698463e-01 3.333479314315510034e-01
6.499999999999694911e-01 2.862304330741720637e-01
7.499999999999691358e-01 2.411781673321800601e-01
8.499999999999687805e-01 2.045934128073759739e-01
9.499999999999684253e-01 1.751338147373091014e-01
1.049999999999968070e+00 1.507748139030710699e-01
1.149999999999967715e+00 1.289104161115792180e-01
1.249999999999967359e+00 1.102879415830610721e-01
1.349999999999967004e+00 9.632991250658592963e-02
1.449999999999966649e+00 8.279717030153682655e-02
1.549999999999966294e+00 7.048317789599520267e-02
1.649999999999965938e+00 6.112632126769194235e-02
1.749999999999965583e+00 5.386869248937962984e-02
1.849999999999965228e+00 4.731760734026253801e-02
1.949999999999964873e+00 4.106058981572813238e-02
2.049999999999964295e+00 3.535389410724429360e-02
2.149999999999963940e+00 3.140337069503001954e-02
2.249999999999963585e+00 2.737513441238140915e-02
2.349999999999963229e+00 2.380852422635469645e-02
2.449999999999962874e+00 2.113408993064579133e-02
2.549999999999962519e+00 1.846788908616282116e-02
2.649999999999962164e+00 1.583642795128401004e-02
2.749999999999961808e+00 1.392858914433854622e-02
2.849999999999961453e+00 1.234089670005749512e-02
2.949999999999961098e+00 1.069706641823236701e-02
3.049999999999960743e+00 9.632695671970881862e-03
3.149999999999960387e+00 8.270638120686388262e-03
3.249999999999960032e+00 7.301751821319063529e-03
3.349999999999959677e+00 6.414308138420287894e-03
3.449999999999959321e+00 5.650432563266907446e-03
3.549999999999958966e+00 5.012012081994862873e-03
3.649999999999958611e+00 4.383918427193307307e-03
3.749999999999958256e+00 4.042211773717928683e-03
3.849999999999957900e+00 3.448710407728660526e-03
3.949999999999957545e+00 3.005917317268051118e-03
4.049999999999957190e+00 2.698854549882113030e-03
4.149999999999956835e+00 2.351538535276083246e-03
4.249999999999956479e+00 2.031384801572093217e-03
4.349999999999956124e+00 1.844160395897246046e-03
4.449999999999955769e+00 1.672850064704760028e-03
4.549999999999955413e+00 1.517453807994637114e-03
4.649999999999955058e+00 1.361121429256139607e-03
4.749999999999954703e+00 1.296529009298317365e-03
4.849999999999954348e+00 1.078412576687120313e-03
4.949999999999953992e+00 8.968049031825185355e-04
5.049999999999953637e+00 8.705934863880398882e-04
5.149999999999953282e+00 8.415737035084387609e-04
5.249999999999952927e+00 6.749439824578246268e-04
5.349999999999952571e+00 6.197127827837446354e-04
5.449999999999952216e+00 5.700983152799100374e-04
5.549999999999951861e+00 4.970807970667195973e-04
5.649999999999951505e+00 4.643165260736212881e-04
5.749999999999951150e+00 3.847461536618111862e-04
5.849999999999950795e+00 3.529180046970871454e-04
5.949999999999950440e+00 2.780282424271482227e-04
6.049999999999950084e+00 2.649225340299088990e-04
6.149999999999949729e+00 2.096913343558289618e-04
6.249999999999949374e+00 2.115635784125774444e-04
6.349999999999949019e+00 2.031384801572093000e-04
6.449999999999948663e+00 1.731825752492337418e-04
6.549999999999948308e+00 1.413544262845097010e-04
6.649999999999947953e+00 9.829281297929481909e-05
6.749999999999947597e+00 1.067179112346629635e-04
6.849999999999947242e+00 9.922893500766906036e-05
6.949999999999946887e+00 7.488976226993892269e-05
7.049999999999946532e+00 7.395364024156468141e-05
7.149999999999946176e+00 8.893159269555246053e-05
7.249999999999945821e+00 5.429507764570571624e-05
7.349999999999945466e+00 3.650875910659522007e-05
7.449999999999945111e+00 5.523119967407995074e-05
7.549999999999944755e+00 4.586997939033759218e-05
7.649999999999944400e+00 4.212549127684064062e-05
7.749999999999944045e+00 1.310570839723931012e-05
7.849999999999943689e+00 3.182814896472404756e-05
7.949999999999943334e+00 1.029734231211660153e-05
