-7.950000000000000178e+00 3.219025488692997777e-04
-7.850000000000000533e+00 3.640118939248767433e-04
-7.750000000000000888e+00 3.434251030088169296e-04
-7.650000000000001243e+00 3.733695261594494746e-04
-7.550000000000001599e+00 3.855344480643938952e-04
-7.450000000000001954e+00 4.276437931199709151e-04
-7.350000000000002309e+00 4.688173749520905967e-04
-7.250000000000002665e+00 4.959545084323513982e-04
-7.150000000000003020e+00 5.745586192027617341e-04
-7.050000000000003375e+00 5.577148811805310562e-04
-6.950000000000003730e+00 5.680156448529187323e-04
-6.850000000000004086e+00 5.755164870692928676e-04
-6.750000000000004441e+00 6.288549908063569699e-04
-6.650000000000004796e+00 7.664121846545748950e-04
-6.550000000000005151e+00 9.769662781468177633e-04
-6.450000000000005507e+00 9.442366699688872159e-04
-6.350000000000005862e+00 9.414146438697997173e-04
-6.250000000000006217e+00 9.479944592914323238e-04
-6.150000000000006573e+00 1.020048227497641563e-03
-6.050000000000006928e+00 1.111753023396454092e-03
-5.950000000000007283e+00 1.094010363222555409e-03
-5.850000000000007638e+00 1.138013339368120847e-03
-5.750000000000007994e+00 1.313037903226418977e-03
-5.650000000000008349e+00 1.426147361835020718e-03
-5.550000000000008704e+00 1.424297940031180433e-03
-5.450000000000009059e+00 1.534747473256570151e-03
-5.350000000000009415e+00 1.657339823743829519e-03
-5.250000000000009770e+00 1.727536801931840379e-03
-5.150000000000010125e+00 1.776299644552628999e-03
-5.050000000000010481e+00 1.863399306477734425e-03
-4.950000000000010836e+00 2.124528823322817568e-03
-4.850000000000011191e+00 2.178876772426918164e-03
-4.750000000000011546e+00 2.402568392119352504e-03
-4.650000000000011902e+00 2.611125699520596560e-03
-4.550000000000012257e+00 2.639154386938166730e-03
-4.450000000000012612e+00 2.628912568980642725e-03
-4.350000000000012967e+00 3.107109680810379686e-03
-4.250000000000013323e+00 3.463716519305535570e-03
-4.150000000000013678e+00 3.753847327863433277e-03
-4.050000000000014033e+00 3.765393319762312240e-03
-3.950000000000014388e+00 3.914319668364818657e-03
-3.850000000000014744e+00 4.386710627280500374e-03
-3.750000000000015099e+00 4.928745948307352784e-03
-3.650000000000015454e+00 5.367051547603248624e-03
-3.550000000000015810e+00 5.594250437330057849e-03
-3.450000000000016165e+00 6.197869293960501721e-03
-3.350000000000016520e+00 6.515181445284809122e-03
-3.250000000000016875e+00 7.407096425098026390e-03
-3.150000000000017231e+00 8.027072717603073865e-03
-3.050000000000017586e+00 8.338497665655399127e-03
-2.950000000000017941e+00 9.119322077594095230e-03
-2.850000000000018296e+00 1.038153403817951639e-02
-2.750000000000018652e+00 1.142734154307249728e-02
-2.650000000000019007e+00 1.213351120713663731e-02
-2.550000000000019362e+00 1.328847143952801776e-02
-2.450000000000019718e+00 1.542921770265267764e-02
-2.350000000000020073e+00 1.697523117566254736e-02
-2.250000000000020428e+00 1.851731002220527444e-02
-2.150000000000020783e+00 2.150616723078525860e-02
-2.050000000000021139e+00 2.323055043697191957e-02
-1.950000000000021272e+00 2.666520671884978905e-02
-1.850000000000021627e+00 3.044846795843006437e-02
-1.750000000000021982e+00 3.355453135280151572e-02
-1.650000000000022338e+00 3.719607972563558629e-02
-1.550000000000022693e+00 4.164895691785011622e-02
-1.450000000000023048e+00 4.860192081921117790e-02
-1.350000000000023404e+00 5.554316925974311925e-02
-1.250000000000023759e+00 6.387060723564701170e-02
-1.150000000000024114e+00 7.583864308473281524e-02
-1.050000000000024469e+00 8.897843869494609370e-02
-9.500000000000248246e-01 1.032458142529968231e-01
-8.500000000000251799e-01 1.227193563981453517e-01
-7.500000000000255351e-01 1.511204112647215325e-01
-6.500000000000258904e-01 1.913096954454077403e-01
-5.500000000000262457e-01 2.426747924356300601e-01
-4.500000000000266565e-01 3.148427458597422568e-01
-3.500000000000270117e-01 4.134333443860392920e-01
-2.500000000000273670e-01 5.802049481791581309e-01
-1.500000000000277223e-01 8.633073054795894485e-01
-5.000000000002806366e-02 1.388895327889508202e+00
4.999999999997158107e-02 1.364974139984342916e+00
1.499999999999712119e-01 8.266789687748781201e-01
2.499999999999708566e-01 5.440715418010830806e-01
3.499999999999705014e-01 3.830973964290703693e-01
4.499999999999701461e-01 2.846429919769659644e-01
5.499999999999698463e-01 2.192052171248869419e-01
6.499999999999694911e-01 1.713018324996650743e-01
7.499999999999691358e-01 1.374502884260963842e-01
8.499999999999687805e-01 1.131296696205841557e-01
9.499999999999684253e-01 9.498651015526066166e-02
1.049999999999968070e+00 7.939010030061255385e-02
1.149999999999967715e+00 6.817543489676777813e-02
1.249999999999967359e+00 5.666945977006787594e-02
1.349999999999967004e+00 4.927416722437140406e-02
1.449999999999966649e+00 4.288556433354172304e-02
1.549999999999966294e+00 3.847825217891662208e-02
1.649999999999965938e+00 3.396265674608733853e-02
1.749999999999965583e+00 3.012942427673164641e-02
1.849999999999965228e+00 2.602277947719612919e-02
1.949999999999964873e+00 2.342819541890908686e-02
2.049999999999964295e+00 2.193681725536327648e-02
2.149999999999963940e+00 1.959323878739348268e-02
2.249999999999963585e+00 1.763081804815947937e-02
2.349999999999963229e+00 1.593528140118410583e-02
2.449999999999962874e+00 1.444864099947044782e-02
2.549999999999962519e+00 1.405696146063153615e-02
2.649999999999962164e+00 1.289658559068708639e-02
2.749999999999961808e+00 1.148662619579641532e-02
2.849999999999961453e+00 1.041225212383773205e-02
2.949999999999961098e+00 9.019232253755952305e-03
3.049999999999960743e+00 8.309341641441064796e-03
3.149999999999960387e+00 7.678165663111953185e-03
3.249999999999960032e+00 7.104122818914242882e-03
3.349999999999959677e+00 6.657697447395907395e-03
3.449999999999959321e+00 6.167136471873564674e-03
3.549999999999958966e+00 5.979431211105267277e-03
3.649999999999958611e+00 5.599452396666756288e-03
3.749999999999958256e+00 5.065249487502388251e-03
3.849999999999957900e+00 4.888876540416588548e-03
3.949999999999957545e+00 4.498552753019540232e-03
4.049999999999957190e+00 4.102769118783265376e-03
4.149999999999956835e+00 3.950364973003816886e-03
4.249999999999956479e+00 3.701415114492396033e-03
4.349999999999956124e+00 3.295139143010426298e-03
4.449999999999955769e+00 2.946099460660865990e-03
4.549999999999955413e+00 2.600802831205134818e-03
4.649999999999955058e+00 2.392938135953536459e-03
4.749999999999954703e+00 2.412596531860496541e-03
4.849999999999954348e+00 2.385459398380235414e-03
4.949999999999953992e+00 2.210456939165011351e-03
5.049999999999953637e+00 2.000809136038793606e-03
5.149999999999953282e+00 2.064470508091319993e-03
5.249999999999952927e+00 1.790284515403983007e-03
5.349999999999952571e+00 1.660117640556769752e-03
5.449999999999952216e+00 1.574064265070490749e-03
5.549999999999951861e+00 1.518854234886512188e-03
5.649999999999951505e+00 1.578809395116998826e-03
5.749999999999951150e+00 1.518950021673165464e-03
5.849999999999950795e+00 1.352332590397266375e-03
5.949999999999950440e+00 1.328864827667254958e-03
6.049999999999950084e+00 1.303591852419551389e-03
6.149999999999949729e+00 1.125752630676522988e-03
6.249999999999949374e+00 1.062113363267071101e-03
6.349999999999949019e+00 9.423283024501831516e-04
6.449999999999948663e+00 8.534234280073850314e-04
6.549999999999948308e+00 8.262936627414823243e-04
6.649999999999947953e+00 9.217488797484813239e-04
6.749999999999947597e+00 8.637168234654148298e-04
6.849999999999947242e+00 7.935272134917620637e-04
6.949999999999946887e+00 6.335117022805694317e-04
7.049999999999946532e+00 6.110533849175950501e-04
7.149999999999946176e+00 5.511645386163300684e-04
7.249999999999945821e+00 5.829804882138768561e-04
7.349999999999945466e+00 4.538451633767742700e-04
7.449999999999945111e+00 4.454232943656590395e-04
7.549999999999944755e+00 3.527827352433895525e-04
7.649999999999944400e+00 2.086751988309705041e-04
7.749999999999944045e+00 2.161613046186286404e-04
7.849999999999943689e+00 1.459790628593336163e-04
7.949999999999943334e+00 1.918314608087396094e-04
