-7.950000000000000178e+00 1.497795245398778335e-06
-7.850000000000000533e+00 1.647574769938656042e-06
-7.750000000000000888e+00 1.348015720858900629e-06
-7.650000000000001243e+00 1.497795245398778335e-06
-7.550000000000001599e+00 1.048456671779144792e-06
-7.450000000000001954e+00 1.647574769938656042e-06
-7.350000000000002309e+00 1.048456671779144792e-06
-7.250000000000002665e+00 1.348015720858900629e-06
-7.150000000000003020e+00 1.797354294478534172e-06
-7.050000000000003375e+00 2.096913343558289585e-06
-6.950000000000003730e+00 1.198236196319022710e-06
-6.850000000000004086e+00 1.497795245398778335e-06
-6.750000000000004441e+00 3.295149539877312507e-06
-6.650000000000004796e+00 2.546251917177923127e-06
-6.550000000000005151e+00 3.145370015337434800e-06
-6.450000000000005507e+00 4.643165260736213559e-06
-6.350000000000005862e+00 3.444929064417190213e-06
-6.250000000000006217e+00 3.894267638036823756e-06
-6.150000000000006573e+00 5.541842407975480645e-06
-6.050000000000006928e+00 4.343606211656457299e-06
-5.950000000000007283e+00 4.792944785276090842e-06
-5.850000000000007638e+00 6.440519555214746884e-06
-5.750000000000007994e+00 6.290740030674869601e-06
-5.650000000000008349e+00 9.136550996932547294e-06
-5.550000000000008704e+00 7.788535276073647512e-06
-5.450000000000009059e+00 9.735669095092059814e-06
-5.350000000000009415e+00 1.048456671779144877e-05
-5.250000000000009770e+00 1.093390529141108147e-05
-5.150000000000010125e+00 1.392949578220863729e-05
-5.050000000000010481e+00 1.557707055214729502e-05
-4.950000000000010836e+00 1.767398389570558207e-05
-4.850000000000011191e+00 1.992067676380374894e-05
-4.750000000000011546e+00 2.501318059815959858e-05
-4.650000000000011902e+00 3.175325920245410257e-05
-4.550000000000012257e+00 4.014091257668726430e-05
-4.450000000000012612e+00 4.912768404907993177e-05
-4.350000000000012967e+00 5.976203029141125358e-05
-4.250000000000013323e+00 8.058138420245426791e-05
-4.150000000000013678e+00 1.154800134202458163e-04
-4.050000000000014033e+00 1.562200440950926134e-04
-3.950000000000014388e+00 2.132860429447862131e-04
-3.850000000000014744e+00 2.844313171012282791e-04
-3.750000000000015099e+00 4.199817868098179715e-04
-3.650000000000015454e+00 5.799463190184067640e-04
-3.550000000000015810e+00 8.327753358080531394e-04
-3.450000000000016165e+00 1.139372843174845090e-03
-3.350000000000016520e+00 1.605336944018400953e-03
-3.250000000000016875e+00 2.171803105828213742e-03
-3.150000000000017231e+00 2.986903278374221198e-03
-3.050000000000017586e+00 3.965412912193233899e-03
-2.950000000000017941e+00 5.381278757668686227e-03
-2.850000000000018296e+00 7.145681556748431293e-03
-2.750000000000018652e+00 9.445695935582774927e-03
-2.650000000000019007e+00 1.219325153374226783e-02
-2.550000000000019362e+00 1.580383911103326600e-02
-2.450000000000019718e+00 2.020106521310987419e-02
-2.350000000000020073e+00 2.547105896341309711e-02
-2.250000000000020428e+00 3.209475769777485332e-02
-2.150000000000020783e+00 3.991205418065801869e-02
-2.050000000000021139e+00 4.920752597059202538e-02
-1.950000000000021272e+00 5.999030490110870278e-02
-1.850000000000021627e+00 7.240523602800569281e-02
-1.750000000000021982e+00 8.636004454986512258e-02
-1.650000000000022338e+00 1.023872108288217814e-01
-1.550000000000022693e+00 1.202222218658057507e-01
-1.450000000000023048e+00 1.393490754051146530e-01
-1.350000000000023404e+00 1.601286115499563900e-01
-1.250000000000023759e+00 1.824899692534617535e-01
-1.150000000000024114e+00 2.061372242735950433e-01
-1.050000000000024469e+00 2.291424735387980194e-01
-9.500000000000248246e-01 2.533353423445757757e-01
-8.500000000000251799e-01 2.774018231777156118e-01
-7.500000000000255351e-01 3.006197959281351473e-01
-6.500000000000258904e-01 3.225163335161497224e-01
-5.500000000000262457e-01 3.421494760500269905e-01
-4.500000000000266565e-01 3.599941001020052767e-01
-3.500000000000270117e-01 3.749255300921768841e-01
-2.500000000000273670e-01 3.863012201158314562e-01
-1.500000000000277223e-01 3.942686251664607733e-01
-5.000000000002806366e-02 3.978479288723503204e-01
4.999999999997158107e-02 3.980870159126042029e-01
1.499999999999712119e-01 3.941358745124321494e-01
2.499999999999708566e-01 3.860185602069646782e-01
3.499999999999705014e-01 3.754521431067959769e-01
4.499999999999701461e-01 3.595834341298757564e-01
5.499999999999698463e-01 3.425423394873312044e-01
6.499999999999694911e-01 3.222839936306965414e-01
7.499999999999691358e-01 3.007568760359802806e-01
8.499999999999687805e-01 2.774766976082227998e-01
9.499999999999684253e-01 2.536269843074491215e-01
1.049999999999968070e+00 2.293801842585398987e-01
1.149999999999967715e+00 2.058506830701206103e-01
1.249999999999967359e+00 1.823213269437601036e-01
1.349999999999967004e+00 1.603368121652650746e-01
1.449999999999966649e+00 1.395428995448000364e-01
1.549999999999966294e+00 1.200496664186050805e-01
1.649999999999965938e+00 1.022754764828814611e-01
1.749999999999965583e+00 8.642536021622795883e-02
1.849999999999965228e+00 7.227776657642426272e-02
1.949999999999964873e+00 5.993548559512708318e-02
2.049999999999964295e+00 4.907392145533614330e-02
2.149999999999963940e+00 3.981619410558617789e-02
2.249999999999963585e+00 3.218043394454433992e-02
2.349999999999963229e+00 2.560061707277379306e-02
2.449999999999962874e+00 2.018384056778779051e-02
2.549999999999962519e+00 1.572220809079267340e-02
2.649999999999962164e+00 1.228970954754594891e-02
2.749999999999961808e+00 9.369008819018358192e-03
2.849999999999961453e+00 7.215628594708553209e-03
2.949999999999961098e+00 5.452124472776048378e-03
3.049999999999960743e+00 4.029368769171761192e-03
3.149999999999960387e+00 2.977317388803669106e-03
3.249999999999960032e+00 2.176296491564410143e-03
3.349999999999959677e+00 1.607583636886498937e-03
3.449999999999959321e+00 1.138324386503066117e-03
3.549999999999958966e+00 8.050649444018411014e-04
3.649999999999958611e+00 5.901313266871183617e-04
3.749999999999958256e+00 4.220787001533762958e-04
3.849999999999957900e+00 2.886251437883448736e-04
3.949999999999957545e+00 2.179292082055224098e-04
4.049999999999957190e+00 1.550218078987735748e-04
4.149999999999956835e+00 1.096386119631905540e-04
4.249999999999956479e+00 8.492499041411072521e-05
4.349999999999956124e+00 6.140960506134990793e-05
4.449999999999955769e+00 4.523341641104311055e-05
4.549999999999955413e+00 3.370039302147250979e-05
4.649999999999955058e+00 2.770921203987739814e-05
4.749999999999954703e+00 2.171803105828228650e-05
4.849999999999954348e+00 1.842288151840497441e-05
4.949999999999953992e+00 1.572685007668717146e-05
5.049999999999953637e+00 1.512773197852766233e-05
5.149999999999953282e+00 1.303081863496937190e-05
5.249999999999952927e+00 1.108368481595095960e-05
5.349999999999952571e+00 9.885448619631936250e-06
5.449999999999952216e+00 1.078412576687120503e-05
5.549999999999951861e+00 9.136550996932547294e-06
5.649999999999951505e+00 8.687212423312914598e-06
5.749999999999951150e+00 6.440519555214746884e-06
5.849999999999950795e+00 6.590299079754625014e-06
5.949999999999950440e+00 6.290740030674869601e-06
6.049999999999950084e+00 5.541842407975480645e-06
6.149999999999949729e+00 4.493385736196334582e-06
6.249999999999949374e+00 5.092503834355846255e-06
6.349999999999949019e+00 3.744488113496946050e-06
6.449999999999948663e+00 2.696031441717801257e-06
6.549999999999948308e+00 2.096913343558290008e-06
6.649999999999947953e+00 4.044047162576701039e-06
6.749999999999947597e+00 1.647574769938656253e-06
6.849999999999947242e+00 2.546251917177923127e-06
6.949999999999946887e+00 2.246692868098167715e-06
7.049999999999946532e+00 7.488976226993891676e-07
7.149999999999946176e+00 1.048456671779144792e-06
7.249999999999945821e+00 1.497795245398778335e-06
7.349999999999945466e+00 2.096913343558289585e-06
7.449999999999945111e+00 2.096913343558289585e-06
7.549999999999944755e+00 8.986771472392670858e-07
7.649999999999944400e+00 8.986771472392670858e-07
7.749999999999944045e+00 1.048456671779144792e-06
7.849999999999943689e+00 7.488976226993891676e-07
7.949999999999943334e+00 8.986771472392670858e-07
