-7.950000000000000178e+00 0.000000000000000000e+00
-7.850000000000000533e+00 0.000000000000000000e+00
-7.750000000000000888e+00 0.000000000000000000e+00
-7.650000000000001243e+00 0.000000000000000000e+00
-7.550000000000001599e+00 0.000000000000000000e+00
-7.450000000000001954e+00 0.000000000000000000e+00
-7.350000000000002309e+00 0.000000000000000000e+00
-7.250000000000002665e+00 0.000000000000000000e+00
-7.150000000000003020e+00 0.000000000000000000e+00
-7.050000000000003375e+00 0.000000000000000000e+00
-6.950000000000003730e+00 0.000000000000000000e+00
-6.850000000000004086e+00 0.000000000000000000e+00
-6.750000000000004441e+00 0.000000000000000000e+00
-6.650000000000004796e+00 0.000000000000000000e+00
-6.550000000000005151e+00 0.000000000000000000e+00
-6.450000000000005507e+00 0.000000000000000000e+00
-6.350000000000005862e+00 0.000000000000000000e+00
-6.250000000000006217e+00 0.000000000000000000e+00
-6.150000000000006573e+00 0.000000000000000000e+00
-6.050000000000006928e+00 0.000000000000000000e+00
-5.950000000000007283e+00 0.000000000000000000e+00
-5.850000000000007638e+00 0.000000000000000000e+00
-5.750000000000007994e+00 0.000000000000000000e+00
-5.650000000000008349e+00 0.000000000000000000e+00
-5.550000000000008704e+00 0.000000000000000000e+00
-5.450000000000009059e+00 0.000000000000000000e+00
-5.350000000000009415e+00 0.000000000000000000e+00
-5.250000000000009770e+00 0.000000000000000000e+00
-5.150000000000010125e+00 0.000000000000000000e+00
-5.050000000000010481e+00 0.000000000000000000e+00
-4.950000000000010836e+00 0.000000000000000000e+00
-4.850000000000011191e+00 0.000000000000000000e+00
-4.750000000000011546e+00 0.000000000000000000e+00
-4.650000000000011902e+00 0.000000000000000000e+00
-4.550000000000012257e+00 0.000000000000000000e+00
-4.450000000000012612e+00 0.000000000000000000e+00
-4.350000000000012967e+00 0.000000000000000000e+00
-4.250000000000013323e+00 0.000000000000000000e+00
-4.150000000000013678e+00 0.000000000000000000e+00
-4.050000000000014033e+00 0.000000000000000000e+00
-3.950000000000014388e+00 0.000000000000000000e+00
-3.850000000000014744e+00 0.000000000000000000e+00
-3.750000000000015099e+00 0.000000000000000000e+00
-3.650000000000015454e+00 0.000000000000000000e+00
-3.550000000000015810e+00 0.000000000000000000e+00
-3.450000000000016165e+00 0.000000000000000000e+00
-3.350000000000016520e+00 0.000000000000000000e+00
-3.250000000000016875e+00 0.000000000000000000e+00
-3.150000000000017231e+00 0.000000000000000000e+00
-3.050000000000017586e+00 0.000000000000000000e+00
-2.950000000000017941e+00 0.000000000000000000e+00
-2.850000000000018296e+00 0.000000000000000000e+00
-2.750000000000018652e+00 0.000000000000000000e+00
-2.650000000000019007e+00 0.000000000000000000e+00
-2.550000000000019362e+00 0.000000000000000000e+00
-2.450000000000019718e+00 0.000000000000000000e+00
-2.350000000000020073e+00 0.000000000000000000e+00
-2.250000000000020428e+00 0.000000000000000000e+00
-2.150000000000020783e+00 0.000000000000000000e+00
-2.050000000000021139e+00 0.000000000000000000e+00
-1.950000000000021272e+00 0.000000000000000000e+00
-1.850000000000021627e+00 0.000000000000000000e+00
-1.750000000000021982e+00 0.000000000000000000e+00
-1.650000000000022338e+00 0.000000000000000000e+00
-1.550000000000022693e+00 0.000000000000000000e+00
-1.450000000000023048e+00 0.000000000000000000e+00
-1.350000000000023404e+00 0.000000000000000000e+00
-1.250000000000023759e+00 0.000000000000000000e+00
-1.150000000000024114e+00 0.000000000000000000e+00
-1.050000000000024469e+00 0.000000000000000000e+00
-9.500000000000248246e-01 0.000000000000000000e+00
-8.500000000000251799e-01 0.000000000000000000e+00
-7.500000000000255351e-01 0.000000000000000000e+00
-6.500000000000258904e-01 0.000000000000000000e+00
-5.500000000000262457e-01 0.000000000000000000e+00
-4.500000000000266565e-01 0.000000000000000000e+00
-3.500000000000270117e-01 0.000000000000000000e+00
-2.500000000000273670e-01 0.000000000000000000e+00
-1.500000000000277223e-01 0.000000000000000000e+00
-5.000000000002806366e-02 0.000000000000000000e+00
4.999999999997158107e-02 0.000000000000000000e+00
1.499999999999712119e-01 7.957037241181014263e-05
2.499999999999708566e-01 2.096913343558289618e-04
3.499999999999705014e-01 1.670041698619640150e-03
4.499999999999701461e-01 2.936989251821329333e-02
5.499999999999698463e-01 1.200033550613512218e-01
6.499999999999694911e-01 2.090454101562521649e-01
7.499999999999691358e-01 2.556128004577289392e-01
8.499999999999687805e-01 3.018179115342253249e-01
9.499999999999684253e-01 3.365087216617190791e-01
1.049999999999968070e+00 3.721824599190046157e-01
1.149999999999967715e+00 3.800121845643269491e-01
1.249999999999967359e+00 3.960545077645754031e-01
1.349999999999967004e+00 4.093465044454618340e-01
1.449999999999966649e+00 4.174673630416083636e-01
1.549999999999966294e+00 4.102039922234529401e-01
1.649999999999965938e+00 4.088484875263681539e-01
1.749999999999965583e+00 4.060391853192167333e-01
1.849999999999965228e+00 3.729191879553345190e-01
1.949999999999964873e+00 3.811804648557377551e-01
2.049999999999964295e+00 3.617231684959789639e-01
2.149999999999963940e+00 3.490302899132531333e-01
2.249999999999963585e+00 3.259988796491605778e-01
2.349999999999963229e+00 3.262928219660710116e-01
2.449999999999962874e+00 3.054388315399780840e-01
2.549999999999962519e+00 2.863260280866612439e-01
2.649999999999962164e+00 2.696948841305645272e-01
2.749999999999961808e+00 2.577359252180826399e-01
2.849999999999961453e+00 2.423956935391144984e-01
2.949999999999961098e+00 2.272370695336506929e-01
3.049999999999960743e+00 2.085745407759821979e-01
3.149999999999960387e+00 1.883140517158781169e-01
3.249999999999960032e+00 1.769448496812726646e-01
3.349999999999959677e+00 1.610729006901865934e-01
3.449999999999959321e+00 1.364641248082843483e-01
3.549999999999958966e+00 1.210976817125205968e-01
3.649999999999958611e+00 1.071157630967225910e-01
3.749999999999958256e+00 8.894844289206335630e-02
3.849999999999957900e+00 7.683689608895710732e-02
3.949999999999957545e+00 7.230138486148408872e-02
4.049999999999957190e+00 6.626339777847022050e-02
4.149999999999956835e+00 5.442800697373471885e-02
4.249999999999956479e+00 5.362855876150275647e-02
4.349999999999956124e+00 5.644815831096632042e-02
4.449999999999955769e+00 4.067262988880358809e-02
4.549999999999955413e+00 3.703673193059814350e-02
4.649999999999955058e+00 3.288877522287197985e-02
4.749999999999954703e+00 2.779159077837416170e-02
4.849999999999954348e+00 2.177419837998469804e-02
4.949999999999953992e+00 1.667982230157217388e-02
5.049999999999953637e+00 1.379843869823624627e-02
5.149999999999953282e+00 1.233621608991571084e-02
5.249999999999952927e+00 1.089177980013423218e-02
5.349999999999952571e+00 9.744094193347433569e-03
5.449999999999952216e+00 8.672234470858906571e-03
5.549999999999951861e+00 6.626807838861220254e-03
5.649999999999951505e+00 4.822900690184065906e-03
5.749999999999951150e+00 3.585347368673312378e-03
5.849999999999950795e+00 2.623950045532983527e-03
5.949999999999950440e+00 2.906658898101998484e-03
6.049999999999950084e+00 2.497573571702462608e-03
6.149999999999949729e+00 3.453354162672553872e-03
6.249999999999949374e+00 2.175547593941725560e-03
6.349999999999949019e+00 1.659744356307515933e-03
6.449999999999948663e+00 1.247850663822854108e-03
6.549999999999948308e+00 6.917941789685603735e-04
6.649999999999947953e+00 1.207597416602765230e-03
6.749999999999947597e+00 1.628852329371167787e-03
6.849999999999947242e+00 7.638755751533739431e-04
6.949999999999946887e+00 8.556155339340505098e-04
7.049999999999946532e+00 9.230163199769911113e-04
7.149999999999946176e+00 5.139309935774571871e-04
7.249999999999945821e+00 5.083142614072117937e-04
7.349999999999945466e+00 9.454832486579785398e-05
7.449999999999945111e+00 4.212549127684063385e-05
7.549999999999944755e+00 0.000000000000000000e+00
7.649999999999944400e+00 0.000000000000000000e+00
7.749999999999944045e+00 0.000000000000000000e+00
7.849999999999943689e+00 0.000000000000000000e+00
7.949999999999943334e+00 0.000000000000000000e+00
