-7.950000000000000178e+00 0.000000000000000000e+00
-7.850000000000000533e+00 0.000000000000000000e+00
-7.750000000000000888e+00 0.000000000000000000e+00
-7.650000000000001243e+00 0.000000000000000000e+00
-7.550000000000001599e+00 0.000000000000000000e+00
-7.450000000000001954e+00 0.000000000000000000e+00
-7.350000000000002309e+00 0.000000000000000000e+00
-7.250000000000002665e+00 0.000000000000000000e+00
-7.150000000000003020e+00 0.000000000000000000e+00
-7.050000000000003375e+00 0.000000000000000000e+00
-6.950000000000003730e+00 0.000000000000000000e+00
-6.850000000000004086e+00 0.000000000000000000e+00
-6.750000000000004441e+00 0.000000000000000000e+00
-6.650000000000004796e+00 0.000000000000000000e+00
-6.550000000000005151e+00 0.000000000000000000e+00
-6.450000000000005507e+00 0.000000000000000000e+00
-6.350000000000005862e+00 0.000000000000000000e+00
-6.250000000000006217e+00 0.000000000000000000e+00
-6.150000000000006573e+00 0.000000000000000000e+00
-6.050000000000006928e+00 0.000000000000000000e+00
-5.950000000000007283e+00 0.000000000000000000e+00
-5.850000000000007638e+00 9.357632234572668627e-06
-5.750000000000007994e+00 6.550342564200867530e-06
-5.650000000000008349e+00 5.614579340743600498e-06
-5.550000000000008704e+00 3.743052893829066858e-06
-5.450000000000009059e+00 1.403644835185900379e-05
-5.350000000000009415e+00 2.245831736297440199e-05
-5.250000000000009770e+00 2.807289670371800419e-05
-5.150000000000010125e+00 4.865968761977787212e-05
-5.050000000000010481e+00 4.023781860866247899e-05
-4.950000000000010836e+00 4.210934505557700628e-05
-4.850000000000011191e+00 7.111800498275228088e-05
-4.750000000000011546e+00 1.048054810272139076e-04
-4.650000000000011902e+00 1.497221157531626980e-04
-4.550000000000012257e+00 2.348765690877739946e-04
-4.450000000000012612e+00 2.769859141433509602e-04
-4.350000000000012967e+00 3.434251030088169296e-04
-4.250000000000013323e+00 3.911490274051375449e-04
-4.150000000000013678e+00 4.734961910693770166e-04
-4.050000000000014033e+00 6.073103320237660226e-04
-3.950000000000014388e+00 8.178570573016507965e-04
-3.850000000000014744e+00 9.975235962054458498e-04
-3.750000000000015099e+00 1.243629323974706873e-03
-3.650000000000015454e+00 1.730226200172484997e-03
-3.550000000000015810e+00 2.181264073878887849e-03
-3.450000000000016165e+00 2.586449549635883895e-03
-3.350000000000016520e+00 3.213410909352253965e-03
-3.250000000000016875e+00 3.904004168263714575e-03
-3.150000000000017231e+00 4.880940973553096057e-03
-3.050000000000017586e+00 5.966426312763516843e-03
-2.950000000000017941e+00 7.590911268685326257e-03
-2.850000000000018296e+00 9.129306008049084195e-03
-2.750000000000018652e+00 1.133864297863172374e-02
-2.650000000000019007e+00 1.363968474511317169e-02
-2.550000000000019362e+00 1.700281777021863533e-02
-2.450000000000019718e+00 2.090027159591821906e-02
-2.350000000000020073e+00 2.615738938530122459e-02
-2.250000000000020428e+00 3.226324441835987100e-02
-2.150000000000020783e+00 3.859087533537765291e-02
-2.050000000000021139e+00 4.639794790868125018e-02
-1.950000000000021272e+00 5.547485117621639428e-02
-1.850000000000021627e+00 6.602090270457938725e-02
-1.750000000000021982e+00 7.785175713874914472e-02
-1.650000000000022338e+00 9.042747909879091106e-02
-1.550000000000022693e+00 1.067677765068013873e-01
-1.450000000000023048e+00 1.251368085832673116e-01
-1.350000000000023404e+00 1.456871047336115443e-01
-1.250000000000023759e+00 1.668213171353931101e-01
-1.150000000000024114e+00 1.921814362543080301e-01
-1.050000000000024469e+00 2.176463608542505423e-01
-9.500000000000248246e-01 2.462404776734343215e-01
-8.500000000000251799e-01 2.724184538496505770e-01
-7.500000000000255351e-01 2.968484243244482457e-01
-6.500000000000258904e-01 3.246312344288930229e-01
-5.500000000000262457e-01 3.496488642080217146e-01
-4.500000000000266565e-01 3.697097561924974629e-01
-3.500000000000270117e-01 3.928876754743095834e-01
-2.500000000000273670e-01 4.080227098505064265e-01
-1.500000000000277223e-01 4.166083374257265604e-01
-5.000000000002806366e-02 4.228966662873594462e-01
4.999999999997158107e-02 4.230997269068494382e-01
1.499999999999712119e-01 4.179885881803259151e-01
2.499999999999708566e-01 4.064431415293107142e-01
3.499999999999705014e-01 3.913099786795606883e-01
4.499999999999701461e-01 3.692306454220873890e-01
5.499999999999698463e-01 3.502702109883972792e-01
6.499999999999694911e-01 3.270576684673175416e-01
7.499999999999691358e-01 3.036186712461613202e-01
8.499999999999687805e-01 2.742656504527551387e-01
9.499999999999684253e-01 2.439871598313493317e-01
1.049999999999968070e+00 2.174114842851626594e-01
1.149999999999967715e+00 1.909031836910653479e-01
1.249999999999967359e+00 1.685356353607668500e-01
1.349999999999967004e+00 1.460960332622623370e-01
1.449999999999966649e+00 1.235198097331332012e-01
1.549999999999966294e+00 1.076483297000746797e-01
1.649999999999965938e+00 9.245621376724616480e-02
1.749999999999965583e+00 7.817272392439501838e-02
1.849999999999965228e+00 6.574672408010644176e-02
1.949999999999964873e+00 5.567604026925970784e-02
2.049999999999964295e+00 4.498775273093118254e-02
2.149999999999963940e+00 3.676988010252986439e-02
2.249999999999963585e+00 3.079783921042581613e-02
2.349999999999963229e+00 2.589350415628628027e-02
2.449999999999962874e+00 2.112579053277142613e-02
2.549999999999962519e+00 1.735372897901511779e-02
2.649999999999962164e+00 1.354704418599090264e-02
2.749999999999961808e+00 1.172230590024920908e-02
2.849999999999961453e+00 9.551335221828317207e-03
2.949999999999961098e+00 7.460840180624768447e-03
3.049999999999960743e+00 5.886886438769650849e-03
3.149999999999960387e+00 4.792979230548114616e-03
3.249999999999960032e+00 3.755217815734010218e-03
3.349999999999959677e+00 3.226511594480655724e-03
3.449999999999959321e+00 2.436727433882722362e-03
3.549999999999958966e+00 1.861233051456502585e-03
3.649999999999958611e+00 1.590797479877352613e-03
3.749999999999958256e+00 1.297903590935227825e-03
3.849999999999957900e+00 1.139759606170950412e-03
3.949999999999957545e+00 9.825513846301295231e-04
4.049999999999957190e+00 6.831071531238045065e-04
4.149999999999956835e+00 4.519736369298598647e-04
4.249999999999956479e+00 4.332583724607144563e-04
4.349999999999956124e+00 3.799198687236503540e-04
4.449999999999955769e+00 2.872793096013808128e-04
4.549999999999955413e+00 1.946387504791115427e-04
4.649999999999955058e+00 1.731161963395943637e-04
4.749999999999954703e+00 9.825513846301301465e-05
4.849999999999954348e+00 1.076127706975856782e-04
4.949999999999953992e+00 4.210934505557699950e-05
5.049999999999953637e+00 4.678816117286334483e-05
5.149999999999953282e+00 2.432984380988893606e-05
5.249999999999952927e+00 3.368747604446160638e-05
5.349999999999952571e+00 1.497221157531626743e-05
5.449999999999952216e+00 1.122915868148720100e-05
5.549999999999951861e+00 1.497221157531626912e-05
5.649999999999951505e+00 2.526560703334620648e-05
5.749999999999951150e+00 2.432984380988893945e-05
5.849999999999950795e+00 0.000000000000000000e+00
5.949999999999950440e+00 0.000000000000000000e+00
6.049999999999950084e+00 0.000000000000000000e+00
6.149999999999949729e+00 0.000000000000000000e+00
6.249999999999949374e+00 0.000000000000000000e+00
6.349999999999949019e+00 0.000000000000000000e+00
6.449999999999948663e+00 0.000000000000000000e+00
6.549999999999948308e+00 0.000000000000000000e+00
6.649999999999947953e+00 0.000000000000000000e+00
6.749999999999947597e+00 0.000000000000000000e+00
6.849999999999947242e+00 0.000000000000000000e+00
6.949999999999946887e+00 0.000000000000000000e+00
7.049999999999946532e+00 0.000000000000000000e+00
7.149999999999946176e+00 0.000000000000000000e+00
7.249999999999945821e+00 0.000000000000000000e+00
7.349999999999945466e+00 0.000000000000000000e+00
7.449999999999945111e+00 0.000000000000000000e+00
7.549999999999944755e+00 0.000000000000000000e+00
7.649999999999944400e+00 0.000000000000000000e+00
7.749999999999944045e+00 0.000000000000000000e+00
7.849999999999943689e+00 0.000000000000000000e+00
7.949999999999943334e+00 0.000000000000000000e+00
