-7.950000000000000178e+00 3.474671799276129688e-05
-7.850000000000000533e+00 4.582972286976274385e-05
-7.750000000000000888e+00 4.508087118888427943e-05
-7.650000000000001243e+00 5.271915833384472770e-05
-7.550000000000001599e+00 6.694734027053576863e-05
-7.450000000000001954e+00 7.144045035580663650e-05
-7.350000000000002309e+00 8.881380935218727139e-05
-7.250000000000002665e+00 1.015442879271213564e-04
-7.150000000000003020e+00 1.214637426384888299e-04
-7.050000000000003375e+00 1.247586900343541330e-04
-6.950000000000003730e+00 1.478233218054112277e-04
-6.850000000000004086e+00 1.696897908870627846e-04
-6.750000000000004441e+00 1.816714177811184323e-04
-6.650000000000004796e+00 2.117752553524332470e-04
-6.550000000000005151e+00 2.490680690601814774e-04
-6.450000000000005507e+00 2.691372941077246330e-04
-6.350000000000005862e+00 2.945982512575929385e-04
-6.250000000000006217e+00 3.314417539568140008e-04
-6.150000000000006573e+00 3.780203285074553582e-04
-6.050000000000006928e+00 4.147140608705007520e-04
-5.950000000000007283e+00 4.708779369363866275e-04
-5.850000000000007638e+00 5.429174686368961819e-04
-5.750000000000007994e+00 5.996804260474848398e-04
-5.650000000000008349e+00 6.786093932120763374e-04
-5.550000000000008704e+00 7.362721519337048215e-04
-5.450000000000009059e+00 8.361677868689082124e-04
-5.350000000000009415e+00 9.183917014293650673e-04
-5.250000000000009770e+00 1.026076573139690119e-03
-5.150000000000010125e+00 1.196815935673968805e-03
-5.050000000000010481e+00 1.284281812000575033e-03
-4.950000000000010836e+00 1.437046375605798834e-03
-4.850000000000011191e+00 1.618869922311064538e-03
-4.750000000000011546e+00 1.775079203648329473e-03
-4.650000000000011902e+00 1.993445533086479413e-03
-4.550000000000012257e+00 2.244760157189296459e-03
-4.450000000000012612e+00 2.475405295605881753e-03
-4.350000000000012967e+00 2.774205371334294117e-03
-4.250000000000013323e+00 3.060113405211740186e-03
-4.150000000000013678e+00 3.455957583018089488e-03
-4.050000000000014033e+00 3.855250016438436286e-03
-3.950000000000014388e+00 4.278207342268528640e-03
-3.850000000000014744e+00 4.762411301242594486e-03
-3.750000000000015099e+00 5.308334790248876375e-03
-3.650000000000015454e+00 5.899925259554903052e-03
-3.550000000000015810e+00 6.634716218242650218e-03
-3.450000000000016165e+00 7.365449226325825743e-03
-3.350000000000016520e+00 8.270665855347596532e-03
-3.250000000000016875e+00 9.258271500087731851e-03
-3.150000000000017231e+00 1.034815731220201096e-02
-3.050000000000017586e+00 1.158302670620427362e-02
-2.950000000000017941e+00 1.299030298443648243e-02
-2.850000000000018296e+00 1.451377038189739788e-02
-2.750000000000018652e+00 1.627058468029595265e-02
-2.650000000000019007e+00 1.819175954006042525e-02
-2.550000000000019362e+00 2.041705780860443228e-02
-2.450000000000019718e+00 2.304785159693316376e-02
-2.350000000000020073e+00 2.591299232749936371e-02
-2.250000000000020428e+00 2.919423868583905998e-02
-2.150000000000020783e+00 3.307244248041421586e-02
-2.050000000000021139e+00 3.718151076208820599e-02
-1.950000000000021272e+00 4.231109170787773766e-02
-1.850000000000021627e+00 4.785675469556095740e-02
-1.750000000000021982e+00 5.448246582493038170e-02
-1.650000000000022338e+00 6.200472341393899883e-02
-1.550000000000022693e+00 7.053388343517222325e-02
-1.450000000000023048e+00 8.072187847259611193e-02
-1.350000000000023404e+00 9.273026590577289341e-02
-1.250000000000023759e+00 1.062787605745491026e-01
-1.150000000000024114e+00 1.227957033063283854e-01
-1.050000000000024469e+00 1.421650421385624030e-01
-9.500000000000248246e-01 1.649053562706217779e-01
-8.500000000000251799e-01 1.926514962376195961e-01
-7.500000000000255351e-01 2.252876541908741814e-01
-6.500000000000258904e-01 2.661123672971459908e-01
-5.500000000000262457e-01 3.152877413076897173e-01
-4.500000000000266565e-01 3.770997893116606603e-01
-3.500000000000270117e-01 4.544752229786208630e-01
-2.500000000000273670e-01 5.536448125993338465e-01
-1.500000000000277223e-01 6.842376445161431064e-01
-5.000000000002806366e-02 8.618317240995618800e-01
4.999999999997158107e-02 8.452970388897708132e-01
1.499999999999712119e-01 6.484565076245847326e-01
2.499999999999708566e-01 5.123932339869686770e-01
3.499999999999705014e-01 4.129123154712277532e-01
4.499999999999701461e-01 3.369403867003351039e-01
5.499999999999698463e-01 2.796016814558427432e-01
6.499999999999694911e-01 2.331470448066138568e-01
7.499999999999691358e-01 1.963684610620082260e-01
8.499999999999687805e-01 1.663668104938479386e-01
9.499999999999684253e-01 1.416361783163525290e-01
1.049999999999968070e+00 1.217033303631980673e-01
1.149999999999967715e+00 1.045495228867104054e-01
1.249999999999967359e+00 9.052678339666891949e-02
1.349999999999967004e+00 7.833375390416137674e-02
1.449999999999966649e+00 6.792956597611513048e-02
1.549999999999966294e+00 5.919787400578808284e-02
1.649999999999965938e+00 5.184711170675840308e-02
1.749999999999965583e+00 4.532178915721003787e-02
1.849999999999965228e+00 3.983974554216983266e-02
1.949999999999964873e+00 3.497024609197225964e-02
2.049999999999964295e+00 3.075625602439643891e-02
2.149999999999963940e+00 2.719314071408009820e-02
2.249999999999963585e+00 2.400730867353017758e-02
2.349999999999963229e+00 2.118450341775430373e-02
2.449999999999962874e+00 1.872569904358459963e-02
2.549999999999962519e+00 1.666031657737469113e-02
2.649999999999962164e+00 1.475401969053296430e-02
2.749999999999961808e+00 1.314905718219473024e-02
2.849999999999961453e+00 1.170064712974355943e-02
2.949999999999961098e+00 1.035520123517820815e-02
3.049999999999960743e+00 9.313541471312497544e-03
3.149999999999960387e+00 8.200430643445119974e-03
3.249999999999960032e+00 7.326668143608204911e-03
3.349999999999959677e+00 6.587695408447395012e-03
3.449999999999959321e+00 5.813514851345439986e-03
3.549999999999958966e+00 5.210386169683957000e-03
3.649999999999958611e+00 4.689034450162375169e-03
3.749999999999958256e+00 4.172017815331989510e-03
3.849999999999957900e+00 3.722255137208404195e-03
3.949999999999957545e+00 3.347375268584695807e-03
4.049999999999957190e+00 2.974753747943478972e-03
4.149999999999956835e+00 2.676253212887417729e-03
4.249999999999956479e+00 2.359639901505982892e-03
4.349999999999956124e+00 2.112215768261776865e-03
4.449999999999955769e+00 1.911372568156183716e-03
4.549999999999955413e+00 1.698848461122871639e-03
4.649999999999955058e+00 1.508037514953078492e-03
4.749999999999954703e+00 1.344188767176867456e-03
4.849999999999954348e+00 1.227517675296000560e-03
4.949999999999953992e+00 1.096919121444779599e-03
5.049999999999953637e+00 9.928287378026712413e-04
5.149999999999953282e+00 8.650734617508173269e-04
5.249999999999952927e+00 7.767089634071570881e-04
5.349999999999952571e+00 6.914896421231862128e-04
5.449999999999952216e+00 6.178026367247440882e-04
5.549999999999951861e+00 5.460626456965857623e-04
5.649999999999951505e+00 4.919955543371597878e-04
5.749999999999951150e+00 4.400264269781789875e-04
5.849999999999950795e+00 3.897024147291596147e-04
5.949999999999950440e+00 3.652898499325212597e-04
6.049999999999950084e+00 3.125706915986764100e-04
6.149999999999949729e+00 2.725820118397656588e-04
6.249999999999949374e+00 2.331924134255577172e-04
6.349999999999949019e+00 2.186646908165152444e-04
6.449999999999948663e+00 1.917060303048900372e-04
6.549999999999948308e+00 1.717865755935225230e-04
6.649999999999947953e+00 1.511182692012765308e-04
6.749999999999947597e+00 1.328462881878416952e-04
6.849999999999947242e+00 1.118784411232443389e-04
6.949999999999946887e+00 1.081341827188519626e-04
7.049999999999946532e+00 8.641748397337614186e-05
7.149999999999946176e+00 7.548424943255039048e-05
7.249999999999945821e+00 6.829527329611702899e-05
7.349999999999945466e+00 5.331823967854751008e-05
7.449999999999945111e+00 4.942421093797943815e-05
7.549999999999944755e+00 4.193569412919467192e-05
7.649999999999944400e+00 3.699327303539673081e-05
7.749999999999944045e+00 3.444717732040991246e-05
7.849999999999943689e+00 3.100245958836892054e-05
7.949999999999943334e+00 2.546095714986819705e-05
