-7.950000000000000178e+00 5.429507764570570946e-05
-7.850000000000000533e+00 7.301751821319044013e-05
-7.750000000000000888e+00 8.237873849693279869e-05
-7.650000000000001243e+00 5.897568778757689552e-05
-7.550000000000001599e+00 7.957037241181008841e-05
-7.450000000000001954e+00 8.144261646855857097e-05
-7.350000000000002309e+00 7.676200632668737814e-05
-7.250000000000002665e+00 1.039095451495402396e-04
-7.150000000000003020e+00 1.113985213765341428e-04
-7.050000000000003375e+00 1.048456671779144809e-04
-6.950000000000003730e+00 1.076540332630371912e-04
-6.850000000000004086e+00 1.329293280291415566e-04
-6.750000000000004441e+00 1.235681077453991980e-04
-6.650000000000004796e+00 1.441627923696323977e-04
-6.550000000000005151e+00 1.965856259585896382e-04
-6.450000000000005507e+00 2.227970427530682313e-04
-6.350000000000005862e+00 2.218609207246940171e-04
-6.250000000000006217e+00 2.181164326111970520e-04
-6.150000000000006573e+00 2.462000934624241819e-04
-6.050000000000006928e+00 3.051757812500010300e-04
-5.950000000000007283e+00 3.004951711081298507e-04
-5.850000000000007638e+00 3.145443725733369712e-04
-5.750000000000007994e+00 3.370039302147251250e-04
-5.650000000000008349e+00 4.175104246549094953e-04
-5.550000000000008704e+00 4.390412313075169092e-04
-5.450000000000009059e+00 5.298450680598179065e-04
-5.350000000000009415e+00 5.635454610812903756e-04
-5.250000000000009770e+00 6.552854198619656413e-04
-5.150000000000010125e+00 7.357919143021500116e-04
-5.050000000000010481e+00 8.153696577535536963e-04
-4.950000000000010836e+00 9.548518399813149147e-04
-4.850000000000011191e+00 1.061562380176384567e-03
-4.750000000000011546e+00 1.205725172546016476e-03
-4.650000000000011902e+00 1.383595728976714763e-03
-4.550000000000012257e+00 1.536176248562121397e-03
-4.450000000000012612e+00 1.646646018949874746e-03
-4.350000000000012967e+00 1.823565711273012141e-03
-4.250000000000013323e+00 2.078205645069991850e-03
-4.150000000000013678e+00 2.362794112735354130e-03
-4.050000000000014033e+00 2.698854549882112597e-03
-3.950000000000014388e+00 3.150065367558497163e-03
-3.850000000000014744e+00 3.381302250646121572e-03
-3.750000000000015099e+00 3.817549857947705010e-03
-3.650000000000015454e+00 4.516833013143263000e-03
-3.550000000000015810e+00 5.004574703045022721e-03
-3.450000000000016165e+00 5.606456941052098339e-03
-3.350000000000016520e+00 6.615670198035465341e-03
-3.250000000000016875e+00 7.263444528551657280e-03
-3.150000000000017231e+00 8.265102469951674663e-03
-3.050000000000017586e+00 9.351048249103332405e-03
-2.950000000000017941e+00 1.069913030931854761e-02
-2.850000000000018296e+00 1.220255702896672761e-02
-2.750000000000018652e+00 1.368171091523352756e-02
-2.650000000000019007e+00 1.558399932936508497e-02
-2.550000000000019362e+00 1.781665036703767094e-02
-2.450000000000019718e+00 2.039775993045330610e-02
-2.350000000000020073e+00 2.333915853815952263e-02
-2.250000000000020428e+00 2.640136848480315740e-02
-2.150000000000020783e+00 3.031446175796179837e-02
-2.050000000000021139e+00 3.467067981836261664e-02
-1.950000000000021272e+00 4.041683270179045190e-02
-1.850000000000021627e+00 4.607695818212259598e-02
-1.750000000000021982e+00 5.326790853627200173e-02
-1.650000000000022338e+00 6.123391633263824269e-02
-1.550000000000022693e+00 7.029039572646680889e-02
-1.450000000000023048e+00 8.141232886686874948e-02
-1.350000000000023404e+00 9.497923584043374556e-02
-1.250000000000023759e+00 1.105484562354139833e-01
-1.150000000000024114e+00 1.277779001042756435e-01
-1.050000000000024469e+00 1.491665783714426485e-01
-9.500000000000248246e-01 1.751715028627502391e-01
-8.500000000000251799e-01 2.027895130297379667e-01
-7.500000000000255351e-01 2.394449926794417483e-01
-6.500000000000258904e-01 2.822532412407084967e-01
-5.500000000000262457e-01 3.333568577604987815e-01
-4.500000000000266565e-01 3.920996575521201177e-01
-3.500000000000270117e-01 4.598000837255812323e-01
-2.500000000000273670e-01 5.358021948384943389e-01
-1.500000000000277223e-01 6.028865421516884648e-01
-5.000000000002806366e-02 6.485262871203225643e-01
4.999999999997158107e-02 6.480338648202785823e-01
1.499999999999712119e-01 6.056353723500148556e-01
2.499999999999708566e-01 5.374949172259433361e-01
3.499999999999705014e-01 4.632624010723996877e-01
4.499999999999701461e-01 3.948935248023625055e-01
5.499999999999698463e-01 3.345609686753738821e-01
6.499999999999694911e-01 2.837492674366048906e-01
7.499999999999691358e-01 2.402448462988509004e-01
8.499999999999687805e-01 2.054329152487581744e-01
9.499999999999684253e-01 1.753174641887806917e-01
1.049999999999968070e+00 1.490882537047221179e-01
1.149999999999967715e+00 1.285242473472756886e-01
1.249999999999967359e+00 1.098354334624161710e-01
1.349999999999967004e+00 9.415461552799038458e-02
1.449999999999966649e+00 8.103614786121454694e-02
1.549999999999966294e+00 7.041888768866066961e-02
1.649999999999965938e+00 6.059441967958554415e-02
1.749999999999965583e+00 5.257018804147027546e-02
1.849999999999965228e+00 4.565944775746770545e-02
1.949999999999964873e+00 3.997292658435122603e-02
2.049999999999964295e+00 3.465180258596365498e-02
2.149999999999963940e+00 3.012653710352556843e-02
2.249999999999963585e+00 2.598018728243068481e-02
2.349999999999963229e+00 2.321386560714924080e-02
2.449999999999962874e+00 2.018821601688934250e-02
2.549999999999962519e+00 1.772022242707552847e-02
2.649999999999962164e+00 1.551752729431092430e-02
2.749999999999961808e+00 1.378293003093143676e-02
2.849999999999961453e+00 1.207996189844767580e-02
2.949999999999961098e+00 1.078150167677588422e-02
3.049999999999960743e+00 9.347296389950240231e-03
3.149999999999960387e+00 8.086310533571791984e-03
3.249999999999960032e+00 7.173569442788138920e-03
3.349999999999959677e+00 6.374099117437756826e-03
3.449999999999959321e+00 5.626159729885519580e-03
3.549999999999958966e+00 5.008282335960552965e-03
3.649999999999958611e+00 4.338041076763375983e-03
3.749999999999958256e+00 3.985100958947506572e-03
3.849999999999957900e+00 3.591937078069919360e-03
3.949999999999957545e+00 3.064915118174408280e-03
4.049999999999957190e+00 2.625837031668922048e-03
4.149999999999956835e+00 2.438619997033667375e-03
4.249999999999956479e+00 2.069765804735436594e-03
4.349999999999956124e+00 1.928455604688487576e-03
4.449999999999955769e+00 1.698147472589644829e-03
4.549999999999955413e+00 1.440691801667949492e-03
4.649999999999955058e+00 1.317138436001737568e-03
4.749999999999954703e+00 1.220703125000004337e-03
4.849999999999954348e+00 1.066257732397442532e-03
4.949999999999953992e+00 9.520361028565986353e-04
5.049999999999953637e+00 8.415884455876257095e-04
5.149999999999953282e+00 7.610672090682544990e-04
5.249999999999952927e+00 6.618382740605853031e-04
5.349999999999952571e+00 5.747936675009682195e-04
5.449999999999952216e+00 5.513758747124253203e-04
5.549999999999951861e+00 4.615081599884985914e-04
5.649999999999951505e+00 4.437218414493881427e-04
5.749999999999951150e+00 3.978592330986439841e-04
5.849999999999950795e+00 3.192176116756146220e-04
5.949999999999950440e+00 3.089202693634980493e-04
6.049999999999950084e+00 2.986229270513814224e-04
6.149999999999949729e+00 2.696031441717800783e-04
6.249999999999949374e+00 2.209247986963197758e-04
6.349999999999949019e+00 2.040746021855835684e-04
6.449999999999948663e+00 1.872244056748472796e-04
6.549999999999948308e+00 2.003301140720866033e-04
6.649999999999947953e+00 1.628852329371171148e-04
6.749999999999947597e+00 1.404183042561354868e-04
6.849999999999947242e+00 1.750548193059821972e-04
6.949999999999946887e+00 1.525878906250005421e-04
7.049999999999946532e+00 1.394821822277612184e-04
7.149999999999946176e+00 9.454832486579788108e-05
7.249999999999945821e+00 8.237873849693279869e-05
7.349999999999945466e+00 8.331486052530703997e-05
7.449999999999945111e+00 7.395364024156468141e-05
7.549999999999944755e+00 8.612322661042976380e-05
7.649999999999944400e+00 7.395364024156468141e-05
7.749999999999944045e+00 5.991180981595113002e-05
7.849999999999943689e+00 5.991180981595113002e-05
7.949999999999943334e+00 4.961446750383453696e-05
