-7.950000000000000178e+00 1.029734231211660153e-05
-7.850000000000000533e+00 1.404183042561354631e-05
-7.750000000000000888e+00 1.029734231211660153e-05
-7.650000000000001243e+00 8.425098255368129141e-06
-7.550000000000001599e+00 1.591407448236202039e-05
-7.450000000000001954e+00 1.404183042561354800e-05
-7.350000000000002309e+00 2.246692868098167545e-05
-7.250000000000002665e+00 2.340305070935591673e-05
-7.150000000000003020e+00 2.808366085122709601e-05
-7.050000000000003375e+00 2.808366085122709601e-05
-6.950000000000003730e+00 2.621141679447862023e-05
-6.850000000000004086e+00 1.965856259585896517e-05
-6.750000000000004441e+00 2.901978287960133051e-05
-6.650000000000004796e+00 3.557263707822099234e-05
-6.550000000000005151e+00 2.433917273773015123e-05
-6.450000000000005507e+00 4.025324722009217162e-05
-6.350000000000005862e+00 2.995590490797557179e-05
-6.250000000000006217e+00 6.459241995782232285e-05
-6.150000000000006573e+00 4.680610141871181990e-05
-6.050000000000006928e+00 5.991180981595113679e-05
-5.950000000000007283e+00 6.833690807131926085e-05
-5.850000000000007638e+00 5.523119967407995074e-05
-5.750000000000007994e+00 6.833690807131926085e-05
-5.650000000000008349e+00 7.864162142302936207e-05
-5.550000000000008704e+00 6.740078604294501958e-05
-5.450000000000009059e+00 7.769812835506161941e-05
-5.350000000000009415e+00 8.893159269555246053e-05
-5.250000000000009770e+00 9.922893500766906036e-05
-5.150000000000010125e+00 1.179513755751538046e-04
-5.050000000000010481e+00 1.170152535467795633e-04
-4.950000000000010836e+00 1.563323787384975072e-04
-4.850000000000011191e+00 1.619491109087429007e-04
-4.750000000000011546e+00 1.666297210506140799e-04
-4.650000000000011902e+00 2.199886766679455617e-04
-4.550000000000012257e+00 2.096987053954224632e-04
-4.450000000000012612e+00 2.359027511503076092e-04
-4.350000000000012967e+00 2.845810966257678303e-04
-4.250000000000013323e+00 3.070553963463429868e-04
-4.150000000000013678e+00 3.632153470092036639e-04
-4.050000000000014033e+00 4.465302075345107310e-04
-3.950000000000014388e+00 5.420220254682764360e-04
-3.850000000000014744e+00 6.019264642446341866e-04
-3.750000000000015099e+00 7.657478192101257325e-04
-3.650000000000015454e+00 1.055953019045732539e-03
-3.550000000000015810e+00 1.290912277128071972e-03
-3.450000000000016165e+00 1.681275162960127901e-03
-3.350000000000016520e+00 2.097849465586663128e-03
-3.250000000000016875e+00 2.721314107523501238e-03
-3.150000000000017231e+00 3.499231513102495604e-03
-3.050000000000017586e+00 4.476535539685608939e-03
-2.950000000000017941e+00 5.741243771058802785e-03
-2.850000000000018296e+00 7.492728086147006777e-03
-2.750000000000018652e+00 9.335959731055441455e-03
-2.650000000000019007e+00 1.211156154518499770e-02
-2.550000000000019362e+00 1.547786373025829276e-02
-2.450000000000019718e+00 1.958369494670778033e-02
-2.350000000000020073e+00 2.457228923591418118e-02
-2.250000000000020428e+00 3.052324645444765353e-02
-2.150000000000020783e+00 3.736445572196468723e-02
-2.050000000000021139e+00 4.640643628091233042e-02
-1.950000000000021272e+00 5.619181566702272090e-02
-1.850000000000021627e+00 6.838393530392526676e-02
-1.750000000000021982e+00 8.179024943786702972e-02
-1.650000000000022338e+00 9.723725062534760433e-02
-1.550000000000022693e+00 1.147916910009258162e-01
-1.450000000000023048e+00 1.340617776970893793e-01
-1.350000000000023404e+00 1.556201667798572386e-01
-1.250000000000023759e+00 1.766280423995446047e-01
-1.150000000000024114e+00 2.010377633572245637e-01
-1.050000000000024469e+00 2.261192661213765331e-01
-9.500000000000248246e-01 2.510168983028682743e-01
-8.500000000000251799e-01 2.763220900055629592e-01
-7.500000000000255351e-01 3.012747543686596918e-01
-6.500000000000258904e-01 3.250886963091157988e-01
-5.500000000000262457e-01 3.461721103425565160e-01
-4.500000000000266565e-01 3.661816892148979097e-01
-3.500000000000270117e-01 3.823680720129625787e-01
-2.500000000000273670e-01 3.955667881877931169e-01
-1.500000000000277223e-01 4.040230585696025223e-01
-5.000000000002806366e-02 4.083696647943734770e-01
4.999999999997158107e-02 4.091512824618284139e-01
1.499999999999712119e-01 4.039765915360050696e-01
2.499999999999708566e-01 3.949728814146260536e-01
3.499999999999705014e-01 3.816492482318047386e-01
4.499999999999701461e-01 3.663252623241000094e-01
5.499999999999698463e-01 3.459819448920837814e-01
6.499999999999694911e-01 3.258757611748302474e-01
7.499999999999691358e-01 3.021741170225812345e-01
8.499999999999687805e-01 2.773352320266496696e-01
9.499999999999684253e-01 2.505954148878723475e-01
1.049999999999968070e+00 2.261397428693673328e-01
1.149999999999967715e+00 2.010463358762718533e-01
1.249999999999967359e+00 1.773695321274524617e-01
1.349999999999967004e+00 1.548105023067489483e-01
1.449999999999966649e+00 1.339486764655667128e-01
1.549999999999966294e+00 1.145820217796887502e-01
1.649999999999965938e+00 9.687491243204997271e-02
1.749999999999965583e+00 8.194092085819768001e-02
1.849999999999965228e+00 6.804783064054092945e-02
1.949999999999964873e+00 5.660555949044536461e-02
2.049999999999964295e+00 4.596930414885954524e-02
2.149999999999963940e+00 3.803653974106020741e-02
2.249999999999963585e+00 3.034163878094305739e-02
2.349999999999963229e+00 2.439817053863656965e-02
2.449999999999962874e+00 1.949194761688751235e-02
2.549999999999962519e+00 1.549189081860471995e-02
2.649999999999962164e+00 1.201606972725123221e-02
2.749999999999961808e+00 9.552203919609886934e-03
2.849999999999961453e+00 7.484310358931232053e-03
2.949999999999961098e+00 5.660729905579023856e-03
3.049999999999960743e+00 4.469068676577396190e-03
3.149999999999960387e+00 3.521727925941851509e-03
3.249999999999960032e+00 2.759687739647251684e-03
3.349999999999959677e+00 2.158704768470582312e-03
3.449999999999959321e+00 1.603577034605066553e-03
3.549999999999958966e+00 1.282501920951890830e-03
3.649999999999958611e+00 1.031606475268408846e-03
3.749999999999958256e+00 7.507698667561378721e-04
3.849999999999957900e+00 6.337546132093581190e-04
3.949999999999957545e+00 5.129948715490815093e-04
4.049999999999957190e+00 4.362328652223941582e-04
4.149999999999956835e+00 3.978518620590504014e-04
4.249999999999956479e+00 3.089202693634979951e-04
4.349999999999956124e+00 3.005025421477234334e-04
4.449999999999955769e+00 2.368388731786818233e-04
4.549999999999955413e+00 2.153080665260743824e-04
4.649999999999955058e+00 1.788066784590726637e-04
4.749999999999954703e+00 1.619564819483363749e-04
4.849999999999954348e+00 1.441627923696324248e-04
4.949999999999953992e+00 1.338654500575157979e-04
5.049999999999953637e+00 1.076540332630372048e-04
5.149999999999953282e+00 1.067179112346629635e-04
5.249999999999952927e+00 9.454832486579788108e-05
5.349999999999952571e+00 9.829281297929483264e-05
5.449999999999952216e+00 8.612322661042976380e-05
5.549999999999951861e+00 7.582588429831316396e-05
5.649999999999951505e+00 7.676200632668739169e-05
5.749999999999951150e+00 7.582588429831315041e-05
5.849999999999950795e+00 4.493385736196335090e-05
5.949999999999950440e+00 6.646466401457079185e-05
6.049999999999950084e+00 5.148671156058300596e-05
6.149999999999949729e+00 4.867834547546029568e-05
6.249999999999949374e+00 5.523119967407995751e-05
6.349999999999949019e+00 4.118936924846641290e-05
6.449999999999948663e+00 4.025324722009217162e-05
6.549999999999948308e+00 4.118936924846641290e-05
6.649999999999947953e+00 2.433917273773015123e-05
6.749999999999947597e+00 3.370039302147250979e-05
6.849999999999947242e+00 2.995590490797556840e-05
6.949999999999946887e+00 2.808366085122709601e-05
7.049999999999946532e+00 1.965856259585896856e-05
7.149999999999946176e+00 1.310570839723931012e-05
7.249999999999945821e+00 1.591407448236202039e-05
7.349999999999945466e+00 1.497795245398778420e-05
7.449999999999945111e+00 2.246692868098167545e-05
7.549999999999944755e+00 1.216958636886507561e-05
7.649999999999944400e+00 1.591407448236202039e-05
7.749999999999944045e+00 9.361220283742365336e-06
7.849999999999943689e+00 1.310570839723931012e-05
7.949999999999943334e+00 2.059468462423320306e-05
