-7.950000000000000178e+00 0.000000000000000000e+00
-7.850000000000000533e+00 0.000000000000000000e+00
-7.750000000000000888e+00 0.000000000000000000e+00
-7.650000000000001243e+00 0.000000000000000000e+00
-7.550000000000001599e+00 0.000000000000000000e+00
-7.450000000000001954e+00 0.000000000000000000e+00
-7.350000000000002309e+00 0.000000000000000000e+00
-7.250000000000002665e+00 0.000000000000000000e+00
-7.150000000000003020e+00 0.000000000000000000e+00
-7.050000000000003375e+00 0.000000000000000000e+00
-6.950000000000003730e+00 0.000000000000000000e+00
-6.850000000000004086e+00 0.000000000000000000e+00
-6.750000000000004441e+00 0.000000000000000000e+00
-6.650000000000004796e+00 0.000000000000000000e+00
-6.550000000000005151e+00 0.000000000000000000e+00
-6.450000000000005507e+00 0.000000000000000000e+00
-6.350000000000005862e+00 0.000000000000000000e+00
-6.250000000000006217e+00 0.000000000000000000e+00
-6.150000000000006573e+00 0.000000000000000000e+00
-6.050000000000006928e+00 0.000000000000000000e+00
-5.950000000000007283e+00 0.000000000000000000e+00
-5.850000000000007638e+00 0.000000000000000000e+00
-5.750000000000007994e+00 0.000000000000000000e+00
-5.650000000000008349e+00 0.000000000000000000e+00
-5.550000000000008704e+00 0.000000000000000000e+00
-5.450000000000009059e+00 0.000000000000000000e+00
-5.350000000000009415e+00 3.182814896472405434e-05
-5.250000000000009770e+00 6.272017590107379964e-05
-5.150000000000010125e+00 4.025324722009216485e-05
-5.050000000000010481e+00 3.182814896472405434e-05
-4.950000000000010836e+00 2.714753882285287167e-05
-4.850000000000011191e+00 2.527529476610439589e-05
-4.750000000000011546e+00 2.527529476610439589e-05
-4.650000000000011902e+00 9.735669095092060491e-05
-4.550000000000012257e+00 1.488434025115037125e-04
-4.450000000000012612e+00 1.516517685966263821e-04
-4.350000000000012967e+00 6.693272502875803175e-04
-4.250000000000013323e+00 4.821028446127322790e-04
-4.150000000000013678e+00 3.941073739455535989e-04
-4.050000000000014033e+00 4.895918208397257755e-04
-3.950000000000014388e+00 7.264306940184079783e-04
-3.850000000000014744e+00 6.309462471242354223e-04
-3.750000000000015099e+00 1.103687871453225885e-03
-3.650000000000015454e+00 1.406991408646479300e-03
-3.550000000000015810e+00 1.605449278661817475e-03
-3.450000000000016165e+00 2.013598483032985262e-03
-3.350000000000016520e+00 2.626758411618111428e-03
-3.250000000000016875e+00 2.954401121549091701e-03
-3.150000000000017231e+00 2.977804172258448519e-03
-3.050000000000017586e+00 3.738871381326704102e-03
-2.950000000000017941e+00 5.343384537960146549e-03
-2.850000000000018296e+00 7.527357230157227623e-03
-2.750000000000018652e+00 8.094647179352015831e-03
-2.650000000000019007e+00 1.055383974789111945e-02
-2.550000000000019362e+00 1.349139067292946109e-02
-2.450000000000019718e+00 1.543758836991949643e-02
-2.350000000000020073e+00 1.854925799223547042e-02
-2.250000000000020428e+00 2.406956959355834036e-02
-2.150000000000020783e+00 2.890838435822476807e-02
-2.050000000000021139e+00 3.421994074722011642e-02
-1.950000000000021272e+00 3.891084823140333881e-02
-1.850000000000021627e+00 5.049348608847756270e-02
-1.750000000000021982e+00 5.985845086033337453e-02
-1.650000000000022338e+00 6.885551967503820980e-02
-1.550000000000022693e+00 8.300032352377310907e-02
-1.450000000000023048e+00 9.637376282112759818e-02
-1.350000000000023404e+00 1.152076019099888965e-01
-1.250000000000023759e+00 1.369864809001165029e-01
-1.150000000000024114e+00 1.583178935606812110e-01
-1.050000000000024469e+00 1.865812898413570231e-01
-9.500000000000248246e-01 2.114634133555449713e-01
-8.500000000000251799e-01 2.413481729893641181e-01
-7.500000000000255351e-01 2.780581983320588035e-01
-6.500000000000258904e-01 3.058853617475117970e-01
-5.500000000000262457e-01 3.285273452477995848e-01
-4.500000000000266565e-01 3.625450836368917518e-01
-3.500000000000270117e-01 3.895362900810063200e-01
-2.500000000000273670e-01 4.092182557275748644e-01
-1.500000000000277223e-01 4.283085922522107403e-01
-5.000000000002806366e-02 4.430347278805661371e-01
4.999999999997158107e-02 4.500940240965369821e-01
1.499999999999712119e-01 4.429570297522112954e-01
2.499999999999708566e-01 4.304008249856280943e-01
3.499999999999705014e-01 4.145541512893083369e-01
4.499999999999701461e-01 3.856120665380612378e-01
5.499999999999698463e-01 3.679914415979729236e-01
6.499999999999694911e-01 3.456686757093598850e-01
7.499999999999691358e-01 3.081217572732974919e-01
8.499999999999687805e-01 2.798199799894601769e-01
9.499999999999684253e-01 2.533427045389237686e-01
1.049999999999968070e+00 2.238838804280154360e-01
1.149999999999967715e+00 2.000633192940045602e-01
1.249999999999967359e+00 1.732481037912237398e-01
1.349999999999967004e+00 1.600909086824230387e-01
1.449999999999966649e+00 1.377531648413557464e-01
1.549999999999966294e+00 1.189109006542377750e-01
1.649999999999965938e+00 1.064127354534133013e-01
1.749999999999965583e+00 8.932570006949802632e-02
1.849999999999965228e+00 8.087626264139208265e-02
1.949999999999964873e+00 7.051058342120394840e-02
2.049999999999964295e+00 5.987249269075911595e-02
2.149999999999963940e+00 4.989717635640317228e-02
2.249999999999963585e+00 4.108358745925978772e-02
2.349999999999963229e+00 3.471514930023009149e-02
2.449999999999962874e+00 3.266785042417563734e-02
2.549999999999962519e+00 2.708949925709362022e-02
2.649999999999962164e+00 2.224974837039885023e-02
2.749999999999961808e+00 1.874958810630756104e-02
2.849999999999961453e+00 1.414386772670630718e-02
2.949999999999961098e+00 1.269568694881138653e-02
3.049999999999960743e+00 1.154987358608129851e-02
3.149999999999960387e+00 9.000813302818275533e-03
3.249999999999960032e+00 7.024659700920273149e-03
3.349999999999959677e+00 6.136279895993121403e-03
3.449999999999959321e+00 5.362106978527627146e-03
3.549999999999958966e+00 4.800433761503091271e-03
3.649999999999958611e+00 4.429729438266886629e-03
3.749999999999958256e+00 3.046141080329766750e-03
3.849999999999957900e+00 2.185844936253845874e-03
3.949999999999957545e+00 2.670756146951701500e-03
4.049999999999957190e+00 1.636341305598167789e-03
4.149999999999956835e+00 1.293720643213196403e-03
4.249999999999956479e+00 1.399502432419485369e-03
4.349999999999956124e+00 1.306826351610436594e-03
4.449999999999955769e+00 8.893159269555261232e-04
4.549999999999955413e+00 8.256596290260778247e-04
4.649999999999955058e+00 7.339196702454025591e-04
4.749999999999954703e+00 5.523119967408004561e-04
4.849999999999954348e+00 4.474663295628854330e-04
4.949999999999953992e+00 2.574335578029154567e-04
5.049999999999953637e+00 1.067179112346629906e-04
5.149999999999953282e+00 2.096913343558292329e-04
5.249999999999952927e+00 4.680610141871184023e-05
5.349999999999952571e+00 2.153080665260744434e-05
5.449999999999952216e+00 2.527529476610439589e-05
5.549999999999951861e+00 3.463651504984675784e-05
5.649999999999951505e+00 3.463651504984675784e-05
5.749999999999951150e+00 0.000000000000000000e+00
5.849999999999950795e+00 0.000000000000000000e+00
5.949999999999950440e+00 0.000000000000000000e+00
6.049999999999950084e+00 0.000000000000000000e+00
6.149999999999949729e+00 0.000000000000000000e+00
6.249999999999949374e+00 0.000000000000000000e+00
6.349999999999949019e+00 0.000000000000000000e+00
6.449999999999948663e+00 0.000000000000000000e+00
6.549999999999948308e+00 0.000000000000000000e+00
6.649999999999947953e+00 0.000000000000000000e+00
6.749999999999947597e+00 0.000000000000000000e+00
6.849999999999947242e+00 0.000000000000000000e+00
6.949999999999946887e+00 0.000000000000000000e+00
7.049999999999946532e+00 0.000000000000000000e+00
7.149999999999946176e+00 0.000000000000000000e+00
7.249999999999945821e+00 0.000000000000000000e+00
7.349999999999945466e+00 0.000000000000000000e+00
7.449999999999945111e+00 0.000000000000000000e+00
7.549999999999944755e+00 0.000000000000000000e+00
7.649999999999944400e+00 0.000000000000000000e+00
7.749999999999944045e+00 0.000000000000000000e+00
7.849999999999943689e+00 0.000000000000000000e+00
7.949999999999943334e+00 0.000000000000000000e+00
