-7.950000000000000178e+00 1.123346434049083840e-04
-7.850000000000000533e+00 1.282487178872704044e-04
-7.750000000000000888e+00 1.179513755751538046e-04
-7.650000000000001243e+00 1.366738161426385217e-04
-7.550000000000001599e+00 1.422905483128839423e-04
-7.450000000000001954e+00 1.422905483128839423e-04
-7.350000000000002309e+00 1.516517685966263008e-04
-7.250000000000002665e+00 1.703742091641110450e-04
-7.150000000000003020e+00 1.778631853911049211e-04
-7.050000000000003375e+00 1.900327717599700034e-04
-6.950000000000003730e+00 2.480723375191726645e-04
-6.850000000000004086e+00 2.312442541272169069e-04
-6.750000000000004441e+00 2.190525546395713204e-04
-6.650000000000004796e+00 2.330943850651848582e-04
-6.550000000000005151e+00 2.433917273773014581e-04
-6.450000000000005507e+00 2.939423169095102431e-04
-6.350000000000005862e+00 3.267065879026084980e-04
-6.250000000000006217e+00 3.295296960669182517e-04
-6.150000000000006573e+00 3.622939670600165067e-04
-6.050000000000006928e+00 3.838247737126239205e-04
-5.950000000000007283e+00 4.577636718750016263e-04
-5.850000000000007638e+00 4.427930904606073486e-04
-5.750000000000007994e+00 5.111226274923330809e-04
-5.650000000000008349e+00 5.588722219790127248e-04
-5.550000000000008704e+00 5.925799860400787766e-04
-5.450000000000009059e+00 6.253442570331770858e-04
-5.350000000000009415e+00 6.787032126505086489e-04
-5.250000000000009770e+00 8.041361934130629094e-04
-5.150000000000010125e+00 8.621905012514525461e-04
-5.050000000000010481e+00 9.426896246520434421e-04
-4.950000000000010836e+00 1.025090476267756772e-03
-4.850000000000011191e+00 1.135530762497135790e-03
-4.750000000000011546e+00 1.278794288036361453e-03
-4.650000000000011902e+00 1.395794799503953824e-03
-4.550000000000012257e+00 1.528768353770656226e-03
-4.450000000000012612e+00 1.756216522507221198e-03
-4.350000000000012967e+00 1.891018094593111508e-03
-4.250000000000013323e+00 2.220562532739217467e-03
-4.150000000000013678e+00 2.361047176351695198e-03
-4.050000000000014033e+00 2.655896131131207059e-03
-3.950000000000014388e+00 2.960172645550802548e-03
-3.850000000000014744e+00 3.353388123705544621e-03
-3.750000000000015099e+00 3.766203196139398211e-03
-3.650000000000015454e+00 4.187435995789025658e-03
-3.550000000000015810e+00 4.782927542468539892e-03
-3.450000000000016165e+00 5.341792393407960443e-03
-3.350000000000016520e+00 5.953102191055121423e-03
-3.250000000000016875e+00 6.989477728940526879e-03
-3.150000000000017231e+00 7.784311670386595550e-03
-3.050000000000017586e+00 8.674519493132918507e-03
-2.950000000000017941e+00 1.005356729068041660e-02
-2.850000000000018296e+00 1.147468898222760506e-02
-2.750000000000018652e+00 1.300998070603847853e-02
-2.650000000000019007e+00 1.508546643749843902e-02
-2.550000000000019362e+00 1.730833610563044939e-02
-2.450000000000019718e+00 1.950626217577808297e-02
-2.350000000000020073e+00 2.247967320843885855e-02
-2.250000000000020428e+00 2.580999734925639930e-02
-2.150000000000020783e+00 2.929067595570209945e-02
-2.050000000000021139e+00 3.424806863430901460e-02
-1.950000000000021272e+00 3.937299767183646826e-02
-1.850000000000021627e+00 4.531437253889815386e-02
-1.750000000000021982e+00 5.224220626371806064e-02
-1.650000000000022338e+00 6.053573146234213220e-02
-1.550000000000022693e+00 7.055665241866319881e-02
-1.450000000000023048e+00 8.158651390350266097e-02
-1.350000000000023404e+00 9.446212055775186911e-02
-1.250000000000023759e+00 1.099512177523508105e-01
-1.150000000000024114e+00 1.283744235964981995e-01
-1.050000000000024469e+00 1.503743821771540978e-01
-9.500000000000248246e-01 1.769185055857656064e-01
-8.500000000000251799e-01 2.055697364856925446e-01
-7.500000000000255351e-01 2.413877259878227932e-01
-6.500000000000258904e-01 2.831197585422012275e-01
-5.500000000000262457e-01 3.318478290507593798e-01
-4.500000000000266565e-01 3.887719943565956515e-01
-3.500000000000270117e-01 4.560199345225310896e-01
-2.500000000000273670e-01 5.329069684228022741e-01
-1.500000000000277223e-01 6.159789237093419301e-01
-5.000000000002806366e-02 6.931656714505243233e-01
4.999999999997158107e-02 6.918924496684206726e-01
1.499999999999712119e-01 6.138488038324149132e-01
2.499999999999708566e-01 5.279493546130075154e-01
3.499999999999705014e-01 4.509566126339259462e-01
4.499999999999701461e-01 3.849673585600157377e-01
5.499999999999698463e-01 3.264715475630934338e-01
6.499999999999694911e-01 2.780369549959503805e-01
7.499999999999691358e-01 2.365024736737173228e-01
8.499999999999687805e-01 2.017984251591148914e-01
9.499999999999684253e-01 1.718684810525869522e-01
1.049999999999968070e+00 1.465680436704278611e-01
1.149999999999967715e+00 1.252807466818297022e-01
1.249999999999967359e+00 1.075906496935726542e-01
1.349999999999967004e+00 9.166879876443945196e-02
1.449999999999966649e+00 7.926602218699436986e-02
1.549999999999966294e+00 6.797118657084778859e-02
1.649999999999965938e+00 5.820611439881714227e-02
1.749999999999965583e+00 5.049592590258290825e-02
1.849999999999965228e+00 4.369925982732927872e-02
1.949999999999964873e+00 3.793694962511247326e-02
2.049999999999964295e+00 3.231584642838831317e-02
2.149999999999963940e+00 2.841362543863014054e-02
2.249999999999963585e+00 2.470323575429266005e-02
2.349999999999963229e+00 2.146785797447896965e-02
2.449999999999962874e+00 1.871436190809020947e-02
2.549999999999962519e+00 1.643005462494637886e-02
2.649999999999962164e+00 1.434414624350117441e-02
2.749999999999961808e+00 1.251869354609225736e-02
2.849999999999961453e+00 1.088305248925550486e-02
2.949999999999961098e+00 9.547103160211185824e-03
3.049999999999960743e+00 8.366609056193735974e-03
3.149999999999960387e+00 7.338695471761679315e-03
3.249999999999960032e+00 6.468043017056888597e-03
3.349999999999959677e+00 5.790290668513938671e-03
3.449999999999959321e+00 5.010368340165511497e-03
3.549999999999958966e+00 4.517032031212287781e-03
3.649999999999958611e+00 4.069499362293059128e-03
3.749999999999958256e+00 3.511563262342417419e-03
3.849999999999957900e+00 3.152062919288335305e-03
3.949999999999957545e+00 2.830980434595563831e-03
4.049999999999957190e+00 2.569736049322809274e-03
4.149999999999956835e+00 2.261781386146057872e-03
4.249999999999956479e+00 2.121355710850328802e-03
4.349999999999956124e+00 1.847042472378302618e-03
4.449999999999955769e+00 1.669149802828823800e-03
4.549999999999955413e+00 1.558709516599444565e-03
4.649999999999955058e+00 1.437935032859981440e-03
4.749999999999954703e+00 1.294715733558317056e-03
4.849999999999954348e+00 1.054125001226545065e-03
4.949999999999953992e+00 1.017579386921982311e-03
5.049999999999953637e+00 1.004503162683116884e-03
5.149999999999953282e+00 8.949621432841443295e-04
5.249999999999952927e+00 7.835709929472035526e-04
5.349999999999952571e+00 7.227451742216586990e-04
5.449999999999952216e+00 6.581158990658688692e-04
5.549999999999951861e+00 6.010050842954468668e-04
5.649999999999951505e+00 5.532702318879542799e-04
5.749999999999951150e+00 5.008473982989970937e-04
5.849999999999950795e+00 4.746286104649248636e-04
5.949999999999950440e+00 4.390559733867038577e-04
6.049999999999950084e+00 4.016037212121409492e-04
6.149999999999949729e+00 3.782080415423784729e-04
6.249999999999949374e+00 3.838247737126239205e-04
6.349999999999949019e+00 3.501170096515578687e-04
6.449999999999948663e+00 3.126794995561819630e-04
6.549999999999948308e+00 2.611854169560054624e-04
6.649999999999947953e+00 2.518241966722631038e-04
6.749999999999947597e+00 2.761559983703997401e-04
6.849999999999947242e+00 2.265415308665651964e-04
6.949999999999946887e+00 2.171803105828228378e-04
7.049999999999946532e+00 1.881605277032215209e-04
7.149999999999946176e+00 1.834799175613503416e-04
7.249999999999945821e+00 1.862882836464730654e-04
7.349999999999945466e+00 1.619491109087429007e-04
7.449999999999945111e+00 1.685019651073625625e-04
7.549999999999944755e+00 1.628852329371171419e-04
7.649999999999944400e+00 1.263764738305219219e-04
7.749999999999944045e+00 1.095262773197856602e-04
7.849999999999943689e+00 1.291848399156446186e-04
7.949999999999943334e+00 1.067179112346629499e-04
