-7.950000000000000178e+00 0.000000000000000000e+00
-7.850000000000000533e+00 0.000000000000000000e+00
-7.750000000000000888e+00 0.000000000000000000e+00
-7.650000000000001243e+00 0.000000000000000000e+00
-7.550000000000001599e+00 0.000000000000000000e+00
-7.450000000000001954e+00 0.000000000000000000e+00
-7.350000000000002309e+00 0.000000000000000000e+00
-7.250000000000002665e+00 0.000000000000000000e+00
-7.150000000000003020e+00 0.000000000000000000e+00
-7.050000000000003375e+00 0.000000000000000000e+00
-6.950000000000003730e+00 0.000000000000000000e+00
-6.850000000000004086e+00 0.000000000000000000e+00
-6.750000000000004441e+00 0.000000000000000000e+00
-6.650000000000004796e+00 0.000000000000000000e+00
-6.550000000000005151e+00 0.000000000000000000e+00
-6.450000000000005507e+00 0.000000000000000000e+00
-6.350000000000005862e+00 0.000000000000000000e+00
-6.250000000000006217e+00 0.000000000000000000e+00
-6.150000000000006573e+00 0.000000000000000000e+00
-6.050000000000006928e+00 0.000000000000000000e+00
-5.950000000000007283e+00 0.000000000000000000e+00
-5.850000000000007638e+00 0.000000000000000000e+00
-5.750000000000007994e+00 0.000000000000000000e+00
-5.650000000000008349e+00 0.000000000000000000e+00
-5.550000000000008704e+00 0.000000000000000000e+00
-5.450000000000009059e+00 9.361220283742365124e-07
-5.350000000000009415e+00 0.000000000000000000e+00
-5.250000000000009770e+00 0.000000000000000000e+00
-5.150000000000010125e+00 1.872244056748473025e-06
-5.050000000000010481e+00 9.361220283742365124e-07
-4.950000000000010836e+00 9.361220283742365124e-07
-4.850000000000011191e+00 9.361220283742365124e-07
-4.750000000000011546e+00 6.552854198619655058e-06
-4.650000000000011902e+00 8.425098255368129141e-06
-4.550000000000012257e+00 1.029734231211659984e-05
-4.450000000000012612e+00 1.497795245398778420e-05
-4.350000000000012967e+00 3.463651504984675107e-05
-4.250000000000013323e+00 3.463651504984675107e-05
-4.150000000000013678e+00 5.897568778757690229e-05
-4.050000000000014033e+00 1.001650570360433016e-04
-3.950000000000014388e+00 1.610129888803686865e-04
-3.850000000000014744e+00 2.022023581288350858e-04
-3.750000000000015099e+00 3.107925134202464777e-04
-3.650000000000015454e+00 4.942724309815967922e-04
-3.550000000000015810e+00 6.796245925996958603e-04
-3.450000000000016165e+00 9.510999808282245838e-04
-3.350000000000016520e+00 1.436947313554452418e-03
-3.250000000000016875e+00 1.949006063075159551e-03
-3.150000000000017231e+00 2.768112837902619340e-03
-3.050000000000017586e+00 3.826866851993885980e-03
-2.950000000000017941e+00 5.141182179831320191e-03
-2.850000000000018296e+00 7.029340311062164982e-03
-2.750000000000018652e+00 9.347178453316746377e-03
-2.650000000000019007e+00 1.198704257333203967e-02
-2.550000000000019362e+00 1.578676188650300974e-02
-2.450000000000019718e+00 2.032788984614653655e-02
-2.350000000000020073e+00 2.576488658694420231e-02
-2.250000000000020428e+00 3.229527385688289731e-02
-2.150000000000020783e+00 3.998832468606203228e-02
-2.050000000000021139e+00 4.975301356403339509e-02
-1.950000000000021272e+00 6.038267919622261615e-02
-1.850000000000021627e+00 7.332363011646847450e-02
-1.750000000000021982e+00 8.802449045005780737e-02
-1.650000000000022338e+00 1.038327831432136333e-01
-1.550000000000022693e+00 1.221320965538731096e-01
-1.450000000000023048e+00 1.409799774731613220e-01
-1.350000000000023404e+00 1.618086926044894902e-01
-1.250000000000023759e+00 1.838861945216682947e-01
-1.150000000000024114e+00 2.072489919838045869e-01
-1.050000000000024469e+00 2.301119002827885507e-01
-9.500000000000248246e-01 2.541299831647860774e-01
-8.500000000000251799e-01 2.784429444857209335e-01
-7.500000000000255351e-01 2.994953927818289618e-01
-6.500000000000258904e-01 3.225698646592257135e-01
-5.500000000000262457e-01 3.412071181221283944e-01
-4.500000000000266565e-01 3.584355079323283677e-01
-3.500000000000270117e-01 3.733601014306991983e-01
-2.500000000000273670e-01 3.840646568251587789e-01
-1.500000000000277223e-01 3.904873900618344162e-01
-5.000000000002806366e-02 3.949218001102433595e-01
4.999999999997158107e-02 3.947935513923560569e-01
1.499999999999712119e-01 3.922707025258873603e-01
2.499999999999708566e-01 3.832736337111825042e-01
3.499999999999705014e-01 3.739620278949436494e-01
4.499999999999701461e-01 3.582679420892493916e-01
5.499999999999698463e-01 3.406482532711893052e-01
6.499999999999694911e-01 3.212040626198277016e-01
7.499999999999691358e-01 3.007460518117368031e-01
8.499999999999687805e-01 2.786395301116795786e-01
9.499999999999684253e-01 2.553946840251194450e-01
1.049999999999968070e+00 2.310115135520562635e-01
1.149999999999967715e+00 2.063418897383098860e-01
1.249999999999967359e+00 1.838234743457672904e-01
1.349999999999967004e+00 1.615578119008851676e-01
1.449999999999966649e+00 1.411915410515739433e-01
1.549999999999966294e+00 1.207981226634398664e-01
1.649999999999965938e+00 1.046640595044099897e-01
1.749999999999965583e+00 8.757140738832469573e-02
1.849999999999965228e+00 7.295198967120392064e-02
1.949999999999964873e+00 6.116340496788674752e-02
2.049999999999964295e+00 4.989624023437465306e-02
2.149999999999963940e+00 4.020737724070160002e-02
2.249999999999963585e+00 3.217732248130775186e-02
2.349999999999963229e+00 2.589407142685985069e-02
2.449999999999962874e+00 2.022866091113886128e-02
2.549999999999962519e+00 1.563698236196313027e-02
2.649999999999962164e+00 1.205537948140335790e-02
2.749999999999961808e+00 9.085064285371964241e-03
2.849999999999961453e+00 7.034020921204035132e-03
2.949999999999961098e+00 5.242283358895739008e-03
3.049999999999960743e+00 3.881161929639592462e-03
3.149999999999960387e+00 2.763432227760748757e-03
3.249999999999960032e+00 1.875988544861968785e-03
3.349999999999959677e+00 1.382652235908747021e-03
3.449999999999959321e+00 9.773113976227032311e-04
3.549999999999958966e+00 6.627743960889595715e-04
3.649999999999958611e+00 4.970807970667194889e-04
3.749999999999958256e+00 3.089202693634979951e-04
3.849999999999957900e+00 1.975217479869638795e-04
3.949999999999957545e+00 1.291848399156446457e-04
4.049999999999957190e+00 7.957037241181010197e-05
4.149999999999956835e+00 6.365629792944808157e-05
4.249999999999956479e+00 4.961446750383453018e-05
4.349999999999956124e+00 2.995590490797556501e-05
4.449999999999955769e+00 1.872244056748473067e-05
4.549999999999955413e+00 7.488976226993892099e-06
4.649999999999955058e+00 8.425098255368129141e-06
4.749999999999954703e+00 1.872244056748473025e-06
4.849999999999954348e+00 2.808366085122709431e-06
4.949999999999953992e+00 9.361220283742365124e-07
5.049999999999953637e+00 1.872244056748473025e-06
5.149999999999953282e+00 0.000000000000000000e+00
5.249999999999952927e+00 9.361220283742365124e-07
5.349999999999952571e+00 9.361220283742365124e-07
5.449999999999952216e+00 0.000000000000000000e+00
5.549999999999951861e+00 2.808366085122709431e-06
5.649999999999951505e+00 0.000000000000000000e+00
5.749999999999951150e+00 0.000000000000000000e+00
5.849999999999950795e+00 0.000000000000000000e+00
5.949999999999950440e+00 0.000000000000000000e+00
6.049999999999950084e+00 0.000000000000000000e+00
6.149999999999949729e+00 0.000000000000000000e+00
6.249999999999949374e+00 0.000000000000000000e+00
6.349999999999949019e+00 0.000000000000000000e+00
6.449999999999948663e+00 0.000000000000000000e+00
6.549999999999948308e+00 0.000000000000000000e+00
6.649999999999947953e+00 0.000000000000000000e+00
6.749999999999947597e+00 0.000000000000000000e+00
6.849999999999947242e+00 0.000000000000000000e+00
6.949999999999946887e+00 0.000000000000000000e+00
7.049999999999946532e+00 0.000000000000000000e+00
7.149999999999946176e+00 0.000000000000000000e+00
7.249999999999945821e+00 0.000000000000000000e+00
7.349999999999945466e+00 0.000000000000000000e+00
7.449999999999945111e+00 0.000000000000000000e+00
7.549999999999944755e+00 0.000000000000000000e+00
7.649999999999944400e+00 0.000000000000000000e+00
7.749999999999944045e+00 0.000000000000000000e+00
7.849999999999943689e+00 0.000000000000000000e+00
7.949999999999943334e+00 0.000000000000000000e+00
