-7.950000000000000178e+00 3.978518620590505098e-04
-7.850000000000000533e+00 4.399773533358911776e-04
-7.750000000000000888e+00 4.455940855061365710e-04
-7.650000000000001243e+00 4.689971362154924674e-04
-7.550000000000001599e+00 4.811667225843575769e-04
-7.450000000000001954e+00 5.017614072085907224e-04
-7.350000000000002309e+00 5.457591425421799269e-04
-7.250000000000002665e+00 5.775872915069039677e-04
-7.150000000000003020e+00 6.000542201878856499e-04
-7.050000000000003375e+00 6.646466401457078914e-04
-6.950000000000003730e+00 7.910231139762298946e-04
-6.850000000000004086e+00 8.097529255833080860e-04
-6.750000000000004441e+00 7.760451615222421426e-04
-6.650000000000004796e+00 8.546941539848650331e-04
-6.550000000000005151e+00 8.696647353992593109e-04
-6.450000000000005507e+00 9.080604806417898536e-04
-6.350000000000005862e+00 9.464635969239141959e-04
-6.250000000000006217e+00 1.004495791643523301e-03
-6.150000000000006573e+00 1.101852482594443744e-03
-6.050000000000006928e+00 1.108420078872250462e-03
-5.950000000000007283e+00 1.148717552329903656e-03
-5.850000000000007638e+00 1.282612486545793053e-03
-5.750000000000007994e+00 1.265799145233024569e-03
-5.650000000000008349e+00 1.374359816366061901e-03
-5.550000000000008704e+00 1.564621090353430230e-03
-5.450000000000009059e+00 1.601048768024496962e-03
-5.350000000000009415e+00 1.639378173910686128e-03
-5.250000000000009770e+00 1.797671249181054297e-03
-5.150000000000010125e+00 2.069316171320233905e-03
-5.050000000000010481e+00 2.187215949618233173e-03
-4.950000000000010836e+00 2.261147476741018000e-03
-4.850000000000011191e+00 2.315427812307536450e-03
-4.750000000000011546e+00 2.377344544892918965e-03
-4.650000000000011902e+00 2.523460662754829255e-03
-4.550000000000012257e+00 2.709719462242929020e-03
-4.450000000000012612e+00 2.754660690644485967e-03
-4.350000000000012967e+00 3.061900362980667870e-03
-4.250000000000013323e+00 3.356852512314488588e-03
-4.150000000000013678e+00 3.417796267673529897e-03
-4.050000000000014033e+00 3.704455997464664845e-03
-3.950000000000014388e+00 3.941427549356030235e-03
-3.850000000000014744e+00 4.267957232308397519e-03
-3.750000000000015099e+00 4.580695700181328794e-03
-3.650000000000015454e+00 4.974228133038590370e-03
-3.550000000000015810e+00 5.455321145227016132e-03
-3.450000000000016165e+00 5.880608016653067656e-03
-3.350000000000016520e+00 6.460251828206558210e-03
-3.250000000000016875e+00 6.898578068673504211e-03
-3.150000000000017231e+00 7.402808774145916079e-03
-3.050000000000017586e+00 7.914248356340764651e-03
-2.950000000000017941e+00 8.801404568695386441e-03
-2.850000000000018296e+00 9.730634675049688181e-03
-2.750000000000018652e+00 1.022427319662623513e-02
-2.650000000000019007e+00 1.133729280420481614e-02
-2.550000000000019362e+00 1.247248449888063021e-02
-2.450000000000019718e+00 1.387493534713750420e-02
-2.350000000000020073e+00 1.496117596787292434e-02
-2.250000000000020428e+00 1.669056927729942186e-02
-2.150000000000020783e+00 1.833815878931728191e-02
-2.050000000000021139e+00 2.076020131830520754e-02
-1.950000000000021272e+00 2.313636649686320879e-02
-1.850000000000021627e+00 2.635042723017249483e-02
-1.750000000000021982e+00 2.910568497502404040e-02
-1.650000000000022338e+00 3.257689179559199177e-02
-1.550000000000022693e+00 3.680522969008519218e-02
-1.450000000000023048e+00 4.233762242530168807e-02
-1.350000000000023404e+00 4.848998592968765953e-02
-1.250000000000023759e+00 5.567134656132598919e-02
-1.150000000000024114e+00 6.541498375021868872e-02
-1.050000000000024469e+00 7.757903446834929495e-02
-9.500000000000248246e-01 9.181283624913616492e-02
-8.500000000000251799e-01 1.100075177527661541e-01
-7.500000000000255351e-01 1.351632911118626490e-01
-6.500000000000258904e-01 1.670994184355929779e-01
-5.500000000000262457e-01 2.125345286030335679e-01
-4.500000000000266565e-01 2.792941300248579228e-01
-3.500000000000270117e-01 3.781431247966808851e-01
-2.500000000000273670e-01 5.337087827387415606e-01
-1.500000000000277223e-01 8.364473813444301964e-01
-5.000000000002806366e-02 1.519056264631227560e+00
4.999999999997158107e-02 1.527678368661811170e+00
1.499999999999712119e-01 8.665656333994529170e-01
2.499999999999708566e-01 5.512640707838727394e-01
3.499999999999705014e-01 3.835867702151918301e-01
4.499999999999701461e-01 2.858149202012454926e-01
5.499999999999698463e-01 2.188713597442865089e-01
6.499999999999694911e-01 1.698029462245774501e-01
7.499999999999691358e-01 1.359304910258727905e-01
8.499999999999687805e-01 1.125006834427917379e-01
9.499999999999684253e-01 9.329748893093967044e-02
1.049999999999968070e+00 7.785584648924351314e-02
1.149999999999967715e+00 6.709404760130080470e-02
1.249999999999967359e+00 5.704884644055885357e-02
1.349999999999967004e+00 4.949501980722147837e-02
1.449999999999966649e+00 4.348418026303064315e-02
1.549999999999966294e+00 3.796637481516972751e-02
1.649999999999965938e+00 3.293384175894672333e-02
1.749999999999965583e+00 2.945122456908803171e-02
1.849999999999965228e+00 2.568139482146863245e-02
1.949999999999964873e+00 2.330490531716853525e-02
2.049999999999964295e+00 2.069239512508461859e-02
2.149999999999963940e+00 1.901055239207576075e-02
2.249999999999963585e+00 1.702480169662697745e-02
2.349999999999963229e+00 1.531992446488845278e-02
2.449999999999962874e+00 1.406560202830250961e-02
2.549999999999962519e+00 1.270658134533052958e-02
2.649999999999962164e+00 1.159420301819658744e-02
2.749999999999961808e+00 1.040656637681303121e-02
2.849999999999961453e+00 9.699691050836184089e-03
2.949999999999961098e+00 8.819397276343118180e-03
3.049999999999960743e+00 8.274161477612080456e-03
3.149999999999960387e+00 7.755726778842999755e-03
3.249999999999960032e+00 6.877202053852363335e-03
3.349999999999959677e+00 6.155356146461109582e-03
3.449999999999959321e+00 5.764949034391489771e-03
3.549999999999958966e+00 5.438839500695954315e-03
3.649999999999958611e+00 4.805829362485536556e-03
3.749999999999958256e+00 4.420021779122260304e-03
3.849999999999957900e+00 4.345065677495978107e-03
3.949999999999957545e+00 3.827898797536976282e-03
4.049999999999957190e+00 3.696664808614337928e-03
4.149999999999956835e+00 3.474870227245984745e-03
4.249999999999956479e+00 3.290314137903983284e-03
4.349999999999956124e+00 3.176888580639236018e-03
4.449999999999955769e+00 3.021610260562608043e-03
4.549999999999955413e+00 2.722817799600575194e-03
4.649999999999955058e+00 2.596419212651271576e-03
4.749999999999954703e+00 2.454128664338387986e-03
4.849999999999954348e+00 2.283761826213869493e-03
4.949999999999953992e+00 2.202216015191001564e-03
5.049999999999953637e+00 2.053365241639903971e-03
5.149999999999953282e+00 1.971701493983540887e-03
5.249999999999952927e+00 1.762916797497711321e-03
5.349999999999952571e+00 1.559785688380095712e-03
5.449999999999952216e+00 1.555930634672696199e-03
5.549999999999951861e+00 1.492252223624467369e-03
5.649999999999951505e+00 1.475468366470072783e-03
5.749999999999951150e+00 1.349998530509551259e-03
5.849999999999950795e+00 1.278823772194735350e-03
5.949999999999950440e+00 1.160865025579988071e-03
6.049999999999950084e+00 1.163658649585924037e-03
6.149999999999949729e+00 1.117796041235179878e-03
6.249999999999949374e+00 1.056925996272074179e-03
6.349999999999949019e+00 9.511884333033462750e-04
6.449999999999948663e+00 8.912323972498340961e-04
6.549999999999948308e+00 8.874879091363371310e-04
6.649999999999947953e+00 8.154212550307081246e-04
6.749999999999947597e+00 6.937180203024637722e-04
6.849999999999947242e+00 6.955534091612447208e-04
6.949999999999946887e+00 7.685709273744351609e-04
7.049999999999946532e+00 6.908654279797800130e-04
7.149999999999946176e+00 6.113024266075634938e-04
7.249999999999945821e+00 5.719779303762520485e-04
7.349999999999945466e+00 5.420146544286828533e-04
7.449999999999945111e+00 5.560564848542965538e-04
7.549999999999944755e+00 5.672899491947873407e-04
7.649999999999944400e+00 4.924001869248484722e-04
7.749999999999944045e+00 4.165743026265352270e-04
7.849999999999943689e+00 4.549553057898789296e-04
7.949999999999943334e+00 4.315522550805230874e-04
