-7.950000000000000178e+00 0.000000000000000000e+00
-7.850000000000000533e+00 0.000000000000000000e+00
-7.750000000000000888e+00 0.000000000000000000e+00
-7.650000000000001243e+00 0.000000000000000000e+00
-7.550000000000001599e+00 0.000000000000000000e+00
-7.450000000000001954e+00 0.000000000000000000e+00
-7.350000000000002309e+00 0.000000000000000000e+00
-7.250000000000002665e+00 0.000000000000000000e+00
-7.150000000000003020e+00 0.000000000000000000e+00
-7.050000000000003375e+00 0.000000000000000000e+00
-6.950000000000003730e+00 0.000000000000000000e+00
-6.850000000000004086e+00 0.000000000000000000e+00
-6.750000000000004441e+00 0.000000000000000000e+00
-6.650000000000004796e+00 0.000000000000000000e+00
-6.550000000000005151e+00 0.000000000000000000e+00
-6.450000000000005507e+00 0.000000000000000000e+00
-6.350000000000005862e+00 0.000000000000000000e+00
-6.250000000000006217e+00 0.000000000000000000e+00
-6.150000000000006573e+00 0.000000000000000000e+00
-6.050000000000006928e+00 0.000000000000000000e+00
-5.950000000000007283e+00 0.000000000000000000e+00
-5.850000000000007638e+00 0.000000000000000000e+00
-5.750000000000007994e+00 0.000000000000000000e+00
-5.650000000000008349e+00 0.000000000000000000e+00
-5.550000000000008704e+00 0.000000000000000000e+00
-5.450000000000009059e+00 0.000000000000000000e+00
-5.350000000000009415e+00 0.000000000000000000e+00
-5.250000000000009770e+00 9.357632234572667144e-07
-5.150000000000010125e+00 0.000000000000000000e+00
-5.050000000000010481e+00 1.871526446914533429e-06
-4.950000000000010836e+00 0.000000000000000000e+00
-4.850000000000011191e+00 3.743052893829066858e-06
-4.750000000000011546e+00 5.614579340743600498e-06
-4.650000000000011902e+00 5.614579340743600498e-06
-4.550000000000012257e+00 1.029339545802993396e-05
-4.450000000000012612e+00 1.403644835185900040e-05
-4.350000000000012967e+00 2.245831736297440199e-05
-4.250000000000013323e+00 4.023781860866246544e-05
-4.150000000000013678e+00 6.269613597163687421e-05
-4.050000000000014033e+00 1.029339545802993396e-04
-3.950000000000014388e+00 1.478505893062481572e-04
-3.850000000000014744e+00 1.880884079149106091e-04
-3.750000000000015099e+00 3.190952591989279800e-04
-3.650000000000015454e+00 4.650743220582616235e-04
-3.550000000000015810e+00 6.765568105596040608e-04
-3.450000000000016165e+00 1.051797863165967670e-03
-3.350000000000016520e+00 1.433589258336531291e-03
-3.250000000000016875e+00 1.965102769260257745e-03
-3.150000000000017231e+00 2.617329736009974591e-03
-3.050000000000017586e+00 3.900261115369890209e-03
-2.950000000000017941e+00 5.113010252970498146e-03
-2.850000000000018296e+00 6.773989974607130468e-03
-2.750000000000018652e+00 9.086260899770048916e-03
-2.650000000000019007e+00 1.202830047431973845e-02
-2.550000000000019362e+00 1.563566770074754919e-02
-2.450000000000019718e+00 2.040338132426239987e-02
-2.350000000000020073e+00 2.573723169796891114e-02
-2.250000000000020428e+00 3.237366447872786629e-02
-2.150000000000020783e+00 4.015266415532769972e-02
-2.050000000000021139e+00 5.011573519547678213e-02
-1.950000000000021272e+00 6.121482278890306994e-02
-1.850000000000021627e+00 7.330956245208769539e-02
-1.750000000000021982e+00 8.788407465743411362e-02
-1.650000000000022338e+00 1.036647856578170879e-01
-1.550000000000022693e+00 1.214190212964716964e-01
-1.450000000000023048e+00 1.405853236393226624e-01
-1.350000000000023404e+00 1.625617229422157139e-01
-1.250000000000023759e+00 1.839495271775544727e-01
-1.150000000000024114e+00 2.063339192458754079e-01
-1.050000000000024469e+00 2.308967680984052862e-01
-9.500000000000248246e-01 2.540147985339172854e-01
-8.500000000000251799e-01 2.787161403435176599e-01
-7.500000000000255351e-01 2.999635800953371900e-01
-6.500000000000258904e-01 3.230675740824960895e-01
-5.500000000000262457e-01 3.411905004311920342e-01
-4.500000000000266565e-01 3.574334784639623397e-01
-3.500000000000270117e-01 3.721876572082124524e-01
-2.500000000000273670e-01 3.832605434313816062e-01
-1.500000000000277223e-01 3.914681226643249579e-01
-5.000000000002806366e-02 3.965839402069655795e-01
4.999999999997158107e-02 3.961375811493763610e-01
1.499999999999712119e-01 3.909759112087863864e-01
2.499999999999708566e-01 3.843656797982845097e-01
3.499999999999705014e-01 3.725713201298297417e-01
4.499999999999701461e-01 3.581699241208232687e-01
5.499999999999698463e-01 3.406458862351399164e-01
6.499999999999694911e-01 3.210219956760186344e-01
7.499999999999691358e-01 3.004979008959313136e-01
8.499999999999687805e-01 2.786712237087916599e-01
9.499999999999684253e-01 2.543076924228593327e-01
1.049999999999968070e+00 2.315630315135069617e-01
1.149999999999967715e+00 2.069262573663239180e-01
1.249999999999967359e+00 1.833674824525640679e-01
1.349999999999967004e+00 1.614696872604411415e-01
1.449999999999966649e+00 1.414630695429255902e-01
1.549999999999966294e+00 1.212852071555173272e-01
1.649999999999965938e+00 1.033279108973725047e-01
1.749999999999965583e+00 8.813111614842680797e-02
1.849999999999965228e+00 7.336102942937783311e-02
1.949999999999964873e+00 6.059254024530402738e-02
2.049999999999964295e+00 5.008204771943233768e-02
2.149999999999963940e+00 4.080301959563047143e-02
2.249999999999963585e+00 3.236804989938711630e-02
2.349999999999963229e+00 2.564178384917627229e-02
2.449999999999962874e+00 1.998603092660045447e-02
2.549999999999962519e+00 1.561508090983148613e-02
2.649999999999962164e+00 1.210784034831360878e-02
2.749999999999961808e+00 9.241597594863957404e-03
2.849999999999961453e+00 6.868502060176313005e-03
2.949999999999961098e+00 5.228109129455741147e-03
3.049999999999960743e+00 3.733695261594497349e-03
3.149999999999960387e+00 2.792317458796484200e-03
3.249999999999960032e+00 1.971653111824458841e-03
3.349999999999959677e+00 1.464469444710621120e-03
3.449999999999959321e+00 1.027468019356078720e-03
3.549999999999958966e+00 6.728137576657749249e-04
3.649999999999958611e+00 4.538451633767744868e-04
3.749999999999958256e+00 3.069303372939835052e-04
3.849999999999957900e+00 2.011890930433123678e-04
3.949999999999957545e+00 1.731161963395943366e-04
4.049999999999957190e+00 8.609021655806853985e-05
4.149999999999956835e+00 6.269613597163687421e-05
4.249999999999956479e+00 2.900865992717526783e-05
4.349999999999956124e+00 2.526560703334619970e-05
4.449999999999955769e+00 2.058679091605986793e-05
4.549999999999955413e+00 7.486105787658133715e-06
4.649999999999955058e+00 5.614579340743600498e-06
4.749999999999954703e+00 9.357632234572667144e-07
4.849999999999954348e+00 3.743052893829066858e-06
4.949999999999953992e+00 3.743052893829066858e-06
5.049999999999953637e+00 9.357632234572667144e-07
5.149999999999953282e+00 0.000000000000000000e+00
5.249999999999952927e+00 0.000000000000000000e+00
5.349999999999952571e+00 9.357632234572667144e-07
5.449999999999952216e+00 0.000000000000000000e+00
5.549999999999951861e+00 0.000000000000000000e+00
5.649999999999951505e+00 0.000000000000000000e+00
5.749999999999951150e+00 0.000000000000000000e+00
5.849999999999950795e+00 0.000000000000000000e+00
5.949999999999950440e+00 0.000000000000000000e+00
6.049999999999950084e+00 0.000000000000000000e+00
6.149999999999949729e+00 0.000000000000000000e+00
6.249999999999949374e+00 0.000000000000000000e+00
6.349999999999949019e+00 0.000000000000000000e+00
6.449999999999948663e+00 0.000000000000000000e+00
6.549999999999948308e+00 0.000000000000000000e+00
6.649999999999947953e+00 0.000000000000000000e+00
6.749999999999947597e+00 0.000000000000000000e+00
6.849999999999947242e+00 0.000000000000000000e+00
6.949999999999946887e+00 0.000000000000000000e+00
7.049999999999946532e+00 0.000000000000000000e+00
7.149999999999946176e+00 0.000000000000000000e+00
7.249999999999945821e+00 0.000000000000000000e+00
7.349999999999945466e+00 0.000000000000000000e+00
7.449999999999945111e+00 0.000000000000000000e+00
7.549999999999944755e+00 0.000000000000000000e+00
7.649999999999944400e+00 0.000000000000000000e+00
7.749999999999944045e+00 0.000000000000000000e+00
7.849999999999943689e+00 0.000000000000000000e+00
7.949999999999943334e+00 0.000000000000000000e+00
