-7.950000000000000178e+00 0.000000000000000000e+00
-7.850000000000000533e+00 0.000000000000000000e+00
-7.750000000000000888e+00 0.000000000000000000e+00
-7.650000000000001243e+00 0.000000000000000000e+00
-7.550000000000001599e+00 0.000000000000000000e+00
-7.450000000000001954e+00 0.000000000000000000e+00
-7.350000000000002309e+00 0.000000000000000000e+00
-7.250000000000002665e+00 0.000000000000000000e+00
-7.150000000000003020e+00 0.000000000000000000e+00
-7.050000000000003375e+00 0.000000000000000000e+00
-6.950000000000003730e+00 0.000000000000000000e+00
-6.850000000000004086e+00 0.000000000000000000e+00
-6.750000000000004441e+00 0.000000000000000000e+00
-6.650000000000004796e+00 0.000000000000000000e+00
-6.550000000000005151e+00 1.872244056748473025e-06
-6.450000000000005507e+00 6.552854198619655058e-06
-6.350000000000005862e+00 9.361220283742365336e-06
-6.250000000000006217e+00 1.029734231211660153e-05
-6.150000000000006573e+00 1.123346434049083773e-05
-6.050000000000006928e+00 4.025324722009216485e-05
-5.950000000000007283e+00 3.463651504984675107e-05
-5.850000000000007638e+00 3.463651504984674429e-05
-5.750000000000007994e+00 6.552854198619655058e-05
-5.650000000000008349e+00 4.586997939033758540e-05
-5.550000000000008704e+00 7.582588429831315041e-05
-5.450000000000009059e+00 4.774222344708606118e-05
-5.350000000000009415e+00 8.237873849693279869e-05
-5.250000000000009770e+00 9.173995878067518436e-05
-5.150000000000010125e+00 1.067179112346629770e-04
-5.050000000000010481e+00 1.319932060007673424e-04
-4.950000000000010836e+00 1.787993074194791352e-04
-4.850000000000011191e+00 2.050107242139577826e-04
-4.750000000000011546e+00 2.733476322852770434e-04
-4.650000000000011902e+00 2.621141679447862023e-04
-4.550000000000012257e+00 4.109575704562897793e-04
-4.450000000000012612e+00 5.326534341449406032e-04
-4.350000000000012967e+00 5.457591425421799269e-04
-4.250000000000013323e+00 6.403074674079776724e-04
-4.150000000000013678e+00 8.069371884585918066e-04
-4.050000000000014033e+00 9.735669095092059407e-04
-3.950000000000014388e+00 1.241297809624237591e-03
-3.850000000000014744e+00 1.412608140816722525e-03
-3.750000000000015099e+00 1.685955773102000002e-03
-3.650000000000015454e+00 1.997684408550621724e-03
-3.550000000000015810e+00 2.387111172354305227e-03
-3.450000000000016165e+00 3.055502300613512686e-03
-3.350000000000016520e+00 3.688320791794498163e-03
-3.250000000000016875e+00 4.668440555502329295e-03
-3.150000000000017231e+00 5.696302542657245838e-03
-3.050000000000017586e+00 6.706378211273050956e-03
-2.950000000000017941e+00 8.106816765720897475e-03
-2.850000000000018296e+00 1.033104270513804726e-02
-2.750000000000018652e+00 1.254216293615795057e-02
-2.650000000000019007e+00 1.473175236052527010e-02
-2.550000000000019362e+00 1.754667129984661955e-02
-2.450000000000019718e+00 2.136698529764195428e-02
-2.350000000000020073e+00 2.655590970092043882e-02
-2.250000000000020428e+00 3.123464759873486457e-02
-2.150000000000020783e+00 3.726420958349312140e-02
-2.050000000000021139e+00 4.390412313075132966e-02
-1.950000000000021272e+00 5.241721685678638054e-02
-1.850000000000021627e+00 6.235227994392214534e-02
-1.750000000000021982e+00 7.297726496597001233e-02
-1.650000000000022338e+00 8.578528655818662418e-02
-1.550000000000022693e+00 1.025259567916031733e-01
-1.450000000000023048e+00 1.204620548552535614e-01
-1.350000000000023404e+00 1.377990348207455695e-01
-1.250000000000023759e+00 1.595629358584195190e-01
-1.150000000000024114e+00 1.837869655866605778e-01
-1.050000000000024469e+00 2.080765238568874631e-01
-9.500000000000248246e-01 2.343965308066574271e-01
-8.500000000000251799e-01 2.644778760664345252e-01
-7.500000000000255351e-01 2.935369760712270293e-01
-6.500000000000258904e-01 3.218687092599734068e-01
-5.500000000000262457e-01 3.500768743409747863e-01
-4.500000000000266565e-01 3.798427464771908513e-01
-3.500000000000270117e-01 4.008231133771147370e-01
-2.500000000000273670e-01 4.234782025857999344e-01
-1.500000000000277223e-01 4.379796689273455224e-01
-5.000000000002806366e-02 4.440354423288985219e-01
4.999999999997158107e-02 4.467483239671270479e-01
1.499999999999712119e-01 4.395392482266169965e-01
2.499999999999708566e-01 4.235942817173183883e-01
3.499999999999705014e-01 4.013941478144230079e-01
4.499999999999701461e-01 3.772487523365658513e-01
5.499999999999698463e-01 3.487269863760591448e-01
6.499999999999694911e-01 3.196622696390953311e-01
7.499999999999691358e-01 2.929490914374079935e-01
8.499999999999687805e-01 2.633882300254069553e-01
9.499999999999684253e-01 2.382570980516729442e-01
1.049999999999968070e+00 2.101247588549701450e-01
1.149999999999967715e+00 1.845770525786084859e-01
1.249999999999967359e+00 1.596078697157814752e-01
1.349999999999967004e+00 1.374367555957646259e-01
1.449999999999966649e+00 1.187498876653570179e-01
1.549999999999966294e+00 1.035182461416798011e-01
1.649999999999965938e+00 8.712955779093202457e-02
1.749999999999965583e+00 7.364659221625757812e-02
1.849999999999965228e+00 6.348030698811307770e-02
1.949999999999964873e+00 5.324849321798276469e-02
2.049999999999964295e+00 4.447515756805961451e-02
2.149999999999963940e+00 3.767423103192100997e-02
2.249999999999963585e+00 3.121592515816736663e-02
2.349999999999963229e+00 2.582292615270339806e-02
2.449999999999962874e+00 2.110861561781067139e-02
2.549999999999962519e+00 1.740250850747698461e-02
2.649999999999962164e+00 1.431798642398385453e-02
2.749999999999961808e+00 1.163880517877683048e-02
2.849999999999961453e+00 9.680437895417965538e-03
2.949999999999961098e+00 7.818491180981632788e-03
3.049999999999960743e+00 6.532259513995440289e-03
3.149999999999960387e+00 5.373340442868132678e-03
3.249999999999960032e+00 4.832261910467821817e-03
3.349999999999959677e+00 3.975710254505391075e-03
3.449999999999959321e+00 3.043332714244646655e-03
3.549999999999958966e+00 2.450767470283752875e-03
3.649999999999958611e+00 1.884413643117337960e-03
3.749999999999958256e+00 1.589535204179453286e-03
3.849999999999957900e+00 1.464094852377305876e-03
3.949999999999957545e+00 1.233808833397243444e-03
4.049999999999957190e+00 1.009139546587426838e-03
4.149999999999956835e+00 7.311113041602787781e-04
4.249999999999956479e+00 7.367280363305241716e-04
4.349999999999956124e+00 5.616732170245418388e-04
4.449999999999955769e+00 4.586997939033758947e-04
4.549999999999955413e+00 3.660237130943264148e-04
4.649999999999955058e+00 3.079841473351237809e-04
4.749999999999954703e+00 2.181164326111971062e-04
4.849999999999954348e+00 2.106274563842031760e-04
4.949999999999953992e+00 1.469711584547550944e-04
5.049999999999953637e+00 1.188874976035280459e-04
5.149999999999953282e+00 9.829281297929483264e-05
5.249999999999952927e+00 7.957037241181010197e-05
5.349999999999952571e+00 7.208139618481619886e-05
5.449999999999952216e+00 7.020915212806772986e-05
5.549999999999951861e+00 3.650875910659522007e-05
5.649999999999951505e+00 2.527529476610438573e-05
5.749999999999951150e+00 2.340305070935590995e-05
5.849999999999950795e+00 3.276427099309827529e-05
5.949999999999950440e+00 3.276427099309827529e-05
6.049999999999950084e+00 2.527529476610438573e-05
6.149999999999949729e+00 4.306161330521488868e-05
6.249999999999949374e+00 1.310570839723931181e-05
6.349999999999949019e+00 7.488976226993891252e-06
6.449999999999948663e+00 0.000000000000000000e+00
6.549999999999948308e+00 0.000000000000000000e+00
6.649999999999947953e+00 0.000000000000000000e+00
6.749999999999947597e+00 0.000000000000000000e+00
6.849999999999947242e+00 0.000000000000000000e+00
6.949999999999946887e+00 0.000000000000000000e+00
7.049999999999946532e+00 0.000000000000000000e+00
7.149999999999946176e+00 0.000000000000000000e+00
7.249999999999945821e+00 0.000000000000000000e+00
7.349999999999945466e+00 0.000000000000000000e+00
7.449999999999945111e+00 0.000000000000000000e+00
7.549999999999944755e+00 0.000000000000000000e+00
7.649999999999944400e+00 0.000000000000000000e+00
7.749999999999944045e+00 0.000000000000000000e+00
7.849999999999943689e+00 0.000000000000000000e+00
7.949999999999943334e+00 0.000000000000000000e+00
