-7.950000000000000178e+00 4.023781860866246544e-05
-7.850000000000000533e+00 2.900865992717526783e-05
-7.750000000000000888e+00 4.117358183211973586e-05
-7.650000000000001243e+00 3.743052893829066773e-05
-7.550000000000001599e+00 3.368747604446159960e-05
-7.450000000000001954e+00 4.585239794940607441e-05
-7.350000000000002309e+00 4.117358183211973586e-05
-7.250000000000002665e+00 3.462323926791887002e-05
-7.150000000000003020e+00 5.427426696052147431e-05
-7.050000000000003375e+00 7.953987399386767401e-05
-6.950000000000003730e+00 6.269613597163686066e-05
-6.850000000000004086e+00 7.298953142966680817e-05
-6.750000000000004441e+00 8.047563721732493088e-05
-6.650000000000004796e+00 5.146697729014966982e-05
-6.550000000000005151e+00 7.953987399386767401e-05
-6.450000000000005507e+00 9.731937523955574423e-05
-6.350000000000005862e+00 8.983326945189760797e-05
-6.250000000000006217e+00 1.038697178037566101e-04
-6.150000000000006573e+00 1.057412442506711374e-04
-6.050000000000006928e+00 1.094842971445002190e-04
-5.950000000000007283e+00 1.310068512840173438e-04
-5.850000000000007638e+00 1.328783777309318847e-04
-5.750000000000007994e+00 1.515936422000772118e-04
-5.650000000000008349e+00 1.581439847642780912e-04
-5.550000000000008704e+00 1.693731434457652820e-04
-5.450000000000009059e+00 1.487937207440633459e-04
-5.350000000000009415e+00 2.058679091605986793e-04
-5.250000000000009770e+00 1.918314608087396908e-04
-5.150000000000010125e+00 2.255336732819171539e-04
-5.050000000000010481e+00 2.161613046186286404e-04
-4.950000000000010836e+00 2.142897781717141266e-04
-4.850000000000011191e+00 2.826004934840945556e-04
-4.750000000000011546e+00 3.022588893910550713e-04
-4.650000000000011902e+00 3.050588108470689915e-04
-4.550000000000012257e+00 3.069303372939835052e-04
-4.450000000000012612e+00 3.162879695285562365e-04
-4.350000000000012967e+00 3.836702898318373675e-04
-4.250000000000013323e+00 4.089285286508256151e-04
-4.150000000000013678e+00 4.557314262524049184e-04
-4.050000000000014033e+00 4.837895865274069234e-04
-3.950000000000014388e+00 5.951527783331796422e-04
-3.850000000000014744e+00 7.009013907982086572e-04
-3.750000000000015099e+00 8.543518230164845462e-04
-3.650000000000015454e+00 9.788378045937325481e-04
-3.550000000000015810e+00 1.209028189349861974e-03
-3.450000000000016165e+00 1.513136500544756680e-03
-3.350000000000016520e+00 1.981040216916462975e-03
-3.250000000000016875e+00 2.560277652236512755e-03
-3.150000000000017231e+00 3.005693578387815326e-03
-3.050000000000017586e+00 3.892797114225305354e-03
-2.950000000000017941e+00 5.230960628412259505e-03
-2.850000000000018296e+00 6.810506844965038067e-03
-2.750000000000018652e+00 8.726957294819882513e-03
-2.650000000000019007e+00 1.103177895526695484e-02
-2.550000000000019362e+00 1.431356689386085665e-02
-2.450000000000019718e+00 1.830458967369179984e-02
-2.350000000000020073e+00 2.336614768580095453e-02
-2.250000000000020428e+00 2.922222762034019927e-02
-2.150000000000020783e+00 3.643696207319546687e-02
-2.050000000000021139e+00 4.475316352220339022e-02
-1.950000000000021272e+00 5.554079669471989611e-02
-1.850000000000021627e+00 6.787138553128765905e-02
-1.750000000000021982e+00 8.108192336755126739e-02
-1.650000000000022338e+00 9.640618085667471138e-02
-1.550000000000022693e+00 1.132064022049074081e-01
-1.450000000000023048e+00 1.331152289814648837e-01
-1.350000000000023404e+00 1.542270567480268917e-01
-1.250000000000023759e+00 1.770477060520519730e-01
-1.150000000000024114e+00 2.000153291278748413e-01
-1.050000000000024469e+00 2.257758149103571144e-01
-9.500000000000248246e-01 2.519973961791445727e-01
-8.500000000000251799e-01 2.763097699527895523e-01
-7.500000000000255351e-01 3.013086181535201691e-01
-6.500000000000258904e-01 3.251836884050220422e-01
-5.500000000000262457e-01 3.480373178365124831e-01
-4.500000000000266565e-01 3.681591891630144331e-01
-3.500000000000270117e-01 3.862098185924304206e-01
-2.500000000000273670e-01 3.972812090680848396e-01
-1.500000000000277223e-01 4.069132704464183403e-01
-5.000000000002806366e-02 4.119140775311459501e-01
4.999999999997158107e-02 4.117918241185192230e-01
1.499999999999712119e-01 4.077435208402698796e-01
2.499999999999708566e-01 3.979259720336898454e-01
3.499999999999705014e-01 3.860030370246893550e-01
4.499999999999701461e-01 3.691087677883928553e-01
5.499999999999698463e-01 3.469418190939898006e-01
6.499999999999694911e-01 3.257808158648030084e-01
7.499999999999691358e-01 3.021051221256125241e-01
8.499999999999687805e-01 2.772349303157859990e-01
9.499999999999684253e-01 2.514868231334260185e-01
1.049999999999968070e+00 2.255528306392430016e-01
1.149999999999967715e+00 1.994428851861927976e-01
1.249999999999967359e+00 1.774661690500818345e-01
1.349999999999967004e+00 1.539416415966581297e-01
1.449999999999966649e+00 1.324929685425088877e-01
1.549999999999966294e+00 1.135687341459586525e-01
1.649999999999965938e+00 9.577062079080267409e-02
1.749999999999965583e+00 8.113227037625901639e-02
1.849999999999965228e+00 6.731658846299293231e-02
1.949999999999964873e+00 5.491659841538779063e-02
2.049999999999964295e+00 4.525661150463773652e-02
2.149999999999963940e+00 3.663255132332673275e-02
2.249999999999963585e+00 2.944864547934507304e-02
2.349999999999963229e+00 2.311063274829661118e-02
2.449999999999962874e+00 1.835513562418721045e-02
2.549999999999962519e+00 1.437247576765251361e-02
2.649999999999962164e+00 1.101772777048638102e-02
2.749999999999961808e+00 8.573506862601606299e-03
2.849999999999961453e+00 6.703844573919625835e-03
2.949999999999961098e+00 5.282434973916767459e-03
3.049999999999960743e+00 4.064977547341441268e-03
3.149999999999960387e+00 3.154472562703163323e-03
3.249999999999960032e+00 2.439556828196167305e-03
3.349999999999959677e+00 1.938930871860886172e-03
3.449999999999959321e+00 1.559018371351594563e-03
3.549999999999958966e+00 1.204334636803859691e-03
3.649999999999958611e+00 1.056484047497611642e-03
3.749999999999958256e+00 8.459594268628008260e-04
3.849999999999957900e+00 7.139947077122525384e-04
3.949999999999957545e+00 5.539718282867020288e-04
4.049999999999957190e+00 5.502361436072308789e-04
4.149999999999956835e+00 4.875473758499519229e-04
4.249999999999956479e+00 4.051854757569965334e-04
4.349999999999956124e+00 3.920921588429527064e-04
4.449999999999955769e+00 3.162879695285561823e-04
4.549999999999955413e+00 2.713787030169652966e-04
4.649999999999955058e+00 2.919581257186672869e-04
4.749999999999954703e+00 2.592064128976628900e-04
4.849999999999954348e+00 2.507919121009054286e-04
4.949999999999953992e+00 2.301977529704876289e-04
5.049999999999953637e+00 2.142897781717141266e-04
5.149999999999953282e+00 2.292619897470303720e-04
5.249999999999952927e+00 1.880884079149106091e-04
5.349999999999952571e+00 1.647016955428368752e-04
5.449999999999952216e+00 1.534651686469917526e-04
5.549999999999951861e+00 1.384929570716754801e-04
5.649999999999951505e+00 1.693731434457652820e-04
5.749999999999951150e+00 1.469148260827908732e-04
5.849999999999950795e+00 1.122915868148720167e-04
5.949999999999950440e+00 1.235207454963592076e-04
6.049999999999950084e+00 1.263280351667310053e-04
6.149999999999949729e+00 1.169704029321583553e-04
6.249999999999949374e+00 9.825513846301300110e-05
6.349999999999949019e+00 1.019981913568420828e-04
6.449999999999948663e+00 7.579682110003860588e-05
6.549999999999948308e+00 6.456766241855140150e-05
6.649999999999947953e+00 8.702597978152581027e-05
6.749999999999947597e+00 6.831071531238046962e-05
6.849999999999947242e+00 7.860411077041040359e-05
6.949999999999946887e+00 5.708155663089327879e-05
7.049999999999946532e+00 7.111800498275228088e-05
7.149999999999946176e+00 7.018224175929501046e-05
7.249999999999945821e+00 4.491663472594880399e-05
7.349999999999945466e+00 4.491663472594880399e-05
7.449999999999945111e+00 4.398087150249153357e-05
7.549999999999944755e+00 4.398087150249154034e-05
7.649999999999944400e+00 2.620137025680346673e-05
7.749999999999944045e+00 3.462323926791887002e-05
7.849999999999943689e+00 3.368747604446159960e-05
7.949999999999943334e+00 3.555900249137613367e-05
