-7.950000000000000178e+00 3.510457606403387170e-04
-7.850000000000000533e+00 3.997241061157990466e-04
-7.750000000000000888e+00 3.622792249808295039e-04
-7.650000000000001243e+00 4.193826687116580321e-04
-7.550000000000001599e+00 4.343606211656457841e-04
-7.450000000000001954e+00 4.493385736196335903e-04
-7.350000000000002309e+00 4.792944785276091486e-04
-7.250000000000002665e+00 4.867834547546029704e-04
-7.150000000000003020e+00 5.392062883435602650e-04
-7.050000000000003375e+00 6.309462471242354223e-04
-6.950000000000003730e+00 6.562215418903399097e-04
-6.850000000000004086e+00 6.908654279797801214e-04
-6.750000000000004441e+00 6.225211488688673321e-04
-6.650000000000004796e+00 6.927450430761221325e-04
-6.550000000000005151e+00 7.114601126040132669e-04
-6.450000000000005507e+00 7.489197358181698665e-04
-6.350000000000005862e+00 7.994924384691591557e-04
-6.250000000000006217e+00 8.416031876668127664e-04
-6.150000000000006573e+00 9.408394937140752198e-04
-6.050000000000006928e+00 1.053203621277357636e-03
-5.950000000000007283e+00 1.084110390292894466e-03
-5.850000000000007638e+00 1.142194182289658000e-03
-5.750000000000007994e+00 1.218978301735125719e-03
-5.650000000000008349e+00 1.227388657911306861e-03
-5.550000000000008704e+00 1.354752851047357235e-03
-5.450000000000009059e+00 1.479227596662756805e-03
-5.350000000000009415e+00 1.547586617852856651e-03
-5.250000000000009770e+00 1.688941044137366298e-03
-5.150000000000010125e+00 1.824811416964313522e-03
-5.050000000000010481e+00 1.961463119988172271e-03
-4.950000000000010836e+00 2.100967415334714129e-03
-4.850000000000011191e+00 2.287240956902000626e-03
-4.750000000000011546e+00 2.369597582280153110e-03
-4.650000000000011902e+00 2.498929842987667946e-03
-4.550000000000012257e+00 2.511018347921004784e-03
-4.450000000000012612e+00 2.744149588184158044e-03
-4.350000000000012967e+00 3.115907970082227012e-03
-4.250000000000013323e+00 3.394990271171247423e-03
-4.150000000000013678e+00 3.622416326789033164e-03
-4.050000000000014033e+00 3.988749623546289022e-03
-3.950000000000014388e+00 4.210116684618219612e-03
-3.850000000000014744e+00 4.502017223560331356e-03
-3.750000000000015099e+00 4.653646879038178183e-03
-3.650000000000015454e+00 5.044053991107797993e-03
-3.550000000000015810e+00 5.752926868814495394e-03
-3.450000000000016165e+00 6.166913936543713670e-03
-3.350000000000016520e+00 6.747493870125575999e-03
-3.250000000000016875e+00 7.208545025659277017e-03
-3.150000000000017231e+00 7.918265572919219730e-03
-3.050000000000017586e+00 8.773991672447164006e-03
-2.950000000000017941e+00 9.686858070903903856e-03
-2.850000000000018296e+00 1.048380750071329498e-02
-2.750000000000018652e+00 1.136139610367554661e-02
-2.650000000000019007e+00 1.265833789119108141e-02
-2.550000000000019362e+00 1.392457192776011196e-02
-2.450000000000019718e+00 1.530592686070040599e-02
-2.350000000000020073e+00 1.640247219478754501e-02
-2.250000000000020428e+00 1.819747512763577463e-02
-2.150000000000020783e+00 2.053084405031391918e-02
-2.050000000000021139e+00 2.308250631055351609e-02
-1.950000000000021272e+00 2.539892184216661214e-02
-1.850000000000021627e+00 2.886115073650973722e-02
-1.750000000000021982e+00 3.254145183722643997e-02
-1.650000000000022338e+00 3.595946186504810071e-02
-1.550000000000022693e+00 4.075396931071784828e-02
-1.450000000000023048e+00 4.649047350331787787e-02
-1.350000000000023404e+00 5.350128302084182497e-02
-1.250000000000023759e+00 6.157863774130750700e-02
-1.150000000000024114e+00 7.114201615694125402e-02
-1.050000000000024469e+00 8.335784842821623852e-02
-9.500000000000248246e-01 9.889044212745654039e-02
-8.500000000000251799e-01 1.162904223683531857e-01
-7.500000000000255351e-01 1.415533485300205507e-01
-6.500000000000258904e-01 1.738648239319310895e-01
-5.500000000000262457e-01 2.184607043864538745e-01
-4.500000000000266565e-01 2.815741989602355000e-01
-3.500000000000270117e-01 3.793084419301753218e-01
-2.500000000000273670e-01 5.330490304688864089e-01
-1.500000000000277223e-01 8.297134133319583604e-01
-5.000000000002806366e-02 1.469602839600431698e+00
4.999999999997158107e-02 1.477243401256664868e+00
1.499999999999712119e-01 8.425363981345497244e-01
2.499999999999708566e-01 5.449933431256948069e-01
3.499999999999705014e-01 3.866697222672514922e-01
4.499999999999701461e-01 2.875846920655659167e-01
5.499999999999698463e-01 2.200530626987973193e-01
6.499999999999694911e-01 1.747697738338642170e-01
7.499999999999691358e-01 1.413897335641637054e-01
8.499999999999687805e-01 1.161912818858205076e-01
9.499999999999684253e-01 9.674133445253671471e-02
1.049999999999968070e+00 8.286758584277353901e-02
1.149999999999967715e+00 6.990960782106675486e-02
1.249999999999967359e+00 5.905917955305188538e-02
1.349999999999967004e+00 5.210321057010350310e-02
1.449999999999966649e+00 4.496206633048732693e-02
1.549999999999966294e+00 3.945418230191926473e-02
1.649999999999965938e+00 3.392509916348031285e-02
1.749999999999965583e+00 2.934882608705517704e-02
1.849999999999965228e+00 2.676843151448016905e-02
1.949999999999964873e+00 2.420802720128269886e-02
2.049999999999964295e+00 2.107464249632424319e-02
2.149999999999963940e+00 1.909066822141748665e-02
2.249999999999963585e+00 1.719350267980336924e-02
2.349999999999963229e+00 1.538279206158140074e-02
2.449999999999962874e+00 1.422898849193198097e-02
2.549999999999962519e+00 1.289735859208943937e-02
2.649999999999962164e+00 1.163397714784309735e-02
2.749999999999961808e+00 1.071596576375009879e-02
2.849999999999961453e+00 1.005321348077993504e-02
2.949999999999961098e+00 9.249630115336394953e-03
3.049999999999960743e+00 8.287554656553466903e-03
3.149999999999960387e+00 7.815778638411227316e-03
3.249999999999960032e+00 7.275112884228159688e-03
3.349999999999959677e+00 6.651589273974576819e-03
3.449999999999959321e+00 6.181958228354043558e-03
3.549999999999958966e+00 5.725012741873919744e-03
3.649999999999958611e+00 5.243094173251023130e-03
3.749999999999958256e+00 4.769099472191135752e-03
3.849999999999957900e+00 4.481474136213253398e-03
3.949999999999957545e+00 4.126411158994456457e-03
4.049999999999957190e+00 3.890265163537561920e-03
4.149999999999956835e+00 3.608536659234476765e-03
4.249999999999956479e+00 3.286319034444307001e-03
4.349999999999956124e+00 3.122394484924505623e-03
4.449999999999955769e+00 3.053121454824812148e-03
4.549999999999955413e+00 2.830243330636214236e-03
4.649999999999955058e+00 2.512927447175720801e-03
4.749999999999954703e+00 2.273250723753541570e-03
4.849999999999954348e+00 2.235791100539384971e-03
4.949999999999953992e+00 2.117736530409921984e-03
5.049999999999953637e+00 1.934219757650603756e-03
5.149999999999953282e+00 1.774253456392511615e-03
5.249999999999952927e+00 1.603702342278156157e-03
5.349999999999952571e+00 1.513886224831384074e-03
5.449999999999952216e+00 1.390178067333708431e-03
5.549999999999951861e+00 1.353684050306300322e-03
5.649999999999951505e+00 1.371499853003784993e-03
5.749999999999951150e+00 1.164609513693484928e-03
5.849999999999950795e+00 1.151474321137871924e-03
5.949999999999950440e+00 1.147722461984781268e-03
6.049999999999950084e+00 1.140240856797380921e-03
6.149999999999949729e+00 1.068137347493784434e-03
6.249999999999949374e+00 1.065328981408661738e-03
6.349999999999949019e+00 9.473997189522883559e-04
6.449999999999948663e+00 8.977778804088602837e-04
6.549999999999948308e+00 8.191362589858309758e-04
6.649999999999947953e+00 7.667134253968735727e-04
6.749999999999947597e+00 6.777670906221342721e-04
6.849999999999947242e+00 7.301899242110914583e-04
6.949999999999946887e+00 7.582735850623185340e-04
7.049999999999946532e+00 6.861848178379088880e-04
7.149999999999946176e+00 6.122385486359377621e-04
7.249999999999945821e+00 5.579360999506384564e-04
7.349999999999945466e+00 5.092503834355847610e-04
7.449999999999945111e+00 5.485675086273026236e-04
7.549999999999944755e+00 5.026975292369650992e-04
7.649999999999944400e+00 4.165743026265352812e-04
7.749999999999944045e+00 3.697682012078234342e-04
7.849999999999943689e+00 3.866183977185597229e-04
7.949999999999943334e+00 3.678959571510750058e-04
