-7.950000000000000178e+00 4.089285286508256151e-04
-7.850000000000000533e+00 4.061286071948117492e-04
-7.750000000000000888e+00 4.220365819935853057e-04
-7.650000000000001243e+00 4.164220026528416560e-04
-7.550000000000001599e+00 4.641532952635202573e-04
-7.450000000000001954e+00 4.510673465638343621e-04
-7.350000000000002309e+00 4.875547440643098005e-04
-7.250000000000002665e+00 4.856758494030374092e-04
-7.150000000000003020e+00 5.493445896699211857e-04
-7.050000000000003375e+00 5.792816446061957447e-04
-6.950000000000003730e+00 5.858467235991124877e-04
-6.850000000000004086e+00 6.373063326749042528e-04
-6.750000000000004441e+00 6.476144645616501317e-04
-6.650000000000004796e+00 6.176700414110174783e-04
-6.550000000000005151e+00 7.103253369620027204e-04
-6.450000000000005507e+00 6.934963353684877978e-04
-6.350000000000005862e+00 7.290848107172956654e-04
-6.250000000000006217e+00 7.562219441975564669e-04
-6.150000000000006573e+00 8.049037364604081073e-04
-6.050000000000006928e+00 8.479783175968741383e-04
-5.950000000000007283e+00 9.678075876999095700e-04
-5.850000000000007638e+00 1.006277034862668607e-03
-5.750000000000007994e+00 1.044606485952626670e-03
-5.650000000000008349e+00 1.080047597014275901e-03
-5.550000000000008704e+00 1.148542517685604463e-03
-5.450000000000009059e+00 1.231803339930227260e-03
-5.350000000000009415e+00 1.344131767816888557e-03
-5.250000000000009770e+00 1.415338191371935802e-03
-5.150000000000010125e+00 1.439638562324392808e-03
-5.050000000000010481e+00 1.598777256026991285e-03
-4.950000000000010836e+00 1.688639998336320539e-03
-4.850000000000011191e+00 1.756980186506132587e-03
-4.750000000000011546e+00 1.853349062093514804e-03
-4.650000000000011902e+00 2.020880151949797435e-03
-4.550000000000012257e+00 2.164191921211560364e-03
-4.450000000000012612e+00 2.286857953842399808e-03
-4.350000000000012967e+00 2.447116616127404352e-03
-4.250000000000013323e+00 2.661207452511455025e-03
-4.150000000000013678e+00 2.878584512499143388e-03
-4.050000000000014033e+00 3.031121286137036276e-03
-3.950000000000014388e+00 3.229488353081261254e-03
-3.850000000000014744e+00 3.560159077036499815e-03
-3.750000000000015099e+00 3.981245159377911486e-03
-3.650000000000015454e+00 4.222952063175485979e-03
-3.550000000000015810e+00 4.450460417905327364e-03
-3.450000000000016165e+00 4.912948496723951348e-03
-3.350000000000016520e+00 5.450393420205808075e-03
-3.250000000000016875e+00 5.955816084088096790e-03
-3.150000000000017231e+00 6.504600689466810172e-03
-3.050000000000017586e+00 7.108514274671568281e-03
-2.950000000000017941e+00 7.920609388345316304e-03
-2.850000000000018296e+00 8.820268361448729486e-03
-2.750000000000018652e+00 9.718225277035461018e-03
-2.650000000000019007e+00 1.066769337919849445e-02
-2.550000000000019362e+00 1.200536322302349357e-02
-2.450000000000019718e+00 1.340142616563510213e-02
-2.350000000000020073e+00 1.486206413887961736e-02
-2.250000000000020428e+00 1.662255159542014998e-02
-2.150000000000020783e+00 1.892874374373779839e-02
-2.050000000000021139e+00 2.125997308444369308e-02
-1.950000000000021272e+00 2.425903526990941597e-02
-1.850000000000021627e+00 2.762322931788242092e-02
-1.750000000000021982e+00 3.206679308714867338e-02
-1.650000000000022338e+00 3.636391359605094242e-02
-1.550000000000022693e+00 4.201556979144345505e-02
-1.450000000000023048e+00 4.916341559435744024e-02
-1.350000000000023404e+00 5.774470329132085078e-02
-1.250000000000023759e+00 6.689004990202693235e-02
-1.150000000000024114e+00 7.900576687148884447e-02
-1.050000000000024469e+00 9.348930373415814676e-02
-9.500000000000248246e-01 1.116362357252331239e-01
-8.500000000000251799e-01 1.343863712178530456e-01
-7.500000000000255351e-01 1.642657772449904185e-01
-6.500000000000258904e-01 2.031731468598984847e-01
-5.500000000000262457e-01 2.532349172534188453e-01
-4.500000000000266565e-01 3.223670484706330219e-01
-3.500000000000270117e-01 4.206272710015491190e-01
-2.500000000000273670e-01 5.629075934081986254e-01
-1.500000000000277223e-01 7.987513069443719083e-01
-5.000000000002806366e-02 1.294723138048655464e+00
4.999999999997158107e-02 1.293516394005756354e+00
1.499999999999712119e-01 8.006030423675210006e-01
2.499999999999708566e-01 5.640943990630449267e-01
3.499999999999705014e-01 4.198789993606438786e-01
4.499999999999701461e-01 3.230326855875143011e-01
5.499999999999698463e-01 2.517640300940025555e-01
6.499999999999694911e-01 2.009278014257487310e-01
7.499999999999691358e-01 1.622316858846969412e-01
8.499999999999687805e-01 1.333570390402644135e-01
9.499999999999684253e-01 1.104796692221116927e-01
1.049999999999968070e+00 9.225366155454742256e-02
1.149999999999967715e+00 7.770939586914009378e-02
1.249999999999967359e+00 6.617737410468478576e-02
1.349999999999967004e+00 5.644441976714804909e-02
1.449999999999966649e+00 4.881979154956098133e-02
1.549999999999966294e+00 4.193790144389650948e-02
1.649999999999965938e+00 3.654878209429144459e-02
1.749999999999965583e+00 3.142372481084587665e-02
1.849999999999965228e+00 2.738157399158533400e-02
1.949999999999964873e+00 2.417862594662130438e-02
2.049999999999964295e+00 2.115929380345691474e-02
2.149999999999963940e+00 1.884666183579043752e-02
2.249999999999963585e+00 1.684991995407719712e-02
2.349999999999963229e+00 1.511997374605028588e-02
2.449999999999962874e+00 1.335104968406992249e-02
2.549999999999962519e+00 1.195391835037641973e-02
2.649999999999962164e+00 1.066382506666058161e-02
2.749999999999961808e+00 9.767680731805896202e-03
2.849999999999961453e+00 8.839742551996741110e-03
2.949999999999961098e+00 8.105883138375499786e-03
3.049999999999960743e+00 7.252106036078930125e-03
3.149999999999960387e+00 6.532946210101772330e-03
3.249999999999960032e+00 6.008484080318588286e-03
3.349999999999959677e+00 5.417730125957099727e-03
3.449999999999959321e+00 5.148672410462885873e-03
3.549999999999958966e+00 4.756609724477367171e-03
3.649999999999958611e+00 4.398941863114671710e-03
3.749999999999958256e+00 4.007453897849072230e-03
3.849999999999957900e+00 3.669680215252789802e-03
3.949999999999957545e+00 3.304548352745507317e-03
4.049999999999957190e+00 3.135867821449386458e-03
4.149999999999956835e+00 2.882106518962234461e-03
4.249999999999956479e+00 2.667831477219235331e-03
4.349999999999956124e+00 2.446055593259862174e-03
4.449999999999955769e+00 2.347638354080974592e-03
4.549999999999955413e+00 2.067837782052893685e-03
4.649999999999955058e+00 2.041562729652510524e-03
4.749999999999954703e+00 1.865550825070249209e-03
4.849999999999954348e+00 1.821555217139041866e-03
4.949999999999953992e+00 1.640024520002690339e-03
5.049999999999953637e+00 1.648365338655868265e-03
5.149999999999953282e+00 1.484555197050341571e-03
5.249999999999952927e+00 1.418005484969506787e-03
5.349999999999952571e+00 1.288008079052526452e-03
5.449999999999952216e+00 1.270132791020185323e-03
5.549999999999951861e+00 1.151305598069828507e-03
5.649999999999951505e+00 1.148431994470235432e-03
5.749999999999951150e+00 1.042631804504701165e-03
5.849999999999950795e+00 1.003366590191285494e-03
5.949999999999950440e+00 9.106449807110790278e-04
6.049999999999950084e+00 8.797500579082733353e-04
6.149999999999949729e+00 9.106449807110791363e-04
6.249999999999949374e+00 7.974618399588975347e-04
6.349999999999949019e+00 7.459285487395265601e-04
6.449999999999948663e+00 7.364972343613745108e-04
6.549999999999948308e+00 7.178040745353028978e-04
6.649999999999947953e+00 7.187766788305498949e-04
6.749999999999947597e+00 6.457797791865251685e-04
6.849999999999947242e+00 6.186131728488327482e-04
6.949999999999946887e+00 5.942612243958699490e-04
7.049999999999946532e+00 5.110077703656050289e-04
7.149999999999946176e+00 4.698047156760534575e-04
7.249999999999945821e+00 4.875621122786677865e-04
7.349999999999945466e+00 4.669753213626078644e-04
7.449999999999945111e+00 4.117579229642712082e-04
7.549999999999944755e+00 4.370382664263333054e-04
7.649999999999944400e+00 4.342309767559614534e-04
7.749999999999944045e+00 4.014645275062413013e-04
7.849999999999943689e+00 4.014571592918833153e-04
7.949999999999943334e+00 3.705622364890776769e-04
