-7.950000000000000178e+00 1.029734231211660153e-05
-7.850000000000000533e+00 2.714753882285285473e-05
-7.750000000000000888e+00 3.182814896472404079e-05
-7.650000000000001243e+00 2.433917273773014784e-05
-7.550000000000001599e+00 3.557263707822098557e-05
-7.450000000000001954e+00 3.182814896472404079e-05
-7.350000000000002309e+00 4.586997939033759218e-05
-7.250000000000002665e+00 4.025324722009217162e-05
-7.150000000000003020e+00 4.961446750383453018e-05
-7.050000000000003375e+00 4.961446750383453018e-05
-6.950000000000003730e+00 5.710344373082841974e-05
-6.850000000000004086e+00 7.301751821319044013e-05
-6.750000000000004441e+00 8.425098255368128125e-05
-6.650000000000004796e+00 8.237873849693282580e-05
-6.550000000000005151e+00 9.735669095092060491e-05
-6.450000000000005507e+00 9.735669095092060491e-05
-6.350000000000005862e+00 1.123346434049083705e-04
-6.250000000000006217e+00 1.198236196319022600e-04
-6.150000000000006573e+00 1.338654500575157979e-04
-6.050000000000006928e+00 1.488434025115035770e-04
-5.950000000000007283e+00 1.619491109087429007e-04
-5.850000000000007638e+00 1.881605277032215480e-04
-5.750000000000007994e+00 2.068829682707062651e-04
-5.650000000000008349e+00 2.789643644555224369e-04
-5.550000000000008704e+00 2.883255847392647954e-04
-5.450000000000009059e+00 3.126647574769949602e-04
-5.350000000000009415e+00 3.388761742714735533e-04
-5.250000000000009770e+00 3.875545197469338829e-04
-5.150000000000010125e+00 4.371689872507683724e-04
-5.050000000000010481e+00 4.175104246549094411e-04
-4.950000000000010836e+00 4.699332582438667358e-04
-4.850000000000011191e+00 5.682260712231616091e-04
-4.750000000000011546e+00 6.197127827837446354e-04
-4.650000000000011902e+00 6.843052027415670938e-04
-4.550000000000012257e+00 7.367280363305243884e-04
-4.450000000000012612e+00 7.769812835506165194e-04
-4.350000000000012967e+00 9.679501773389607641e-04
-4.250000000000013323e+00 1.106503608577941080e-03
-4.150000000000013678e+00 1.241297809624237591e-03
-4.050000000000014033e+00 1.421040610111683981e-03
-3.950000000000014388e+00 1.653191502108900934e-03
-3.850000000000014744e+00 1.875988544861969436e-03
-3.750000000000015099e+00 2.280400632159233949e-03
-3.650000000000015454e+00 2.539699062979305227e-03
-3.550000000000015810e+00 2.982492153439914202e-03
-3.450000000000016165e+00 3.458034772814435730e-03
-3.350000000000016520e+00 4.131113882255108005e-03
-3.250000000000016875e+00 4.843502745847905536e-03
-3.150000000000017231e+00 5.789944229653043103e-03
-3.050000000000017586e+00 6.912406138950913555e-03
-2.950000000000017941e+00 8.167723665881976292e-03
-2.850000000000018296e+00 9.523184136730283855e-03
-2.750000000000018652e+00 1.123259455781876193e-02
-2.650000000000019007e+00 1.355325580823764017e-02
-2.550000000000019362e+00 1.638215760966782106e-02
-2.450000000000019718e+00 1.961371719097209504e-02
-2.350000000000020073e+00 2.326465944098803085e-02
-2.250000000000020428e+00 2.821111349683838240e-02
-2.150000000000020783e+00 3.346558118418208050e-02
-2.050000000000021139e+00 3.983022325782110962e-02
-1.950000000000021272e+00 4.798110409823172495e-02
-1.850000000000021627e+00 5.681810341712394130e-02
-1.750000000000021982e+00 6.776237976124319107e-02
-1.650000000000022338e+00 8.017460601144725529e-02
-1.550000000000022693e+00 9.453572775913249293e-02
-1.450000000000023048e+00 1.112991597628136820e-01
-1.350000000000023404e+00 1.296677019773356809e-01
-1.250000000000023759e+00 1.513718681101441366e-01
-1.150000000000024114e+00 1.746205397662546899e-01
-1.050000000000024469e+00 2.016279330133169956e-01
-9.500000000000248246e-01 2.299161033580658930e-01
-8.500000000000251799e-01 2.593869201503928856e-01
-7.500000000000255351e-01 2.918188309682199222e-01
-6.500000000000258904e-01 3.242017022596321851e-01
-5.500000000000262457e-01 3.574025820409725274e-01
-4.500000000000266565e-01 3.879962514076971125e-01
-3.500000000000270117e-01 4.157018958644119189e-01
-2.500000000000273670e-01 4.407805386652017265e-01
-1.500000000000277223e-01 4.578629818914503047e-01
-5.000000000002806366e-02 4.671072532610024419e-01
4.999999999997158107e-02 4.675810563150328836e-01
1.499999999999712119e-01 4.586011104253037152e-01
2.499999999999708566e-01 4.416537562416852358e-01
3.499999999999705014e-01 4.171368898524740465e-01
4.499999999999701461e-01 3.885906446694772365e-01
5.499999999999698463e-01 3.573463483799140250e-01
6.499999999999694911e-01 3.229870655002174962e-01
7.499999999999691358e-01 2.912559783848606143e-01
8.499999999999687805e-01 2.593951536016189108e-01
9.499999999999684253e-01 2.295473818444802860e-01
1.049999999999968070e+00 2.004391170055985771e-01
1.149999999999967715e+00 1.746974049671357609e-01
1.249999999999967359e+00 1.504338738377130336e-01
1.349999999999967004e+00 1.293231648446564186e-01
1.449999999999966649e+00 1.110031314416992099e-01
1.549999999999966294e+00 9.493833394172931928e-02
1.649999999999965938e+00 7.988993646234640589e-02
1.749999999999965583e+00 6.759292693202827162e-02
1.849999999999965228e+00 5.678443987930044401e-02
1.949999999999964873e+00 4.714229453457084024e-02
2.049999999999964295e+00 3.948298832465063635e-02
2.149999999999963940e+00 3.341966697855418972e-02
2.249999999999963585e+00 2.821016263273081956e-02
2.349999999999963229e+00 2.328609442412592559e-02
2.449999999999962874e+00 1.951541700695321596e-02
2.549999999999962519e+00 1.651041369859469060e-02
2.649999999999962164e+00 1.370301321965872871e-02
2.749999999999961808e+00 1.175395555930645007e-02
2.849999999999961453e+00 9.795632502185149665e-03
2.949999999999961098e+00 7.988953842620872409e-03
3.049999999999960743e+00 6.779454697802990600e-03
3.149999999999960387e+00 5.720671199553349628e-03
3.249999999999960032e+00 4.758308270226255590e-03
3.349999999999959677e+00 4.109583075602500808e-03
3.449999999999959321e+00 3.563831304099911862e-03
3.549999999999958966e+00 3.031163127875781925e-03
3.649999999999958611e+00 2.449831348255378065e-03
3.749999999999958256e+00 2.161520505595299242e-03
3.849999999999957900e+00 1.931219744536049211e-03
3.949999999999957545e+00 1.694388242396961241e-03
4.049999999999957190e+00 1.539920736675618688e-03
4.149999999999956835e+00 1.296529009298317148e-03
4.249999999999956479e+00 1.106496237538347714e-03
4.349999999999956124e+00 9.604612011119668339e-04
4.449999999999955769e+00 7.535856038808540431e-04
4.549999999999955413e+00 7.114527415644199011e-04
4.649999999999955058e+00 6.543492978335913729e-04
4.749999999999954703e+00 5.738428033934070025e-04
4.849999999999954348e+00 5.363979222584374599e-04
4.949999999999953992e+00 4.942724309815967922e-04
5.049999999999953637e+00 4.783583564992348802e-04
5.149999999999953282e+00 3.997241061157989924e-04
5.249999999999952927e+00 3.463651504984674835e-04
5.349999999999952571e+00 2.958145609662586714e-04
5.449999999999952216e+00 3.313871980444796773e-04
5.549999999999951861e+00 2.621141679447861481e-04
5.649999999999951505e+00 2.490084595475469328e-04
5.749999999999951150e+00 2.452639714340499677e-04
5.849999999999950795e+00 1.844160395897245558e-04
5.949999999999950440e+00 1.919050158167184589e-04
6.049999999999950084e+00 1.656935990222398387e-04
6.149999999999949729e+00 1.582046227952459627e-04
6.249999999999949374e+00 1.497795245398778454e-04
6.349999999999949019e+00 1.469711584547551215e-04
6.449999999999948663e+00 1.273125958588961631e-04
6.549999999999948308e+00 9.922893500766906036e-05
6.649999999999947953e+00 9.454832486579788108e-05
6.749999999999947597e+00 9.829281297929483264e-05
6.849999999999947242e+00 5.616732170245418524e-05
6.949999999999946887e+00 6.084793184432537807e-05
7.049999999999946532e+00 4.399773533358910963e-05
7.149999999999946176e+00 3.276427099309828206e-05
7.249999999999945821e+00 3.838100316334369584e-05
7.349999999999945466e+00 3.557263707822097879e-05
7.449999999999945111e+00 4.118936924846640612e-05
7.549999999999944755e+00 3.557263707822098557e-05
7.649999999999944400e+00 2.527529476610438573e-05
7.749999999999944045e+00 1.965856259585896517e-05
7.849999999999943689e+00 2.527529476610438234e-05
7.949999999999943334e+00 1.872244056748473067e-05
