-7.950000000000000178e+00 7.395364024156468141e-05
-7.850000000000000533e+00 8.050649444018434324e-05
-7.750000000000000888e+00 5.616732170245419202e-05
-7.650000000000001243e+00 9.267608080904941208e-05
-7.550000000000001599e+00 9.361220283742365336e-05
-7.450000000000001954e+00 8.612322661042976380e-05
-7.350000000000002309e+00 8.987508576352020318e-05
-7.250000000000002665e+00 1.085901552914114325e-04
-7.150000000000003020e+00 1.123346434049083840e-04
-7.050000000000003375e+00 1.179513755751538046e-04
-6.950000000000003730e+00 1.057891602458822100e-04
-6.850000000000004086e+00 1.188874976035280323e-04
-6.750000000000004441e+00 1.291848399156446457e-04
-6.650000000000004796e+00 1.404183042561354597e-04
-6.550000000000005151e+00 1.366738161426385217e-04
-6.450000000000005507e+00 1.516517685966263279e-04
-6.350000000000005862e+00 1.713103311924852592e-04
-6.250000000000006217e+00 1.778705564306984224e-04
-6.150000000000006573e+00 2.172097947411968163e-04
-6.050000000000006928e+00 2.181238036507905805e-04
-5.950000000000007283e+00 2.537111828081985349e-04
-5.850000000000007638e+00 2.293646390308749501e-04
-5.750000000000007994e+00 2.630797741315344220e-04
-5.650000000000008349e+00 2.808513505914579222e-04
-5.550000000000008704e+00 3.342029351691959025e-04
-5.450000000000009059e+00 3.351685413559440680e-04
-5.350000000000009415e+00 3.978666041382374584e-04
-5.250000000000009770e+00 4.184612887624706581e-04
-5.150000000000010125e+00 4.783583564992348260e-04
-5.050000000000010481e+00 5.495331148140508975e-04
-4.950000000000010836e+00 6.216145109988670692e-04
-4.850000000000011191e+00 6.927818982740896123e-04
-4.750000000000011546e+00 8.088315456341210914e-04
-4.650000000000011902e+00 8.724952146031627557e-04
-4.550000000000012257e+00 1.010112523813768912e-03
-4.450000000000012612e+00 1.148636470894375330e-03
-4.350000000000012967e+00 1.300310352609781702e-03
-4.250000000000013323e+00 1.508158927067235807e-03
-4.150000000000013678e+00 1.725317124531278168e-03
-4.050000000000014033e+00 1.975269077146792843e-03
-3.950000000000014388e+00 2.324442593730383783e-03
-3.850000000000014744e+00 2.693333641226583128e-03
-3.750000000000015099e+00 3.062136236247660348e-03
-3.650000000000015454e+00 3.533042471717870621e-03
-3.550000000000015810e+00 4.086305332566234245e-03
-3.450000000000016165e+00 4.700379270060955558e-03
-3.350000000000016520e+00 5.410077704202126414e-03
-3.250000000000016875e+00 6.362990960770355427e-03
-3.150000000000017231e+00 7.338466969534281070e-03
-3.050000000000017586e+00 8.627536486763964091e-03
-2.950000000000017941e+00 9.866025930303053831e-03
-2.850000000000018296e+00 1.161495986569186650e-02
-2.750000000000018652e+00 1.351718194046706324e-02
-2.650000000000019007e+00 1.579954326915813945e-02
-2.550000000000019362e+00 1.826354912655186319e-02
-2.450000000000019718e+00 2.118743414418393367e-02
-2.350000000000020073e+00 2.464742961353029449e-02
-2.250000000000020428e+00 2.830044312567198822e-02
-2.150000000000020783e+00 3.329046002551977468e-02
-2.050000000000021139e+00 3.921848593987756204e-02
-1.950000000000021272e+00 4.544612987163189344e-02
-1.850000000000021627e+00 5.259620044019576446e-02
-1.750000000000021982e+00 6.060336812165205422e-02
-1.650000000000022338e+00 7.059236510549368737e-02
-1.550000000000022693e+00 8.214147210345751349e-02
-1.450000000000023048e+00 9.505373493760527204e-02
-1.350000000000023404e+00 1.105148885211051646e-01
-1.250000000000023759e+00 1.283238877490451291e-01
-1.150000000000024114e+00 1.480231089993032378e-01
-1.050000000000024469e+00 1.716695440649979587e-01
-9.500000000000248246e-01 1.979127668953233055e-01
-8.500000000000251799e-01 2.282996786014493407e-01
-7.500000000000255351e-01 2.618060511187411121e-01
-6.500000000000258904e-01 3.016493432297612243e-01
-5.500000000000262457e-01 3.448769154914241297e-01
-4.500000000000266565e-01 3.938618814718958250e-01
-3.500000000000270117e-01 4.440037247455271840e-01
-2.500000000000273670e-01 5.002634276872068853e-01
-1.500000000000277223e-01 5.540925671781264938e-01
-5.000000000002806366e-02 5.991508624305057484e-01
4.999999999997158107e-02 5.953634380113770330e-01
1.499999999999712119e-01 5.507407711989734667e-01
2.499999999999708566e-01 4.946463343360216758e-01
3.499999999999705014e-01 4.369735588780303548e-01
4.499999999999701461e-01 3.848787660351413731e-01
5.499999999999698463e-01 3.363495219485772569e-01
6.499999999999694911e-01 2.928161915935367232e-01
7.499999999999691358e-01 2.545398719345006722e-01
8.499999999999687805e-01 2.209495801314367847e-01
9.499999999999684253e-01 1.904895477125427838e-01
1.049999999999968070e+00 1.640832111470528210e-01
1.149999999999967715e+00 1.410932334965153134e-01
1.249999999999967359e+00 1.216859201562391080e-01
1.349999999999967004e+00 1.047156346684456063e-01
1.449999999999966649e+00 9.042835599540810509e-02
1.549999999999966294e+00 7.730515612121327540e-02
1.649999999999965938e+00 6.641836651488347565e-02
1.749999999999965583e+00 5.678993867483717040e-02
1.849999999999965228e+00 4.895974228298120845e-02
1.949999999999964873e+00 4.248608253375426441e-02
2.049999999999964295e+00 3.571832567578643591e-02
2.149999999999963940e+00 3.076287895163225261e-02
2.249999999999963585e+00 2.648250888864838587e-02
2.349999999999963229e+00 2.260378677311417756e-02
2.449999999999962874e+00 1.929548729860200429e-02
2.549999999999962519e+00 1.666750529441132084e-02
2.649999999999962164e+00 1.424936941640797886e-02
2.749999999999961808e+00 1.218882478220404721e-02
2.849999999999961453e+00 1.037177506993171641e-02
2.949999999999961098e+00 9.050833177499760865e-03
3.049999999999960743e+00 7.782240408260822015e-03
3.149999999999960387e+00 6.610134547300748273e-03
3.249999999999960032e+00 5.722676122322780702e-03
3.349999999999959677e+00 4.830603426559283708e-03
3.449999999999959321e+00 4.193030614840490521e-03
3.549999999999958966e+00 3.553607672183729978e-03
3.649999999999958611e+00 3.114610667113771637e-03
3.749999999999958256e+00 2.658645528899581528e-03
3.849999999999957900e+00 2.327265701894693645e-03
3.949999999999957545e+00 2.005247095173548662e-03
4.049999999999957190e+00 1.759975752699905220e-03
4.149999999999956835e+00 1.572751347025058265e-03
4.249999999999956479e+00 1.284411020206606847e-03
4.349999999999956124e+00 1.153339194155026878e-03
4.449999999999955769e+00 9.586184412135925195e-04
4.549999999999955413e+00 8.631561074382008199e-04
4.649999999999955058e+00 7.564455672431312765e-04
4.749999999999954703e+00 6.862216730358764762e-04
4.849999999999954348e+00 5.935308501476398851e-04
4.949999999999953992e+00 5.074297366559906526e-04
5.049999999999953637e+00 4.418717105114201371e-04
5.149999999999953282e+00 4.109870546146637848e-04
5.249999999999952927e+00 3.763357974856300445e-04
5.349999999999952571e+00 3.285935740385439834e-04
5.449999999999952216e+00 2.995885332381295878e-04
5.549999999999951861e+00 3.061340163971557754e-04
5.649999999999951505e+00 2.518241966722631038e-04
5.749999999999951150e+00 2.256127798777844836e-04
5.849999999999950795e+00 2.162589306336355993e-04
5.949999999999950440e+00 1.928632509638732043e-04
6.049999999999950084e+00 1.769418054419176825e-04
6.149999999999949729e+00 1.909762648279377461e-04
6.249999999999949374e+00 1.675658430789883483e-04
6.349999999999949019e+00 1.656935990222398658e-04
6.449999999999948663e+00 1.450989143980066661e-04
6.549999999999948308e+00 1.301283329836123613e-04
6.649999999999947953e+00 1.226319857170249839e-04
6.749999999999947597e+00 1.319932060007673424e-04
6.849999999999947242e+00 1.170226245863730511e-04
6.949999999999946887e+00 1.207597416602765013e-04
7.049999999999946532e+00 1.254403518021476806e-04
7.149999999999946176e+00 1.198236196319022736e-04
7.249999999999945821e+00 1.291848399156446457e-04
7.349999999999945466e+00 1.188874976035280188e-04
7.449999999999945111e+00 9.454832486579788108e-05
7.549999999999944755e+00 9.548444689417212236e-05
7.649999999999944400e+00 9.267608080904941208e-05
7.749999999999944045e+00 9.735669095092059136e-05
7.849999999999943689e+00 7.020915212806774341e-05
7.949999999999943334e+00 8.986771472392670180e-05
