-7.950000000000000178e+00 1.197776926025301530e-04
-7.850000000000000533e+00 1.403644835185900209e-04
-7.750000000000000888e+00 1.441075364124190755e-04
-7.650000000000001243e+00 1.581439847642780912e-04
-7.550000000000001599e+00 1.787307756803379591e-04
-7.450000000000001954e+00 2.077394356075132472e-04
-7.350000000000002309e+00 2.311335161939449400e-04
-7.250000000000002665e+00 2.395553852050603060e-04
-7.150000000000003020e+00 2.517203071100047266e-04
-7.050000000000003375e+00 2.797932038137228121e-04
-6.950000000000003730e+00 3.041230476236117075e-04
-6.850000000000004086e+00 3.106733901878125869e-04
-6.750000000000004441e+00 3.209667856458425480e-04
-6.650000000000004796e+00 3.752410526063640426e-04
-6.550000000000005151e+00 4.201576873323128059e-04
-6.450000000000005507e+00 4.472948208125736074e-04
-6.350000000000005862e+00 5.296419844768130792e-04
-6.250000000000006217e+00 5.623936972978173677e-04
-6.150000000000006573e+00 5.502287753928730013e-04
-6.050000000000006928e+00 6.662634151015739371e-04
-5.950000000000007283e+00 6.896574956880056027e-04
-5.850000000000007638e+00 7.167946291682662958e-04
-5.750000000000007994e+00 7.897841605979331447e-04
-5.650000000000008349e+00 8.421942693258979490e-04
-5.550000000000008704e+00 8.655883499123296146e-04
-5.450000000000009059e+00 9.937952797403329028e-04
-5.350000000000009415e+00 1.073349890162916386e-03
-5.250000000000009770e+00 1.150060369843338088e-03
-5.150000000000010125e+00 1.216521663351877690e-03
-5.050000000000010481e+00 1.380272859242541363e-03
-4.950000000000010836e+00 1.512208105535657382e-03
-4.850000000000011191e+00 1.632943666004718370e-03
-4.750000000000011546e+00 1.736791279165401198e-03
-4.650000000000011902e+00 1.894927895715321168e-03
-4.550000000000012257e+00 2.097104329482596397e-03
-4.450000000000012612e+00 2.211252706315666901e-03
-4.350000000000012967e+00 2.510704306036351530e-03
-4.250000000000013323e+00 2.660396948932082853e-03
-4.150000000000013678e+00 2.915897150007707404e-03
-4.050000000000014033e+00 3.258423330864857956e-03
-3.950000000000014388e+00 3.650537594350885054e-03
-3.850000000000014744e+00 3.848926765938182580e-03
-3.750000000000015099e+00 4.299058349278557165e-03
-3.650000000000015454e+00 4.786627829771578600e-03
-3.550000000000015810e+00 5.285463310017876615e-03
-3.450000000000016165e+00 5.940490198223598653e-03
-3.350000000000016520e+00 6.448683310704469290e-03
-3.250000000000016875e+00 7.182336414323677032e-03
-3.150000000000017231e+00 8.071370422322947033e-03
-3.050000000000017586e+00 8.790043946152492280e-03
-2.950000000000017941e+00 9.909423071409420580e-03
-2.850000000000018296e+00 1.099132745844191329e-02
-2.750000000000018652e+00 1.246051256034163071e-02
-2.650000000000019007e+00 1.406931058789543006e-02
-2.550000000000019362e+00 1.582691707262201541e-02
-2.450000000000019718e+00 1.775383038686514925e-02
-2.350000000000020073e+00 2.007945251644465898e-02
-2.250000000000020428e+00 2.273271703387830939e-02
-2.150000000000020783e+00 2.604927557602729898e-02
-2.050000000000021139e+00 2.978362660869968842e-02
-1.950000000000021272e+00 3.381159361532110746e-02
-1.850000000000021627e+00 3.910314307039840231e-02
-1.750000000000021982e+00 4.541501337690456719e-02
-1.650000000000022338e+00 5.194438600304256137e-02
-1.550000000000022693e+00 6.002737609940776708e-02
-1.450000000000023048e+00 7.015346888222610822e-02
-1.350000000000023404e+00 8.094079258973958801e-02
-1.250000000000023759e+00 9.447709391919621724e-02
-1.150000000000024114e+00 1.120118304521279529e-01
-1.050000000000024469e+00 1.316902310610699456e-01
-9.500000000000248246e-01 1.559111873991763653e-01
-8.500000000000251799e-01 1.839737170252921383e-01
-7.500000000000255351e-01 2.194506228722920005e-01
-6.500000000000258904e-01 2.632026523732546863e-01
-5.500000000000262457e-01 3.167234162606741288e-01
-4.500000000000266565e-01 3.800418568805499220e-01
-3.500000000000270117e-01 4.614004419608110918e-01
-2.500000000000273670e-01 5.576363360154585891e-01
-1.500000000000277223e-01 6.752891240157299357e-01
-5.000000000002806366e-02 8.007979316372823009e-01
4.999999999997158107e-02 8.018742730224742710e-01
1.499999999999712119e-01 6.758772990950653314e-01
2.499999999999708566e-01 5.564097198984367942e-01
3.499999999999705014e-01 4.593529920278868195e-01
4.499999999999701461e-01 3.793763081822409955e-01
5.499999999999698463e-01 3.131894290810371961e-01
6.499999999999694911e-01 2.599816374666852337e-01
7.499999999999691358e-01 2.175362576271003268e-01
8.499999999999687805e-01 1.816219524711706890e-01
9.499999999999684253e-01 1.524952242771247246e-01
1.049999999999968070e+00 1.292588455825968707e-01
1.149999999999967715e+00 1.103775752439675184e-01
1.249999999999967359e+00 9.455333283315775494e-02
1.349999999999967004e+00 8.184773135862860594e-02
1.449999999999966649e+00 6.999934794250128878e-02
1.549999999999966294e+00 5.992218010301957054e-02
1.649999999999965938e+00 5.204167590542467525e-02
1.749999999999965583e+00 4.475567608329947961e-02
1.849999999999965228e+00 3.880403777675257848e-02
1.949999999999964873e+00 3.358018747519596336e-02
2.049999999999964295e+00 2.974856127657028032e-02
2.149999999999963940e+00 2.596305273161078273e-02
2.249999999999963585e+00 2.304510721801152420e-02
2.349999999999963229e+00 2.037038646036758160e-02
2.449999999999962874e+00 1.801195367225219904e-02
2.549999999999962519e+00 1.596351639860370264e-02
2.649999999999962164e+00 1.413117411564462390e-02
2.749999999999961808e+00 1.224425546893634711e-02
2.849999999999961453e+00 1.117181186913944295e-02
2.949999999999961098e+00 9.930024598754198101e-03
3.049999999999960743e+00 8.715146047204120824e-03
3.149999999999960387e+00 7.901105724939868832e-03
3.249999999999960032e+00 7.179529124653306373e-03
3.349999999999959677e+00 6.495471471877331537e-03
3.449999999999959321e+00 5.699991681580725625e-03
3.549999999999958966e+00 5.259239835117999681e-03
3.649999999999958611e+00 4.775398671090091626e-03
3.749999999999958256e+00 4.338397245735551612e-03
3.849999999999957900e+00 3.887337267386077946e-03
3.949999999999957545e+00 3.555089745558242739e-03
4.049999999999957190e+00 3.276202832110546026e-03
4.149999999999956835e+00 2.961742179742755249e-03
4.249999999999956479e+00 2.630504103281955559e-03
4.349999999999956124e+00 2.430294982748247307e-03
4.449999999999955769e+00 2.287086368487495532e-03
4.549999999999955413e+00 2.060646404839552685e-03
4.649999999999955058e+00 1.914637869122787044e-03
4.749999999999954703e+00 1.795773835100640623e-03
4.849999999999954348e+00 1.563697187468880874e-03
4.949999999999953992e+00 1.494421236075611434e-03
5.049999999999953637e+00 1.423310599307217247e-03
5.149999999999953282e+00 1.293246879461015580e-03
5.249999999999952927e+00 1.174404950081942792e-03
5.349999999999952571e+00 1.067720574393456927e-03
5.449999999999952216e+00 9.788083317363010377e-04
5.549999999999951861e+00 9.226625383288649751e-04
5.649999999999951505e+00 8.103709515139930668e-04
5.749999999999951150e+00 7.373814200843263264e-04
5.849999999999950795e+00 7.018224175929501860e-04
5.949999999999950440e+00 6.868502060176338592e-04
6.049999999999950084e+00 6.147964378114244028e-04
6.149999999999949729e+00 5.230916419126121998e-04
6.249999999999949374e+00 5.006333245496377097e-04
6.349999999999949019e+00 4.706889013990052731e-04
6.449999999999948663e+00 4.154862394293844263e-04
6.549999999999948308e+00 4.117358183211974670e-04
6.649999999999947953e+00 3.293886546569579411e-04
6.749999999999947597e+00 3.406178133384451319e-04
6.849999999999947242e+00 2.994442315063253961e-04
6.949999999999946887e+00 2.629494657914919716e-04
7.049999999999946532e+00 2.339408058643167106e-04
7.149999999999946176e+00 2.301977529704876560e-04
7.249999999999945821e+00 2.404911484285175900e-04
7.349999999999945466e+00 1.890241711383678930e-04
7.449999999999945111e+00 1.965102769260260022e-04
7.549999999999944755e+00 1.806023021272524999e-04
7.649999999999944400e+00 1.590797479877353480e-04
7.749999999999944045e+00 1.431717731889618186e-04
7.849999999999943689e+00 1.478505893062481572e-04
7.949999999999943334e+00 1.076127706975856782e-04
