-7.950000000000000178e+00 3.294947395865296328e-06
-7.850000000000000533e+00 3.444717732040991077e-06
-7.750000000000000888e+00 3.894028740568077017e-06
-7.650000000000001243e+00 4.942421093797944492e-06
-7.550000000000001599e+00 5.541502438500725181e-06
-7.450000000000001954e+00 8.387138825838936416e-06
-7.350000000000002309e+00 1.183185655787992834e-05
-7.250000000000002665e+00 1.407841160051535550e-05
-7.150000000000003020e+00 1.587565563462369926e-05
-7.050000000000003375e+00 1.842175134961051761e-05
-6.950000000000003730e+00 2.291486143488137870e-05
-6.850000000000004086e+00 2.710843084780084183e-05
-6.750000000000004441e+00 3.579511034599116605e-05
-6.650000000000004796e+00 4.493110085270857705e-05
-6.550000000000005151e+00 5.856020144469684238e-05
-6.450000000000005507e+00 6.769619195141424661e-05
-6.350000000000005862e+00 7.997735951782125835e-05
-6.250000000000006217e+00 9.720094817802619764e-05
-6.150000000000006573e+00 1.145743071744068461e-04
-6.050000000000006928e+00 1.406343456689778391e-04
-5.950000000000007283e+00 1.711874942488197406e-04
-5.850000000000007638e+00 1.985954657689720346e-04
-5.750000000000007994e+00 2.328928727532063260e-04
-5.650000000000008349e+00 2.787225956229691512e-04
-5.550000000000008704e+00 3.327896869823952883e-04
-5.450000000000009059e+00 3.820641275841991664e-04
-5.350000000000009415e+00 4.635391904637775704e-04
-5.250000000000009770e+00 5.268920426660967261e-04
-5.150000000000010125e+00 6.434133642107879537e-04
-5.050000000000010481e+00 7.274345228053531558e-04
-4.950000000000010836e+00 8.292783514048261608e-04
-4.850000000000011191e+00 9.648205056438306478e-04
-4.750000000000011546e+00 1.147540315778179058e-03
-4.650000000000011902e+00 1.316331484648188129e-03
-4.550000000000012257e+00 1.497553591420779963e-03
-4.450000000000012612e+00 1.751713851910935253e-03
-4.350000000000012967e+00 2.068328342586355471e-03
-4.250000000000013323e+00 2.334470229970566843e-03
-4.150000000000013678e+00 2.713688721167427983e-03
-4.050000000000014033e+00 3.132596351450848970e-03
-3.950000000000014388e+00 3.579212673220758673e-03
-3.850000000000014744e+00 4.110896187350492059e-03
-3.750000000000015099e+00 4.723606632645262551e-03
-3.650000000000015454e+00 5.415845126449327432e-03
-3.550000000000015810e+00 6.221459764738394502e-03
-3.450000000000016165e+00 7.095219905987402986e-03
-3.350000000000016520e+00 8.169673477005768777e-03
-3.250000000000016875e+00 9.345668977363155369e-03
-3.150000000000017231e+00 1.067098668218167609e-02
-3.050000000000017586e+00 1.222246113250742561e-02
-2.950000000000017941e+00 1.390632902213052337e-02
-2.850000000000018296e+00 1.592088863473552912e-02
-2.750000000000018652e+00 1.819605452875609763e-02
-2.650000000000019007e+00 2.084608613987249531e-02
-2.550000000000019362e+00 2.363735943306044876e-02
-2.450000000000019718e+00 2.701677493994036200e-02
-2.350000000000020073e+00 3.079668929798789340e-02
-2.250000000000020428e+00 3.515245998498681135e-02
-2.150000000000020783e+00 4.017350460880846075e-02
-2.050000000000021139e+00 4.570259026093569793e-02
-1.950000000000021272e+00 5.208475005850980027e-02
-1.850000000000021627e+00 5.936029580784167592e-02
-1.750000000000021982e+00 6.765458645960265027e-02
-1.650000000000022338e+00 7.695038781148776097e-02
-1.550000000000022693e+00 8.809988953845626636e-02
-1.450000000000023048e+00 1.002387882577300271e-01
-1.350000000000023404e+00 1.146470059314445428e-01
-1.250000000000023759e+00 1.309199904750000254e-01
-1.150000000000024114e+00 1.498805069991154260e-01
-1.050000000000024469e+00 1.712918428978265351e-01
-9.500000000000248246e-01 1.961296304440375837e-01
-8.500000000000251799e-01 2.242246197235187588e-01
-7.500000000000255351e-01 2.573529678146235788e-01
-6.500000000000258904e-01 2.946793630979118728e-01
-5.500000000000262457e-01 3.376172401248025978e-01
-4.500000000000266565e-01 3.868644402148272432e-01
-3.500000000000270117e-01 4.430462840038735250e-01
-2.500000000000273670e-01 5.073914837920477927e-01
-1.500000000000277223e-01 5.770527804834870711e-01
-5.000000000002806366e-02 6.457460961614038819e-01
4.999999999997158107e-02 6.408577138559095054e-01
1.499999999999712119e-01 5.650017144009681358e-01
2.499999999999708566e-01 4.892333636129252428e-01
3.499999999999705014e-01 4.221494846847365090e-01
4.499999999999701461e-01 3.637515611682324845e-01
5.499999999999698463e-01 3.126304122253903417e-01
6.499999999999694911e-01 2.696861045083920883e-01
7.499999999999691358e-01 2.321067282585980440e-01
8.499999999999687805e-01 1.997481065312157744e-01
9.499999999999684253e-01 1.722010915329851011e-01
1.049999999999968070e+00 1.485553225545177547e-01
1.149999999999967715e+00 1.283415726704562054e-01
1.249999999999967359e+00 1.105310187319578363e-01
1.349999999999967004e+00 9.555143430149706796e-02
1.449999999999966649e+00 8.249145273191929584e-02
1.549999999999966294e+00 7.138895648392468152e-02
1.649999999999965938e+00 6.156866766981046457e-02
1.749999999999965583e+00 5.326194725943898811e-02
1.849999999999965228e+00 4.589788016566293677e-02
1.949999999999964873e+00 3.973393928577859113e-02
2.049999999999964295e+00 3.441977524535720645e-02
2.149999999999963940e+00 2.966322031804646819e-02
2.249999999999963585e+00 2.580498668782495175e-02
2.349999999999963229e+00 2.226740898876759106e-02
2.449999999999962874e+00 1.919696732683014856e-02
2.549999999999962519e+00 1.654977191774921474e-02
2.649999999999962164e+00 1.428000601088883458e-02
2.749999999999961808e+00 1.231606759261722958e-02
2.849999999999961453e+00 1.064777228007444954e-02
2.949999999999961098e+00 9.190657858715322454e-03
3.049999999999960743e+00 7.900535003604094650e-03
3.149999999999960387e+00 6.773365812133803725e-03
3.249999999999960032e+00 5.823819522191922560e-03
3.349999999999959677e+00 4.998584969863839773e-03
3.449999999999959321e+00 4.294814160174246359e-03
3.549999999999958966e+00 3.670421628657771773e-03
3.649999999999958611e+00 3.175280897260921754e-03
3.749999999999958256e+00 2.691073400404898029e-03
3.849999999999957900e+00 2.282200382645249107e-03
3.949999999999957545e+00 1.995390188868791798e-03
4.049999999999957190e+00 1.679973860882776927e-03
4.149999999999956835e+00 1.417726002239134021e-03
4.249999999999956479e+00 1.199810163103496793e-03
4.349999999999956124e+00 1.040454525412556896e-03
4.449999999999955769e+00 8.770550886448729745e-04
4.549999999999955413e+00 7.528954799552213528e-04
4.649999999999955058e+00 6.142081486565273939e-04
4.749999999999954703e+00 5.339312484663545546e-04
4.849999999999954348e+00 4.535045779400059384e-04
4.949999999999953992e+00 3.756240031286442287e-04
5.049999999999953637e+00 2.996904426875665346e-04
5.149999999999953282e+00 2.570058968774933169e-04
5.249999999999952927e+00 2.078812266118651615e-04
5.349999999999952571e+00 1.825700397981726059e-04
5.449999999999952216e+00 1.496205658395195748e-04
5.549999999999951861e+00 1.243093790258270462e-04
5.649999999999951505e+00 1.061871683485679063e-04
5.749999999999951150e+00 8.731610599043031543e-05
5.849999999999950795e+00 7.323769438991495654e-05
5.949999999999950440e+00 6.140583783203504514e-05
6.049999999999950084e+00 4.762696690387109100e-05
6.149999999999949729e+00 3.864074673332937559e-05
6.249999999999949374e+00 3.205085194159878971e-05
6.349999999999949019e+00 2.561072748604389265e-05
6.449999999999948663e+00 2.006922504754316916e-05
6.549999999999948308e+00 1.827198101343482540e-05
6.649999999999947953e+00 1.228116756640701174e-05
6.749999999999947597e+00 1.168208622170423274e-05
6.849999999999947242e+00 8.087598153487545225e-06
6.949999999999946887e+00 8.986220170541717105e-06
7.049999999999946532e+00 5.241961766149334837e-06
7.149999999999946176e+00 4.343339749095163804e-06
7.249999999999945821e+00 3.145177059689600733e-06
7.349999999999945466e+00 1.797244034108343336e-06
7.449999999999945111e+00 2.096784706459734104e-06
7.549999999999944755e+00 2.096784706459734104e-06
7.649999999999944400e+00 7.488516808784763901e-07
7.749999999999944045e+00 1.647473697932648164e-06
7.849999999999943689e+00 2.995406723513905561e-07
7.949999999999943334e+00 5.990813447027811121e-07
