-7.950000000000000178e+00 2.432984380988893606e-05
-7.850000000000000533e+00 2.526560703334619970e-05
-7.750000000000000888e+00 2.058679091605987132e-05
-7.650000000000001243e+00 3.088018637408980189e-05
-7.550000000000001599e+00 2.432984380988893606e-05
-7.450000000000001954e+00 1.871526446914533387e-05
-7.350000000000002309e+00 1.871526446914533387e-05
-7.250000000000002665e+00 1.684373802223079980e-05
-7.150000000000003020e+00 1.497221157531626743e-05
-7.050000000000003375e+00 4.772392439632060169e-05
-6.950000000000003730e+00 3.743052893829067451e-05
-6.850000000000004086e+00 3.649476571483340409e-05
-6.750000000000004441e+00 2.900865992717526783e-05
-6.650000000000004796e+00 3.275171282100433596e-05
-6.550000000000005151e+00 3.181594959754707231e-05
-6.450000000000005507e+00 2.620137025680347012e-05
-6.350000000000005862e+00 5.614579340743600837e-05
-6.250000000000006217e+00 4.117358183211974263e-05
-6.150000000000006573e+00 3.368747604446160638e-05
-6.050000000000006928e+00 3.181594959754707231e-05
-5.950000000000007283e+00 4.865968761977787212e-05
-5.850000000000007638e+00 3.836629216174793815e-05
-5.750000000000007994e+00 3.462323926791887680e-05
-5.650000000000008349e+00 3.462323926791887002e-05
-5.550000000000008704e+00 4.023781860866247221e-05
-5.450000000000009059e+00 5.240274051360694024e-05
-5.350000000000009415e+00 4.678816117286334483e-05
-5.250000000000009770e+00 7.860411077041041714e-05
-5.150000000000010125e+00 7.392529465312407859e-05
-5.050000000000010481e+00 1.085485339210429486e-04
-4.950000000000010836e+00 1.422360099655045618e-04
-4.850000000000011191e+00 1.749877227865088232e-04
-4.750000000000011546e+00 2.217979886024459227e-04
-4.650000000000011902e+00 2.807437034658958512e-04
-4.550000000000012257e+00 3.415756812049761571e-04
-4.450000000000012612e+00 3.481186555548190504e-04
-4.350000000000012967e+00 4.463737940178320244e-04
-4.250000000000013323e+00 5.137487461067551152e-04
-4.150000000000013678e+00 6.026462523351953579e-04
-4.050000000000014033e+00 9.432640656736404356e-04
-3.950000000000014388e+00 1.048997941709953804e-03
-3.850000000000014744e+00 1.337220382749149290e-03
-3.750000000000015099e+00 1.640400298934945565e-03
-3.650000000000015454e+00 2.066202038465434453e-03
-3.550000000000015810e+00 2.419935273360995960e-03
-3.450000000000016165e+00 2.580893916010004296e-03
-3.350000000000016520e+00 3.107743347245161929e-03
-3.250000000000016875e+00 3.710404336009071741e-03
-3.150000000000017231e+00 4.275620059405974005e-03
-3.050000000000017586e+00 6.020958467226573269e-03
-2.950000000000017941e+00 7.485302652293109385e-03
-2.850000000000018296e+00 8.916091989173636351e-03
-2.750000000000018652e+00 1.028884926977110051e-02
-2.650000000000019007e+00 1.277151752017555500e-02
-2.550000000000019362e+00 1.568266954013679965e-02
-2.450000000000019718e+00 1.946301296683141530e-02
-2.350000000000020073e+00 2.370107723765508406e-02
-2.250000000000020428e+00 2.958798578106787078e-02
-2.150000000000020783e+00 3.592232914136576916e-02
-2.050000000000021139e+00 4.468104344006791628e-02
-1.950000000000021272e+00 5.316873271004245172e-02
-1.850000000000021627e+00 6.465418735975550502e-02
-1.750000000000021982e+00 7.619718776360401291e-02
-1.650000000000022338e+00 9.112735630779350560e-02
-1.550000000000022693e+00 1.052133927422811421e-01
-1.450000000000023048e+00 1.229929160926119952e-01
-1.350000000000023404e+00 1.454284362003620545e-01
-1.250000000000023759e+00 1.668619307329341495e-01
-1.150000000000024114e+00 1.942567748785776205e-01
-1.050000000000024469e+00 2.199030312338686177e-01
-9.500000000000248246e-01 2.451108640984343556e-01
-8.500000000000251799e-01 2.701651728486376136e-01
-7.500000000000255351e-01 2.966571896890026760e-01
-6.500000000000258904e-01 3.247952803533581401e-01
-5.500000000000262457e-01 3.546055651616027982e-01
-4.500000000000266565e-01 3.751399680735766906e-01
-3.500000000000270117e-01 3.950564209519937808e-01
-2.500000000000273670e-01 4.072164724672471259e-01
-1.500000000000277223e-01 4.210894569835746393e-01
-5.000000000002806366e-02 4.319766936777816313e-01
4.999999999997158107e-02 4.265087933802618192e-01
1.499999999999712119e-01 4.176834188462634767e-01
2.499999999999708566e-01 4.090586807892315768e-01
3.499999999999705014e-01 3.926093632815816914e-01
4.499999999999701461e-01 3.753612355507451870e-01
5.499999999999698463e-01 3.506861835299740493e-01
6.499999999999694911e-01 3.266977238277182227e-01
7.499999999999691358e-01 2.991548522556251588e-01
8.499999999999687805e-01 2.730617579088130964e-01
9.499999999999684253e-01 2.441910899001338009e-01
1.049999999999968070e+00 2.189107095969997641e-01
1.149999999999967715e+00 1.936251789120300160e-01
1.249999999999967359e+00 1.654831020437059208e-01
1.349999999999967004e+00 1.454277214835696386e-01
1.449999999999966649e+00 1.247940613559795076e-01
1.549999999999966294e+00 1.064317711956511009e-01
1.649999999999965938e+00 9.028015165270408815e-02
1.749999999999965583e+00 7.786829877998274752e-02
1.849999999999965228e+00 6.475611923718313512e-02
1.949999999999964873e+00 5.353542663399356305e-02
2.049999999999964295e+00 4.365745110146414254e-02
2.149999999999963940e+00 3.663654489550872279e-02
2.249999999999963585e+00 2.929373614068387505e-02
2.349999999999963229e+00 2.255972609718279176e-02
2.449999999999962874e+00 1.930682892708634329e-02
2.549999999999962519e+00 1.653980654818059531e-02
2.649999999999962164e+00 1.366058836924662762e-02
2.749999999999961808e+00 1.000351516876021168e-02
2.849999999999961453e+00 8.406933640611865752e-03
2.949999999999961098e+00 7.578783187852182121e-03
3.049999999999960743e+00 5.613665682163208187e-03
3.149999999999960387e+00 4.093050444045153932e-03
3.249999999999960032e+00 3.672878020284129057e-03
3.349999999999959677e+00 3.073996925485835384e-03
3.449999999999959321e+00 2.875600385684179763e-03
3.549999999999958966e+00 2.405847247508632099e-03
3.649999999999958611e+00 1.875269499808362170e-03
3.749999999999958256e+00 1.631971061709472023e-03
3.849999999999957900e+00 1.570210688961293233e-03
3.949999999999957545e+00 1.038697178037565477e-03
4.049999999999957190e+00 6.868502060176336424e-04
4.149999999999956835e+00 4.482305840360307288e-04
4.249999999999956479e+00 5.137340096780392516e-04
4.349999999999956124e+00 5.043763774434666287e-04
4.449999999999955769e+00 4.501021104829450799e-04
4.549999999999955413e+00 3.490396823495604166e-04
4.649999999999955058e+00 2.994442315063252334e-04
4.749999999999954703e+00 2.451699645458037930e-04
4.849999999999954348e+00 1.974460401494831777e-04
4.949999999999953992e+00 1.160346397087010984e-04
5.049999999999953637e+00 1.544009318704489282e-04
5.149999999999953282e+00 5.708155663089327879e-05
5.249999999999952927e+00 3.462323926791887002e-05
5.349999999999952571e+00 4.585239794940607441e-05
5.449999999999952216e+00 3.555900249137614044e-05
5.549999999999951861e+00 5.333850373706421066e-05
5.649999999999951505e+00 3.462323926791887002e-05
5.749999999999951150e+00 3.930205538520520857e-05
5.849999999999950795e+00 5.333850373706421066e-05
5.949999999999950440e+00 3.649476571483341086e-05
6.049999999999950084e+00 5.521003018397875150e-05
6.149999999999949729e+00 2.994442315063253825e-05
6.249999999999949374e+00 2.245831736297440538e-05
6.349999999999949019e+00 2.526560703334620648e-05
6.449999999999948663e+00 3.555900249137614044e-05
6.549999999999948308e+00 2.994442315063254164e-05
6.649999999999947953e+00 1.777950124568807022e-05
6.749999999999947597e+00 1.965102769260260429e-05
6.849999999999947242e+00 3.088018637408980867e-05
6.949999999999946887e+00 2.432984380988893606e-05
7.049999999999946532e+00 9.357632234572666933e-06
7.149999999999946176e+00 1.403644835185900040e-05
7.249999999999945821e+00 1.497221157531626743e-05
7.349999999999945466e+00 1.684373802223079980e-05
7.449999999999945111e+00 2.245831736297440199e-05
7.549999999999944755e+00 2.713713348026073715e-05
7.649999999999944400e+00 4.210934505557700628e-05
7.749999999999944045e+00 4.117358183211974263e-05
7.849999999999943689e+00 1.965102769260260429e-05
7.949999999999943334e+00 2.900865992717526783e-05
