-7.950000000000000178e+00 0.000000000000000000e+00
-7.850000000000000533e+00 0.000000000000000000e+00
-7.750000000000000888e+00 0.000000000000000000e+00
-7.650000000000001243e+00 0.000000000000000000e+00
-7.550000000000001599e+00 0.000000000000000000e+00
-7.450000000000001954e+00 0.000000000000000000e+00
-7.350000000000002309e+00 0.000000000000000000e+00
-7.250000000000002665e+00 0.000000000000000000e+00
-7.150000000000003020e+00 0.000000000000000000e+00
-7.050000000000003375e+00 0.000000000000000000e+00
-6.950000000000003730e+00 0.000000000000000000e+00
-6.850000000000004086e+00 0.000000000000000000e+00
-6.750000000000004441e+00 0.000000000000000000e+00
-6.650000000000004796e+00 0.000000000000000000e+00
-6.550000000000005151e+00 0.000000000000000000e+00
-6.450000000000005507e+00 0.000000000000000000e+00
-6.350000000000005862e+00 0.000000000000000000e+00
-6.250000000000006217e+00 0.000000000000000000e+00
-6.150000000000006573e+00 0.000000000000000000e+00
-6.050000000000006928e+00 0.000000000000000000e+00
-5.950000000000007283e+00 0.000000000000000000e+00
-5.850000000000007638e+00 0.000000000000000000e+00
-5.750000000000007994e+00 0.000000000000000000e+00
-5.650000000000008349e+00 0.000000000000000000e+00
-5.550000000000008704e+00 0.000000000000000000e+00
-5.450000000000009059e+00 0.000000000000000000e+00
-5.350000000000009415e+00 1.497703361756952780e-07
-5.250000000000009770e+00 2.995406723513905561e-07
-5.150000000000010125e+00 2.995406723513905561e-07
-5.050000000000010481e+00 4.493110085270858341e-07
-4.950000000000010836e+00 1.347933025581257608e-06
-4.850000000000011191e+00 2.246555042635428853e-06
-4.750000000000011546e+00 4.043799076743772613e-06
-4.650000000000011902e+00 7.638287144960460132e-06
-4.550000000000012257e+00 1.422818193669105279e-05
-4.450000000000012612e+00 1.947014370284038678e-05
-4.350000000000012967e+00 3.534579933746408604e-05
-4.250000000000013323e+00 4.957398127415512697e-05
-4.150000000000013678e+00 7.533447909637469488e-05
-4.050000000000014033e+00 1.081341827188519490e-04
-3.950000000000014388e+00 1.683418578614815243e-04
-3.850000000000014744e+00 2.378352938470042807e-04
-3.750000000000015099e+00 3.670870939666296068e-04
-3.650000000000015454e+00 5.234473249340558087e-04
-3.550000000000015810e+00 7.699692982792507049e-04
-3.450000000000016165e+00 1.078196650128832078e-03
-3.350000000000016520e+00 1.470894471581505984e-03
-3.250000000000016875e+00 2.104872304613225522e-03
-3.150000000000017231e+00 2.909738091221413490e-03
-3.050000000000017586e+00 3.921736252760588820e-03
-2.950000000000017941e+00 5.368817240890158202e-03
-2.850000000000018296e+00 7.045046843368544393e-03
-2.750000000000018652e+00 9.396291350990531102e-03
-2.650000000000019007e+00 1.215071760359731981e-02
-2.550000000000019362e+00 1.570611561407164042e-02
-2.450000000000019718e+00 2.032817795878904057e-02
-2.350000000000020073e+00 2.572664972624113047e-02
-2.250000000000020428e+00 3.237465540840745587e-02
-2.150000000000020783e+00 4.014234412382605699e-02
-2.050000000000021139e+00 4.959779475760825451e-02
-1.950000000000021272e+00 6.032749141157282835e-02
-1.850000000000021627e+00 7.292122966957625962e-02
-1.750000000000021982e+00 8.718850166400757273e-02
-1.650000000000022338e+00 1.031555172036982271e-01
-1.550000000000022693e+00 1.210746393051039815e-01
-1.450000000000023048e+00 1.404305082414348538e-01
-1.350000000000023404e+00 1.610603236572758779e-01
-1.250000000000023759e+00 1.829880488064178912e-01
-1.150000000000024114e+00 2.066999879704240761e-01
-1.050000000000024469e+00 2.299260721638791138e-01
-9.500000000000248246e-01 2.536672165434449289e-01
-8.500000000000251799e-01 2.774577851339511958e-01
-7.500000000000255351e-01 3.002315629121566354e-01
-6.500000000000258904e-01 3.221191496112085217e-01
-5.500000000000262457e-01 3.416872431139065247e-01
-4.500000000000266565e-01 3.590129751433820404e-01
-3.500000000000270117e-01 3.737181756007911249e-01
-2.500000000000273670e-01 3.852064590074827377e-01
-1.500000000000277223e-01 3.926184431744807468e-01
-5.000000000002806366e-02 3.968996282340625514e-01
4.999999999997158107e-02 3.964940501636989856e-01
1.499999999999712119e-01 3.929969128139966794e-01
2.499999999999708566e-01 3.850722647862691028e-01
3.499999999999705014e-01 3.733615724303569472e-01
4.499999999999701461e-01 3.592666860928638295e-01
5.499999999999698463e-01 3.416827500038214227e-01
6.499999999999694911e-01 3.220599903284190324e-01
7.499999999999691358e-01 3.001893276773552888e-01
8.499999999999687805e-01 2.777068532030109727e-01
9.499999999999684253e-01 2.541690969399698630e-01
1.049999999999968070e+00 2.298961180966441475e-01
1.149999999999967715e+00 2.060923697165595869e-01
1.249999999999967359e+00 1.833934771064454350e-01
1.349999999999967004e+00 1.613409932672688063e-01
1.449999999999966649e+00 1.401345620571518846e-01
1.549999999999966294e+00 1.207959167094808245e-01
1.649999999999965938e+00 1.028836840435393696e-01
1.749999999999965583e+00 8.725709647797603996e-02
1.849999999999965228e+00 7.294519292336443250e-02
1.949999999999964873e+00 6.031041759324877460e-02
2.049999999999964295e+00 4.955720699650466993e-02
2.149999999999963940e+00 4.035786363758293860e-02
2.249999999999963585e+00 3.240191360959145117e-02
2.349999999999963229e+00 2.563439119915691955e-02
2.449999999999962874e+00 2.027875374785107279e-02
2.549999999999962519e+00 1.585319008419615316e-02
2.649999999999962164e+00 1.222799909706396432e-02
2.749999999999961808e+00 9.268986565241207898e-03
2.849999999999961453e+00 7.083238279093346038e-03
2.949999999999961098e+00 5.337065929620911711e-03
3.049999999999960743e+00 3.955734119072471314e-03
3.149999999999960387e+00 2.894761057603844039e-03
3.249999999999960032e+00 2.084503538893330704e-03
3.349999999999959677e+00 1.498901524446361088e-03
3.449999999999959321e+00 1.064567549536843752e-03
3.549999999999958966e+00 7.494507622231804354e-04
3.649999999999958611e+00 5.155094971167439692e-04
3.749999999999958256e+00 3.588497254769663219e-04
3.849999999999957900e+00 2.508653130942898246e-04
3.949999999999957545e+00 1.605538003803453533e-04
4.049999999999957190e+00 1.124775224679471213e-04
4.149999999999956835e+00 7.548424943255040403e-05
4.249999999999956479e+00 4.657857455064122183e-05
4.349999999999956124e+00 3.190108160542309411e-05
4.449999999999955769e+00 2.036876571989455696e-05
4.549999999999955413e+00 1.422818193669105109e-05
4.649999999999955058e+00 7.338746472609068941e-06
4.749999999999954703e+00 4.642880421446554148e-06
4.849999999999954348e+00 2.546095714986819621e-06
4.949999999999953992e+00 7.488516808784763901e-07
5.049999999999953637e+00 1.048392353229867052e-06
5.149999999999953282e+00 2.995406723513905561e-07
5.249999999999952927e+00 1.497703361756952780e-07
5.349999999999952571e+00 1.497703361756952780e-07
5.449999999999952216e+00 1.497703361756952780e-07
5.549999999999951861e+00 0.000000000000000000e+00
5.649999999999951505e+00 0.000000000000000000e+00
5.749999999999951150e+00 0.000000000000000000e+00
5.849999999999950795e+00 0.000000000000000000e+00
5.949999999999950440e+00 0.000000000000000000e+00
6.049999999999950084e+00 0.000000000000000000e+00
6.149999999999949729e+00 0.000000000000000000e+00
6.249999999999949374e+00 0.000000000000000000e+00
6.349999999999949019e+00 0.000000000000000000e+00
6.449999999999948663e+00 0.000000000000000000e+00
6.549999999999948308e+00 0.000000000000000000e+00
6.649999999999947953e+00 0.000000000000000000e+00
6.749999999999947597e+00 0.000000000000000000e+00
6.849999999999947242e+00 0.000000000000000000e+00
6.949999999999946887e+00 0.000000000000000000e+00
7.049999999999946532e+00 0.000000000000000000e+00
7.149999999999946176e+00 0.000000000000000000e+00
7.249999999999945821e+00 0.000000000000000000e+00
7.349999999999945466e+00 0.000000000000000000e+00
7.449999999999945111e+00 0.000000000000000000e+00
7.549999999999944755e+00 0.000000000000000000e+00
7.649999999999944400e+00 0.000000000000000000e+00
7.749999999999944045e+00 0.000000000000000000e+00
7.849999999999943689e+00 0.000000000000000000e+00
7.949999999999943334e+00 0.000000000000000000e+00
