-7.950000000000000178e+00 5.991180981595113552e-07
-7.850000000000000533e+00 5.991180981595113552e-07
-7.750000000000000888e+00 1.497795245398778335e-06
-7.650000000000001243e+00 1.348015720858900629e-06
-7.550000000000001599e+00 1.797354294478534172e-06
-7.450000000000001954e+00 3.444929064417190213e-06
-7.350000000000002309e+00 4.643165260736212712e-06
-7.250000000000002665e+00 5.691621932515357928e-06
-7.150000000000003020e+00 8.687212423312914598e-06
-7.050000000000003375e+00 7.938314800613525642e-06
-6.950000000000003730e+00 1.033478719325157064e-05
-6.850000000000004086e+00 1.123346434049083773e-05
-6.750000000000004441e+00 1.452861388036814981e-05
-6.650000000000004796e+00 2.276648773006143510e-05
-6.550000000000005151e+00 2.531273964723935484e-05
-6.450000000000005507e+00 2.860788918711667031e-05
-6.350000000000005862e+00 3.444929064417190552e-05
-6.250000000000006217e+00 4.523341641104310377e-05
-6.150000000000006573e+00 5.287217216257686977e-05
-6.050000000000006928e+00 5.991180981595113002e-05
-5.950000000000007283e+00 8.237873849693281225e-05
-5.850000000000007638e+00 9.076639187116596042e-05
-5.750000000000007994e+00 1.112861867331292354e-04
-5.650000000000008349e+00 1.403434144938655757e-04
-5.550000000000008704e+00 1.571187212423318992e-04
-5.450000000000009059e+00 1.974094133435590941e-04
-5.350000000000009415e+00 2.342551763803691310e-04
-5.250000000000009770e+00 2.827837423312896383e-04
-5.150000000000010125e+00 3.416470954754617282e-04
-5.050000000000010481e+00 4.027571414877319103e-04
-4.950000000000010836e+00 4.722548408742351187e-04
-4.850000000000011191e+00 5.556820360429465646e-04
-4.750000000000011546e+00 6.576818922546026885e-04
-4.650000000000011902e+00 7.822984566717798832e-04
-4.550000000000012257e+00 9.377696031441715152e-04
-4.450000000000012612e+00 1.065381758052146455e-03
-4.350000000000012967e+00 1.253804399923310903e-03
-4.250000000000013323e+00 1.471583828604291350e-03
-4.150000000000013678e+00 1.737142925613492216e-03
-4.050000000000014033e+00 1.989371644938644351e-03
-3.950000000000014388e+00 2.367415164877292692e-03
-3.850000000000014744e+00 2.825440950920234291e-03
-3.750000000000015099e+00 3.186409605061336393e-03
-3.650000000000015454e+00 3.744639072387791201e-03
-3.550000000000015810e+00 4.318443251533723472e-03
-3.450000000000016165e+00 5.106732889187092991e-03
-3.350000000000016520e+00 5.908802243098131360e-03
-3.250000000000016875e+00 6.872633483512235845e-03
-3.150000000000017231e+00 7.951495398772967169e-03
-3.050000000000017586e+00 9.290374568634922683e-03
-2.950000000000017941e+00 1.069201135927908691e-02
-2.850000000000018296e+00 1.250224669286803189e-02
-2.750000000000018652e+00 1.452172402223918593e-02
-2.650000000000019007e+00 1.673651385161067928e-02
-2.550000000000019362e+00 1.933743529524637600e-02
-2.450000000000019718e+00 2.246947611226691316e-02
-2.350000000000020073e+00 2.596263536295310287e-02
-2.250000000000020428e+00 3.003394239899692328e-02
-2.150000000000020783e+00 3.476353162475860625e-02
-2.050000000000021139e+00 4.024755795689466398e-02
-1.950000000000021272e+00 4.640110348118948319e-02
-1.850000000000021627e+00 5.369866147582127297e-02
-1.750000000000021982e+00 6.226574954108717030e-02
-1.650000000000022338e+00 7.189522967074919724e-02
-1.550000000000022693e+00 8.297846396876323860e-02
-1.450000000000023048e+00 9.559979599794007910e-02
-1.350000000000023404e+00 1.105027077307689787e-01
-1.250000000000023759e+00 1.275885133304398567e-01
-1.150000000000024114e+00 1.473606241376638204e-01
-1.050000000000024469e+00 1.699596618973870654e-01
-9.500000000000248246e-01 1.958833604807846407e-01
-8.500000000000251799e-01 2.253057542604424979e-01
-7.500000000000255351e-01 2.588117228447658347e-01
-6.500000000000258904e-01 2.968873373512532776e-01
-5.500000000000262457e-01 3.394890107588724448e-01
-4.500000000000266565e-01 3.865464658070862924e-01
-3.500000000000270117e-01 4.380757560304484599e-01
-2.500000000000273670e-01 4.907917164044773295e-01
-1.500000000000277223e-01 5.386335573877962801e-01
-5.000000000002806366e-02 5.700550738132709183e-01
4.999999999997158107e-02 5.704923061914630722e-01
1.499999999999712119e-01 5.383861310481866669e-01
2.499999999999708566e-01 4.899718055966509334e-01
3.499999999999705014e-01 4.377003731609619974e-01
4.499999999999701461e-01 3.864850609194904196e-01
5.499999999999698463e-01 3.387875885279868493e-01
6.499999999999694911e-01 2.967690280379956524e-01
7.499999999999691358e-01 2.586669096318623406e-01
8.499999999999687805e-01 2.251571588197028850e-01
9.499999999999684253e-01 1.958906902425567309e-01
1.049999999999968070e+00 1.698179704671724799e-01
1.149999999999967715e+00 1.474215737898546541e-01
1.249999999999967359e+00 1.277254094571365906e-01
1.349999999999967004e+00 1.105287705474052029e-01
1.449999999999966649e+00 9.590459497164612046e-02
1.549999999999966294e+00 8.286613286345737017e-02
1.649999999999965938e+00 7.168853510625045056e-02
1.749999999999965583e+00 6.223444562045837153e-02
1.849999999999965228e+00 5.364983335082122023e-02
1.949999999999964873e+00 4.653260518627015674e-02
2.049999999999964295e+00 4.030208242129248997e-02
2.149999999999963940e+00 3.481445430436946875e-02
2.249999999999963585e+00 3.011706885575024875e-02
2.349999999999963229e+00 2.600337421426162504e-02
2.449999999999962874e+00 2.237721192515032542e-02
2.549999999999962519e+00 1.938431746579370035e-02
2.649999999999962164e+00 1.672872531633459725e-02
2.749999999999961808e+00 1.453670197469317596e-02
2.849999999999961453e+00 1.247843292783252719e-02
2.949999999999961098e+00 1.069530768818529806e-02
3.049999999999960743e+00 9.282587212725183085e-03
3.149999999999960387e+00 7.967821366947814080e-03
3.249999999999960032e+00 6.877276648772972720e-03
3.349999999999959677e+00 5.952987202837394312e-03
3.449999999999959321e+00 5.118865030674823145e-03
3.549999999999958966e+00 4.397227281441698152e-03
3.649999999999958611e+00 3.782681892254584864e-03
3.749999999999958256e+00 3.206779620398760022e-03
3.849999999999957900e+00 2.732578825071846178e-03
3.949999999999957545e+00 2.356780818634961194e-03
4.049999999999957190e+00 2.022772478911036634e-03
4.149999999999956835e+00 1.725460122699381746e-03
4.249999999999956479e+00 1.487610237730057966e-03
4.349999999999956124e+00 1.257249328987727899e-03
4.449999999999955769e+00 1.067029332822084934e-03
4.549999999999955413e+00 9.090119344325152395e-04
4.649999999999955058e+00 7.822984566717798832e-04
4.749999999999954703e+00 6.591796875000013444e-04
4.849999999999954348e+00 5.508890912576705186e-04
4.949999999999953992e+00 4.813913918711677439e-04
5.049999999999953637e+00 3.978144171779159338e-04
5.149999999999953282e+00 3.260700249233144162e-04
5.249999999999952927e+00 2.788894746932528510e-04
5.349999999999952571e+00 2.417441526073630341e-04
5.449999999999952216e+00 2.068455233895714180e-04
5.549999999999951861e+00 1.584667369631907871e-04
5.649999999999951505e+00 1.403434144938655486e-04
5.749999999999951150e+00 1.268632572852765338e-04
5.849999999999950795e+00 9.361220283742363981e-05
5.949999999999950440e+00 8.118050230061378721e-05
6.049999999999950084e+00 6.215850268404930366e-05
6.149999999999949729e+00 5.032592024539895003e-05
6.249999999999949374e+00 4.673121165644188169e-05
6.349999999999949019e+00 3.804399923312897386e-05
6.449999999999948663e+00 3.010568443251544483e-05
6.549999999999948308e+00 2.276648773006143171e-05
6.649999999999947953e+00 1.842288151840497441e-05
6.749999999999947597e+00 1.587662960122705128e-05
6.849999999999947242e+00 1.467839340490802963e-05
6.949999999999946887e+00 9.136550996932547294e-06
7.049999999999946532e+00 7.189417177914136686e-06
7.149999999999946176e+00 7.189417177914135839e-06
7.249999999999945821e+00 4.343606211656457299e-06
7.349999999999945466e+00 2.246692868098167715e-06
7.449999999999945111e+00 2.546251917177923127e-06
7.549999999999944755e+00 3.295149539877312930e-06
7.649999999999944400e+00 1.647574769938656042e-06
7.749999999999944045e+00 1.647574769938656465e-06
7.849999999999943689e+00 1.348015720858900629e-06
7.949999999999943334e+00 4.493385736196335429e-07
