-7.950000000000000178e+00 2.535918335569192403e-04
-7.850000000000000533e+00 3.387462868915305640e-04
-7.750000000000000888e+00 3.312601811038723464e-04
-7.650000000000001243e+00 4.126715815446544257e-04
-7.550000000000001599e+00 5.043763774434664119e-04
-7.450000000000001954e+00 4.529094001533170944e-04
-7.350000000000002309e+00 5.539718282867017035e-04
-7.250000000000002665e+00 6.278971229398260532e-04
-7.150000000000003020e+00 5.371280902644709173e-04
-7.050000000000003375e+00 5.502287753928726760e-04
-6.950000000000003730e+00 5.979526997891932913e-04
-6.850000000000004086e+00 6.054388055768514547e-04
-6.750000000000004441e+00 6.494196770793429340e-04
-6.650000000000004796e+00 8.749386139325444683e-04
-6.550000000000005151e+00 9.862944375239588758e-04
-6.450000000000005507e+00 1.109815183020317758e-03
-6.350000000000005862e+00 1.145374185511693899e-03
-6.250000000000006217e+00 1.116365525584518854e-03
-6.150000000000006573e+00 1.198712689248758109e-03
-6.050000000000006928e+00 1.500028447201997043e-03
-5.950000000000007283e+00 1.464469444710621770e-03
-5.850000000000007638e+00 1.676887696435421220e-03
-5.750000000000007994e+00 1.962295479589887520e-03
-5.650000000000008349e+00 1.919250371310853541e-03
-5.550000000000008704e+00 2.012826693656580637e-03
-5.450000000000009059e+00 1.925800713875054420e-03
-5.350000000000009415e+00 2.005340587868922365e-03
-5.250000000000009770e+00 2.038121773547357622e-03
-5.150000000000010125e+00 2.434892748507595447e-03
-5.050000000000010481e+00 2.462980381640030372e-03
-4.950000000000010836e+00 2.565921704434688186e-03
-4.850000000000011191e+00 2.798934115289904677e-03
-4.750000000000011546e+00 2.944905809934878979e-03
-4.650000000000011902e+00 3.256596013704086100e-03
-4.550000000000012257e+00 3.541178556850464905e-03
-4.450000000000012612e+00 3.951028112296030639e-03
-4.350000000000012967e+00 4.320617744489858338e-03
-4.250000000000013323e+00 4.647479101622045347e-03
-4.150000000000013678e+00 5.259704032622550957e-03
-4.050000000000014033e+00 5.650912005742549787e-03
-3.950000000000014388e+00 6.507953226999681554e-03
-3.850000000000014744e+00 6.545310073794392836e-03
-3.750000000000015099e+00 6.913367117401770720e-03
-3.650000000000015454e+00 7.077221468293445547e-03
-3.550000000000015810e+00 7.567561397385050639e-03
-3.450000000000016165e+00 8.357721336915242480e-03
-3.350000000000016520e+00 8.477152723442949595e-03
-3.250000000000016875e+00 9.647070430980928674e-03
-3.150000000000017231e+00 1.073399257199116746e-02
-3.050000000000017586e+00 1.186916178061714171e-02
-2.950000000000017941e+00 1.332828190170392418e-02
-2.850000000000018296e+00 1.484716560944788696e-02
-2.750000000000018652e+00 1.638098468769538449e-02
-2.650000000000019007e+00 1.695344336580614092e-02
-2.550000000000019362e+00 1.869538502680776620e-02
-2.450000000000019718e+00 2.081939070691120330e-02
-2.350000000000020073e+00 2.297432815088919916e-02
-2.250000000000020428e+00 2.711226575680290851e-02
-2.150000000000020783e+00 2.965043139775123265e-02
-2.050000000000021139e+00 3.171910178802654634e-02
-1.950000000000021272e+00 3.647552730714480329e-02
-1.850000000000021627e+00 4.139478299535893219e-02
-1.750000000000021982e+00 4.521278536563672762e-02
-1.650000000000022338e+00 5.053383715100319418e-02
-1.550000000000022693e+00 5.563989917783397632e-02
-1.450000000000023048e+00 6.202666738328856816e-02
-1.350000000000023404e+00 7.281268691686076933e-02
-1.250000000000023759e+00 8.360916194660690526e-02
-1.150000000000024114e+00 9.667758903254924929e-02
-1.050000000000024469e+00 1.130726764825254194e-01
-9.500000000000248246e-01 1.342963905841130512e-01
-8.500000000000251799e-01 1.612001800838714083e-01
-7.500000000000255351e-01 1.941182892897204415e-01
-6.500000000000258904e-01 2.372581675418262426e-01
-5.500000000000262457e-01 2.847432217968758339e-01
-4.500000000000266565e-01 3.644460733241229322e-01
-3.500000000000270117e-01 4.605396650548743143e-01
-2.500000000000273670e-01 6.077125038998334450e-01
-1.500000000000277223e-01 8.063906936953133542e-01
-5.000000000002806366e-02 1.188911085258004707e+00
4.999999999997158107e-02 1.173531065122621619e+00
1.499999999999712119e-01 7.471854555857513347e-01
2.499999999999708566e-01 5.293960924272448354e-01
3.499999999999705014e-01 3.885909233761265513e-01
4.499999999999701461e-01 2.914171145794304252e-01
5.499999999999698463e-01 2.303217526499131140e-01
6.499999999999694911e-01 1.788040157310520906e-01
7.499999999999691358e-01 1.442308876889823455e-01
8.499999999999687805e-01 1.164811903398614151e-01
9.499999999999684253e-01 9.556566654022266571e-02
1.049999999999968070e+00 8.166286286038818010e-02
1.149999999999967715e+00 6.982375602613749566e-02
1.249999999999967359e+00 5.767514734778186880e-02
1.349999999999967004e+00 4.885764206671763810e-02
1.449999999999966649e+00 4.192117559730394738e-02
1.549999999999966294e+00 3.803940133175828797e-02
1.649999999999965938e+00 3.282118034597106965e-02
1.749999999999965583e+00 2.941803054868775621e-02
1.849999999999965228e+00 2.504357326188449279e-02
1.949999999999964873e+00 2.203593447490616655e-02
2.049999999999964295e+00 2.011370734499468016e-02
2.149999999999963940e+00 1.741666089784620758e-02
2.249999999999963585e+00 1.545191917108945830e-02
2.349999999999963229e+00 1.298484943048073929e-02
2.449999999999962874e+00 1.101702779012237593e-02
2.549999999999962519e+00 9.718284222750329243e-03
2.649999999999962164e+00 9.239033456267402994e-03
2.749999999999961808e+00 8.671430431418533646e-03
2.849999999999961453e+00 7.741333364802510664e-03
2.949999999999961098e+00 6.709886509693147039e-03
3.049999999999960743e+00 5.872253165054807517e-03
3.149999999999960387e+00 5.129301374915883234e-03
3.249999999999960032e+00 4.569737071931514495e-03
3.349999999999959677e+00 4.048553797537607010e-03
3.449999999999959321e+00 3.896857000336521274e-03
3.549999999999958966e+00 3.662864616971696439e-03
3.649999999999958611e+00 3.490713656712993336e-03
3.749999999999958256e+00 3.462751283224644715e-03
3.849999999999957900e+00 3.016237493134012529e-03
3.949999999999957545e+00 2.635374492972547555e-03
4.049999999999957190e+00 2.375210212208353315e-03
4.149999999999956835e+00 1.936300419335106092e-03
4.249999999999956479e+00 2.055098139428029880e-03
4.349999999999956124e+00 2.040936431432086810e-03
4.449999999999955769e+00 1.744299489596133970e-03
4.549999999999955413e+00 1.644172824686206862e-03
4.649999999999955058e+00 1.573983214712553445e-03
4.749999999999954703e+00 1.336306724168766181e-03
4.849999999999954348e+00 1.408345755946259449e-03
4.949999999999953992e+00 1.285775510102073714e-03
5.049999999999953637e+00 1.077085574842387644e-03
5.149999999999953282e+00 1.047133783477397113e-03
5.249999999999952927e+00 9.938026479546905635e-04
5.349999999999952571e+00 1.001281385527991175e-03
5.449999999999952216e+00 8.627884284563154234e-04
5.549999999999951861e+00 6.915511267779938034e-04
5.649999999999951505e+00 7.083874965858666037e-04
5.749999999999951150e+00 8.113214511661658891e-04
5.849999999999950795e+00 6.625350986364603395e-04
5.949999999999950440e+00 7.617186321085729368e-04
6.049999999999950084e+00 8.188075569538239441e-04
6.149999999999949729e+00 5.717660659611055289e-04
6.249999999999949374e+00 6.484986502846015136e-04
6.349999999999949019e+00 4.510452419207602957e-04
6.449999999999948663e+00 4.285942927721439542e-04
6.549999999999948308e+00 3.088092319552558423e-04
6.649999999999947953e+00 3.453113658844472527e-04
6.749999999999947597e+00 3.584046827984910255e-04
6.849999999999947242e+00 2.311335161939448858e-04
6.949999999999946887e+00 2.124182517247995045e-04
7.049999999999946532e+00 2.704355715791499724e-04
7.149999999999946176e+00 2.882150728248382594e-04
7.249999999999945821e+00 1.609512744346498618e-04
7.349999999999945466e+00 1.328783777309318847e-04
7.449999999999945111e+00 7.860411077041041714e-05
7.549999999999944755e+00 8.609021655806855340e-05
7.649999999999944400e+00 9.731937523955574423e-05
7.749999999999944045e+00 1.469148260827908190e-04
7.849999999999943689e+00 1.450432996358762782e-04
7.949999999999943334e+00 9.264055912226941923e-05
