-7.950000000000000178e+00 5.429507764570570946e-05
-7.850000000000000533e+00 6.740078604294501958e-05
-7.750000000000000888e+00 6.365629792944808157e-05
-7.650000000000001243e+00 8.612322661042976380e-05
-7.550000000000001599e+00 6.646466401457079185e-05
-7.450000000000001954e+00 6.833690807131926085e-05
-7.350000000000002309e+00 1.029734231211660119e-04
-7.250000000000002665e+00 8.425098255368128125e-05
-7.150000000000003020e+00 9.454832486579788108e-05
-7.050000000000003375e+00 9.548444689417212236e-05
-6.950000000000003730e+00 1.067179112346629499e-04
-6.850000000000004086e+00 1.132707654332825982e-04
-6.750000000000004441e+00 1.170152535467795498e-04
-6.650000000000004796e+00 1.329293280291415837e-04
-6.550000000000005151e+00 1.179513755751537910e-04
-6.450000000000005507e+00 1.563323787384974801e-04
-6.350000000000005862e+00 1.357376941142642804e-04
-6.250000000000006217e+00 1.675658430789883212e-04
-6.150000000000006573e+00 1.947133819018411827e-04
-6.050000000000006928e+00 1.788066784590726637e-04
-5.950000000000007283e+00 1.834799175613503145e-04
-5.850000000000007638e+00 2.171803105828228378e-04
-5.750000000000007994e+00 2.209247986963198030e-04
-5.650000000000008349e+00 2.630502899731604165e-04
-5.550000000000008704e+00 2.190525546395713204e-04
-5.450000000000009059e+00 2.480870795983596672e-04
-5.350000000000009415e+00 2.424629763885207182e-04
-5.250000000000009770e+00 3.061192743179688269e-04
-5.150000000000010125e+00 2.846032097445483616e-04
-5.050000000000010481e+00 3.519818826687128770e-04
-4.950000000000010836e+00 3.323233200728538915e-04
-4.850000000000011191e+00 3.800876566387204839e-04
-4.750000000000011546e+00 4.521764238631302384e-04
-4.650000000000011902e+00 4.643238971132148166e-04
-4.550000000000012257e+00 5.345477913204695628e-04
-4.450000000000012612e+00 5.719853014158455227e-04
-4.350000000000012967e+00 6.309683602430159535e-04
-4.250000000000013323e+00 6.693493634063597646e-04
-4.150000000000013678e+00 7.067868735017357245e-04
-4.050000000000014033e+00 8.603256282342975920e-04
-3.950000000000014388e+00 9.642646575422118100e-04
-3.850000000000014744e+00 1.094363506367450247e-03
-3.750000000000015099e+00 1.178607117881537783e-03
-3.650000000000015454e+00 1.455706609319904832e-03
-3.550000000000015810e+00 1.696297341651676824e-03
-3.450000000000016165e+00 1.949057660352314196e-03
-3.350000000000016520e+00 2.483561225435224323e-03
-3.250000000000016875e+00 2.962877817081615954e-03
-3.150000000000017231e+00 3.622851218125049556e-03
-3.050000000000017586e+00 4.422328914515025883e-03
-2.950000000000017941e+00 5.514820176825732147e-03
-2.850000000000018296e+00 6.931150692637177285e-03
-2.750000000000018652e+00 9.059899556199766529e-03
-2.650000000000019007e+00 1.136844281752692754e-02
-2.550000000000019362e+00 1.413651142919193117e-02
-2.450000000000019718e+00 1.783518853161532303e-02
-2.350000000000020073e+00 2.198691921161352245e-02
-2.250000000000020428e+00 2.693809810384332343e-02
-2.150000000000020783e+00 3.401070641731922251e-02
-2.050000000000021139e+00 4.148761625249822865e-02
-1.950000000000021272e+00 5.113922601206576796e-02
-1.850000000000021627e+00 6.184789444661815960e-02
-1.750000000000021982e+00 7.501226157694299013e-02
-1.650000000000022338e+00 8.957232031221734614e-02
-1.550000000000022693e+00 1.067257908759885882e-01
-1.450000000000023048e+00 1.252291420336358319e-01
-1.350000000000023404e+00 1.466594298193083235e-01
-1.250000000000023759e+00 1.695683112922381219e-01
-1.150000000000024114e+00 1.949514517386357060e-01
-1.050000000000024469e+00 2.207081933268291996e-01
-9.500000000000248246e-01 2.482475176461554911e-01
-8.500000000000251799e-01 2.757642792132852239e-01
-7.500000000000255351e-01 3.032498907670937438e-01
-6.500000000000258904e-01 3.293700909466031335e-01
-5.500000000000262457e-01 3.537723818963726119e-01
-4.500000000000266565e-01 3.758207976913149340e-01
-3.500000000000270117e-01 3.944347881532610511e-01
-2.500000000000273670e-01 4.091275403432973468e-01
-1.500000000000277223e-01 4.212556498723699638e-01
-5.000000000002806366e-02 4.245549271944198955e-01
4.999999999997158107e-02 4.258238664025196796e-01
1.499999999999712119e-01 4.199154400824406941e-01
2.499999999999708566e-01 4.105919742634961400e-01
3.499999999999705014e-01 3.949209671827689228e-01
4.499999999999701461e-01 3.774493551791024970e-01
5.499999999999698463e-01 3.545746384746893409e-01
6.499999999999694911e-01 3.306925144179933551e-01
7.499999999999691358e-01 3.034130634705750618e-01
8.499999999999687805e-01 2.758989333645792685e-01
9.499999999999684253e-01 2.476114264133948972e-01
1.049999999999968070e+00 2.207400730730710303e-01
1.149999999999967715e+00 1.939573638548981460e-01
1.249999999999967359e+00 1.691042085263127492e-01
1.349999999999967004e+00 1.461906538142805911e-01
1.449999999999966649e+00 1.249185780224429110e-01
1.549999999999966294e+00 1.061704272688560741e-01
1.649999999999965938e+00 8.979752768491749970e-02
1.749999999999965583e+00 7.497012871462660488e-02
1.849999999999965228e+00 6.207638193193741605e-02
1.949999999999964873e+00 5.097160857170961179e-02
2.049999999999964295e+00 4.159528502784046872e-02
2.149999999999963940e+00 3.405179259201336628e-02
2.249999999999963585e+00 2.751957730425559634e-02
2.349999999999963229e+00 2.204309390435557625e-02
2.449999999999962874e+00 1.785107312193930443e-02
2.549999999999962519e+00 1.386502866992381233e-02
2.649999999999962164e+00 1.127204436172316374e-02
2.749999999999961808e+00 8.709789917587806851e-03
2.849999999999961453e+00 7.183881527179442061e-03
2.949999999999961098e+00 5.571879394319000263e-03
3.049999999999960743e+00 4.490665822586345848e-03
3.149999999999960387e+00 3.550784564019420116e-03
3.249999999999960032e+00 2.938531273304292694e-03
3.349999999999959677e+00 2.481696352418069802e-03
3.449999999999959321e+00 2.068851795825842749e-03
3.549999999999958966e+00 1.748698062121853587e-03
3.649999999999958611e+00 1.398588423509889139e-03
3.749999999999958256e+00 1.182344234955441057e-03
3.849999999999957900e+00 1.043790803716460741e-03
3.949999999999957545e+00 9.502080850374113779e-04
4.049999999999957190e+00 8.266178641732315402e-04
4.149999999999956835e+00 7.199073239781621052e-04
4.249999999999956479e+00 6.656048752928627995e-04
4.349999999999956124e+00 6.047643144881307805e-04
4.449999999999955769e+00 5.289163170710371124e-04
4.549999999999955413e+00 5.214347118836367648e-04
4.649999999999955058e+00 4.727637374477699096e-04
4.749999999999954703e+00 4.044120872972636459e-04
4.849999999999954348e+00 3.707116942757910684e-04
4.949999999999953992e+00 3.800729145595334812e-04
5.049999999999953637e+00 3.650875910659522007e-04
5.149999999999953282e+00 3.332594421012281599e-04
5.249999999999952927e+00 2.817801015802386621e-04
5.349999999999952571e+00 3.155320918788656137e-04
5.449999999999952216e+00 2.733697454040575204e-04
5.549999999999951861e+00 2.377823662466495389e-04
5.649999999999951505e+00 2.331091271443718610e-04
5.749999999999951150e+00 2.162441885544486237e-04
5.849999999999950795e+00 2.068829682707062651e-04
5.949999999999950440e+00 2.059542172819254981e-04
6.049999999999950084e+00 1.638213549654913832e-04
6.149999999999949729e+00 1.666297210506140799e-04
6.249999999999949374e+00 1.507156465682520595e-04
6.349999999999949019e+00 1.525878906250005421e-04
6.449999999999948663e+00 1.404183042561354868e-04
6.549999999999948308e+00 1.123346434049083705e-04
6.649999999999947953e+00 1.039095451495402396e-04
6.749999999999947597e+00 1.113985213765341428e-04
6.849999999999947242e+00 9.454832486579788108e-05
6.949999999999946887e+00 9.548444689417212236e-05
7.049999999999946532e+00 9.829281297929483264e-05
7.149999999999946176e+00 9.267608080904941208e-05
7.249999999999945821e+00 8.237873849693281225e-05
7.349999999999945466e+00 9.829281297929483264e-05
7.449999999999945111e+00 7.676200632668737814e-05
7.549999999999944755e+00 6.365629792944808157e-05
7.649999999999944400e+00 6.272017590107384030e-05
7.749999999999944045e+00 7.208139618481619886e-05
7.849999999999943689e+00 6.927303009969350213e-05
7.949999999999943334e+00 6.552854198619655058e-05
