-7.950000000000000178e+00 3.744488113496946050e-06
-7.850000000000000533e+00 3.744488113496946050e-06
-7.750000000000000888e+00 3.744488113496946050e-06
-7.650000000000001243e+00 1.872244056748473025e-06
-7.550000000000001599e+00 2.808366085122709431e-06
-7.450000000000001954e+00 9.361220283742365124e-07
-7.350000000000002309e+00 3.744488113496946050e-06
-7.250000000000002665e+00 1.872244056748473025e-06
-7.150000000000003020e+00 9.361220283742365124e-07
-7.050000000000003375e+00 4.680610141871182668e-06
-6.950000000000003730e+00 1.872244056748473025e-06
-6.850000000000004086e+00 1.872244056748473025e-06
-6.750000000000004441e+00 4.680610141871182668e-06
-6.650000000000004796e+00 1.872244056748473025e-06
-6.550000000000005151e+00 4.680610141871182668e-06
-6.450000000000005507e+00 7.488976226993892099e-06
-6.350000000000005862e+00 6.552854198619655905e-06
-6.250000000000006217e+00 8.425098255368129141e-06
-6.150000000000006573e+00 9.361220283742365336e-06
-6.050000000000006928e+00 3.744488113496946050e-06
-5.950000000000007283e+00 1.310570839723931181e-05
-5.850000000000007638e+00 9.361220283742365336e-06
-5.750000000000007994e+00 7.488976226993892099e-06
-5.650000000000008349e+00 1.216958636886507561e-05
-5.550000000000008704e+00 9.361220283742365336e-06
-5.450000000000009059e+00 1.029734231211660153e-05
-5.350000000000009415e+00 2.340305070935590995e-05
-5.250000000000009770e+00 2.246692868098167545e-05
-5.150000000000010125e+00 2.433917273773015123e-05
-5.050000000000010481e+00 2.527529476610438573e-05
-4.950000000000010836e+00 2.808366085122709601e-05
-4.850000000000011191e+00 3.557263707822099234e-05
-4.750000000000011546e+00 4.961446750383453018e-05
-4.650000000000011902e+00 4.774222344708606118e-05
-4.550000000000012257e+00 5.991180981595113002e-05
-4.450000000000012612e+00 5.616732170245418524e-05
-4.350000000000012967e+00 1.076614043026307061e-04
-4.250000000000013323e+00 1.160791315184053220e-04
-4.150000000000013678e+00 1.366738161426385217e-04
-4.050000000000014033e+00 2.040746021855835413e-04
-3.950000000000014388e+00 2.733476322852770434e-04
-3.850000000000014744e+00 3.154731235621176569e-04
-3.750000000000015099e+00 4.502746956480076961e-04
-3.650000000000015454e+00 6.066070743865053117e-04
-3.550000000000015810e+00 8.088094325153406686e-04
-3.450000000000016165e+00 1.090582163055985694e-03
-3.350000000000016520e+00 1.584854594037581619e-03
-3.250000000000016875e+00 2.141847200920252766e-03
-3.150000000000017231e+00 2.987165392542192287e-03
-3.050000000000017586e+00 3.967285156250022551e-03
-2.950000000000017941e+00 5.363043100556016268e-03
-2.850000000000018296e+00 7.189417177914159129e-03
-2.750000000000018652e+00 9.225489960667691142e-03
-2.650000000000019007e+00 1.209937721673694580e-02
-2.550000000000019362e+00 1.570063865989258095e-02
-2.450000000000019718e+00 2.006766266433767862e-02
-2.350000000000020073e+00 2.529682557275707289e-02
-2.250000000000020428e+00 3.182066735953677228e-02
-2.150000000000020783e+00 3.951559043277266120e-02
-2.050000000000021139e+00 4.895357272284140554e-02
-1.950000000000021272e+00 5.964783814602805934e-02
-1.850000000000021627e+00 7.230890332186912239e-02
-1.750000000000021982e+00 8.654919161749834167e-02
-1.650000000000022338e+00 1.024445289172138118e-01
-1.550000000000022693e+00 1.206109572260817553e-01
-1.450000000000023048e+00 1.396844730383664523e-01
-1.350000000000023404e+00 1.602089337683937076e-01
-1.250000000000023759e+00 1.824924415001317191e-01
-1.150000000000024114e+00 2.067099699714509131e-01
-1.050000000000024469e+00 2.297526063288431453e-01
-9.500000000000248246e-01 2.540684128710615219e-01
-8.500000000000251799e-01 2.768819352047683369e-01
-7.500000000000255351e-01 3.006416484069346362e-01
-6.500000000000258904e-01 3.226341769796789993e-01
-5.500000000000262457e-01 3.419529125371590927e-01
-4.500000000000266565e-01 3.602045795478865942e-01
-3.500000000000270117e-01 3.751225980789399950e-01
-2.500000000000273670e-01 3.856961258735856490e-01
-1.500000000000277223e-01 3.934220073131144968e-01
-5.000000000002806366e-02 3.976635909657575407e-01
4.999999999997158107e-02 3.975083568719186000e-01
1.499999999999712119e-01 3.941111995151068692e-01
2.499999999999708566e-01 3.865912649218199437e-01
3.499999999999705014e-01 3.760550567006364364e-01
4.499999999999701461e-01 3.593854432889007633e-01
5.499999999999698463e-01 3.420623798461621679e-01
6.499999999999694911e-01 3.220940124561880724e-01
7.499999999999691358e-01 3.005303678221915575e-01
8.499999999999687805e-01 2.784068337627524370e-01
9.499999999999684253e-01 2.544897857204632685e-01
1.049999999999968070e+00 2.297123899368210265e-01
1.149999999999967715e+00 2.055519870223518619e-01
1.249999999999967359e+00 1.828725365278100479e-01
1.349999999999967004e+00 1.601312651241970642e-01
1.449999999999966649e+00 1.397265837875640848e-01
1.549999999999966294e+00 1.192180150189005028e-01
1.649999999999965938e+00 1.034237346720120188e-01
1.749999999999965583e+00 8.623371112289661411e-02
1.849999999999965228e+00 7.192321367513934693e-02
1.949999999999964873e+00 5.985940172444066676e-02
2.049999999999964295e+00 4.915483158790228541e-02
2.149999999999963940e+00 3.971966503495823198e-02
2.249999999999963585e+00 3.205376911564154080e-02
2.349999999999963229e+00 2.543069102281459576e-02
2.449999999999962874e+00 1.994033532639959139e-02
2.549999999999962519e+00 1.546380715775349558e-02
2.649999999999962164e+00 1.189249424846624409e-02
2.749999999999961808e+00 9.397729042848954051e-03
2.849999999999961453e+00 7.102357829275355965e-03
2.949999999999961098e+00 5.343384537960156958e-03
3.049999999999960743e+00 4.016899623753857583e-03
3.149999999999960387e+00 2.930061948811363542e-03
3.249999999999960032e+00 2.151208421203995233e-03
3.349999999999959677e+00 1.586726838094330155e-03
3.449999999999959321e+00 1.141132752588194452e-03
3.549999999999958966e+00 8.162984087423344904e-04
3.649999999999958611e+00 6.309462471242355307e-04
3.749999999999958256e+00 4.661887701303697707e-04
3.849999999999957900e+00 3.313871980444796773e-04
3.949999999999957545e+00 2.396472392638045201e-04
4.049999999999957190e+00 1.909688937883442447e-04
4.149999999999956835e+00 1.441627923696323977e-04
4.249999999999956479e+00 1.198236196319022600e-04
4.349999999999956124e+00 7.020915212806772986e-05
4.449999999999955769e+00 8.050649444018434324e-05
4.549999999999955413e+00 5.242283358895724046e-05
4.649999999999955058e+00 5.335895561733148174e-05
4.749999999999954703e+00 4.212549127684064062e-05
4.849999999999954348e+00 3.931712519171793035e-05
4.949999999999953992e+00 3.276427099309828206e-05
5.049999999999953637e+00 2.621141679447862023e-05
5.149999999999953282e+00 2.340305070935591334e-05
5.249999999999952927e+00 2.246692868098167545e-05
5.349999999999952571e+00 1.497795245398778420e-05
5.449999999999952216e+00 1.123346434049083773e-05
5.549999999999951861e+00 2.059468462423320645e-05
5.649999999999951505e+00 9.361220283742365336e-06
5.749999999999951150e+00 8.425098255368129141e-06
5.849999999999950795e+00 7.488976226993892099e-06
5.949999999999950440e+00 1.123346434049083773e-05
6.049999999999950084e+00 8.425098255368129141e-06
6.149999999999949729e+00 1.029734231211660153e-05
6.249999999999949374e+00 1.029734231211660153e-05
6.349999999999949019e+00 7.488976226993892099e-06
6.449999999999948663e+00 6.552854198619655905e-06
6.549999999999948308e+00 6.552854198619655905e-06
6.649999999999947953e+00 5.616732170245418863e-06
6.749999999999947597e+00 7.488976226993891252e-06
6.849999999999947242e+00 2.808366085122709431e-06
6.949999999999946887e+00 1.872244056748473025e-06
7.049999999999946532e+00 3.744488113496946050e-06
7.149999999999946176e+00 1.872244056748473025e-06
7.249999999999945821e+00 2.808366085122709431e-06
7.349999999999945466e+00 3.744488113496946050e-06
7.449999999999945111e+00 9.361220283742365124e-07
7.549999999999944755e+00 9.361220283742365124e-07
7.649999999999944400e+00 1.872244056748473025e-06
7.749999999999944045e+00 9.361220283742365124e-07
7.849999999999943689e+00 0.000000000000000000e+00
7.949999999999943334e+00 3.744488113496946050e-06
