-7.950000000000000178e+00 9.544784879264120339e-05
-7.850000000000000533e+00 1.150988764852438145e-04
-7.750000000000000888e+00 1.207134558259874234e-04
-7.650000000000001243e+00 1.431717731889618457e-04
-7.550000000000001599e+00 1.291353248371028301e-04
-7.450000000000001954e+00 1.441075364124190755e-04
-7.350000000000002309e+00 1.675016169988507411e-04
-7.250000000000002665e+00 1.880884079149106091e-04
-7.150000000000003020e+00 2.339408058643167106e-04
-7.050000000000003375e+00 2.030606194902268816e-04
-6.950000000000003730e+00 2.442342013223466174e-04
-6.850000000000004086e+00 2.264547000766585472e-04
-6.750000000000004441e+00 2.854077831544663533e-04
-6.650000000000004796e+00 3.331317075507869685e-04
-6.550000000000005151e+00 3.406178133384451861e-04
-6.450000000000005507e+00 3.902132641816802609e-04
-6.350000000000005862e+00 3.621477356923202156e-04
-6.250000000000006217e+00 3.920847906285948288e-04
-6.150000000000006573e+00 3.640118939248768518e-04
-6.050000000000006928e+00 4.510526101351184985e-04
-5.950000000000007283e+00 5.380712217022864041e-04
-5.850000000000007638e+00 5.577296176092469198e-04
-5.750000000000007994e+00 6.709495994332182345e-04
-5.650000000000008349e+00 6.606562039751883277e-04
-5.550000000000008704e+00 7.177451288204394434e-04
-5.450000000000009059e+00 8.450089272106276785e-04
-5.350000000000009415e+00 9.329706702156105287e-04
-5.250000000000009770e+00 1.050869468156868155e-03
-5.150000000000010125e+00 1.189362425228543147e-03
-5.050000000000010481e+00 1.291382721228458673e-03
-4.950000000000010836e+00 1.428917810433603074e-03
-4.850000000000011191e+00 1.548702871250490914e-03
-4.750000000000011546e+00 1.763000017636562810e-03
-4.650000000000011902e+00 1.923008160633397565e-03
-4.550000000000012257e+00 2.063446326295566985e-03
-4.450000000000012612e+00 2.271156289045648397e-03
-4.350000000000012967e+00 2.489159647253760474e-03
-4.250000000000013323e+00 2.680062713053401029e-03
-4.150000000000013678e+00 2.987936181785200672e-03
-4.050000000000014033e+00 3.309831362440143060e-03
-3.950000000000014388e+00 3.751504235697615194e-03
-3.850000000000014744e+00 4.078144546399064575e-03
-3.750000000000015099e+00 4.583419845994194872e-03
-3.650000000000015454e+00 4.952117924250713094e-03
-3.550000000000015810e+00 5.847672801956740538e-03
-3.450000000000016165e+00 6.157425165349807855e-03
-3.350000000000016520e+00 6.938802193365336754e-03
-3.250000000000016875e+00 7.735239851528482799e-03
-3.150000000000017231e+00 8.761757371232394009e-03
-3.050000000000017586e+00 9.895998184849272641e-03
-2.950000000000017941e+00 1.091158864266038309e-02
-2.850000000000018296e+00 1.217942255080090887e-02
-2.750000000000018652e+00 1.385729758796031517e-02
-2.650000000000019007e+00 1.568301584621161621e-02
-2.550000000000019362e+00 1.736935696166828913e-02
-2.450000000000019718e+00 1.937587646383451268e-02
-2.350000000000020073e+00 2.211764797213563311e-02
-2.250000000000020428e+00 2.503930706577128795e-02
-2.150000000000020783e+00 2.791408957966177301e-02
-2.050000000000021139e+00 3.169959075640686047e-02
-1.950000000000021272e+00 3.636927028788915217e-02
-1.850000000000021627e+00 4.168836212823640031e-02
-1.750000000000021982e+00 4.797529102914097759e-02
-1.650000000000022338e+00 5.489097913406525836e-02
-1.550000000000022693e+00 6.302512674271754101e-02
-1.450000000000023048e+00 7.207718439143771805e-02
-1.350000000000023404e+00 8.254949483050662284e-02
-1.250000000000023759e+00 9.639562220549988125e-02
-1.150000000000024114e+00 1.124031194756058005e-01
-1.050000000000024469e+00 1.302498335726665346e-01
-9.500000000000248246e-01 1.527231526200728551e-01
-8.500000000000251799e-01 1.787175055262750778e-01
-7.500000000000255351e-01 2.120542766719418770e-01
-6.500000000000258904e-01 2.511936124112665314e-01
-5.500000000000262457e-01 2.995507832541490223e-01
-4.500000000000266565e-01 3.629970108156344022e-01
-3.500000000000270117e-01 4.399921688259861297e-01
-2.500000000000273670e-01 5.420612497731629453e-01
-1.500000000000277223e-01 6.770428548197038321e-01
-5.000000000002806366e-02 8.559443667631347896e-01
4.999999999997158107e-02 8.611254961578439504e-01
1.499999999999712119e-01 6.751144383897317303e-01
2.499999999999708566e-01 5.394121777696987419e-01
3.499999999999705014e-01 4.388871945597985214e-01
4.499999999999701461e-01 3.608151130753208813e-01
5.499999999999698463e-01 2.997762579817159767e-01
6.499999999999694911e-01 2.506004490508101368e-01
7.499999999999691358e-01 2.097267535430580865e-01
8.499999999999687805e-01 1.779515280662676002e-01
9.499999999999684253e-01 1.521567727188073427e-01
1.049999999999968070e+00 1.295236149973344741e-01
1.149999999999967715e+00 1.117323393451028352e-01
1.249999999999967359e+00 9.650659488194460178e-02
1.349999999999967004e+00 8.324138489514494588e-02
1.449999999999966649e+00 7.195461414559353730e-02
1.549999999999966294e+00 6.269609176234977599e-02
1.649999999999965938e+00 5.484606249933932087e-02
1.749999999999965583e+00 4.770892271188741096e-02
1.849999999999965228e+00 4.162647649584412524e-02
1.949999999999964873e+00 3.588723433637897031e-02
2.049999999999964295e+00 3.216297775737714942e-02
2.149999999999963940e+00 2.836608532123472207e-02
2.249999999999963585e+00 2.534793946058196135e-02
2.349999999999963229e+00 2.221403895236608722e-02
2.449999999999962874e+00 1.963760280604259778e-02
2.549999999999962519e+00 1.714575376054814498e-02
2.649999999999962164e+00 1.557902086876377518e-02
2.749999999999961808e+00 1.367376273651860555e-02
2.849999999999961453e+00 1.211465594659469000e-02
2.949999999999961098e+00 1.090942975585350479e-02
3.049999999999960743e+00 1.000642561343158786e-02
3.149999999999960387e+00 8.857183115381965510e-03
3.249999999999960032e+00 7.784768988442498927e-03
3.349999999999959677e+00 6.982819905939619681e-03
3.449999999999959321e+00 6.275331331505424118e-03
3.549999999999958966e+00 5.769105532258121324e-03
3.649999999999958611e+00 5.053231929884601653e-03
3.749999999999958256e+00 4.434648229893206270e-03
3.849999999999957900e+00 4.059407177286844179e-03
3.949999999999957545e+00 3.573738696098166003e-03
4.049999999999957190e+00 3.265872595580725755e-03
4.149999999999956835e+00 3.008522972701261136e-03
4.249999999999956479e+00 2.582735969599487570e-03
4.349999999999956124e+00 2.413362826153721882e-03
4.449999999999955769e+00 2.259897657506729912e-03
4.549999999999955413e+00 2.051207722247043192e-03
4.649999999999955058e+00 1.797623256904481558e-03
4.749999999999954703e+00 1.640415035363661104e-03
4.849999999999954348e+00 1.468241970461881983e-03
4.949999999999953992e+00 1.277353641090957833e-03
5.049999999999953637e+00 1.182841555521774212e-03
5.149999999999953282e+00 1.094872444302433375e-03
5.249999999999952927e+00 9.751021199142612898e-04
5.349999999999952571e+00 9.170848000599107677e-04
5.449999999999952216e+00 7.692194743249469637e-04
5.549999999999951861e+00 7.842064223289791540e-04
5.649999999999951505e+00 6.728137576657747081e-04
5.749999999999951150e+00 6.475481506324285829e-04
5.849999999999950795e+00 5.436784328286721219e-04
5.949999999999950440e+00 5.034406142200095616e-04
6.049999999999950084e+00 4.416802414718299578e-04
6.149999999999949729e+00 4.070570022039111014e-04
6.249999999999949374e+00 3.434251030088169296e-04
6.349999999999949019e+00 3.303244178804151708e-04
6.449999999999948663e+00 3.237740753162143457e-04
6.549999999999948308e+00 2.760501509198937304e-04
6.649999999999947953e+00 2.601421761211201739e-04
6.749999999999947597e+00 2.582706496742056602e-04
6.849999999999947242e+00 2.376838587581457652e-04
6.949999999999946887e+00 2.152255413951713564e-04
7.049999999999946532e+00 1.993175665963978541e-04
7.149999999999946176e+00 1.581439847642780912e-04
7.249999999999945821e+00 1.469148260827909003e-04
7.349999999999945466e+00 1.291353248371028301e-04
7.449999999999945111e+00 1.272637983901882893e-04
7.549999999999944755e+00 1.094842971445002190e-04
7.649999999999944400e+00 1.001266649099275419e-04
7.749999999999944045e+00 8.702597978152581027e-05
7.849999999999943689e+00 7.018224175929502402e-05
7.949999999999943334e+00 8.515445333461128298e-05
