-7.950000000000000178e+00 1.018500766871169251e-05
-7.850000000000000533e+00 1.123346434049083773e-05
-7.750000000000000888e+00 1.273125958588961733e-05
-7.650000000000001243e+00 2.022023581288350858e-05
-7.550000000000001599e+00 1.842288151840497441e-05
-7.450000000000001954e+00 1.917177914110436337e-05
-7.350000000000002309e+00 2.531273964723935484e-05
-7.250000000000002665e+00 2.516296012269947840e-05
-7.150000000000003020e+00 2.740965299079764527e-05
-7.050000000000003375e+00 3.624664493865043630e-05
-6.950000000000003730e+00 3.609686541411055987e-05
-6.850000000000004086e+00 4.733032975460139421e-05
-6.750000000000004441e+00 5.436996740797565446e-05
-6.650000000000004796e+00 5.886335314417198819e-05
-6.550000000000005151e+00 6.545365222392661236e-05
-6.450000000000005507e+00 7.698667561349721990e-05
-6.350000000000005862e+00 8.627300613496962668e-05
-6.250000000000006217e+00 9.031705329754633111e-05
-6.150000000000006573e+00 9.855492714723961640e-05
-6.050000000000006928e+00 1.124844229294482469e-04
-5.950000000000007283e+00 1.174271472392642235e-04
-5.850000000000007638e+00 1.357002492331293520e-04
-5.750000000000007994e+00 1.643081384202460223e-04
-5.650000000000008349e+00 1.765900594325160527e-04
-5.550000000000008704e+00 1.978587519171787234e-04
-5.450000000000009059e+00 2.290128930214734015e-04
-5.350000000000009415e+00 2.474357745398783658e-04
-5.250000000000009770e+00 2.664577741564429442e-04
-5.150000000000010125e+00 3.127408266056002023e-04
-5.050000000000010481e+00 3.522814417177930636e-04
-4.950000000000010836e+00 3.967659605061368529e-04
-4.850000000000011191e+00 4.409520996117357867e-04
-4.750000000000011546e+00 4.873837522190978613e-04
-4.650000000000011902e+00 5.468521202931038352e-04
-4.550000000000012257e+00 6.370134972344346919e-04
-4.450000000000012612e+00 7.042668624855090605e-04
-4.350000000000012967e+00 8.297809246835905622e-04
-4.250000000000013323e+00 8.866971440087436079e-04
-4.150000000000013678e+00 1.019703720532823786e-03
-4.050000000000014033e+00 1.170679122536349330e-03
-3.950000000000014388e+00 1.349969930875921610e-03
-3.850000000000014744e+00 1.548274483267713048e-03
-3.750000000000015099e+00 1.795121754006444087e-03
-3.650000000000015454e+00 2.045247663156363194e-03
-3.550000000000015810e+00 2.400976392671239686e-03
-3.450000000000016165e+00 2.818423721227225100e-03
-3.350000000000016520e+00 3.366761843102372871e-03
-3.250000000000016875e+00 4.024885997732580330e-03
-3.150000000000017231e+00 4.811695530635575792e-03
-3.050000000000017586e+00 5.843069081052820052e-03
-2.950000000000017941e+00 7.048347273757875689e-03
-2.850000000000018296e+00 8.553493509522443888e-03
-2.750000000000018652e+00 1.050767875985756175e-02
-2.650000000000019007e+00 1.292090758938269253e-02
-2.550000000000019362e+00 1.567283038108057899e-02
-2.450000000000019718e+00 1.918441487201796858e-02
-2.350000000000020073e+00 2.356353062465482706e-02
-2.250000000000020428e+00 2.859314710793268294e-02
-2.150000000000020783e+00 3.494846216291186414e-02
-2.050000000000021139e+00 4.242023615254331137e-02
-1.950000000000021272e+00 5.104038155048591652e-02
-1.850000000000021627e+00 6.129008453886852781e-02
-1.750000000000021982e+00 7.333528314038884055e-02
-1.650000000000022338e+00 8.695791841654085252e-02
-1.550000000000022693e+00 1.027584093065515014e-01
-1.450000000000023048e+00 1.202438526237539496e-01
-1.350000000000023404e+00 1.398482823048396717e-01
-1.250000000000023759e+00 1.613770026583992434e-01
-1.150000000000024114e+00 1.850160893872984380e-01
-1.050000000000024469e+00 2.101084231570246597e-01
-9.500000000000248246e-01 2.373419083015333997e-01
-8.500000000000251799e-01 2.650492439695781854e-01
-7.500000000000255351e-01 2.937238876499986828e-01
-6.500000000000258904e-01 3.233321990974470372e-01
-5.500000000000262457e-01 3.519240689516411891e-01
-4.500000000000266565e-01 3.792518467933684301e-01
-3.500000000000270117e-01 4.029770284440895578e-01
-2.500000000000273670e-01 4.236133859777666544e-01
-1.500000000000277223e-01 4.381429704766276467e-01
-5.000000000002806366e-02 4.461907682128467001e-01
4.999999999997158107e-02 4.460358478304526919e-01
1.499999999999712119e-01 4.384458871816623304e-01
2.499999999999708566e-01 4.240436966549382403e-01
3.499999999999705014e-01 4.038935045880555075e-01
4.499999999999701461e-01 3.792262085486136081e-01
5.499999999999698463e-01 3.521100019511790857e-01
6.499999999999694911e-01 3.236900766324241063e-01
7.499999999999691358e-01 2.944697932203068635e-01
8.499999999999687805e-01 2.658409667426333001e-01
9.499999999999684253e-01 2.374541037797107401e-01
1.049999999999968070e+00 2.106659780268073656e-01
1.149999999999967715e+00 1.853944595917116911e-01
1.249999999999967359e+00 1.618850312183119367e-01
1.349999999999967004e+00 1.404107020607542333e-01
1.449999999999966649e+00 1.206490227487630740e-01
1.549999999999966294e+00 1.028401464697621115e-01
1.649999999999965938e+00 8.742117233354680661e-02
1.749999999999965583e+00 7.337467043787747334e-02
1.849999999999965228e+00 6.155205600348678807e-02
1.949999999999964873e+00 5.118969876342246983e-02
2.049999999999964295e+00 4.238219569140924681e-02
2.149999999999963940e+00 3.481589666939707145e-02
2.249999999999963585e+00 2.871879443852664096e-02
2.349999999999963229e+00 2.346975566926313289e-02
2.449999999999962874e+00 1.909170488442676200e-02
2.549999999999962519e+00 1.558626253336185298e-02
2.649999999999962164e+00 1.269295376733001537e-02
2.749999999999961808e+00 1.045584443006974951e-02
2.849999999999961453e+00 8.510959662652126112e-03
2.949999999999961098e+00 6.985904543787102398e-03
3.049999999999960743e+00 5.757093275234261183e-03
3.149999999999960387e+00 4.758812744175984141e-03
3.249999999999960032e+00 3.958237647411339682e-03
3.349999999999959677e+00 3.283333468567326691e-03
3.449999999999959321e+00 2.808381416885043398e-03
3.549999999999958966e+00 2.397979622814107314e-03
3.649999999999958611e+00 2.025476765917099721e-03
3.749999999999958256e+00 1.731611697502531515e-03
3.849999999999957900e+00 1.502890107965795374e-03
3.949999999999957545e+00 1.326760001403915357e-03
4.049999999999957190e+00 1.141778750498163159e-03
4.149999999999956835e+00 9.972332537528374660e-04
4.249999999999956479e+00 8.691741190039130706e-04
4.349999999999956124e+00 7.703184534412596714e-04
4.449999999999955769e+00 6.922880386213239087e-04
4.549999999999955413e+00 6.184431949241599169e-04
4.649999999999955058e+00 5.407040835889590294e-04
4.749999999999954703e+00 4.767529440757713806e-04
4.849999999999954348e+00 4.355588573619652835e-04
4.949999999999953992e+00 3.618673312883452639e-04
5.049999999999953637e+00 3.416470954754617282e-04
5.149999999999953282e+00 3.009070648006148497e-04
5.249999999999952927e+00 2.731978527607374380e-04
5.349999999999952571e+00 2.462375383435593543e-04
5.449999999999952216e+00 2.143344996165653482e-04
5.549999999999951861e+00 1.962111771472400826e-04
5.649999999999951505e+00 1.738940279907982497e-04
5.749999999999951150e+00 1.544226898006140962e-04
5.849999999999950795e+00 1.370482649539882399e-04
5.949999999999950440e+00 1.186253834355832350e-04
6.049999999999950084e+00 1.159293519938654456e-04
6.149999999999949729e+00 9.825536809815984998e-05
6.249999999999949374e+00 8.747124233128865172e-05
6.349999999999949019e+00 7.923336848159536643e-05
6.449999999999948663e+00 6.874880176380392105e-05
6.549999999999948308e+00 6.500431365030698305e-05
6.649999999999947953e+00 5.691621932515358097e-05
6.749999999999947597e+00 4.942724309815969141e-05
6.849999999999947242e+00 4.014091257668726430e-05
6.949999999999946887e+00 3.819377875766885030e-05
7.049999999999946532e+00 3.145370015337434970e-05
7.149999999999946176e+00 2.800877108895715440e-05
7.249999999999945821e+00 2.860788918711666353e-05
7.349999999999945466e+00 2.126869248466265719e-05
7.449999999999945111e+00 2.022023581288350858e-05
7.549999999999944755e+00 1.572685007668717485e-05
7.649999999999944400e+00 1.348015720858900459e-05
7.749999999999944045e+00 1.512773197852766063e-05
7.849999999999943689e+00 8.836991947852792728e-06
7.949999999999943334e+00 1.018500766871169251e-05
