-7.950000000000000178e+00 0.000000000000000000e+00
-7.850000000000000533e+00 0.000000000000000000e+00
-7.750000000000000888e+00 0.000000000000000000e+00
-7.650000000000001243e+00 0.000000000000000000e+00
-7.550000000000001599e+00 0.000000000000000000e+00
-7.450000000000001954e+00 0.000000000000000000e+00
-7.350000000000002309e+00 0.000000000000000000e+00
-7.250000000000002665e+00 0.000000000000000000e+00
-7.150000000000003020e+00 0.000000000000000000e+00
-7.050000000000003375e+00 0.000000000000000000e+00
-6.950000000000003730e+00 0.000000000000000000e+00
-6.850000000000004086e+00 0.000000000000000000e+00
-6.750000000000004441e+00 0.000000000000000000e+00
-6.650000000000004796e+00 0.000000000000000000e+00
-6.550000000000005151e+00 1.497703361756952780e-07
-6.450000000000005507e+00 2.995406723513905561e-07
-6.350000000000005862e+00 1.497703361756952780e-07
-6.250000000000006217e+00 4.493110085270858341e-07
-6.150000000000006573e+00 1.497703361756952780e-07
-6.050000000000006928e+00 7.488516808784763901e-07
-5.950000000000007283e+00 5.990813447027811121e-07
-5.850000000000007638e+00 5.990813447027811121e-07
-5.750000000000007994e+00 4.493110085270858341e-07
-5.650000000000008349e+00 7.488516808784763901e-07
-5.550000000000008704e+00 1.947014370284038508e-06
-5.450000000000009059e+00 1.797244034108343336e-06
-5.350000000000009415e+00 2.246555042635429276e-06
-5.250000000000009770e+00 2.995406723513905984e-06
-5.150000000000010125e+00 4.343339749095162957e-06
-5.050000000000010481e+00 6.739665127906288252e-06
-4.950000000000010836e+00 8.237368489663240821e-06
-4.850000000000011191e+00 1.198162689405562224e-05
-4.750000000000011546e+00 1.497703361756952907e-05
-4.650000000000011902e+00 1.947014370284038678e-05
-4.550000000000012257e+00 3.100245958836892054e-05
-4.450000000000012612e+00 4.118684244831619394e-05
-4.350000000000012967e+00 6.290354119379200110e-05
-4.250000000000013323e+00 7.892896716459138918e-05
-4.150000000000013678e+00 1.112793597785415565e-04
-4.050000000000014033e+00 1.599547190356425709e-04
-3.950000000000014388e+00 2.207614755229749827e-04
-3.850000000000014744e+00 3.221559931139209281e-04
-3.750000000000015099e+00 4.490114678547350705e-04
-3.650000000000015454e+00 6.140583783203516170e-04
-3.550000000000015810e+00 8.559374712440999226e-04
-3.450000000000016165e+00 1.183035885451818887e-03
-3.350000000000016520e+00 1.636690233728001036e-03
-3.250000000000016875e+00 2.211209243297969015e-03
-3.150000000000017231e+00 3.004692484356804444e-03
-3.050000000000017586e+00 4.034962626909414582e-03
-2.950000000000017941e+00 5.430522619394546197e-03
-2.850000000000018296e+00 7.165911504662330657e-03
-2.750000000000018652e+00 9.459344662520486127e-03
-2.650000000000019007e+00 1.224297613068153420e-02
-2.550000000000019362e+00 1.582398486864189380e-02
-2.450000000000019718e+00 2.025149554666709484e-02
-2.350000000000020073e+00 2.568995599387809831e-02
-2.250000000000020428e+00 3.214565656439474783e-02
-2.150000000000020783e+00 3.992278081099240317e-02
-2.050000000000021139e+00 4.924508561591443151e-02
-1.950000000000021272e+00 5.979985051722570139e-02
-1.850000000000021627e+00 7.257795605906167125e-02
-1.750000000000021982e+00 8.635233387713875386e-02
-1.650000000000022338e+00 1.024454560398892766e-01
-1.550000000000022693e+00 1.201174570866049562e-01
-1.450000000000023048e+00 1.391884628435305915e-01
-1.350000000000023404e+00 1.603141678424488126e-01
-1.250000000000023759e+00 1.822758908579031056e-01
-1.150000000000024114e+00 2.053516056338345885e-01
-1.050000000000024469e+00 2.294400674229893911e-01
-9.500000000000248246e-01 2.534142544456442492e-01
-8.500000000000251799e-01 2.774306767031028409e-01
-7.500000000000255351e-01 3.009952418563163756e-01
-6.500000000000258904e-01 3.222006246740880542e-01
-5.500000000000262457e-01 3.426345404902179093e-01
-4.500000000000266565e-01 3.602980046277691750e-01
-3.500000000000270117e-01 3.750752446168788001e-01
-2.500000000000273670e-01 3.860349885072067444e-01
-1.500000000000277223e-01 3.939108114053410103e-01
-5.000000000002806366e-02 3.979270527402274382e-01
4.999999999997158107e-02 3.975156336267532398e-01
1.499999999999712119e-01 3.937673314232845168e-01
2.499999999999708566e-01 3.859587554060930348e-01
3.499999999999705014e-01 3.751848765029594523e-01
4.499999999999701461e-01 3.601645592582367050e-01
5.499999999999698463e-01 3.423290090044198153e-01
6.499999999999694911e-01 3.225356609161130206e-01
7.499999999999691358e-01 3.007938007541606229e-01
8.499999999999687805e-01 2.776754014324143149e-01
9.499999999999684253e-01 2.531341839169952146e-01
1.049999999999968070e+00 2.293431660154836293e-01
1.149999999999967715e+00 2.055888418463368561e-01
1.249999999999967359e+00 1.822478838050379801e-01
1.349999999999967004e+00 1.604434196425683912e-01
1.449999999999966649e+00 1.393403299644124793e-01
1.549999999999966294e+00 1.200012353057327286e-01
1.649999999999965938e+00 1.024468039729149460e-01
1.749999999999965583e+00 8.651153974449352080e-02
1.849999999999965228e+00 7.238729842111006618e-02
1.949999999999964873e+00 5.993494336045620402e-02
2.049999999999964295e+00 4.928926786508629199e-02
2.149999999999963940e+00 3.984340253281925398e-02
2.249999999999963585e+00 3.205699252537871219e-02
2.349999999999963229e+00 2.560278965822385122e-02
2.449999999999962874e+00 2.023636874271335026e-02
2.549999999999962519e+00 1.583192269645920455e-02
2.649999999999962164e+00 1.228850631287893569e-02
2.749999999999961808e+00 9.510116806484041757e-03
2.849999999999961453e+00 7.169206452058195581e-03
2.949999999999961098e+00 5.469912217808754057e-03
3.049999999999960743e+00 4.057877488344296089e-03
3.149999999999960387e+00 3.004992025029155998e-03
3.249999999999960032e+00 2.233375253051972289e-03
3.349999999999959677e+00 1.632945975323608565e-03
3.449999999999959321e+00 1.184982899822103119e-03
3.549999999999958966e+00 8.635757583890604251e-04
3.649999999999958611e+00 6.213971247929606740e-04
3.749999999999958256e+00 4.350828265903953530e-04
3.849999999999957900e+00 3.167642610115958867e-04
3.949999999999957545e+00 2.263029779614757198e-04
4.049999999999957190e+00 1.617519630697509181e-04
4.149999999999956835e+00 1.102309674253116874e-04
4.249999999999956479e+00 7.967781884546986716e-05
4.349999999999956124e+00 5.601410572971001725e-05
4.449999999999955769e+00 4.073753143978911393e-05
4.549999999999955413e+00 2.935498589043627576e-05
4.649999999999955058e+00 1.991945471136747357e-05
4.749999999999954703e+00 1.572588529844800366e-05
4.849999999999954348e+00 1.273047857493409853e-05
4.949999999999953992e+00 9.135990506717411007e-06
5.049999999999953637e+00 6.889435464081983001e-06
5.149999999999953282e+00 4.043799076743772613e-06
5.249999999999952927e+00 3.444717732040991077e-06
5.349999999999952571e+00 1.947014370284038508e-06
5.449999999999952216e+00 2.396325378811124448e-06
5.549999999999951861e+00 1.198162689405562224e-06
5.649999999999951505e+00 1.497703361756952780e-06
5.749999999999951150e+00 7.488516808784763901e-07
5.849999999999950795e+00 7.488516808784763901e-07
5.949999999999950440e+00 5.990813447027811121e-07
6.049999999999950084e+00 2.995406723513905561e-07
6.149999999999949729e+00 2.995406723513905561e-07
6.249999999999949374e+00 2.995406723513905561e-07
6.349999999999949019e+00 1.497703361756952780e-07
6.449999999999948663e+00 1.497703361756952780e-07
6.549999999999948308e+00 1.497703361756952780e-07
6.649999999999947953e+00 1.497703361756952780e-07
6.749999999999947597e+00 0.000000000000000000e+00
6.849999999999947242e+00 0.000000000000000000e+00
6.949999999999946887e+00 0.000000000000000000e+00
7.049999999999946532e+00 0.000000000000000000e+00
7.149999999999946176e+00 0.000000000000000000e+00
7.249999999999945821e+00 0.000000000000000000e+00
7.349999999999945466e+00 0.000000000000000000e+00
7.449999999999945111e+00 0.000000000000000000e+00
7.549999999999944755e+00 0.000000000000000000e+00
7.649999999999944400e+00 0.000000000000000000e+00
7.749999999999944045e+00 0.000000000000000000e+00
7.849999999999943689e+00 0.000000000000000000e+00
7.949999999999943334e+00 0.000000000000000000e+00
