-7.950000000000000178e+00 5.990813447027811121e-07
-7.850000000000000533e+00 0.000000000000000000e+00
-7.750000000000000888e+00 7.488516808784763901e-07
-7.650000000000001243e+00 8.986220170541716682e-07
-7.550000000000001599e+00 8.986220170541716682e-07
-7.450000000000001954e+00 2.995406723513905137e-06
-7.350000000000002309e+00 2.546095714986820044e-06
-7.250000000000002665e+00 2.995406723513905561e-06
-7.150000000000003020e+00 6.140583783203506717e-06
-7.050000000000003375e+00 4.792650757622248897e-06
-6.950000000000003730e+00 7.638287144960458438e-06
-6.850000000000004086e+00 6.440124455554897061e-06
-6.750000000000004441e+00 1.183185655787992665e-05
-6.650000000000004796e+00 1.587565563462369926e-05
-6.550000000000005151e+00 1.587565563462369926e-05
-6.450000000000005507e+00 2.036876571989455696e-05
-6.350000000000005862e+00 2.591026815839528384e-05
-6.250000000000006217e+00 3.324901463100434770e-05
-6.150000000000006573e+00 4.118684244831619394e-05
-6.050000000000006928e+00 4.957398127415512697e-05
-5.950000000000007283e+00 6.604871825348159506e-05
-5.850000000000007638e+00 8.297276624133515671e-05
-5.750000000000007994e+00 9.480462279921508166e-05
-5.650000000000008349e+00 1.147240775105825823e-04
-5.550000000000008704e+00 1.370398576007612261e-04
-5.450000000000009059e+00 1.720861162658739142e-04
-5.350000000000009415e+00 1.967982217348636874e-04
-5.250000000000009770e+00 2.433767962855050177e-04
-5.150000000000010125e+00 3.047826341175402390e-04
-5.050000000000010481e+00 3.515109790043572649e-04
-4.950000000000010836e+00 4.331358122201113374e-04
-4.850000000000011191e+00 5.023297075332827568e-04
-4.750000000000011546e+00 5.918923685663486688e-04
-4.650000000000011902e+00 7.037708096895931974e-04
-4.550000000000012257e+00 8.509950501503019951e-04
-4.450000000000012612e+00 9.718597114440882595e-04
-4.350000000000012967e+00 1.162217808723397389e-03
-4.250000000000013323e+00 1.344038996840691896e-03
-4.150000000000013678e+00 1.606736166492862133e-03
-4.050000000000014033e+00 1.896092455984305699e-03
-3.950000000000014388e+00 2.218847530442929518e-03
-3.850000000000014744e+00 2.620681342402321479e-03
-3.750000000000015099e+00 3.048724963192459003e-03
-3.650000000000015454e+00 3.624442135451832765e-03
-3.550000000000015810e+00 4.126622072648940612e-03
-3.450000000000016165e+00 4.937628443040331314e-03
-3.350000000000016520e+00 5.745938947380560199e-03
-3.250000000000016875e+00 6.711658075041445834e-03
-3.150000000000017231e+00 7.849163778295829841e-03
-3.050000000000017586e+00 9.094653893932727606e-03
-2.950000000000017941e+00 1.057827884408893068e-02
-2.850000000000018296e+00 1.244187113712282543e-02
-2.750000000000018652e+00 1.446377067549442161e-02
-2.650000000000019007e+00 1.665970452379612887e-02
-2.550000000000019362e+00 1.941308120475568333e-02
-2.450000000000019718e+00 2.258956262329346598e-02
-2.350000000000020073e+00 2.616667615321924961e-02
-2.250000000000020428e+00 3.038031832906762028e-02
-2.150000000000020783e+00 3.523976547733140285e-02
-2.050000000000021139e+00 4.085345367998840377e-02
-1.950000000000021272e+00 4.731200342477631660e-02
-1.850000000000021627e+00 5.467201728512359471e-02
-1.750000000000021982e+00 6.353288322216868456e-02
-1.650000000000022338e+00 7.318962518776701842e-02
-1.550000000000022693e+00 8.456693349252836223e-02
-1.450000000000023048e+00 9.744359263274536553e-02
-1.350000000000023404e+00 1.129560493056735171e-01
-1.250000000000023759e+00 1.302139424486245256e-01
-1.150000000000024114e+00 1.497968702903603733e-01
-1.050000000000024469e+00 1.728317013023935589e-01
-9.500000000000248246e-01 1.987220535439557789e-01
-8.500000000000251799e-01 2.280433458259285284e-01
-7.500000000000255351e-01 2.609213769756422163e-01
-6.500000000000258904e-01 2.985976204334147566e-01
-5.500000000000262457e-01 3.398361489785324263e-01
-4.500000000000266565e-01 3.860560389048504626e-01
-3.500000000000270117e-01 4.352195114804834342e-01
-2.500000000000273670e-01 4.849056742743137471e-01
-1.500000000000277223e-01 5.302876133212609533e-01
-5.000000000002806366e-02 5.607464030514309750e-01
4.999999999997158107e-02 5.604287484234602434e-01
1.499999999999712119e-01 5.304285472076023522e-01
2.499999999999708566e-01 4.848445774115064388e-01
3.499999999999705014e-01 4.345245665069821794e-01
4.499999999999701461e-01 3.855567128590980386e-01
5.499999999999698463e-01 3.399448728082440918e-01
6.499999999999694911e-01 2.985681239322465208e-01
7.499999999999691358e-01 2.610352236584278507e-01
8.499999999999687805e-01 2.278085059388048617e-01
9.499999999999684253e-01 1.986727897170000035e-01
1.049999999999968070e+00 1.725803831404090494e-01
1.149999999999967715e+00 1.499855726588837646e-01
1.249999999999967359e+00 1.300559359232532908e-01
1.349999999999967004e+00 1.129272957597156762e-01
1.449999999999966649e+00 9.777577616261916293e-02
1.549999999999966294e+00 8.461021358180104146e-02
1.649999999999965938e+00 7.322706541322300533e-02
1.749999999999965583e+00 6.339583982668609008e-02
1.849999999999965228e+00 5.467321426851901034e-02
1.949999999999964873e+00 4.724834867331367816e-02
2.049999999999964295e+00 4.083817946428647955e-02
2.149999999999963940e+00 3.523317204465770125e-02
2.249999999999963585e+00 3.032834802241465150e-02
2.349999999999963229e+00 2.625429062058803886e-02
2.449999999999962874e+00 2.253863952969975548e-02
2.549999999999962519e+00 1.950698720553782628e-02
2.649999999999962164e+00 1.671197319182744778e-02
2.749999999999961808e+00 1.441329807220321536e-02
2.849999999999961453e+00 1.233853078445560150e-02
2.949999999999961098e+00 1.057213826030573012e-02
3.049999999999960743e+00 9.144078104870700593e-03
3.149999999999960387e+00 7.848265156278774746e-03
3.249999999999960032e+00 6.707015194619999135e-03
3.349999999999959677e+00 5.769752430832495935e-03
3.449999999999959321e+00 4.944368108168237588e-03
3.549999999999958966e+00 4.211092542252031952e-03
3.649999999999958611e+00 3.602126355361654365e-03
3.749999999999958256e+00 3.082722829504342364e-03
3.849999999999957900e+00 2.616038461980874780e-03
3.949999999999957545e+00 2.246255501963082164e-03
4.049999999999957190e+00 1.932037336666472642e-03
4.149999999999956835e+00 1.594754539598806486e-03
4.249999999999956479e+00 1.375041456429060803e-03
4.349999999999956124e+00 1.177194842340966840e-03
4.449999999999955769e+00 9.947745728789696585e-04
4.549999999999955413e+00 8.235870786301496740e-04
4.649999999999955058e+00 7.166510586007030729e-04
4.749999999999954703e+00 5.968347896601465963e-04
4.849999999999954348e+00 4.864540518986589695e-04
4.949999999999953992e+00 4.163615345684334307e-04
5.049999999999953637e+00 3.383311894208960524e-04
5.149999999999953282e+00 2.929507775596602599e-04
5.249999999999952927e+00 2.351394277958417599e-04
5.349999999999952571e+00 1.972475327433907742e-04
5.449999999999952216e+00 1.735838196276308701e-04
5.549999999999951861e+00 1.356919245751799386e-04
5.649999999999951505e+00 1.184683359149749451e-04
5.749999999999951150e+00 9.959727355683735428e-05
5.849999999999950795e+00 7.803034514753721560e-05
5.949999999999950440e+00 6.440124455554894350e-05
6.049999999999950084e+00 5.316846934237180771e-05
6.149999999999949729e+00 4.103707211214049834e-05
6.249999999999949374e+00 3.549556967363977486e-05
6.349999999999949019e+00 2.680889017544945403e-05
6.449999999999948663e+00 2.366371311575984990e-05
6.549999999999948308e+00 1.617519630697509045e-05
6.649999999999947953e+00 1.482726328139383178e-05
6.749999999999947597e+00 1.003461252377158458e-05
6.849999999999947242e+00 1.048392353229866967e-05
6.949999999999946887e+00 6.290354119379201465e-06
7.049999999999946532e+00 4.942421093797944492e-06
7.149999999999946176e+00 5.241961766149334837e-06
7.249999999999945821e+00 2.546095714986820044e-06
7.349999999999945466e+00 2.246555042635429276e-06
7.449999999999945111e+00 8.986220170541716682e-07
7.549999999999944755e+00 2.096784706459734104e-06
7.649999999999944400e+00 8.986220170541716682e-07
7.749999999999944045e+00 1.198162689405562224e-06
7.849999999999943689e+00 7.488516808784763901e-07
7.949999999999943334e+00 4.493110085270858341e-07
