-7.950000000000000178e+00 0.000000000000000000e+00
-7.850000000000000533e+00 0.000000000000000000e+00
-7.750000000000000888e+00 0.000000000000000000e+00
-7.650000000000001243e+00 0.000000000000000000e+00
-7.550000000000001599e+00 0.000000000000000000e+00
-7.450000000000001954e+00 0.000000000000000000e+00
-7.350000000000002309e+00 0.000000000000000000e+00
-7.250000000000002665e+00 0.000000000000000000e+00
-7.150000000000003020e+00 0.000000000000000000e+00
-7.050000000000003375e+00 0.000000000000000000e+00
-6.950000000000003730e+00 0.000000000000000000e+00
-6.850000000000004086e+00 0.000000000000000000e+00
-6.750000000000004441e+00 0.000000000000000000e+00
-6.650000000000004796e+00 0.000000000000000000e+00
-6.550000000000005151e+00 0.000000000000000000e+00
-6.450000000000005507e+00 0.000000000000000000e+00
-6.350000000000005862e+00 0.000000000000000000e+00
-6.250000000000006217e+00 0.000000000000000000e+00
-6.150000000000006573e+00 0.000000000000000000e+00
-6.050000000000006928e+00 0.000000000000000000e+00
-5.950000000000007283e+00 0.000000000000000000e+00
-5.850000000000007638e+00 0.000000000000000000e+00
-5.750000000000007994e+00 0.000000000000000000e+00
-5.650000000000008349e+00 0.000000000000000000e+00
-5.550000000000008704e+00 0.000000000000000000e+00
-5.450000000000009059e+00 0.000000000000000000e+00
-5.350000000000009415e+00 0.000000000000000000e+00
-5.250000000000009770e+00 0.000000000000000000e+00
-5.150000000000010125e+00 0.000000000000000000e+00
-5.050000000000010481e+00 0.000000000000000000e+00
-4.950000000000010836e+00 0.000000000000000000e+00
-4.850000000000011191e+00 0.000000000000000000e+00
-4.750000000000011546e+00 0.000000000000000000e+00
-4.650000000000011902e+00 0.000000000000000000e+00
-4.550000000000012257e+00 0.000000000000000000e+00
-4.450000000000012612e+00 0.000000000000000000e+00
-4.350000000000012967e+00 0.000000000000000000e+00
-4.250000000000013323e+00 0.000000000000000000e+00
-4.150000000000013678e+00 0.000000000000000000e+00
-4.050000000000014033e+00 0.000000000000000000e+00
-3.950000000000014388e+00 0.000000000000000000e+00
-3.850000000000014744e+00 0.000000000000000000e+00
-3.750000000000015099e+00 0.000000000000000000e+00
-3.650000000000015454e+00 0.000000000000000000e+00
-3.550000000000015810e+00 0.000000000000000000e+00
-3.450000000000016165e+00 0.000000000000000000e+00
-3.350000000000016520e+00 0.000000000000000000e+00
-3.250000000000016875e+00 0.000000000000000000e+00
-3.150000000000017231e+00 0.000000000000000000e+00
-3.050000000000017586e+00 0.000000000000000000e+00
-2.950000000000017941e+00 0.000000000000000000e+00
-2.850000000000018296e+00 0.000000000000000000e+00
-2.750000000000018652e+00 0.000000000000000000e+00
-2.650000000000019007e+00 0.000000000000000000e+00
-2.550000000000019362e+00 0.000000000000000000e+00
-2.450000000000019718e+00 0.000000000000000000e+00
-2.350000000000020073e+00 0.000000000000000000e+00
-2.250000000000020428e+00 0.000000000000000000e+00
-2.150000000000020783e+00 0.000000000000000000e+00
-2.050000000000021139e+00 0.000000000000000000e+00
-1.950000000000021272e+00 0.000000000000000000e+00
-1.850000000000021627e+00 0.000000000000000000e+00
-1.750000000000021982e+00 0.000000000000000000e+00
-1.650000000000022338e+00 0.000000000000000000e+00
-1.550000000000022693e+00 3.370039302147252334e-05
-1.450000000000023048e+00 4.792944785276097991e-04
-1.350000000000023404e+00 4.133914877300633867e-03
-1.250000000000023759e+00 2.832892482266118755e-02
-1.150000000000024114e+00 1.125733545221452719e-01
-1.050000000000024469e+00 2.737164643644588446e-01
-9.500000000000248246e-01 5.018231912624658841e-01
-8.500000000000251799e-01 7.112546375043073965e-01
-7.500000000000255351e-01 7.667320077876942364e-01
-6.500000000000258904e-01 7.426251554758702689e-01
-5.500000000000262457e-01 6.473983411575698899e-01
-4.500000000000266565e-01 6.122153003770633983e-01
-3.500000000000270117e-01 5.677767547626635380e-01
-2.500000000000273670e-01 5.124760167010593559e-01
-1.500000000000277223e-01 4.673922102806465917e-01
-5.000000000002806366e-02 4.154794452605194977e-01
4.999999999997158107e-02 3.763980164308429743e-01
1.499999999999712119e-01 3.320297241948089173e-01
2.499999999999708566e-01 3.008250472430612499e-01
3.499999999999705014e-01 2.733413300464268558e-01
4.499999999999701461e-01 2.355067641612694496e-01
5.499999999999698463e-01 2.001401476396870160e-01
6.499999999999694911e-01 1.767132663593251052e-01
7.499999999999691358e-01 1.621632027537384391e-01
8.499999999999687805e-01 1.434814208406507696e-01
9.499999999999684253e-01 1.235707097223765066e-01
1.049999999999968070e+00 1.110037800931840263e-01
1.149999999999967715e+00 1.005576459758329155e-01
1.249999999999967359e+00 9.126593459545678799e-02
1.349999999999967004e+00 8.044672268012040273e-02
1.449999999999966649e+00 7.737777560328842896e-02
1.549999999999966294e+00 7.383204757243001792e-02
1.649999999999965938e+00 6.345957225373685673e-02
1.749999999999965583e+00 5.753025640744994368e-02
1.849999999999965228e+00 5.745113566845327924e-02
1.949999999999964873e+00 5.434696976444349653e-02
2.049999999999964295e+00 4.764393063410629625e-02
2.149999999999963940e+00 4.398469596454784858e-02
2.249999999999963585e+00 3.882831470107478422e-02
2.349999999999963229e+00 3.484278622183108187e-02
2.449999999999962874e+00 3.080919856443761068e-02
2.549999999999962519e+00 2.930814531953848667e-02
2.649999999999962164e+00 2.882975010784129960e-02
2.749999999999961808e+00 2.586505164398011231e-02
2.849999999999961453e+00 2.503283916075541710e-02
2.949999999999961098e+00 2.202039847344710449e-02
3.049999999999960743e+00 2.082122615509977848e-02
3.149999999999960387e+00 2.123031148149933517e-02
3.249999999999960032e+00 1.786401666746554456e-02
3.349999999999959677e+00 1.736880811445556255e-02
3.449999999999959321e+00 1.686049385304837916e-02
3.549999999999958966e+00 1.389766763324390593e-02
3.649999999999958611e+00 1.374882423073238609e-02
3.749999999999958256e+00 1.236336362873852873e-02
3.849999999999957900e+00 1.076353108224695557e-02
3.949999999999957545e+00 9.727243996836686113e-03
4.049999999999957190e+00 8.868820096817518761e-03
4.149999999999956835e+00 6.939472596338205727e-03
4.249999999999956479e+00 7.175375347488507916e-03
4.349999999999956124e+00 5.652304807323629311e-03
4.449999999999955769e+00 5.055995075249251902e-03
4.549999999999955413e+00 3.811888899539885543e-03
4.649999999999955058e+00 3.646195300517647737e-03
4.749999999999954703e+00 2.825216281633447651e-03
4.849999999999954348e+00 2.545315795149548886e-03
4.949999999999953992e+00 2.585569042369641017e-03
5.049999999999953637e+00 2.261670820552155649e-03
5.149999999999953282e+00 1.949942185103534795e-03
5.249999999999952927e+00 1.296529009298317799e-03
5.349999999999952571e+00 8.116177986004643411e-04
5.449999999999952216e+00 7.910231139762302199e-04
5.549999999999951861e+00 8.724657304447900512e-04
5.649999999999951505e+00 8.181706527990823766e-04
5.749999999999951150e+00 9.033577573811341858e-04
5.849999999999950795e+00 4.352967431940204862e-04
5.949999999999950440e+00 4.118936924846644271e-04
6.049999999999950084e+00 3.669598351227009001e-04
6.149999999999949729e+00 2.986229270513819103e-04
6.249999999999949374e+00 2.658586560582836011e-04
6.349999999999949019e+00 2.003301140720868472e-04
6.449999999999948663e+00 1.132707654332826524e-04
6.549999999999948308e+00 7.676200632668737814e-05
6.649999999999947953e+00 7.020915212806774341e-05
6.749999999999947597e+00 8.144261646855859807e-05
6.849999999999947242e+00 1.104623993481600099e-04
6.949999999999946887e+00 8.986771472392670180e-05
7.049999999999946532e+00 9.735669095092060491e-05
7.149999999999946176e+00 2.050107242139583247e-04
7.249999999999945821e+00 1.067179112346629364e-04
7.349999999999945466e+00 1.029734231211659713e-04
7.449999999999945111e+00 7.020915212806772986e-05
7.549999999999944755e+00 8.050649444018438390e-05
7.649999999999944400e+00 9.642056892254648561e-05
7.749999999999944045e+00 1.357376941142646057e-04
7.849999999999943689e+00 3.931712519171793035e-05
7.949999999999943334e+00 4.306161330521486835e-05
