-7.950000000000000178e+00 8.141140044078220130e-05
-7.850000000000000533e+00 1.001266649099275419e-04
-7.750000000000000888e+00 8.515445333461126943e-05
-7.650000000000001243e+00 9.451208556918393297e-05
-7.550000000000001599e+00 1.179061661556155986e-04
-7.450000000000001954e+00 1.253922719432737484e-04
-7.350000000000002309e+00 1.244565087198164644e-04
-7.250000000000002665e+00 1.300784562749180188e-04
-7.150000000000003020e+00 1.366361670534768299e-04
-7.050000000000003375e+00 1.544009318704490366e-04
-6.950000000000003730e+00 1.740593277774095523e-04
-6.850000000000004086e+00 1.862168814679960953e-04
-6.750000000000004441e+00 2.189906989320742335e-04
-6.650000000000004796e+00 2.376838587581457652e-04
-6.550000000000005151e+00 2.723218344547805123e-04
-6.450000000000005507e+00 2.451920691888776968e-04
-6.350000000000005862e+00 3.181668641898286820e-04
-6.250000000000006217e+00 3.499975502160916044e-04
-6.150000000000006573e+00 3.303391543091310344e-04
-6.050000000000006928e+00 3.967709749602390721e-04
-5.950000000000007283e+00 4.398234514536313077e-04
-5.850000000000007638e+00 4.781971118297371776e-04
-5.750000000000007994e+00 5.399501163635589580e-04
-5.650000000000008349e+00 5.979748044322673577e-04
-5.550000000000008704e+00 6.494417817224170004e-04
-5.450000000000009059e+00 6.971583379043796297e-04
-5.350000000000009415e+00 7.851348173380786688e-04
-5.250000000000009770e+00 8.609390066524751388e-04
-5.150000000000010125e+00 9.797735678171899405e-04
-5.050000000000010481e+00 1.053728335327745475e-03
-4.950000000000010836e+00 1.224066714854399416e-03
-4.850000000000011191e+00 1.284847115092974199e-03
-4.750000000000011546e+00 1.453299231743997383e-03
-4.650000000000011902e+00 1.589935398797473779e-03
-4.550000000000012257e+00 1.836954785147117911e-03
-4.450000000000012612e+00 1.933353133591931856e-03
-4.350000000000012967e+00 2.196332072240856151e-03
-4.250000000000013323e+00 2.552872596806791787e-03
-4.150000000000013678e+00 2.799921456013869381e-03
-4.050000000000014033e+00 3.189257902686957330e-03
-3.950000000000014388e+00 3.642999911062720989e-03
-3.850000000000014744e+00 3.941574693274810595e-03
-3.750000000000015099e+00 4.400135513840657854e-03
-3.650000000000015454e+00 4.872718046329647425e-03
-3.550000000000015810e+00 5.658773890462459599e-03
-3.450000000000016165e+00 6.164167081487315070e-03
-3.350000000000016520e+00 6.955763822817291955e-03
-3.250000000000016875e+00 7.751250981328262901e-03
-3.150000000000017231e+00 8.766657233780419251e-03
-3.050000000000017586e+00 9.842917568614733062e-03
-2.950000000000017941e+00 1.101738883262591562e-02
-2.850000000000018296e+00 1.233771389985234730e-02
-2.750000000000018652e+00 1.389976797551943123e-02
-2.650000000000019007e+00 1.555337211458381400e-02
-2.550000000000019362e+00 1.798733646808235026e-02
-2.450000000000019718e+00 2.028861401742325724e-02
-2.350000000000020073e+00 2.285189790111784996e-02
-2.250000000000020428e+00 2.605813953789989229e-02
-2.150000000000020783e+00 2.952815588048150752e-02
-2.050000000000021139e+00 3.354727366165908414e-02
-1.950000000000021272e+00 3.808294747861364765e-02
-1.850000000000021627e+00 4.382792947706365405e-02
-1.750000000000021982e+00 4.979144534515555359e-02
-1.650000000000022338e+00 5.681043581537808390e-02
-1.550000000000022693e+00 6.494504762153491262e-02
-1.450000000000023048e+00 7.446167118552261821e-02
-1.350000000000023404e+00 8.631179350023837626e-02
-1.250000000000023759e+00 9.934094800365309008e-02
-1.150000000000024114e+00 1.152454523734638692e-01
-1.050000000000024469e+00 1.340307517200809151e-01
-9.500000000000248246e-01 1.565518757422413310e-01
-8.500000000000251799e-01 1.833721539004672940e-01
-7.500000000000255351e-01 2.143518111683888894e-01
-6.500000000000258904e-01 2.536360428430625147e-01
-5.500000000000262457e-01 3.024716465806338017e-01
-4.500000000000266565e-01 3.619646871430162727e-01
-3.500000000000270117e-01 4.378298557994355633e-01
-2.500000000000273670e-01 5.361192933002816297e-01
-1.500000000000277223e-01 6.682040038216441324e-01
-5.000000000002806366e-02 8.572342242639897636e-01
4.999999999997158107e-02 8.551632476226207480e-01
1.499999999999712119e-01 6.661273094459332356e-01
2.499999999999708566e-01 5.338105443815819307e-01
3.499999999999705014e-01 4.353893705762304500e-01
4.499999999999701461e-01 3.578883035998491335e-01
5.499999999999698463e-01 2.997149249654007530e-01
6.499999999999694911e-01 2.502698667454274495e-01
7.499999999999691358e-01 2.110971972043470812e-01
8.499999999999687805e-01 1.799145898401506571e-01
9.499999999999684253e-01 1.531638970983212333e-01
1.049999999999968070e+00 1.308087642092161107e-01
1.149999999999967715e+00 1.128157542160786314e-01
1.249999999999967359e+00 9.736304664605313630e-02
1.349999999999967004e+00 8.403395424077018949e-02
1.449999999999966649e+00 7.261001681273146491e-02
1.549999999999966294e+00 6.280971699596346602e-02
1.649999999999965938e+00 5.502770371969102625e-02
1.749999999999965583e+00 4.781935750868405999e-02
1.849999999999965228e+00 4.185391116843038828e-02
1.949999999999964873e+00 3.678981849058242382e-02
2.049999999999964295e+00 3.231006205239018991e-02
2.149999999999963940e+00 2.850631717689487699e-02
2.249999999999963585e+00 2.480140952879675981e-02
2.349999999999963229e+00 2.197320149786274532e-02
2.449999999999962874e+00 1.944728182917722717e-02
2.549999999999962519e+00 1.732398349765214632e-02
2.649999999999962164e+00 1.511810958781773309e-02
2.749999999999961808e+00 1.347006845059359192e-02
2.849999999999961453e+00 1.196243600617418780e-02
2.949999999999961098e+00 1.069529471018330381e-02
3.049999999999960743e+00 9.539605024570489353e-03
3.149999999999960387e+00 8.314705701493625700e-03
3.249999999999960032e+00 7.492044568430599252e-03
3.349999999999959677e+00 6.614276560184614503e-03
3.449999999999959321e+00 5.816925243441094240e-03
3.549999999999958966e+00 5.187127121196928072e-03
3.649999999999958611e+00 4.610674870904182474e-03
3.749999999999958256e+00 4.261649924983340956e-03
3.849999999999957900e+00 3.791889418593437800e-03
3.949999999999957545e+00 3.237880749234945191e-03
4.049999999999957190e+00 3.105879189012606539e-03
4.149999999999956835e+00 2.784890298723689383e-03
4.249999999999956479e+00 2.387198296968707535e-03
4.349999999999956124e+00 2.132670700188330198e-03
4.449999999999955769e+00 1.920267184892246286e-03
4.549999999999955413e+00 1.661053403780225843e-03
4.649999999999955058e+00 1.591755347743882771e-03
4.749999999999954703e+00 1.523452000645860328e-03
4.849999999999954348e+00 1.235229559606665275e-03
4.949999999999953992e+00 1.130446183222525488e-03
5.049999999999953637e+00 1.020932413220593596e-03
5.149999999999953282e+00 9.666581462600723181e-04
5.249999999999952927e+00 8.469025583006160960e-04
5.349999999999952571e+00 7.542619991783467174e-04
5.449999999999952216e+00 6.971583379043796297e-04
5.549999999999951861e+00 5.932738836719071967e-04
5.649999999999951505e+00 6.082460952472235234e-04
5.749999999999951150e+00 5.446363006952031471e-04
5.849999999999950795e+00 4.603955059409753120e-04
5.949999999999950440e+00 4.426307411240031054e-04
6.049999999999950084e+00 3.976993699693384243e-04
6.149999999999949729e+00 3.368821286589739820e-04
6.249999999999949374e+00 3.097523633930712207e-04
6.349999999999949019e+00 3.162953377429141141e-04
6.449999999999948663e+00 2.947727836033969622e-04
6.549999999999948308e+00 2.545275967803765785e-04
6.649999999999947953e+00 2.105688299209588403e-04
6.749999999999947597e+00 2.255336732819171539e-04
6.849999999999947242e+00 1.946461186934694203e-04
6.949999999999946887e+00 1.768666174477813500e-04
7.049999999999946532e+00 1.628228008815644297e-04
7.149999999999946176e+00 1.646943273284789434e-04
7.249999999999945821e+00 1.515936422000772389e-04
7.349999999999945466e+00 1.263354033810889371e-04
7.449999999999945111e+00 1.394287202951327370e-04
7.549999999999944755e+00 1.244565087198164915e-04
7.649999999999944400e+00 9.919090168647028507e-05
7.749999999999944045e+00 9.264055912226940568e-05
7.849999999999943689e+00 9.638361201609847381e-05
7.949999999999943334e+00 9.731937523955574423e-05
