-7.950000000000000178e+00 8.088094325153403772e-06
-7.850000000000000533e+00 9.735669095092059814e-06
-7.750000000000000888e+00 1.198236196319022668e-05
-7.650000000000001243e+00 1.258148006134973581e-05
-7.550000000000001599e+00 1.587662960122705128e-05
-7.450000000000001954e+00 1.722464532208595276e-05
-7.350000000000002309e+00 2.037001533742338502e-05
-7.250000000000002665e+00 2.246692868098167545e-05
-7.150000000000003020e+00 2.561229869631910771e-05
-7.050000000000003375e+00 2.875766871165654336e-05
-6.950000000000003730e+00 3.085458205521483718e-05
-6.850000000000004086e+00 3.669598351227007239e-05
-6.750000000000004441e+00 4.298672354294494368e-05
-6.650000000000004796e+00 4.748010927914127742e-05
-6.550000000000005151e+00 5.541842407975480306e-05
-6.450000000000005507e+00 6.096026648773027862e-05
-6.350000000000005862e+00 6.934791986196344035e-05
-6.250000000000006217e+00 7.593821894171805774e-05
-6.150000000000006573e+00 8.852087836940276543e-05
-6.050000000000006928e+00 9.645801380368131919e-05
-5.950000000000007283e+00 1.145813362730065441e-04
-5.850000000000007638e+00 1.264139187116569045e-04
-5.750000000000007994e+00 1.485812883435588339e-04
-5.650000000000008349e+00 1.701495398773012846e-04
-5.550000000000008704e+00 1.980085314417185998e-04
-5.450000000000009059e+00 2.210745782208598420e-04
-5.350000000000009415e+00 2.588201977712441433e-04
-5.250000000000009770e+00 2.994092695552161396e-04
-5.150000000000010125e+00 3.647131422546029704e-04
-5.050000000000010481e+00 4.006602281441736945e-04
-4.950000000000010836e+00 4.701579275306769028e-04
-4.850000000000011191e+00 5.438494536042963803e-04
-4.750000000000011546e+00 6.313206959355844358e-04
-4.650000000000011902e+00 7.300254026073629528e-04
-4.550000000000012257e+00 8.583876345043719557e-04
-4.450000000000012612e+00 9.883950824386498590e-04
-4.350000000000012967e+00 1.157946683584125044e-03
-4.250000000000013323e+00 1.350412193251531150e-03
-4.150000000000013678e+00 1.582121117714720051e-03
-4.050000000000014033e+00 1.862359787495163760e-03
-3.950000000000014388e+00 2.180640097776066506e-03
-3.850000000000014744e+00 2.549549425450452125e-03
-3.750000000000015099e+00 2.996042188103823292e-03
-3.650000000000015454e+00 3.515031778733500485e-03
-3.550000000000015810e+00 4.096475892997301568e-03
-3.450000000000016165e+00 4.811522163784337155e-03
-3.350000000000016520e+00 5.598914303656801934e-03
-3.250000000000016875e+00 6.577436910505498995e-03
-3.150000000000017231e+00 7.674122589186475017e-03
-3.050000000000017586e+00 8.897660910855711980e-03
-2.950000000000017941e+00 1.050031715519474280e-02
-2.850000000000018296e+00 1.216317415410179091e-02
-2.750000000000018652e+00 1.413772941977433154e-02
-2.650000000000019007e+00 1.651757864392136566e-02
-2.550000000000019362e+00 1.921122186881162042e-02
-2.450000000000019718e+00 2.238086324332332414e-02
-2.350000000000020073e+00 2.590922775847440476e-02
-2.250000000000020428e+00 3.027726808185949442e-02
-2.150000000000020783e+00 3.499145124518752287e-02
-2.050000000000021139e+00 4.056942118210112025e-02
-1.950000000000021272e+00 4.703287469506509805e-02
-1.850000000000021627e+00 5.421305153774464564e-02
-1.750000000000021982e+00 6.291990158990154458e-02
-1.650000000000022338e+00 7.255951129701451729e-02
-1.550000000000022693e+00 8.399717938030759612e-02
-1.450000000000023048e+00 9.694919393614367942e-02
-1.350000000000023404e+00 1.120136859330598533e-01
-1.250000000000023759e+00 1.290850643443551549e-01
-1.150000000000024114e+00 1.487845910504935754e-01
-1.050000000000024469e+00 1.711867748784169918e-01
-9.500000000000248246e-01 1.967110987429756541e-01
-8.500000000000251799e-01 2.262176143645736603e-01
-7.500000000000255351e-01 2.596810502813937105e-01
-6.500000000000258904e-01 2.971691245290316030e-01
-5.500000000000262457e-01 3.395905306129855528e-01
-4.500000000000266565e-01 3.860843723865549082e-01
-3.500000000000270117e-01 4.365982576796763603e-01
-2.500000000000273670e-01 4.883721803237947579e-01
-1.500000000000277223e-01 5.351637083127216421e-01
-5.000000000002806366e-02 5.661619419050157864e-01
4.999999999997158107e-02 5.658718909073287007e-01
1.499999999999712119e-01 5.356866652917025018e-01
2.499999999999708566e-01 4.889840603450646972e-01
3.499999999999705014e-01 4.366171416934314653e-01
4.499999999999701461e-01 3.863672528369256343e-01
5.499999999999698463e-01 3.396309239099575272e-01
6.499999999999694911e-01 2.972580381363904012e-01
7.499999999999691358e-01 2.598788630380239328e-01
8.499999999999687805e-01 2.262954690538094282e-01
9.499999999999684253e-01 1.969296471185069952e-01
1.049999999999968070e+00 1.710220398093836858e-01
1.149999999999967715e+00 1.487850451065325652e-01
1.249999999999967359e+00 1.290548265708930664e-01
1.349999999999967004e+00 1.119305134810193864e-01
1.449999999999966649e+00 9.696745878257312379e-02
1.549999999999966294e+00 8.392603410615109838e-02
1.649999999999965938e+00 7.261881691253432858e-02
1.749999999999965583e+00 6.284338548145564085e-02
1.849999999999965228e+00 5.432958118720300489e-02
1.949999999999964873e+00 4.698901052296891589e-02
2.049999999999964295e+00 4.061688124215255546e-02
2.149999999999963940e+00 3.500404098081320858e-02
2.249999999999963585e+00 3.015460808619197658e-02
2.349999999999963229e+00 2.607278464053931766e-02
2.449999999999962874e+00 2.230431765071909725e-02
2.549999999999962519e+00 1.923833903895135269e-02
2.649999999999962164e+00 1.657196040499270620e-02
2.749999999999961808e+00 1.417426972693038717e-02
2.849999999999961453e+00 1.211808697911628298e-02
2.949999999999961098e+00 1.042452281894589231e-02
3.049999999999960743e+00 8.879693264742600373e-03
3.149999999999960387e+00 7.628581358162007595e-03
3.249999999999960032e+00 6.500293379169453517e-03
3.349999999999959677e+00 5.639503375440772792e-03
3.449999999999959321e+00 4.838489554399523322e-03
3.549999999999958966e+00 4.106513479874143030e-03
3.649999999999958611e+00 3.504698170906583692e-03
3.749999999999958256e+00 3.042023322771231220e-03
3.849999999999957900e+00 2.544906260189716118e-03
3.949999999999957545e+00 2.177198706810654256e-03
4.049999999999957190e+00 1.866103096242325990e-03
4.149999999999956835e+00 1.569540817019705273e-03
4.249999999999956479e+00 1.345171089258970481e-03
4.349999999999956124e+00 1.167832132203756781e-03
4.449999999999955769e+00 9.837542759105835383e-04
4.549999999999955413e+00 8.444581387221635014e-04
4.649999999999955058e+00 7.280782687883445049e-04
4.749999999999954703e+00 6.146951687116580972e-04
4.849999999999954348e+00 5.347129026073639720e-04
4.949999999999953992e+00 4.521843845858916221e-04
5.049999999999953637e+00 4.127923696319037942e-04
5.149999999999953282e+00 3.317616468558298292e-04
5.249999999999952927e+00 2.937176476227007266e-04
5.349999999999952571e+00 2.613652703220870912e-04
5.449999999999952216e+00 2.201759010736205834e-04
5.549999999999951861e+00 1.926164685582829939e-04
5.649999999999951505e+00 1.734446894171786204e-04
5.749999999999951150e+00 1.503786426380374053e-04
5.849999999999950795e+00 1.289601706288348039e-04
5.949999999999950440e+00 1.184756039110433721e-04
6.049999999999950084e+00 9.181484854294510902e-05
6.149999999999949729e+00 8.687212423312914598e-05
6.249999999999949374e+00 7.728623466257695921e-05
6.349999999999949019e+00 6.874880176380393461e-05
6.449999999999948663e+00 5.901313266871187140e-05
6.549999999999948308e+00 5.616732170245419202e-05
6.649999999999947953e+00 4.643165260736212881e-05
6.749999999999947597e+00 4.538319593558298699e-05
6.849999999999947242e+00 3.894267638036823926e-05
6.949999999999946887e+00 2.980612538343569196e-05
7.049999999999946532e+00 3.100436157975471361e-05
7.149999999999946176e+00 2.336560582822094423e-05
7.249999999999945821e+00 2.156825153374241006e-05
7.349999999999945466e+00 2.066957438650314128e-05
7.449999999999945111e+00 2.022023581288350858e-05
7.549999999999944755e+00 1.243170053680985938e-05
7.649999999999944400e+00 1.767398389570558546e-05
7.749999999999944045e+00 1.093390529141108147e-05
7.849999999999943689e+00 1.108368481595096129e-05
7.949999999999943334e+00 9.885448619631937944e-06
