-7.950000000000000178e+00 0.000000000000000000e+00
-7.850000000000000533e+00 0.000000000000000000e+00
-7.750000000000000888e+00 0.000000000000000000e+00
-7.650000000000001243e+00 0.000000000000000000e+00
-7.550000000000001599e+00 0.000000000000000000e+00
-7.450000000000001954e+00 0.000000000000000000e+00
-7.350000000000002309e+00 0.000000000000000000e+00
-7.250000000000002665e+00 0.000000000000000000e+00
-7.150000000000003020e+00 9.361220283742365124e-07
-7.050000000000003375e+00 0.000000000000000000e+00
-6.950000000000003730e+00 9.361220283742365124e-07
-6.850000000000004086e+00 1.872244056748473025e-06
-6.750000000000004441e+00 1.872244056748473025e-06
-6.650000000000004796e+00 3.744488113496946050e-06
-6.550000000000005151e+00 5.616732170245418863e-06
-6.450000000000005507e+00 3.744488113496946050e-06
-6.350000000000005862e+00 2.808366085122709431e-06
-6.250000000000006217e+00 9.361220283742365336e-06
-6.150000000000006573e+00 1.404183042561354800e-05
-6.050000000000006928e+00 1.123346434049083773e-05
-5.950000000000007283e+00 7.488976226993892099e-06
-5.850000000000007638e+00 2.714753882285285812e-05
-5.750000000000007994e+00 1.591407448236202039e-05
-5.650000000000008349e+00 2.621141679447862023e-05
-5.550000000000008704e+00 3.276427099309828206e-05
-5.450000000000009059e+00 3.650875910659522007e-05
-5.350000000000009415e+00 3.838100316334369584e-05
-5.250000000000009770e+00 4.306161330521488190e-05
-5.150000000000010125e+00 5.242283358895724724e-05
-5.050000000000010481e+00 6.084793184432537130e-05
-4.950000000000010836e+00 8.705934863880399153e-05
-4.850000000000011191e+00 8.331486052530703997e-05
-4.750000000000011546e+00 1.160791315184053356e-04
-4.650000000000011902e+00 1.366738161426385217e-04
-4.550000000000012257e+00 1.582046227952459627e-04
-4.450000000000012612e+00 2.096913343558289618e-04
-4.350000000000012967e+00 2.480723375191726645e-04
-4.250000000000013323e+00 3.154731235621176569e-04
-4.150000000000013678e+00 3.866183977185596145e-04
-4.050000000000014033e+00 4.774222344708606118e-04
-3.950000000000014388e+00 5.850762677338978979e-04
-3.850000000000014744e+00 7.226862059049107964e-04
-3.750000000000015099e+00 8.518710458205556047e-04
-3.650000000000015454e+00 1.100879505368102321e-03
-3.550000000000015810e+00 1.430394459355833082e-03
-3.450000000000016165e+00 1.759909413343563843e-03
-3.350000000000016520e+00 2.230778793615805985e-03
-3.250000000000016875e+00 2.908531142158755911e-03
-3.150000000000017231e+00 3.766018920149560596e-03
-3.050000000000017586e+00 4.795753151361225458e-03
-2.950000000000017941e+00 6.061390133723199014e-03
-2.850000000000018296e+00 7.777301811733179290e-03
-2.750000000000018652e+00 9.661715454850483206e-03
-2.650000000000019007e+00 1.237178872699384521e-02
-2.550000000000019362e+00 1.564634358224687577e-02
-2.450000000000019718e+00 1.966885993817105507e-02
-2.350000000000020073e+00 2.459379792944801219e-02
-2.250000000000020428e+00 3.072258884921420796e-02
-2.150000000000020783e+00 3.803276576878832083e-02
-2.050000000000021139e+00 4.678363449003040964e-02
-1.950000000000021272e+00 5.700983152799035669e-02
-1.850000000000021627e+00 6.905959427722371813e-02
-1.750000000000021982e+00 8.313606121788746917e-02
-1.650000000000022338e+00 9.822822055933699836e-02
-1.550000000000022693e+00 1.154350795628838189e-01
-1.450000000000023048e+00 1.344449095930801974e-01
-1.350000000000023404e+00 1.557697693994468113e-01
-1.250000000000023759e+00 1.780251345020169296e-01
-1.150000000000024114e+00 2.024129855852231374e-01
-1.050000000000024469e+00 2.269974222943874076e-01
-9.500000000000248246e-01 2.525086198116419656e-01
-8.500000000000251799e-01 2.771482877204793915e-01
-7.500000000000255351e-01 3.011017781825191530e-01
-6.500000000000258904e-01 3.239450279189075022e-01
-5.500000000000262457e-01 3.456490171467643258e-01
-4.500000000000266565e-01 3.649677674463240873e-01
-3.500000000000270117e-01 3.801816226514622699e-01
-2.500000000000273670e-01 3.920132689680843052e-01
-1.500000000000277223e-01 4.019942020346108924e-01
-5.000000000002806366e-02 4.063190858056998644e-01
4.999999999997158107e-02 4.066748121764821589e-01
1.499999999999712119e-01 4.015570330473601235e-01
2.499999999999708566e-01 3.946961947014051564e-01
3.499999999999705014e-01 3.797257312236439475e-01
4.499999999999701461e-01 3.642741010232983800e-01
5.499999999999698463e-01 3.460272104462275289e-01
6.499999999999694911e-01 3.245394654069250207e-01
7.499999999999691358e-01 3.013114695168747081e-01
8.499999999999687805e-01 2.752161318539150248e-01
9.499999999999684253e-01 2.524356022934286514e-01
1.049999999999968070e+00 2.267231385400738930e-01
1.149999999999967715e+00 2.024532388324432053e-01
1.249999999999967359e+00 1.784108167777070930e-01
1.349999999999967004e+00 1.557997253043547914e-01
1.449999999999966649e+00 1.340863748562128310e-01
1.549999999999966294e+00 1.153414673600464124e-01
1.649999999999965938e+00 9.801104024875423315e-02
1.749999999999965583e+00 8.280561014187130808e-02
1.849999999999965228e+00 6.893134555933641550e-02
1.949999999999964873e+00 5.702949009058617957e-02
2.049999999999964295e+00 4.633523203843917249e-02
2.149999999999963940e+00 3.737560810486965923e-02
2.249999999999963585e+00 3.047545263372342106e-02
2.349999999999963229e+00 2.478102233512286673e-02
2.449999999999962874e+00 1.988042351658363821e-02
2.549999999999962519e+00 1.559204850460116712e-02
2.649999999999962164e+00 1.242327543855442640e-02
2.749999999999961808e+00 9.834898030099710822e-03
2.849999999999961453e+00 7.765132225364314127e-03
2.949999999999961098e+00 6.097898892829795373e-03
3.049999999999960743e+00 4.864090059432545424e-03
3.149999999999960387e+00 3.796910947085910693e-03
3.249999999999960032e+00 2.892617067676394108e-03
3.349999999999959677e+00 2.235459403757676568e-03
3.449999999999959321e+00 1.811396124904146544e-03
3.549999999999958966e+00 1.419160995015342078e-03
3.649999999999958611e+00 1.067179112346629743e-03
3.749999999999958256e+00 9.117828556365066128e-04
3.849999999999957900e+00 7.236223279332850648e-04
3.949999999999957545e+00 5.747789254217812709e-04
4.049999999999957190e+00 4.680610141871182532e-04
4.149999999999956835e+00 3.697682012078233257e-04
4.249999999999956479e+00 3.089202693634979951e-04
4.349999999999956124e+00 2.480723375191726645e-04
4.449999999999955769e+00 2.227970427530682855e-04
4.549999999999955413e+00 1.853521616180987971e-04
4.649999999999955058e+00 1.357376941142642804e-04
4.749999999999954703e+00 1.207597416602765013e-04
4.849999999999954348e+00 1.011011790644175429e-04
4.949999999999953992e+00 8.144261646855857097e-05
5.049999999999953637e+00 6.646466401457077830e-05
5.149999999999953282e+00 7.208139618481621241e-05
5.249999999999952927e+00 4.493385736196335090e-05
5.349999999999952571e+00 3.650875910659522007e-05
5.449999999999952216e+00 3.182814896472404079e-05
5.549999999999951861e+00 4.025324722009217162e-05
5.649999999999951505e+00 2.340305070935590995e-05
5.749999999999951150e+00 2.340305070935590995e-05
5.849999999999950795e+00 2.153080665260743756e-05
5.949999999999950440e+00 1.029734231211660153e-05
6.049999999999950084e+00 1.216958636886507392e-05
6.149999999999949729e+00 8.425098255368129141e-06
6.249999999999949374e+00 6.552854198619655058e-06
6.349999999999949019e+00 3.744488113496946050e-06
6.449999999999948663e+00 1.872244056748473025e-06
6.549999999999948308e+00 4.680610141871182668e-06
6.649999999999947953e+00 2.808366085122709431e-06
6.749999999999947597e+00 9.361220283742365124e-07
6.849999999999947242e+00 9.361220283742365124e-07
6.949999999999946887e+00 9.361220283742365124e-07
7.049999999999946532e+00 0.000000000000000000e+00
7.149999999999946176e+00 9.361220283742365124e-07
7.249999999999945821e+00 0.000000000000000000e+00
7.349999999999945466e+00 0.000000000000000000e+00
7.449999999999945111e+00 0.000000000000000000e+00
7.549999999999944755e+00 0.000000000000000000e+00
7.649999999999944400e+00 0.000000000000000000e+00
7.749999999999944045e+00 0.000000000000000000e+00
7.849999999999943689e+00 0.000000000000000000e+00
7.949999999999943334e+00 0.000000000000000000e+00
