-7.950000000000000178e+00 3.557263707822099234e-05
-7.850000000000000533e+00 4.586997939033759218e-05
-7.750000000000000888e+00 3.838100316334370262e-05
-7.650000000000001243e+00 4.680610141871182668e-05
-7.550000000000001599e+00 5.429507764570571624e-05
-7.450000000000001954e+00 5.897568778757690229e-05
-7.350000000000002309e+00 6.365629792944808157e-05
-7.250000000000002665e+00 6.272017590107384030e-05
-7.150000000000003020e+00 7.957037241181010197e-05
-7.050000000000003375e+00 8.144261646855857097e-05
-6.950000000000003730e+00 1.132707654332826253e-04
-6.850000000000004086e+00 1.039095451495402396e-04
-6.750000000000004441e+00 1.207597416602765013e-04
-6.650000000000004796e+00 1.057817892062887222e-04
-6.550000000000005151e+00 1.497795245398778454e-04
-6.450000000000005507e+00 1.469711584547551215e-04
-6.350000000000005862e+00 1.553962567101232388e-04
-6.250000000000006217e+00 1.685019651073625625e-04
-6.150000000000006573e+00 1.853521616180988242e-04
-6.050000000000006928e+00 2.527529476610437895e-04
-5.950000000000007283e+00 2.518168256326695754e-04
-5.850000000000007638e+00 2.686670221434058099e-04
-5.750000000000007994e+00 3.033035371932525474e-04
-5.650000000000008349e+00 3.079841473351237809e-04
-5.550000000000008704e+00 3.650875910659522007e-04
-5.450000000000009059e+00 4.521469397047561786e-04
-5.350000000000009415e+00 4.895918208397257755e-04
-5.250000000000009770e+00 5.158032376342043144e-04
-5.150000000000010125e+00 6.103515625000022768e-04
-5.050000000000010481e+00 6.852413247699412537e-04
-4.950000000000010836e+00 7.329835482170273149e-04
-4.850000000000011191e+00 7.620107021362222417e-04
-4.750000000000011546e+00 9.174069588463455889e-04
-4.650000000000011902e+00 1.022259997063853544e-03
-4.550000000000012257e+00 1.156118076081775678e-03
-4.450000000000012612e+00 1.330229402319789943e-03
-4.350000000000012967e+00 1.501554475591461825e-03
-4.250000000000013323e+00 1.699076223578425623e-03
-4.150000000000013678e+00 1.953701415296217950e-03
-4.050000000000014033e+00 2.206439620878075224e-03
-3.950000000000014388e+00 2.483539112316444225e-03
-3.850000000000014744e+00 2.906673640181194323e-03
-3.750000000000015099e+00 3.283002066627232519e-03
-3.650000000000015454e+00 3.827817716101447089e-03
-3.550000000000015810e+00 4.338955085672970696e-03
-3.450000000000016165e+00 5.040095742846089841e-03
-3.350000000000016520e+00 5.882635052541280996e-03
-3.250000000000016875e+00 6.663375566284584356e-03
-3.150000000000017231e+00 7.557379474421574428e-03
-3.050000000000017586e+00 8.632983685023559034e-03
-2.950000000000017941e+00 1.017760714495979935e-02
-2.850000000000018296e+00 1.166505345076927769e-02
-2.750000000000018652e+00 1.326588108760594006e-02
-2.650000000000019007e+00 1.534223660173793420e-02
-2.550000000000019362e+00 1.800177402642837154e-02
-2.450000000000019718e+00 2.076718906383983460e-02
-2.350000000000020073e+00 2.383862755205454209e-02
-2.250000000000020428e+00 2.759529262296000346e-02
-2.150000000000020783e+00 3.209064642672780632e-02
-2.050000000000021139e+00 3.689136765877482071e-02
-1.950000000000021272e+00 4.349025399965562866e-02
-1.850000000000021627e+00 4.987191580371611727e-02
-1.750000000000021982e+00 5.796978412737034680e-02
-1.650000000000022338e+00 6.745449880846229873e-02
-1.550000000000022693e+00 7.766711839149156860e-02
-1.450000000000023048e+00 9.063463453843217943e-02
-1.350000000000023404e+00 1.055712207182213369e-01
-1.250000000000023759e+00 1.224119307010007596e-01
-1.150000000000024114e+00 1.422080368956757379e-01
-1.050000000000024469e+00 1.660110991816929615e-01
-9.500000000000248246e-01 1.921195867792888645e-01
-8.500000000000251799e-01 2.234661341300928084e-01
-7.500000000000255351e-01 2.573379849035492550e-01
-6.500000000000258904e-01 2.984717617714008342e-01
-5.500000000000262457e-01 3.436781928064923664e-01
-4.500000000000266565e-01 3.930428778916229549e-01
-3.500000000000270117e-01 4.463534057788258735e-01
-2.500000000000273670e-01 5.021535612570490192e-01
-1.500000000000277223e-01 5.527033989432172945e-01
-5.000000000002806366e-02 5.854980459904791656e-01
4.999999999997158107e-02 5.852661457138284007e-01
1.499999999999712119e-01 5.539234829008912175e-01
2.499999999999708566e-01 5.021064234588487052e-01
3.499999999999705014e-01 4.481015215288199904e-01
4.499999999999701461e-01 3.935007521290917465e-01
5.499999999999698463e-01 3.431456278248226077e-01
6.499999999999694911e-01 2.988310262411877916e-01
7.499999999999691358e-01 2.576894876686445235e-01
8.499999999999687805e-01 2.233148951397134208e-01
9.499999999999684253e-01 1.929778632585162357e-01
1.049999999999968070e+00 1.659176343996474068e-01
1.149999999999967715e+00 1.433232972992908305e-01
1.249999999999967359e+00 1.223386330832830216e-01
1.349999999999967004e+00 1.055704762432224109e-01
1.449999999999966649e+00 9.065347491563317817e-02
1.549999999999966294e+00 7.813523100295585722e-02
1.649999999999965938e+00 6.704183852785991493e-02
1.749999999999965583e+00 5.753226133021906857e-02
1.849999999999965228e+00 4.985704104581642482e-02
1.949999999999964873e+00 4.299112405358192224e-02
2.049999999999964295e+00 3.714122378787562684e-02
2.149999999999963940e+00 3.212816501825870030e-02
2.249999999999963585e+00 2.766459513721807387e-02
2.349999999999963229e+00 2.387793730620666605e-02
2.449999999999962874e+00 2.079339310959471554e-02
2.549999999999962519e+00 1.802612794124529294e-02
2.649999999999962164e+00 1.533005227328988404e-02
2.749999999999961808e+00 1.336512476469279426e-02
2.849999999999961453e+00 1.182333178396045500e-02
2.949999999999961098e+00 1.000632629792569048e-02
3.049999999999960743e+00 8.793075293954736443e-03
3.149999999999960387e+00 7.588278872397519192e-03
3.249999999999960032e+00 6.516397036790235950e-03
3.349999999999959677e+00 5.642980442237882296e-03
3.449999999999959321e+00 4.893146697510114898e-03
3.549999999999958966e+00 4.340819958690124783e-03
3.649999999999958611e+00 3.773552122614115371e-03
3.749999999999958256e+00 3.271761231247148800e-03
3.849999999999957900e+00 2.857073914756546457e-03
3.949999999999957545e+00 2.499467928877993194e-03
4.049999999999957190e+00 2.306619419993305962e-03
4.149999999999956835e+00 1.910639801991002688e-03
4.249999999999956479e+00 1.702813340652328897e-03
4.349999999999956124e+00 1.444436289781446565e-03
4.449999999999955769e+00 1.292784521184820509e-03
4.549999999999955413e+00 1.115857457822089964e-03
4.649999999999955058e+00 1.008203424559052895e-03
4.749999999999954703e+00 8.752740965299114469e-04
4.849999999999954348e+00 7.957110951576948192e-04
4.949999999999953992e+00 7.170694737346652945e-04
5.049999999999953637e+00 6.936737940649029266e-04
5.149999999999953282e+00 5.869485117906464346e-04
5.249999999999952927e+00 5.410785324003086934e-04
5.349999999999952571e+00 4.615081599884985914e-04
5.449999999999952216e+00 4.446579634777623026e-04
5.549999999999951861e+00 3.660237130943264148e-04
5.649999999999951505e+00 3.707043232361975941e-04
5.749999999999951150e+00 2.948784389378844573e-04
5.849999999999950795e+00 2.780282424271481685e-04
5.949999999999950440e+00 2.742837543136513118e-04
6.049999999999950084e+00 1.928411378450927273e-04
6.149999999999949729e+00 2.059468462423319967e-04
6.249999999999949374e+00 1.965856259585896382e-04
6.349999999999949019e+00 1.413544262845097010e-04
6.449999999999948663e+00 1.413544262845097010e-04
6.549999999999948308e+00 1.263764738305219219e-04
6.649999999999947953e+00 1.254403518021476806e-04
6.749999999999947597e+00 9.922893500766906036e-05
6.849999999999947242e+00 1.151430094900310808e-04
6.949999999999946887e+00 9.454832486579788108e-05
7.049999999999946532e+00 8.331486052530703997e-05
7.149999999999946176e+00 7.208139618481621241e-05
7.249999999999945821e+00 5.616732170245419202e-05
7.349999999999945466e+00 6.084793184432537130e-05
7.449999999999945111e+00 7.769812835506161941e-05
7.549999999999944755e+00 5.242283358895724046e-05
7.649999999999944400e+00 4.774222344708606118e-05
7.749999999999944045e+00 4.025324722009217162e-05
7.849999999999943689e+00 3.089202693634979951e-05
7.949999999999943334e+00 3.838100316334369584e-05
