-7.950000000000000178e+00 0.000000000000000000e+00
-7.850000000000000533e+00 0.000000000000000000e+00
-7.750000000000000888e+00 0.000000000000000000e+00
-7.650000000000001243e+00 0.000000000000000000e+00
-7.550000000000001599e+00 0.000000000000000000e+00
-7.450000000000001954e+00 0.000000000000000000e+00
-7.350000000000002309e+00 0.000000000000000000e+00
-7.250000000000002665e+00 0.000000000000000000e+00
-7.150000000000003020e+00 0.000000000000000000e+00
-7.050000000000003375e+00 0.000000000000000000e+00
-6.950000000000003730e+00 0.000000000000000000e+00
-6.850000000000004086e+00 0.000000000000000000e+00
-6.750000000000004441e+00 0.000000000000000000e+00
-6.650000000000004796e+00 0.000000000000000000e+00
-6.550000000000005151e+00 0.000000000000000000e+00
-6.450000000000005507e+00 0.000000000000000000e+00
-6.350000000000005862e+00 0.000000000000000000e+00
-6.250000000000006217e+00 0.000000000000000000e+00
-6.150000000000006573e+00 0.000000000000000000e+00
-6.050000000000006928e+00 0.000000000000000000e+00
-5.950000000000007283e+00 0.000000000000000000e+00
-5.850000000000007638e+00 0.000000000000000000e+00
-5.750000000000007994e+00 0.000000000000000000e+00
-5.650000000000008349e+00 0.000000000000000000e+00
-5.550000000000008704e+00 0.000000000000000000e+00
-5.450000000000009059e+00 0.000000000000000000e+00
-5.350000000000009415e+00 0.000000000000000000e+00
-5.250000000000009770e+00 0.000000000000000000e+00
-5.150000000000010125e+00 0.000000000000000000e+00
-5.050000000000010481e+00 0.000000000000000000e+00
-4.950000000000010836e+00 5.803956575920262036e-05
-4.850000000000011191e+00 5.055058953220874435e-05
-4.750000000000011546e+00 2.124997004409519296e-04
-4.650000000000011902e+00 1.338654500575158250e-04
-4.550000000000012257e+00 2.330943850651849938e-04
-4.450000000000012612e+00 3.341955641296023741e-04
-4.350000000000012967e+00 2.387111172354302517e-04
-4.250000000000013323e+00 1.909688937883442447e-04
-4.150000000000013678e+00 2.068829682707062651e-04
-4.050000000000014033e+00 3.070480253067495668e-04
-3.950000000000014388e+00 5.363979222584374599e-04
-3.850000000000014744e+00 1.230064345283748539e-03
-3.750000000000015099e+00 1.266573104390343162e-03
-3.650000000000015454e+00 1.589535204179455888e-03
-3.550000000000015810e+00 2.090360489359672884e-03
-3.450000000000016165e+00 2.264479186637280515e-03
-3.350000000000016520e+00 3.018057419478543252e-03
-3.250000000000016875e+00 3.517010460602012795e-03
-3.150000000000017231e+00 4.814475591928706923e-03
-3.050000000000017586e+00 5.971522418999258841e-03
-2.950000000000017941e+00 7.609735968654163241e-03
-2.850000000000018296e+00 9.654226478623477783e-03
-2.750000000000018652e+00 1.118572211704371017e-02
-2.650000000000019007e+00 1.455856978527605289e-02
-2.550000000000019362e+00 1.729766284029908216e-02
-2.450000000000019718e+00 2.293967030531071302e-02
-2.350000000000020073e+00 2.796477335362364952e-02
-2.250000000000020428e+00 3.265006410563663086e-02
-2.150000000000020783e+00 3.888089232649533100e-02
-2.050000000000021139e+00 4.589151019698976819e-02
-1.950000000000021272e+00 5.446545185486924984e-02
-1.850000000000021627e+00 6.576725310343146946e-02
-1.750000000000021982e+00 7.799768740414125823e-02
-1.650000000000022338e+00 9.274254547306400032e-02
-1.550000000000022693e+00 1.071204437068639381e-01
-1.450000000000023048e+00 1.281766364910863487e-01
-1.350000000000023404e+00 1.513503373034917887e-01
-1.250000000000023759e+00 1.698902340754446239e-01
-1.150000000000024114e+00 1.908893234159360353e-01
-1.050000000000024469e+00 2.196086111244300310e-01
-9.500000000000248246e-01 2.475518536714004236e-01
-8.500000000000251799e-01 2.737511008795091016e-01
-7.500000000000255351e-01 2.990629044047200535e-01
-6.500000000000258904e-01 3.249288921707288447e-01
-5.500000000000262457e-01 3.527026966305643052e-01
-4.500000000000266565e-01 3.742335032831719532e-01
-3.500000000000270117e-01 3.898508270825402633e-01
-2.500000000000273670e-01 4.022319770298178332e-01
-1.500000000000277223e-01 4.121735929711525248e-01
-5.000000000002806366e-02 4.276008839987600618e-01
4.999999999997158107e-02 4.231720906825217621e-01
1.499999999999712119e-01 4.161249640529203209e-01
2.499999999999708566e-01 4.006611642662056827e-01
3.499999999999705014e-01 3.883099702238361206e-01
4.499999999999701461e-01 3.722489245830188365e-01
5.499999999999698463e-01 3.443730828220906148e-01
6.499999999999694911e-01 3.227889172138653784e-01
7.499999999999691358e-01 2.965784365414149137e-01
8.499999999999687805e-01 2.730415203820018011e-01
9.499999999999684253e-01 2.438981693946556117e-01
1.049999999999968070e+00 2.168058617714772041e-01
1.149999999999967715e+00 1.915942233033021413e-01
1.249999999999967359e+00 1.664293909365450186e-01
1.349999999999967004e+00 1.476077214340514032e-01
1.449999999999966649e+00 1.254057152870983738e-01
1.549999999999966294e+00 1.050459972919867424e-01
1.649999999999965938e+00 8.870973177482779914e-02
1.749999999999965583e+00 7.635760161042944028e-02
1.849999999999965228e+00 6.702914559767989000e-02
1.949999999999964873e+00 5.604375359470815943e-02
2.049999999999964295e+00 4.656832642350434287e-02
2.149999999999963940e+00 3.883595846913336092e-02
2.249999999999963585e+00 3.216047228479693154e-02
2.349999999999963229e+00 2.637804651552928120e-02
2.449999999999962874e+00 2.259798576495406636e-02
2.549999999999962519e+00 1.892370680358517604e-02
2.649999999999962164e+00 1.498824979629985107e-02
2.749999999999961808e+00 1.153864012174081986e-02
2.849999999999961453e+00 9.862045568922559943e-03
2.949999999999961098e+00 7.162269639091288324e-03
3.049999999999960743e+00 6.206489048121191857e-03
3.149999999999960387e+00 5.254452945264599835e-03
3.249999999999960032e+00 4.196635053201711041e-03
3.349999999999959677e+00 3.490799043807534148e-03
3.449999999999959321e+00 2.459192568539123134e-03
3.549999999999958966e+00 2.317838142254613487e-03
3.649999999999958611e+00 1.682211284988501410e-03
3.749999999999958256e+00 1.104623993481600045e-03
3.849999999999957900e+00 7.535782328412603519e-04
3.949999999999957545e+00 6.871135688266898989e-04
4.049999999999957190e+00 5.326534341449412537e-04
4.149999999999956835e+00 2.930061948811360289e-04
4.249999999999956479e+00 1.900327717599699221e-04
4.349999999999956124e+00 1.245042297737734122e-04
4.449999999999955769e+00 9.829281297929484619e-05
4.549999999999955413e+00 1.235681077453991980e-04
4.649999999999955058e+00 7.114527415644197113e-05
4.749999999999954703e+00 9.922893500766903326e-05
4.849999999999954348e+00 2.433917273773014445e-05
4.949999999999953992e+00 2.433917273773014445e-05
5.049999999999953637e+00 2.995590490797557179e-05
5.149999999999953282e+00 0.000000000000000000e+00
5.249999999999952927e+00 0.000000000000000000e+00
5.349999999999952571e+00 0.000000000000000000e+00
5.449999999999952216e+00 0.000000000000000000e+00
5.549999999999951861e+00 0.000000000000000000e+00
5.649999999999951505e+00 0.000000000000000000e+00
5.749999999999951150e+00 0.000000000000000000e+00
5.849999999999950795e+00 0.000000000000000000e+00
5.949999999999950440e+00 0.000000000000000000e+00
6.049999999999950084e+00 0.000000000000000000e+00
6.149999999999949729e+00 0.000000000000000000e+00
6.249999999999949374e+00 0.000000000000000000e+00
6.349999999999949019e+00 0.000000000000000000e+00
6.449999999999948663e+00 0.000000000000000000e+00
6.549999999999948308e+00 0.000000000000000000e+00
6.649999999999947953e+00 0.000000000000000000e+00
6.749999999999947597e+00 0.000000000000000000e+00
6.849999999999947242e+00 0.000000000000000000e+00
6.949999999999946887e+00 0.000000000000000000e+00
7.049999999999946532e+00 0.000000000000000000e+00
7.149999999999946176e+00 0.000000000000000000e+00
7.249999999999945821e+00 0.000000000000000000e+00
7.349999999999945466e+00 0.000000000000000000e+00
7.449999999999945111e+00 0.000000000000000000e+00
7.549999999999944755e+00 0.000000000000000000e+00
7.649999999999944400e+00 0.000000000000000000e+00
7.749999999999944045e+00 0.000000000000000000e+00
7.849999999999943689e+00 0.000000000000000000e+00
7.949999999999943334e+00 0.000000000000000000e+00
