-7.950000000000000178e+00 1.497795245398778420e-05
-7.850000000000000533e+00 1.965856259585896517e-05
-7.750000000000000888e+00 3.931712519171793712e-05
-7.650000000000001243e+00 4.586997939033757863e-05
-7.550000000000001599e+00 4.399773533358910285e-05
-7.450000000000001954e+00 3.744488113496946134e-05
-7.350000000000002309e+00 3.182814896472404079e-05
-7.250000000000002665e+00 3.370039302147250979e-05
-7.150000000000003020e+00 6.552854198619655058e-05
-7.050000000000003375e+00 6.272017590107385385e-05
-6.950000000000003730e+00 7.957037241181010197e-05
-6.850000000000004086e+00 6.459241995782230930e-05
-6.750000000000004441e+00 4.867834547546028890e-05
-6.650000000000004796e+00 5.710344373082841974e-05
-6.550000000000005151e+00 1.085901552914114054e-04
-6.450000000000005507e+00 6.552854198619655058e-05
-6.350000000000005862e+00 4.680610141871181990e-05
-6.250000000000006217e+00 4.774222344708606118e-05
-6.150000000000006573e+00 5.148671156058299918e-05
-6.050000000000006928e+00 5.803956575920266102e-05
-5.950000000000007283e+00 7.020915212806772986e-05
-5.850000000000007638e+00 1.413544262845097010e-04
-5.750000000000007994e+00 1.198236196319022600e-04
-5.650000000000008349e+00 1.188874976035280323e-04
-5.550000000000008704e+00 1.235681077453991980e-04
-5.450000000000009059e+00 1.394821822277612184e-04
-5.350000000000009415e+00 1.872244056748472525e-04
-5.250000000000009770e+00 1.937772598734669957e-04
-5.150000000000010125e+00 2.143719444977001953e-04
-5.050000000000010481e+00 3.250481039940715825e-04
-4.950000000000010836e+00 3.276427099309829833e-04
-4.850000000000011191e+00 3.360678081863509108e-04
-4.750000000000011546e+00 3.856822756901854546e-04
-4.650000000000011902e+00 3.987879840874247782e-04
-4.550000000000012257e+00 4.156381805981610670e-04
-4.450000000000012612e+00 5.448230205138055501e-04
-4.350000000000012967e+00 7.723006734087450691e-04
-4.250000000000013323e+00 1.035350963381905919e-03
-4.150000000000013678e+00 9.838642518213230014e-04
-4.050000000000014033e+00 1.113049091736967484e-03
-3.950000000000014388e+00 1.457541998178686973e-03
-3.850000000000014744e+00 1.759909413343565361e-03
-3.750000000000015099e+00 1.998620530578996100e-03
-3.650000000000015454e+00 2.765304471817497944e-03
-3.550000000000015810e+00 2.877639115222406247e-03
-3.450000000000016165e+00 3.415924023616782011e-03
-3.350000000000016520e+00 4.177919983673820774e-03
-3.250000000000016875e+00 5.480065725142386351e-03
-3.150000000000017231e+00 5.931283913858358646e-03
-3.050000000000017586e+00 7.074443702334761233e-03
-2.950000000000017941e+00 8.375616466576980834e-03
-2.850000000000018296e+00 9.760111462384079076e-03
-2.750000000000018652e+00 1.220522534529957376e-02
-2.650000000000019007e+00 1.435362540041843112e-02
-2.550000000000019362e+00 1.721085410700644996e-02
-2.450000000000019718e+00 2.123236800154590029e-02
-2.350000000000020073e+00 2.489272306912272692e-02
-2.250000000000020428e+00 2.916631177568056177e-02
-2.150000000000020783e+00 3.381031733493031904e-02
-2.050000000000021139e+00 4.124695918081013046e-02
-1.950000000000021272e+00 4.925748805632094995e-02
-1.850000000000021627e+00 5.795604450956808734e-02
-1.750000000000021982e+00 6.945574342913662935e-02
-1.650000000000022338e+00 8.170237190383319859e-02
-1.550000000000022693e+00 9.662307349329853079e-02
-1.450000000000023048e+00 1.136832414378953493e-01
-1.350000000000023404e+00 1.312532789332538363e-01
-1.250000000000023759e+00 1.487212496433619191e-01
-1.150000000000024114e+00 1.763623680194757182e-01
-1.050000000000024469e+00 2.040983074489195470e-01
-9.500000000000248246e-01 2.306776349426287731e-01
-8.500000000000251799e-01 2.581351923197441334e-01
-7.500000000000255351e-01 2.906649463171351866e-01
-6.500000000000258904e-01 3.250705709227551532e-01
-5.500000000000262457e-01 3.585557885564149005e-01
-4.500000000000266565e-01 3.909736133175796269e-01
-3.500000000000270117e-01 4.150307405963047369e-01
-2.500000000000273670e-01 4.338002821067922232e-01
-1.500000000000277223e-01 4.489309256459597108e-01
-5.000000000002806366e-02 4.583375883887959024e-01
4.999999999997158107e-02 4.600359053952964850e-01
1.499999999999712119e-01 4.510862102520586392e-01
2.499999999999708566e-01 4.333965923813751786e-01
3.499999999999705014e-01 4.117998149244055384e-01
4.499999999999701461e-01 3.854047191942954198e-01
5.499999999999698463e-01 3.598304403201995627e-01
6.499999999999694911e-01 3.248633857418612436e-01
7.499999999999691358e-01 2.926781836192281494e-01
8.499999999999687805e-01 2.616936869911781760e-01
9.499999999999684253e-01 2.322565189945954844e-01
1.049999999999968070e+00 2.010734613019754535e-01
1.149999999999967715e+00 1.750870012648504948e-01
1.249999999999967359e+00 1.535352682308361028e-01
1.349999999999967004e+00 1.349481009819701038e-01
1.449999999999966649e+00 1.133296968948327432e-01
1.549999999999966294e+00 9.712290368813361607e-02
1.649999999999965938e+00 8.187125716299949174e-02
1.749999999999965583e+00 6.901652529287891080e-02
1.849999999999965228e+00 5.847529739373204943e-02
1.949999999999964873e+00 4.887154779424495582e-02
2.049999999999964295e+00 4.032037527766993423e-02
2.149999999999963940e+00 3.361758676267916773e-02
2.249999999999963585e+00 2.962678799012595163e-02
2.349999999999963229e+00 2.475902715297585710e-02
2.449999999999962874e+00 2.003595982304605394e-02
2.549999999999962519e+00 1.689608860324531489e-02
2.649999999999962164e+00 1.429562268985718962e-02
2.749999999999961808e+00 1.200775519458977154e-02
2.849999999999961453e+00 1.084237909277857917e-02
2.949999999999961098e+00 8.687308246827625535e-03
3.049999999999960743e+00 7.085537116922984574e-03
3.149999999999960387e+00 5.717855462428630964e-03
3.249999999999960032e+00 4.677831259944445659e-03
3.349999999999959677e+00 4.154531675043650688e-03
3.449999999999959321e+00 3.397201583049297077e-03
3.549999999999958966e+00 2.961904839855275182e-03
3.649999999999958611e+00 2.603370102987941775e-03
3.749999999999958256e+00 2.044512623088114156e-03
3.849999999999957900e+00 1.818907214249923174e-03
3.949999999999957545e+00 1.512795310971547713e-03
4.049999999999957190e+00 1.333059881523694038e-03
4.149999999999956835e+00 1.061577122255571732e-03
4.249999999999956479e+00 9.052447435170740079e-04
4.349999999999956124e+00 7.666986833176866242e-04
4.449999999999955769e+00 5.635602031604774326e-04
4.549999999999955413e+00 6.113024266075636022e-04
4.649999999999955058e+00 5.036483933445262077e-04
4.749999999999954703e+00 4.362476073015812694e-04
4.849999999999954348e+00 2.696252572905606095e-04
4.949999999999953992e+00 2.508954456834823097e-04
5.049999999999953637e+00 2.237552779002229767e-04
5.149999999999953282e+00 2.377897372862430132e-04
5.249999999999952927e+00 1.825437955329761545e-04
5.349999999999952571e+00 1.348015720858900392e-04
5.449999999999952216e+00 1.011011790644175158e-04
5.549999999999951861e+00 1.020373010927917842e-04
5.649999999999951505e+00 1.376099381710127630e-04
5.749999999999951150e+00 1.142068874616568395e-04
5.849999999999950795e+00 7.114527415644197113e-05
5.949999999999950440e+00 9.548444689417209526e-05
6.049999999999950084e+00 8.050649444018434324e-05
6.149999999999949729e+00 5.897568778757689552e-05
6.249999999999949374e+00 3.650875910659522007e-05
6.349999999999949019e+00 4.680610141871181990e-05
6.449999999999948663e+00 3.838100316334369584e-05
6.549999999999948308e+00 4.586997939033758540e-05
6.649999999999947953e+00 3.557263707822098557e-05
6.749999999999947597e+00 4.025324722009216485e-05
6.849999999999947242e+00 7.488976226993889558e-05
6.949999999999946887e+00 4.493385736196335090e-05
7.049999999999946532e+00 5.710344373082843329e-05
7.149999999999946176e+00 6.272017590107385385e-05
7.249999999999945821e+00 4.774222344708606118e-05
7.349999999999945466e+00 6.178405387269962613e-05
7.449999999999945111e+00 4.867834547546030246e-05
7.549999999999944755e+00 3.650875910659522684e-05
7.649999999999944400e+00 4.961446750383455051e-05
7.749999999999944045e+00 4.025324722009217162e-05
7.849999999999943689e+00 4.867834547546029568e-05
7.949999999999943334e+00 4.867834547546030923e-05
