-7.950000000000000178e+00 0.000000000000000000e+00
-7.850000000000000533e+00 0.000000000000000000e+00
-7.750000000000000888e+00 0.000000000000000000e+00
-7.650000000000001243e+00 0.000000000000000000e+00
-7.550000000000001599e+00 0.000000000000000000e+00
-7.450000000000001954e+00 0.000000000000000000e+00
-7.350000000000002309e+00 0.000000000000000000e+00
-7.250000000000002665e+00 0.000000000000000000e+00
-7.150000000000003020e+00 0.000000000000000000e+00
-7.050000000000003375e+00 0.000000000000000000e+00
-6.950000000000003730e+00 0.000000000000000000e+00
-6.850000000000004086e+00 4.680610141871182668e-06
-6.750000000000004441e+00 2.808366085122709431e-06
-6.650000000000004796e+00 1.872244056748473025e-06
-6.550000000000005151e+00 9.361220283742365124e-07
-6.450000000000005507e+00 5.616732170245418863e-06
-6.350000000000005862e+00 1.965856259585896517e-05
-6.250000000000006217e+00 2.995590490797556501e-05
-6.150000000000006573e+00 1.872244056748473067e-05
-6.050000000000006928e+00 3.182814896472404079e-05
-5.950000000000007283e+00 4.025324722009216485e-05
-5.850000000000007638e+00 3.931712519171793035e-05
-5.750000000000007994e+00 6.740078604294501958e-05
-5.650000000000008349e+00 5.335895561733148174e-05
-5.550000000000008704e+00 9.080383675230094308e-05
-5.450000000000009059e+00 6.459241995782232285e-05
-5.350000000000009415e+00 9.173995878067517081e-05
-5.250000000000009770e+00 1.104623993481599015e-04
-5.150000000000010125e+00 1.834799175613503687e-04
-5.050000000000010481e+00 1.862882836464730383e-04
-4.950000000000010836e+00 2.611780459164119881e-04
-4.850000000000011191e+00 2.864533406825163671e-04
-4.750000000000011546e+00 3.173453676188661395e-04
-4.650000000000011902e+00 3.875545197469338829e-04
-4.550000000000012257e+00 3.650875910659522549e-04
-4.450000000000012612e+00 4.970807970667194889e-04
-4.350000000000012967e+00 6.318823691526097991e-04
-4.250000000000013323e+00 6.833690807131927170e-04
-4.150000000000013678e+00 8.921242930406473020e-04
-4.050000000000014033e+00 9.576528350268439203e-04
-3.950000000000014388e+00 1.247850663822856927e-03
-3.850000000000014744e+00 1.333037768404912856e-03
-3.750000000000015099e+00 1.668169454562889228e-03
-3.650000000000015454e+00 2.025768069401848691e-03
-3.550000000000015810e+00 2.324390996453230222e-03
-3.450000000000016165e+00 3.033035371932530245e-03
-3.350000000000016520e+00 3.583475124616583574e-03
-3.250000000000016875e+00 4.528022251246192724e-03
-3.150000000000017231e+00 5.964969564800652949e-03
-3.050000000000017586e+00 7.180055957630411892e-03
-2.950000000000017941e+00 8.356761347296813580e-03
-2.850000000000018296e+00 9.722563386694804688e-03
-2.750000000000018652e+00 1.239800014378832083e-02
-2.650000000000019007e+00 1.437040925757281443e-02
-2.550000000000019362e+00 1.694848932371547517e-02
-2.450000000000019718e+00 2.081373717887277652e-02
-2.350000000000020073e+00 2.548779446654543535e-02
-2.250000000000020428e+00 3.094819425805234517e-02
-2.150000000000020783e+00 3.694311972776076480e-02
-2.050000000000021139e+00 4.370472913870759868e-02
-1.950000000000021272e+00 5.172542267781785053e-02
-1.850000000000021627e+00 6.172039757476948524e-02
-1.750000000000021982e+00 7.228640690902984889e-02
-1.650000000000022338e+00 8.608390948523796105e-02
-1.550000000000022693e+00 1.015083921467604400e-01
-1.450000000000023048e+00 1.211098512988886405e-01
-1.350000000000023404e+00 1.380237041075552951e-01
-1.250000000000023759e+00 1.598325390025914505e-01
-1.150000000000024114e+00 1.820888402271897688e-01
-1.050000000000024469e+00 2.073454125527273151e-01
-9.500000000000248246e-01 2.337272035563700834e-01
-8.500000000000251799e-01 2.634172498082864577e-01
-7.500000000000255351e-01 2.940686933833437378e-01
-6.500000000000258904e-01 3.219660659509244183e-01
-5.500000000000262457e-01 3.511384367211510815e-01
-4.500000000000266565e-01 3.807189566957490667e-01
-3.500000000000270117e-01 4.038570848710756334e-01
-2.500000000000273670e-01 4.257220870878128949e-01
-1.500000000000277223e-01 4.381397457941975104e-01
-5.000000000002806366e-02 4.450792183905357136e-01
4.999999999997158107e-02 4.472781690351869122e-01
1.499999999999712119e-01 4.417784521184882074e-01
2.499999999999708566e-01 4.253906998897687419e-01
3.499999999999705014e-01 4.005628714532265544e-01
4.499999999999701461e-01 3.795591015025933102e-01
5.499999999999698463e-01 3.487288586201158780e-01
6.499999999999694911e-01 3.199739982745437583e-01
7.499999999999691358e-01 2.934555334547584993e-01
8.499999999999687805e-01 2.631813470571361391e-01
9.499999999999684253e-01 2.355189411186782988e-01
1.049999999999968070e+00 2.095705746141729442e-01
1.149999999999967715e+00 1.839292561349735733e-01
1.249999999999967359e+00 1.594084757237377581e-01
1.349999999999967004e+00 1.361673741252890091e-01
1.449999999999966649e+00 1.185926191645903099e-01
1.549999999999966294e+00 1.040143908167182191e-01
1.649999999999965938e+00 8.631793999233158821e-02
1.749999999999965583e+00 7.277599872986950658e-02
1.849999999999965228e+00 6.203399845427483295e-02
1.949999999999964873e+00 5.346005679639528885e-02
2.049999999999964295e+00 4.480654476610403808e-02
2.149999999999963940e+00 3.773882345187883069e-02
2.249999999999963585e+00 3.092853569545650841e-02
2.349999999999963229e+00 2.527529476610446135e-02
2.449999999999962874e+00 2.097755853383826558e-02
2.549999999999962519e+00 1.775542651217407869e-02
2.649999999999962164e+00 1.431705030195548449e-02
2.749999999999961808e+00 1.189249424846624582e-02
2.849999999999961453e+00 9.508191442197107962e-03
2.949999999999961098e+00 8.145197768884242587e-03
3.049999999999960743e+00 6.817776732649584448e-03
3.149999999999960387e+00 5.365851466641136797e-03
3.249999999999960032e+00 4.316458672833613924e-03
3.349999999999959677e+00 3.619983883723179065e-03
3.449999999999959321e+00 3.160347967791426408e-03
3.549999999999958966e+00 2.494765205617342080e-03
3.649999999999958611e+00 2.095977221529916109e-03
3.749999999999958256e+00 1.687828017158748539e-03
3.849999999999957900e+00 1.480008926859667897e-03
3.949999999999957545e+00 1.319932060007673533e-03
4.049999999999957190e+00 1.152366216928685239e-03
4.149999999999956835e+00 8.565516559624264045e-04
4.249999999999956479e+00 7.236223279332848479e-04
4.349999999999956124e+00 6.037987083013825066e-04
4.449999999999955769e+00 4.352967431940199441e-04
4.549999999999955413e+00 3.482373945552159119e-04
4.649999999999955058e+00 3.594708588957068072e-04
4.749999999999954703e+00 2.976868050230072624e-04
4.849999999999954348e+00 1.975217479869638795e-04
4.949999999999953992e+00 1.582046227952459627e-04
5.049999999999953637e+00 1.394821822277612184e-04
5.149999999999953282e+00 1.273125958588961631e-04
5.249999999999952927e+00 1.123346434049083840e-04
5.349999999999952571e+00 1.011011790644175429e-04
5.449999999999952216e+00 9.922893500766908747e-05
5.549999999999951861e+00 5.429507764570572301e-05
5.649999999999951505e+00 5.242283358895724046e-05
5.749999999999951150e+00 5.991180981595113002e-05
5.849999999999950795e+00 6.365629792944808157e-05
5.949999999999950440e+00 4.493385736196335090e-05
6.049999999999950084e+00 4.025324722009216485e-05
6.149999999999949729e+00 2.808366085122709601e-05
6.249999999999949374e+00 3.089202693634979951e-05
6.349999999999949019e+00 2.340305070935590995e-05
6.449999999999948663e+00 3.744488113496946050e-06
6.549999999999948308e+00 3.744488113496946050e-06
6.649999999999947953e+00 4.680610141871182668e-06
6.749999999999947597e+00 9.361220283742363642e-06
6.849999999999947242e+00 0.000000000000000000e+00
6.949999999999946887e+00 0.000000000000000000e+00
7.049999999999946532e+00 0.000000000000000000e+00
7.149999999999946176e+00 0.000000000000000000e+00
7.249999999999945821e+00 0.000000000000000000e+00
7.349999999999945466e+00 0.000000000000000000e+00
7.449999999999945111e+00 0.000000000000000000e+00
7.549999999999944755e+00 0.000000000000000000e+00
7.649999999999944400e+00 0.000000000000000000e+00
7.749999999999944045e+00 0.000000000000000000e+00
7.849999999999943689e+00 0.000000000000000000e+00
7.949999999999943334e+00 0.000000000000000000e+00
