-7.950000000000000178e+00 0.000000000000000000e+00
-7.850000000000000533e+00 9.361220283742365124e-07
-7.750000000000000888e+00 0.000000000000000000e+00
-7.650000000000001243e+00 9.361220283742365124e-07
-7.550000000000001599e+00 9.361220283742365124e-07
-7.450000000000001954e+00 1.872244056748473025e-06
-7.350000000000002309e+00 9.361220283742365124e-07
-7.250000000000002665e+00 3.744488113496946050e-06
-7.150000000000003020e+00 9.361220283742365124e-07
-7.050000000000003375e+00 4.680610141871182668e-06
-6.950000000000003730e+00 2.808366085122709431e-06
-6.850000000000004086e+00 1.872244056748473025e-06
-6.750000000000004441e+00 3.744488113496946050e-06
-6.650000000000004796e+00 3.744488113496946050e-06
-6.550000000000005151e+00 5.616732170245418863e-06
-6.450000000000005507e+00 5.616732170245418863e-06
-6.350000000000005862e+00 6.552854198619655058e-06
-6.250000000000006217e+00 6.552854198619655905e-06
-6.150000000000006573e+00 1.310570839723931012e-05
-6.050000000000006928e+00 1.310570839723931181e-05
-5.950000000000007283e+00 2.059468462423320306e-05
-5.850000000000007638e+00 1.778631853911049278e-05
-5.750000000000007994e+00 1.872244056748473067e-05
-5.650000000000008349e+00 2.153080665260744095e-05
-5.550000000000008704e+00 3.931712519171793035e-05
-5.450000000000009059e+00 2.808366085122709601e-05
-5.350000000000009415e+00 3.838100316334370262e-05
-5.250000000000009770e+00 5.335895561733148174e-05
-5.150000000000010125e+00 5.710344373082841974e-05
-5.050000000000010481e+00 6.178405387269959902e-05
-4.950000000000010836e+00 7.208139618481619886e-05
-4.850000000000011191e+00 9.548444689417212236e-05
-4.750000000000011546e+00 1.057817892062887222e-04
-4.650000000000011902e+00 1.151430094900310808e-04
-4.550000000000012257e+00 1.338654500575158250e-04
-4.450000000000012612e+00 1.703742091641110450e-04
-4.350000000000012967e+00 2.246692868098167410e-04
-4.250000000000013323e+00 2.368388731786817962e-04
-4.150000000000013678e+00 2.677309001150315415e-04
-4.050000000000014033e+00 4.175104246549093869e-04
-3.950000000000014388e+00 4.512108176763819645e-04
-3.850000000000014744e+00 5.682260712231616091e-04
-3.750000000000015099e+00 7.610672090682544990e-04
-3.650000000000015454e+00 9.117828556365067212e-04
-3.550000000000015810e+00 1.206661294574390853e-03
-3.450000000000016165e+00 1.519326052051385000e-03
-3.350000000000016520e+00 2.033257045628841103e-03
-3.250000000000016875e+00 2.623950045532986563e-03
-3.150000000000017231e+00 3.435567844133453723e-03
-3.050000000000017586e+00 4.524277763132696084e-03
-2.950000000000017941e+00 5.908802243098199014e-03
-2.850000000000018296e+00 7.614416578796062880e-03
-2.750000000000018652e+00 9.641120770226250386e-03
-2.650000000000019007e+00 1.249535683473924214e-02
-2.550000000000019362e+00 1.571748885640331800e-02
-2.450000000000019718e+00 1.997122735333593802e-02
-2.350000000000020073e+00 2.500569162193267553e-02
-2.250000000000020428e+00 3.128238982218199682e-02
-2.150000000000020783e+00 3.873953790021085475e-02
-2.050000000000021139e+00 4.715433881326658999e-02
-1.950000000000021272e+00 5.789353072277558798e-02
-1.850000000000021627e+00 7.003409730876131167e-02
-1.750000000000021982e+00 8.409839466305618627e-02
-1.650000000000022338e+00 9.891533412816372328e-02
-1.550000000000022693e+00 1.171566079730640697e-01
-1.450000000000023048e+00 1.356178704946332525e-01
-1.350000000000023404e+00 1.562453193898609149e-01
-1.250000000000023759e+00 1.785428099837079174e-01
-1.150000000000024114e+00 2.027443727832675957e-01
-1.050000000000024469e+00 2.262251216209787141e-01
-9.500000000000248246e-01 2.516221122507714680e-01
-8.500000000000251799e-01 2.763488395082476790e-01
-7.500000000000255351e-01 3.003921976850115749e-01
-6.500000000000258904e-01 3.241462941550078414e-01
-5.500000000000262457e-01 3.450751743433709273e-01
-4.500000000000266565e-01 3.637714034940616736e-01
-3.500000000000270117e-01 3.787278251413970231e-01
-2.500000000000273670e-01 3.934511524036674590e-01
-1.500000000000277223e-01 4.008905141631576852e-01
-5.000000000002806366e-02 4.045058174367390791e-01
4.999999999997158107e-02 4.046134714700019841e-01
1.499999999999712119e-01 4.010899081552011802e-01
2.499999999999708566e-01 3.916509897431038612e-01
3.499999999999705014e-01 3.796611388036863488e-01
4.499999999999701461e-01 3.640896849837089722e-01
5.499999999999698463e-01 3.444442280962468628e-01
6.499999999999694911e-01 3.242539481882708019e-01
7.499999999999691358e-01 3.003519444377913405e-01
8.499999999999687805e-01 2.763769231690990091e-01
9.499999999999684253e-01 2.518027838022477427e-01
1.049999999999968070e+00 2.265452753546827458e-01
1.149999999999967715e+00 2.022585254505414043e-01
1.249999999999967359e+00 1.783761802626573356e-01
1.349999999999967004e+00 1.564634358224721855e-01
1.449999999999966649e+00 1.362825171347790132e-01
1.549999999999966294e+00 1.160941094708593246e-01
1.649999999999965938e+00 9.899771286666068926e-02
1.749999999999965583e+00 8.379134663774945313e-02
1.849999999999965228e+00 7.005656423744231753e-02
1.949999999999964873e+00 5.784953298744202610e-02
2.049999999999964295e+00 4.797625395417914884e-02
2.149999999999963940e+00 3.905126653565946238e-02
2.249999999999963585e+00 3.123651984279166710e-02
2.349999999999963229e+00 2.518449092935216502e-02
2.449999999999962874e+00 1.999743877013042404e-02
2.549999999999962519e+00 1.574276415116942357e-02
2.649999999999962164e+00 1.219767002971623888e-02
2.749999999999961808e+00 9.619589963573642322e-03
2.849999999999961453e+00 7.573227209547597240e-03
2.949999999999961098e+00 5.663538271664146986e-03
3.049999999999960743e+00 4.530830617331315854e-03
3.149999999999960387e+00 3.377528278374251035e-03
3.249999999999960032e+00 2.660458804639582054e-03
3.349999999999959677e+00 2.066957438650313464e-03
3.449999999999959321e+00 1.602640912576692176e-03
3.549999999999958966e+00 1.212278026744636247e-03
3.649999999999958611e+00 9.323775402607398666e-04
3.749999999999958256e+00 7.517059887845120320e-04
3.849999999999957900e+00 5.822679016487750927e-04
3.949999999999957545e+00 4.895918208397255587e-04
4.049999999999957190e+00 3.903628858320565796e-04
4.149999999999956835e+00 3.042396592216268158e-04
4.249999999999956479e+00 2.611780459164119339e-04
4.349999999999956124e+00 1.900327717599699763e-04
4.449999999999955769e+00 1.825437955329761003e-04
4.549999999999955413e+00 1.357376941142642804e-04
4.649999999999955058e+00 1.132707654332826253e-04
4.749999999999954703e+00 1.123346434049083840e-04
4.849999999999954348e+00 6.740078604294503313e-05
4.949999999999953992e+00 7.488976226993892269e-05
5.049999999999953637e+00 6.833690807131926085e-05
5.149999999999953282e+00 4.961446750383453018e-05
5.249999999999952927e+00 4.586997939033758540e-05
5.349999999999952571e+00 3.838100316334369584e-05
5.449999999999952216e+00 4.774222344708606118e-05
5.549999999999951861e+00 2.433917273773015123e-05
5.649999999999951505e+00 1.591407448236202039e-05
5.749999999999951150e+00 2.527529476610438573e-05
5.849999999999950795e+00 2.621141679447862023e-05
5.949999999999950440e+00 1.685019651073625828e-05
6.049999999999950084e+00 1.310570839723931012e-05
6.149999999999949729e+00 5.616732170245418863e-06
6.249999999999949374e+00 7.488976226993892099e-06
6.349999999999949019e+00 7.488976226993892099e-06
6.449999999999948663e+00 2.808366085122709431e-06
6.549999999999948308e+00 4.680610141871182668e-06
6.649999999999947953e+00 3.744488113496946050e-06
6.749999999999947597e+00 4.680610141871182668e-06
6.849999999999947242e+00 4.680610141871182668e-06
6.949999999999946887e+00 3.744488113496946050e-06
7.049999999999946532e+00 9.361220283742365124e-07
7.149999999999946176e+00 9.361220283742365124e-07
7.249999999999945821e+00 0.000000000000000000e+00
7.349999999999945466e+00 1.872244056748473025e-06
7.449999999999945111e+00 9.361220283742365124e-07
7.549999999999944755e+00 0.000000000000000000e+00
7.649999999999944400e+00 9.361220283742365124e-07
7.749999999999944045e+00 0.000000000000000000e+00
7.849999999999943689e+00 9.361220283742365124e-07
7.949999999999943334e+00 9.361220283742365124e-07
