-7.950000000000000178e+00 0.000000000000000000e+00
-7.850000000000000533e+00 0.000000000000000000e+00
-7.750000000000000888e+00 0.000000000000000000e+00
-7.650000000000001243e+00 0.000000000000000000e+00
-7.550000000000001599e+00 0.000000000000000000e+00
-7.450000000000001954e+00 0.000000000000000000e+00
-7.350000000000002309e+00 0.000000000000000000e+00
-7.250000000000002665e+00 0.000000000000000000e+00
-7.150000000000003020e+00 0.000000000000000000e+00
-7.050000000000003375e+00 0.000000000000000000e+00
-6.950000000000003730e+00 0.000000000000000000e+00
-6.850000000000004086e+00 0.000000000000000000e+00
-6.750000000000004441e+00 0.000000000000000000e+00
-6.650000000000004796e+00 0.000000000000000000e+00
-6.550000000000005151e+00 0.000000000000000000e+00
-6.450000000000005507e+00 0.000000000000000000e+00
-6.350000000000005862e+00 0.000000000000000000e+00
-6.250000000000006217e+00 0.000000000000000000e+00
-6.150000000000006573e+00 0.000000000000000000e+00
-6.050000000000006928e+00 0.000000000000000000e+00
-5.950000000000007283e+00 0.000000000000000000e+00
-5.850000000000007638e+00 0.000000000000000000e+00
-5.750000000000007994e+00 0.000000000000000000e+00
-5.650000000000008349e+00 5.614579340743600498e-06
-5.550000000000008704e+00 1.310068512840173506e-05
-5.450000000000009059e+00 1.871526446914533387e-05
-5.350000000000009415e+00 2.058679091605986793e-05
-5.250000000000009770e+00 1.777950124568807022e-05
-5.150000000000010125e+00 3.836629216174793815e-05
-5.050000000000010481e+00 4.304510827903426992e-05
-4.950000000000010836e+00 5.614579340743600837e-05
-4.850000000000011191e+00 9.731937523955574423e-05
-4.750000000000011546e+00 1.104200603679574759e-04
-4.650000000000011902e+00 1.441075364124190755e-04
-4.550000000000012257e+00 1.843453550210815816e-04
-4.450000000000012612e+00 2.358123323112312514e-04
-4.350000000000012967e+00 3.219025488692998319e-04
-4.250000000000013323e+00 3.555900249137614044e-04
-4.150000000000013678e+00 4.154788712150264403e-04
-4.050000000000014033e+00 5.483572489459582165e-04
-3.950000000000014388e+00 7.532893948830996118e-04
-3.850000000000014744e+00 8.431226643349971385e-04
-3.750000000000015099e+00 1.100457550785745352e-03
-3.650000000000015454e+00 1.406452124856271031e-03
-3.550000000000015810e+00 1.861233051456502152e-03
-3.450000000000016165e+00 2.219630366040635516e-03
-3.350000000000016520e+00 2.742722007953248692e-03
-3.250000000000016875e+00 3.530634642104268570e-03
-3.150000000000017231e+00 4.454232943656586709e-03
-3.050000000000017586e+00 5.801731985435040068e-03
-2.950000000000017941e+00 7.101507102817176606e-03
-2.850000000000018296e+00 8.952446758815662403e-03
-2.750000000000018652e+00 1.127594684266008430e-02
-2.650000000000019007e+00 1.411224517295910259e-02
-2.550000000000019362e+00 1.762697184026464775e-02
-2.450000000000019718e+00 2.123621059313938325e-02
-2.350000000000020073e+00 2.560154603056759987e-02
-2.250000000000020428e+00 3.175886804091644644e-02
-2.150000000000020783e+00 3.834289808116144588e-02
-2.050000000000021139e+00 4.641011283058615877e-02
-1.950000000000021272e+00 5.621036106985377589e-02
-1.850000000000021627e+00 6.680413652261310564e-02
-1.750000000000021982e+00 7.969614645218328630e-02
-1.650000000000022338e+00 9.424071423437915818e-02
-1.550000000000022693e+00 1.102853104637772641e-01
-1.450000000000023048e+00 1.273031004455708604e-01
-1.350000000000023404e+00 1.474220097499012172e-01
-1.250000000000023759e+00 1.686750640810618651e-01
-1.150000000000024114e+00 1.925407693321155578e-01
-1.050000000000024469e+00 2.185821240777078567e-01
-9.500000000000248246e-01 2.440900937859296627e-01
-8.500000000000251799e-01 2.711832463946869942e-01
-7.500000000000255351e-01 2.983082149530416061e-01
-6.500000000000258904e-01 3.241998475828792303e-01
-5.500000000000262457e-01 3.477417787586158937e-01
-4.500000000000266565e-01 3.723401866136358818e-01
-3.500000000000270117e-01 3.895891101116227273e-01
-2.500000000000273670e-01 4.050628907747115814e-01
-1.500000000000277223e-01 4.172502709970182244e-01
-5.000000000002806366e-02 4.185397527189423372e-01
4.999999999997158107e-02 4.188597837413646774e-01
1.499999999999712119e-01 4.130646020984941602e-01
2.499999999999708566e-01 4.058938485171413313e-01
3.499999999999705014e-01 3.916197163065249232e-01
4.499999999999701461e-01 3.707737189775683895e-01
5.499999999999698463e-01 3.495131785406206948e-01
6.499999999999694911e-01 3.257822231937455015e-01
7.499999999999691358e-01 2.977411424396264050e-01
8.499999999999687805e-01 2.701314485315210456e-01
9.499999999999684253e-01 2.452373394978882293e-01
1.049999999999968070e+00 2.177043781741047068e-01
1.149999999999967715e+00 1.921365196195818914e-01
1.249999999999967359e+00 1.688266577232619969e-01
1.349999999999967004e+00 1.477411050091001488e-01
1.449999999999966649e+00 1.284690614219985982e-01
1.549999999999966294e+00 1.099400138343214761e-01
1.649999999999965938e+00 9.402455292976055756e-02
1.749999999999965583e+00 7.987674875431050037e-02
1.849999999999965228e+00 6.701561901111441344e-02
1.949999999999964873e+00 5.583324849080052027e-02
2.049999999999964295e+00 4.640075519835158702e-02
2.149999999999963940e+00 3.833447621215033130e-02
2.249999999999963585e+00 3.148188212677309472e-02
2.349999999999963229e+00 2.593842079101222817e-02
2.449999999999962874e+00 2.169473457263345131e-02
2.549999999999962519e+00 1.745666293359542098e-02
2.649999999999962164e+00 1.416464791347270963e-02
2.749999999999961808e+00 1.145093456544659868e-02
2.849999999999961453e+00 9.241597594863957404e-03
2.949999999999961098e+00 7.198826478056728935e-03
3.049999999999960743e+00 5.692247688290540120e-03
3.149999999999960387e+00 4.511314500287479622e-03
3.249999999999960032e+00 3.379040999904191385e-03
3.349999999999959677e+00 2.713713348026072780e-03
3.449999999999959321e+00 2.080201645745502481e-03
3.549999999999958966e+00 1.760170623323117217e-03
3.649999999999958611e+00 1.329719540532775263e-03
3.749999999999958256e+00 1.059283968953625508e-03
3.849999999999957900e+00 8.992684577424330927e-04
3.949999999999957545e+00 6.466123874089712989e-04
4.049999999999957190e+00 5.670725134151035707e-04
4.149999999999956835e+00 4.201576873323128601e-04
4.249999999999956479e+00 3.743052893829067586e-04
4.349999999999956124e+00 2.797932038137228121e-04
4.449999999999955769e+00 2.030606194902269358e-04
4.549999999999955413e+00 1.768592492334234453e-04
4.649999999999955058e+00 1.150988764852438145e-04
4.749999999999954703e+00 8.609021655806853985e-05
4.849999999999954348e+00 5.801731985435053566e-05
4.949999999999953992e+00 5.053121406669240618e-05
5.049999999999953637e+00 4.117358183211973586e-05
5.149999999999953282e+00 3.836629216174793815e-05
5.249999999999952927e+00 3.555900249137614044e-05
5.349999999999952571e+00 4.304510827903427670e-05
5.449999999999952216e+00 3.181594959754707231e-05
5.549999999999951861e+00 2.152255413951713835e-05
5.649999999999951505e+00 1.029339545802993396e-05
5.749999999999951150e+00 3.743052893829066858e-06
5.849999999999950795e+00 0.000000000000000000e+00
5.949999999999950440e+00 0.000000000000000000e+00
6.049999999999950084e+00 0.000000000000000000e+00
6.149999999999949729e+00 0.000000000000000000e+00
6.249999999999949374e+00 0.000000000000000000e+00
6.349999999999949019e+00 0.000000000000000000e+00
6.449999999999948663e+00 0.000000000000000000e+00
6.549999999999948308e+00 0.000000000000000000e+00
6.649999999999947953e+00 0.000000000000000000e+00
6.749999999999947597e+00 0.000000000000000000e+00
6.849999999999947242e+00 0.000000000000000000e+00
6.949999999999946887e+00 0.000000000000000000e+00
7.049999999999946532e+00 0.000000000000000000e+00
7.149999999999946176e+00 0.000000000000000000e+00
7.249999999999945821e+00 0.000000000000000000e+00
7.349999999999945466e+00 0.000000000000000000e+00
7.449999999999945111e+00 0.000000000000000000e+00
7.549999999999944755e+00 0.000000000000000000e+00
7.649999999999944400e+00 0.000000000000000000e+00
7.749999999999944045e+00 0.000000000000000000e+00
7.849999999999943689e+00 0.000000000000000000e+00
7.949999999999943334e+00 0.000000000000000000e+00
