-7.950000000000000178e+00 1.029339545802993396e-05
-7.850000000000000533e+00 1.122915868148720100e-05
-7.750000000000000888e+00 1.310068512840173506e-05
-7.650000000000001243e+00 1.122915868148720100e-05
-7.550000000000001599e+00 1.310068512840173337e-05
-7.450000000000001954e+00 1.777950124568806683e-05
-7.350000000000002309e+00 1.122915868148720100e-05
-7.250000000000002665e+00 2.152255413951713157e-05
-7.150000000000003020e+00 2.058679091605986793e-05
-7.050000000000003375e+00 2.526560703334619970e-05
-6.950000000000003730e+00 2.620137025680346673e-05
-6.850000000000004086e+00 3.088018637408980189e-05
-6.750000000000004441e+00 3.555900249137613367e-05
-6.650000000000004796e+00 3.462323926791887002e-05
-6.550000000000005151e+00 5.427426696052146753e-05
-6.450000000000005507e+00 3.368747604446159960e-05
-6.350000000000005862e+00 6.269613597163687421e-05
-6.250000000000006217e+00 6.643918886546594234e-05
-6.150000000000006573e+00 6.924647853583774004e-05
-6.050000000000006928e+00 7.673258432349587630e-05
-5.950000000000007283e+00 9.451208556918394652e-05
-5.850000000000007638e+00 1.188419293790728690e-04
-5.750000000000007994e+00 1.281995616136455461e-04
-5.650000000000008349e+00 1.693731434457652820e-04
-5.550000000000008704e+00 1.899599343618251770e-04
-5.450000000000009059e+00 2.011890930433123678e-04
-5.350000000000009415e+00 2.470414909927184694e-04
-5.250000000000009770e+00 2.891508360482954350e-04
-5.150000000000010125e+00 3.162879695285561823e-04
-5.050000000000010481e+00 3.930205538520520586e-04
-4.950000000000010836e+00 4.519736369298598647e-04
-4.850000000000011191e+00 5.240274051360694837e-04
-4.750000000000011546e+00 6.456766241855141234e-04
-4.650000000000011902e+00 7.055654704867792134e-04
-4.550000000000012257e+00 8.141213726221799719e-04
-4.450000000000012612e+00 9.713222259486427659e-04
-4.350000000000012967e+00 1.182804714449984824e-03
-4.250000000000013323e+00 1.426103152548873453e-03
-4.150000000000013678e+00 1.631035298486013981e-03
-4.050000000000014033e+00 1.886506026704205721e-03
-3.950000000000014388e+00 2.183142968540159427e-03
-3.850000000000014744e+00 2.601429129425558966e-03
-3.750000000000015099e+00 2.972934497352453485e-03
-3.650000000000015454e+00 3.526898957424798829e-03
-3.550000000000015810e+00 4.210956610200774532e-03
-3.450000000000016165e+00 4.941772951292177501e-03
-3.350000000000016520e+00 5.784888247412808306e-03
-3.250000000000016875e+00 6.674813809349377375e-03
-3.150000000000017231e+00 7.823945784183610960e-03
-3.050000000000017586e+00 9.108726585347380958e-03
-2.950000000000017941e+00 1.058161789906914008e-02
-2.850000000000018296e+00 1.207323184547440427e-02
-2.750000000000018652e+00 1.414689788508445220e-02
-2.650000000000019007e+00 1.628885990357815949e-02
-2.550000000000019362e+00 1.912706660139588954e-02
-2.450000000000019718e+00 2.208317209715487603e-02
-2.350000000000020073e+00 2.590108604886058596e-02
-2.250000000000020428e+00 2.954397543670799278e-02
-2.150000000000020783e+00 3.455509802153685500e-02
-2.050000000000021139e+00 4.017907183558652728e-02
-1.950000000000021272e+00 4.618575807160152369e-02
-1.850000000000021627e+00 5.386379847506914120e-02
-1.750000000000021982e+00 6.244576404775339235e-02
-1.650000000000022338e+00 7.244457092753844862e-02
-1.550000000000022693e+00 8.403607628650515415e-02
-1.450000000000023048e+00 9.724732883956171969e-02
-1.350000000000023404e+00 1.121982757482407611e-01
-1.250000000000023759e+00 1.292095227556845083e-01
-1.150000000000024114e+00 1.489939077599504447e-01
-1.050000000000024469e+00 1.719486069877891876e-01
-9.500000000000248246e-01 1.987513561640578130e-01
-8.500000000000251799e-01 2.291718764854280277e-01
-7.500000000000255351e-01 2.631934715781640843e-01
-6.500000000000258904e-01 3.014606833614391634e-01
-5.500000000000262457e-01 3.430655636209982706e-01
-4.500000000000266565e-01 3.878349519512157562e-01
-3.500000000000270117e-01 4.371571673014136294e-01
-2.500000000000273670e-01 4.861319271353496396e-01
-1.500000000000277223e-01 5.296914988772820632e-01
-5.000000000002806366e-02 5.572404123851490976e-01
4.999999999997158107e-02 5.573912471012703040e-01
1.499999999999712119e-01 5.289331254144921113e-01
2.499999999999708566e-01 4.860199376453234743e-01
3.499999999999705014e-01 4.380091023501206937e-01
4.499999999999701461e-01 3.891248536613584053e-01
5.499999999999698463e-01 3.429091585348225113e-01
6.499999999999694911e-01 3.008626569795064820e-01
7.499999999999691358e-01 2.627435315683971373e-01
8.499999999999687805e-01 2.292344915710417264e-01
9.499999999999684253e-01 1.993447110980876291e-01
1.049999999999968070e+00 1.723081905848849460e-01
1.149999999999967715e+00 1.489499268884480476e-01
1.249999999999967359e+00 1.294752647747176022e-01
1.349999999999967004e+00 1.121306429086493250e-01
1.449999999999966649e+00 9.701800053588544026e-02
1.549999999999966294e+00 8.380397753423034224e-02
1.649999999999965938e+00 7.231728502450515683e-02
1.749999999999965583e+00 6.206968301871022831e-02
1.849999999999965228e+00 5.393028924143510039e-02
1.949999999999964873e+00 4.647304474941724856e-02
2.049999999999964295e+00 4.000410621744309586e-02
2.149999999999963940e+00 3.451478652078461551e-02
2.249999999999963585e+00 3.000630141481074736e-02
2.349999999999963229e+00 2.557074689455144864e-02
2.449999999999962874e+00 2.210840823133079086e-02
2.549999999999962519e+00 1.908682141457286943e-02
2.649999999999962164e+00 1.644795438799461634e-02
2.749999999999961808e+00 1.425732531366676742e-02
2.849999999999961453e+00 1.224729854146617419e-02
2.949999999999961098e+00 1.054047379009445326e-02
3.049999999999960743e+00 9.161129325860987993e-03
3.149999999999960387e+00 7.714446750610396558e-03
3.249999999999960032e+00 6.657992175970220763e-03
3.349999999999959677e+00 5.725935164335001909e-03
3.449999999999959321e+00 4.845389339276079746e-03
3.549999999999958966e+00 4.212806032004614600e-03
3.649999999999958611e+00 3.423029239621041935e-03
3.749999999999958256e+00 3.018779527087501330e-03
3.849999999999957900e+00 2.524696545102062331e-03
3.949999999999957545e+00 2.162556177624099830e-03
4.049999999999957190e+00 1.912714765175367333e-03
4.149999999999956835e+00 1.628235377030000331e-03
4.249999999999956479e+00 1.379322359590367999e-03
4.349999999999956124e+00 1.194033873131471798e-03
4.449999999999955769e+00 1.040568704484480262e-03
4.549999999999955413e+00 8.534234280073852482e-04
4.649999999999955058e+00 6.709422312188603570e-04
4.749999999999954703e+00 6.101176216941380914e-04
4.849999999999954348e+00 5.324492741471849311e-04
4.949999999999953992e+00 4.529094001533172029e-04
5.049999999999953637e+00 4.407444782483727281e-04
5.149999999999953282e+00 3.331317075507870228e-04
5.249999999999952927e+00 2.928938889421245167e-04
5.349999999999952571e+00 2.592064128976628900e-04
5.449999999999952216e+00 2.058679091605987064e-04
5.549999999999951861e+00 1.693731434457653091e-04
5.649999999999951505e+00 1.525294054235344957e-04
5.749999999999951150e+00 1.450432996358763595e-04
5.849999999999950795e+00 9.919090168647027152e-05
5.949999999999950440e+00 8.796174300498308069e-05
6.049999999999950084e+00 9.264055912226940568e-05
6.149999999999949729e+00 5.895308307780780608e-05
6.249999999999949374e+00 6.550342564200867192e-05
6.349999999999949019e+00 5.240274051360694024e-05
6.449999999999948663e+00 4.117358183211973586e-05
6.549999999999948308e+00 4.772392439632060169e-05
6.649999999999947953e+00 4.398087150249153357e-05
6.749999999999947597e+00 3.649476571483340409e-05
6.849999999999947242e+00 2.339408058643166564e-05
6.949999999999946887e+00 2.339408058643166903e-05
7.049999999999946532e+00 1.871526446914533387e-05
7.149999999999946176e+00 2.620137025680347012e-05
7.249999999999945821e+00 2.245831736297440199e-05
7.349999999999945466e+00 2.245831736297440199e-05
7.449999999999945111e+00 5.614579340743600498e-06
7.549999999999944755e+00 1.310068512840173337e-05
7.649999999999944400e+00 1.216492190494446803e-05
7.749999999999944045e+00 1.871526446914533387e-05
7.849999999999943689e+00 7.486105787658133715e-06
7.949999999999943334e+00 1.216492190494446803e-05
