-7.950000000000000178e+00 0.000000000000000000e+00
-7.850000000000000533e+00 0.000000000000000000e+00
-7.750000000000000888e+00 0.000000000000000000e+00
-7.650000000000001243e+00 0.000000000000000000e+00
-7.550000000000001599e+00 0.000000000000000000e+00
-7.450000000000001954e+00 0.000000000000000000e+00
-7.350000000000002309e+00 0.000000000000000000e+00
-7.250000000000002665e+00 9.357632234572667144e-07
-7.150000000000003020e+00 0.000000000000000000e+00
-7.050000000000003375e+00 0.000000000000000000e+00
-6.950000000000003730e+00 0.000000000000000000e+00
-6.850000000000004086e+00 0.000000000000000000e+00
-6.750000000000004441e+00 0.000000000000000000e+00
-6.650000000000004796e+00 0.000000000000000000e+00
-6.550000000000005151e+00 0.000000000000000000e+00
-6.450000000000005507e+00 9.357632234572667144e-07
-6.350000000000005862e+00 0.000000000000000000e+00
-6.250000000000006217e+00 0.000000000000000000e+00
-6.150000000000006573e+00 0.000000000000000000e+00
-6.050000000000006928e+00 0.000000000000000000e+00
-5.950000000000007283e+00 0.000000000000000000e+00
-5.850000000000007638e+00 1.871526446914533429e-06
-5.750000000000007994e+00 0.000000000000000000e+00
-5.650000000000008349e+00 0.000000000000000000e+00
-5.550000000000008704e+00 9.357632234572667144e-07
-5.450000000000009059e+00 9.357632234572667144e-07
-5.350000000000009415e+00 0.000000000000000000e+00
-5.250000000000009770e+00 0.000000000000000000e+00
-5.150000000000010125e+00 1.871526446914533429e-06
-5.050000000000010481e+00 9.357632234572667144e-07
-4.950000000000010836e+00 3.743052893829066858e-06
-4.850000000000011191e+00 1.871526446914533429e-06
-4.750000000000011546e+00 6.550342564200867530e-06
-4.650000000000011902e+00 1.216492190494446803e-05
-4.550000000000012257e+00 1.965102769260260090e-05
-4.450000000000012612e+00 2.620137025680347012e-05
-4.350000000000012967e+00 3.275171282100433596e-05
-4.250000000000013323e+00 4.678816117286333127e-05
-4.150000000000013678e+00 6.456766241855140150e-05
-4.050000000000014033e+00 1.244565087198164915e-04
-3.950000000000014388e+00 1.441075364124190755e-04
-3.850000000000014744e+00 2.704355715791501350e-04
-3.750000000000015099e+00 3.771125790532785563e-04
-3.650000000000015454e+00 5.137340096780394685e-04
-3.550000000000015810e+00 7.308310775201254470e-04
-3.450000000000016165e+00 1.067705837964741172e-03
-3.350000000000016520e+00 1.505643026542740747e-03
-3.250000000000016875e+00 2.138218965599852136e-03
-3.150000000000017231e+00 2.835362567075518613e-03
-3.050000000000017586e+00 3.870316692219257990e-03
-2.950000000000017941e+00 5.407775668359534466e-03
-2.850000000000018296e+00 6.977986357320812086e-03
-2.750000000000018652e+00 9.212588934936781493e-03
-2.650000000000019007e+00 1.240541305337302183e-02
-2.550000000000019362e+00 1.578445405327725745e-02
-2.450000000000019718e+00 2.031541958125741842e-02
-2.350000000000020073e+00 2.561651824214292161e-02
-2.250000000000020428e+00 3.230628952663894271e-02
-2.150000000000020783e+00 4.057843642200071460e-02
-2.050000000000021139e+00 4.956831370975430667e-02
-1.950000000000021272e+00 6.046434068369040127e-02
-1.850000000000021627e+00 7.293806445237520364e-02
-1.750000000000021982e+00 8.687625766577064534e-02
-1.650000000000022338e+00 1.028965240513586982e-01
-1.550000000000022693e+00 1.204476990705230649e-01
-1.450000000000023048e+00 1.404571240777090502e-01
-1.350000000000023404e+00 1.603636151303146629e-01
-1.250000000000023759e+00 1.841020565829779299e-01
-1.150000000000024114e+00 2.062712231099038673e-01
-1.050000000000024469e+00 2.302099178923876499e-01
-9.500000000000248246e-01 2.535993196627023272e-01
-8.500000000000251799e-01 2.782201858350852874e-01
-7.500000000000255351e-01 3.009180585832637589e-01
-6.500000000000258904e-01 3.220812796449722404e-01
-5.500000000000262457e-01 3.410463928947796708e-01
-4.500000000000266565e-01 3.585694950172394480e-01
-3.500000000000270117e-01 3.741621176097069679e-01
-2.500000000000273670e-01 3.852668197824738461e-01
-1.500000000000277223e-01 3.934800135947579269e-01
-5.000000000002806366e-02 3.963209907411739397e-01
4.999999999997158107e-02 3.953019445908291796e-01
1.499999999999712119e-01 3.922728790364981011e-01
2.499999999999708566e-01 3.843394784280276255e-01
3.499999999999705014e-01 3.734425156908685040e-01
4.499999999999701461e-01 3.597354559936671858e-01
5.499999999999698463e-01 3.423742409088654792e-01
6.499999999999694911e-01 3.224059894835117346e-01
7.499999999999691358e-01 3.003556648859659894e-01
8.499999999999687805e-01 2.780124463994777528e-01
9.499999999999684253e-01 2.537265834610923365e-01
1.049999999999968070e+00 2.297411005174356258e-01
1.149999999999967715e+00 2.075588333053810519e-01
1.249999999999967359e+00 1.831868801504367983e-01
1.349999999999967004e+00 1.608754776135458420e-01
1.449999999999966649e+00 1.405591222690659170e-01
1.549999999999966294e+00 1.204673500982156031e-01
1.649999999999965938e+00 1.030593468522402606e-01
1.749999999999965583e+00 8.720003174108686972e-02
1.849999999999965228e+00 7.326183852769138638e-02
1.949999999999964873e+00 6.010313607943589681e-02
2.049999999999964295e+00 4.930723577040974775e-02
2.149999999999963940e+00 4.013675618052890692e-02
2.249999999999963585e+00 3.256736746598350163e-02
2.349999999999963229e+00 2.540690728008848653e-02
2.449999999999962874e+00 2.030138313290555732e-02
2.549999999999962519e+00 1.574140894499822391e-02
2.649999999999962164e+00 1.224165448926800050e-02
2.749999999999961808e+00 9.352017655231916263e-03
2.849999999999961453e+00 7.103378629264084886e-03
2.949999999999961098e+00 5.296419844768120166e-03
3.049999999999960743e+00 3.995708964162529922e-03
3.149999999999960387e+00 2.854077831544663858e-03
3.249999999999960032e+00 2.032477721349180890e-03
3.349999999999959677e+00 1.493478104637796381e-03
3.449999999999959321e+00 1.103264840456117096e-03
3.549999999999958966e+00 7.317668407435826226e-04
3.649999999999958611e+00 5.455499592755864730e-04
3.749999999999958256e+00 3.621403674779622838e-04
3.849999999999957900e+00 2.676282819087783373e-04
3.949999999999957545e+00 1.749877227865089045e-04
4.049999999999957190e+00 1.048054810272138805e-04
4.149999999999956835e+00 6.643918886546594234e-05
4.249999999999956479e+00 5.240274051360694024e-05
4.349999999999956124e+00 4.304510827903426992e-05
4.449999999999955769e+00 1.777950124568807022e-05
4.549999999999955413e+00 1.403644835185900040e-05
4.649999999999955058e+00 1.590797479877353616e-05
4.749999999999954703e+00 4.678816117286333466e-06
4.849999999999954348e+00 5.614579340743600498e-06
4.949999999999953992e+00 1.871526446914533429e-06
5.049999999999953637e+00 1.871526446914533429e-06
5.149999999999953282e+00 4.678816117286333466e-06
5.249999999999952927e+00 9.357632234572667144e-07
5.349999999999952571e+00 9.357632234572667144e-07
5.449999999999952216e+00 0.000000000000000000e+00
5.549999999999951861e+00 9.357632234572667144e-07
5.649999999999951505e+00 0.000000000000000000e+00
5.749999999999951150e+00 0.000000000000000000e+00
5.849999999999950795e+00 9.357632234572667144e-07
5.949999999999950440e+00 9.357632234572667144e-07
6.049999999999950084e+00 9.357632234572667144e-07
6.149999999999949729e+00 0.000000000000000000e+00
6.249999999999949374e+00 0.000000000000000000e+00
6.349999999999949019e+00 0.000000000000000000e+00
6.449999999999948663e+00 0.000000000000000000e+00
6.549999999999948308e+00 0.000000000000000000e+00
6.649999999999947953e+00 0.000000000000000000e+00
6.749999999999947597e+00 0.000000000000000000e+00
6.849999999999947242e+00 0.000000000000000000e+00
6.949999999999946887e+00 0.000000000000000000e+00
7.049999999999946532e+00 0.000000000000000000e+00
7.149999999999946176e+00 0.000000000000000000e+00
7.249999999999945821e+00 0.000000000000000000e+00
7.349999999999945466e+00 0.000000000000000000e+00
7.449999999999945111e+00 0.000000000000000000e+00
7.549999999999944755e+00 0.000000000000000000e+00
7.649999999999944400e+00 0.000000000000000000e+00
7.749999999999944045e+00 0.000000000000000000e+00
7.849999999999943689e+00 0.000000000000000000e+00
7.949999999999943334e+00 0.000000000000000000e+00
