-7.950000000000000178e+00 0.000000000000000000e+00
-7.850000000000000533e+00 0.000000000000000000e+00
-7.750000000000000888e+00 0.000000000000000000e+00
-7.650000000000001243e+00 0.000000000000000000e+00
-7.550000000000001599e+00 0.000000000000000000e+00
-7.450000000000001954e+00 0.000000000000000000e+00
-7.350000000000002309e+00 0.000000000000000000e+00
-7.250000000000002665e+00 0.000000000000000000e+00
-7.150000000000003020e+00 0.000000000000000000e+00
-7.050000000000003375e+00 0.000000000000000000e+00
-6.950000000000003730e+00 0.000000000000000000e+00
-6.850000000000004086e+00 0.000000000000000000e+00
-6.750000000000004441e+00 0.000000000000000000e+00
-6.650000000000004796e+00 4.678816117286333466e-06
-6.550000000000005151e+00 2.807289670371800249e-06
-6.450000000000005507e+00 2.058679091605987132e-05
-6.350000000000005862e+00 1.122915868148720100e-05
-6.250000000000006217e+00 1.777950124568807022e-05
-6.150000000000006573e+00 1.590797479877353277e-05
-6.050000000000006928e+00 2.713713348026074054e-05
-5.950000000000007283e+00 2.713713348026073377e-05
-5.850000000000007638e+00 5.708155663089327879e-05
-5.750000000000007994e+00 4.491663472594881076e-05
-5.650000000000008349e+00 5.614579340743600837e-05
-5.550000000000008704e+00 3.836629216174793815e-05
-5.450000000000009059e+00 9.451208556918394652e-05
-5.350000000000009415e+00 9.264055912226941923e-05
-5.250000000000009770e+00 1.328783777309318847e-04
-5.150000000000010125e+00 1.207134558259874234e-04
-5.050000000000010481e+00 2.124182517247995316e-04
-4.950000000000010836e+00 2.133540149482568427e-04
-4.850000000000011191e+00 2.657567554618637693e-04
-4.750000000000011546e+00 3.649476571483340273e-04
-4.650000000000011902e+00 3.527827352433895525e-04
-4.550000000000012257e+00 4.023781860866247357e-04
-4.450000000000012612e+00 4.613312691644324876e-04
-4.350000000000012967e+00 6.381905183978557432e-04
-4.250000000000013323e+00 7.336383671904967568e-04
-4.150000000000013678e+00 1.042440230931394613e-03
-4.050000000000014033e+00 1.036825651590651126e-03
-3.950000000000014388e+00 1.392415676504412097e-03
-3.850000000000014744e+00 1.664722774530476637e-03
-3.750000000000015099e+00 1.863104577903416936e-03
-3.650000000000015454e+00 2.099852673438105770e-03
-3.550000000000015810e+00 2.602357524434658481e-03
-3.450000000000016165e+00 2.968240944806450551e-03
-3.350000000000016520e+00 3.430507977194339510e-03
-3.250000000000016875e+00 4.463590575891158464e-03
-3.150000000000017231e+00 5.448949250191653659e-03
-3.050000000000017586e+00 7.289595510732089709e-03
-2.950000000000017941e+00 8.609957419030297987e-03
-2.850000000000018296e+00 1.015770979062863288e-02
-2.750000000000018652e+00 1.190665125527029175e-02
-2.650000000000019007e+00 1.439952448256048151e-02
-2.550000000000019362e+00 1.747724972451147885e-02
-2.450000000000019718e+00 2.050912256851307458e-02
-2.350000000000020073e+00 2.425966156812985747e-02
-2.250000000000020428e+00 2.959070465216594864e-02
-2.150000000000020783e+00 3.657056253593345824e-02
-2.050000000000021139e+00 4.366739082263303151e-02
-1.950000000000021272e+00 5.213604799492090741e-02
-1.850000000000021627e+00 6.150865244106862306e-02
-1.750000000000021982e+00 7.130047881132503540e-02
-1.650000000000022338e+00 8.461919677079178526e-02
-1.550000000000022693e+00 1.017183981530259129e-01
-1.450000000000023048e+00 1.198927914790128280e-01
-1.350000000000023404e+00 1.389720678420823807e-01
-1.250000000000023759e+00 1.605198875886319487e-01
-1.150000000000024114e+00 1.837689248754270366e-01
-1.050000000000024469e+00 2.104400482704056330e-01
-9.500000000000248246e-01 2.418208679690454499e-01
-8.500000000000251799e-01 2.692396661795660728e-01
-7.500000000000255351e-01 2.964198447681047899e-01
-6.500000000000258904e-01 3.282601242094603244e-01
-5.500000000000262457e-01 3.553719920826862166e-01
-4.500000000000266565e-01 3.804289239172000681e-01
-3.500000000000270117e-01 3.999115142295797121e-01
-2.500000000000273670e-01 4.182749317267043798e-01
-1.500000000000277223e-01 4.338179588683287458e-01
-5.000000000002806366e-02 4.384153635851740782e-01
4.999999999997158107e-02 4.386343321794631267e-01
1.499999999999712119e-01 4.322917290508699883e-01
2.499999999999708566e-01 4.191077609955812244e-01
3.499999999999705014e-01 3.990056954292729996e-01
4.499999999999701461e-01 3.776899449621409222e-01
5.499999999999698463e-01 3.522961383671823765e-01
6.499999999999694911e-01 3.249241283178352369e-01
7.499999999999691358e-01 2.972077574022557456e-01
8.499999999999687805e-01 2.666859683427515448e-01
9.499999999999684253e-01 2.397771610890147842e-01
1.049999999999968070e+00 2.115236620831691394e-01
1.149999999999967715e+00 1.868775303037520930e-01
1.249999999999967359e+00 1.598395877251785335e-01
1.349999999999967004e+00 1.396589180481000447e-01
1.449999999999966649e+00 1.202165655543290662e-01
1.549999999999966294e+00 1.019953840671693757e-01
1.649999999999965938e+00 8.637188128832723466e-02
1.749999999999965583e+00 7.323657292065810509e-02
1.849999999999965228e+00 6.246219516577156128e-02
1.949999999999964873e+00 5.233910861441119777e-02
2.049999999999964295e+00 4.310686865178213478e-02
2.149999999999963940e+00 3.675303636450763523e-02
2.249999999999963585e+00 2.999495436469949705e-02
2.349999999999963229e+00 2.433639415245335974e-02
2.449999999999962874e+00 2.109584610962079304e-02
2.549999999999962519e+00 1.709920138223473829e-02
2.649999999999962164e+00 1.396813763654667848e-02
2.749999999999961808e+00 1.179155237878504701e-02
2.849999999999961453e+00 9.975235962054466304e-03
2.949999999999961098e+00 7.997968270889239256e-03
3.049999999999960743e+00 6.563443249329250356e-03
3.149999999999960387e+00 5.270218474511316649e-03
3.249999999999960032e+00 4.372821543215804629e-03
3.349999999999959677e+00 3.524084299540067040e-03
3.449999999999959321e+00 2.818518829053286850e-03
3.549999999999958966e+00 2.585513786412427586e-03
3.649999999999958611e+00 2.151319650728255629e-03
3.749999999999958256e+00 1.758299096876203300e-03
3.849999999999957900e+00 1.494413867861254207e-03
3.949999999999957545e+00 1.299775117382142610e-03
4.049999999999957190e+00 9.731937523955570086e-04
4.149999999999956835e+00 8.758743771560013186e-04
4.249999999999956479e+00 8.094351882905354576e-04
4.349999999999956124e+00 5.792374353200480455e-04
4.449999999999955769e+00 5.174770625718684959e-04
4.549999999999955413e+00 3.771125790532783937e-04
4.649999999999955058e+00 3.443608662322742136e-04
4.749999999999954703e+00 2.395553852050603060e-04
4.849999999999954348e+00 2.114824885013423289e-04
4.949999999999953992e+00 1.759234860099661614e-04
5.049999999999953637e+00 1.675016169988507411e-04
5.149999999999953282e+00 1.768592492334234182e-04
5.249999999999952927e+00 1.197776926025301530e-04
5.349999999999952571e+00 1.150988764852438280e-04
5.449999999999952216e+00 9.731937523955574423e-05
5.549999999999951861e+00 7.579682110003861943e-05
5.649999999999951505e+00 6.456766241855141505e-05
5.749999999999951150e+00 7.111800498275228088e-05
5.849999999999950795e+00 5.146697729014966982e-05
5.949999999999950440e+00 4.959545084323514254e-05
6.049999999999950084e+00 2.526560703334620648e-05
6.149999999999949729e+00 2.432984380988893606e-05
6.249999999999949374e+00 1.684373802223080319e-05
6.349999999999949019e+00 5.614579340743600498e-06
6.449999999999948663e+00 8.421869011115399900e-06
6.549999999999948308e+00 1.590797479877353616e-05
6.649999999999947953e+00 1.310068512840173675e-05
6.749999999999947597e+00 0.000000000000000000e+00
6.849999999999947242e+00 0.000000000000000000e+00
6.949999999999946887e+00 0.000000000000000000e+00
7.049999999999946532e+00 0.000000000000000000e+00
7.149999999999946176e+00 0.000000000000000000e+00
7.249999999999945821e+00 0.000000000000000000e+00
7.349999999999945466e+00 0.000000000000000000e+00
7.449999999999945111e+00 0.000000000000000000e+00
7.549999999999944755e+00 0.000000000000000000e+00
7.649999999999944400e+00 0.000000000000000000e+00
7.749999999999944045e+00 0.000000000000000000e+00
7.849999999999943689e+00 0.000000000000000000e+00
7.949999999999943334e+00 0.000000000000000000e+00
