-7.950000000000000178e+00 3.800655435199400611e-04
-7.850000000000000533e+00 4.044047162576702801e-04
-7.750000000000000888e+00 4.371689872507684808e-04
-7.650000000000001243e+00 5.598009729677933021e-04
-7.550000000000001599e+00 5.654177051380388039e-04
-7.450000000000001954e+00 5.466952645705540868e-04
-7.350000000000002309e+00 5.317173121165663348e-04
-7.250000000000002665e+00 6.337546132093581190e-04
-7.150000000000003020e+00 6.009903422162598098e-04
-7.050000000000003375e+00 7.292390601035303498e-04
-6.950000000000003730e+00 7.339196702454013664e-04
-6.850000000000004086e+00 7.657478192101254072e-04
-6.750000000000004441e+00 7.648116971817511388e-04
-6.650000000000004796e+00 1.017564644842795362e-03
-6.550000000000005151e+00 1.019436888899543682e-03
-6.450000000000005507e+00 1.260956372220097118e-03
-6.350000000000005862e+00 1.368610405483134188e-03
-6.250000000000006217e+00 1.452861388036815523e-03
-6.150000000000006573e+00 1.504348099597398224e-03
-6.050000000000006928e+00 1.559579299271478432e-03
-5.950000000000007283e+00 1.859138348351234774e-03
-5.850000000000007638e+00 2.059468462423321052e-03
-5.750000000000007994e+00 2.023895825345099937e-03
-5.650000000000008349e+00 2.002365018692493174e-03
-5.550000000000008704e+00 2.020151337231603731e-03
-5.450000000000009059e+00 2.045426631997707568e-03
-5.350000000000009415e+00 2.155889031345867984e-03
-5.250000000000009770e+00 2.199916250837831520e-03
-5.150000000000010125e+00 2.868314750136631910e-03
-5.050000000000010481e+00 2.915135593634530977e-03
-4.950000000000010836e+00 3.063993738225221503e-03
-4.850000000000011191e+00 3.226915826360306910e-03
-4.750000000000011546e+00 3.428174691421175500e-03
-4.650000000000011902e+00 3.568983660775766099e-03
-4.550000000000012257e+00 3.934034396643753748e-03
-4.450000000000012612e+00 4.242895697690505195e-03
-4.350000000000012967e+00 4.729627555167955147e-03
-4.250000000000013323e+00 5.038754213640070367e-03
-4.150000000000013678e+00 5.299976485794040057e-03
-4.050000000000014033e+00 5.448893598701481412e-03
-3.950000000000014388e+00 6.138837646732070094e-03
-3.850000000000014744e+00 6.599557105484069215e-03
-3.750000000000015099e+00 7.111851728271766440e-03
-3.650000000000015454e+00 7.706178650695495042e-03
-3.550000000000015810e+00 7.959690815434673078e-03
-3.450000000000016165e+00 8.762227493255940469e-03
-3.350000000000016520e+00 9.107354309102696360e-03
-3.250000000000016875e+00 1.055872674714159951e-02
-3.150000000000017231e+00 1.182872001390331169e-02
-3.050000000000017586e+00 1.284143451469357822e-02
-2.950000000000017941e+00 1.427231546266257908e-02
-2.850000000000018296e+00 1.550975821857942388e-02
-2.750000000000018652e+00 1.707159305596652604e-02
-2.650000000000019007e+00 1.873208925831258698e-02
-2.550000000000019362e+00 2.065619594964094793e-02
-2.450000000000019718e+00 2.329129100703935390e-02
-2.350000000000020073e+00 2.600666405665047476e-02
-2.250000000000020428e+00 2.966639258586176858e-02
-2.150000000000020783e+00 3.211830993832207048e-02
-2.050000000000021139e+00 3.591043708071170459e-02
-1.950000000000021272e+00 4.012748254254767249e-02
-1.850000000000021627e+00 4.472170410038294602e-02
-1.750000000000021982e+00 4.895632212060982424e-02
-1.650000000000022338e+00 5.597650760049680679e-02
-1.550000000000022693e+00 6.324267941369815516e-02
-1.450000000000023048e+00 6.929938893727943805e-02
-1.350000000000023404e+00 7.868288450267367506e-02
-1.250000000000023759e+00 8.692489350557906780e-02
-1.150000000000024114e+00 1.006750150392800858e-01
-1.050000000000024469e+00 1.167291319028790353e-01
-9.500000000000248246e-01 1.372201723393887962e-01
-8.500000000000251799e-01 1.639627462469762098e-01
-7.500000000000255351e-01 1.968881629076685846e-01
-6.500000000000258904e-01 2.398524711192089875e-01
-5.500000000000262457e-01 2.937133945328567752e-01
-4.500000000000266565e-01 3.638986423795237402e-01
-3.500000000000270117e-01 4.635182572277283253e-01
-2.500000000000273670e-01 6.157278366166296646e-01
-1.500000000000277223e-01 8.274987844860928199e-01
-5.000000000002806366e-02 1.244961629080425958e+00
4.999999999997158107e-02 1.210037739309947291e+00
1.499999999999712119e-01 7.424620859669412987e-01
2.499999999999708566e-01 5.052525821754205726e-01
3.499999999999705014e-01 3.678920799842513856e-01
4.499999999999701461e-01 2.734256694814556354e-01
5.499999999999698463e-01 2.123899972586841267e-01
6.499999999999694911e-01 1.646430416041786970e-01
7.499999999999691358e-01 1.342515008851864478e-01
8.499999999999687805e-01 1.049608028163649676e-01
9.499999999999684253e-01 8.381877427607695163e-02
1.049999999999968070e+00 7.144192901592161249e-02
1.149999999999967715e+00 6.080131738993563295e-02
1.249999999999967359e+00 5.195707233912279233e-02
1.349999999999967004e+00 4.281424858749639795e-02
1.449999999999966649e+00 3.541113760072737981e-02
1.549999999999966294e+00 3.164854621398890955e-02
1.649999999999965938e+00 2.765354594886736128e-02
1.749999999999965583e+00 2.460825990913041716e-02
1.849999999999965228e+00 2.173612696048433587e-02
1.949999999999964873e+00 1.939061056455611970e-02
2.049999999999964295e+00 1.719953956123046468e-02
2.149999999999963940e+00 1.501393786928320595e-02
2.249999999999963585e+00 1.344072951780334382e-02
2.349999999999963229e+00 1.127486746988749095e-02
2.449999999999962874e+00 9.717912260711301931e-03
2.549999999999962519e+00 8.819198258274076052e-03
2.649999999999962164e+00 7.895946065030095065e-03
2.749999999999961808e+00 7.019411520729703854e-03
2.849999999999961453e+00 6.243300019851126190e-03
2.949999999999961098e+00 5.581262727721516756e-03
3.049999999999960743e+00 5.270241712073867046e-03
3.149999999999960387e+00 4.418164277144696547e-03
3.249999999999960032e+00 4.057167613053133844e-03
3.349999999999959677e+00 3.293726929235772823e-03
3.449999999999959321e+00 3.117610680228325749e-03
3.549999999999958966e+00 2.935059513655754494e-03
3.649999999999958611e+00 2.791847585393683693e-03
3.749999999999958256e+00 2.800471701718076998e-03
3.849999999999957900e+00 2.329300108822501218e-03
3.949999999999957545e+00 1.963254282609393567e-03
4.049999999999957190e+00 1.714231080982659035e-03
4.149999999999956835e+00 1.526048440160656956e-03
4.249999999999956479e+00 1.383721036649804802e-03
4.349999999999956124e+00 1.171103399575356904e-03
4.449999999999955769e+00 1.089653412067204900e-03
4.549999999999955413e+00 1.040046315602963884e-03
4.649999999999955058e+00 9.033651284207317800e-04
4.749999999999954703e+00 9.454979907371659220e-04
4.849999999999954348e+00 8.883798049271508790e-04
4.949999999999953992e+00 9.071022454946357045e-04
5.049999999999953637e+00 7.854063818059843927e-04
5.149999999999953282e+00 7.648116971817512473e-04
5.249999999999952927e+00 8.200428968558311302e-04
5.349999999999952571e+00 8.387653374233158474e-04
5.449999999999952216e+00 6.824329586848184486e-04
5.549999999999951861e+00 5.026975292369649908e-04
5.649999999999951505e+00 5.261005799463209414e-04
5.749999999999951150e+00 5.064420173504619559e-04
5.849999999999950795e+00 5.092503834355846526e-04
5.949999999999950440e+00 5.223560918328239763e-04
6.049999999999950084e+00 5.644815831096644271e-04
6.149999999999949729e+00 4.821028446127315742e-04
6.249999999999949374e+00 5.204838477760755479e-04
6.349999999999949019e+00 4.034685942292959575e-04
6.449999999999948663e+00 3.070480253067495668e-04
6.549999999999948308e+00 2.480723375191726645e-04
6.649999999999947953e+00 2.555613137461665947e-04
6.749999999999947597e+00 3.276427099309828206e-04
6.849999999999947242e+00 2.050107242139578368e-04
6.949999999999946887e+00 1.628852329371171690e-04
7.049999999999946532e+00 2.265415308665651693e-04
7.149999999999946176e+00 2.237331647814424997e-04
7.249999999999945821e+00 1.535240126533748105e-04
7.349999999999945466e+00 1.479072804831294170e-04
7.449999999999945111e+00 9.267608080904942564e-05
7.549999999999944755e+00 8.612322661042976380e-05
7.649999999999944400e+00 1.001650570360433016e-04
7.749999999999944045e+00 9.173995878067518436e-05
7.849999999999943689e+00 1.020373010927917842e-04
7.949999999999943334e+00 9.454832486579790819e-05
