-7.950000000000000178e+00 4.210934505557700628e-05
-7.850000000000000533e+00 1.113558235914147057e-04
-7.750000000000000888e+00 9.357632234572664900e-05
-7.650000000000001243e+00 9.825513846301300110e-05
-7.550000000000001599e+00 8.328292688769675569e-05
-7.450000000000001954e+00 8.609021655806855340e-05
-7.350000000000002309e+00 9.731937523955574423e-05
-7.250000000000002665e+00 1.048054810272138805e-04
-7.150000000000003020e+00 1.029339545802993532e-04
-7.050000000000003375e+00 1.048054810272138805e-04
-6.950000000000003730e+00 1.581439847642780912e-04
-6.850000000000004086e+00 2.030606194902268816e-04
-6.750000000000004441e+00 2.114824885013423018e-04
-6.650000000000004796e+00 1.731161963395943637e-04
-6.550000000000005151e+00 2.470414909927184152e-04
-6.450000000000005507e+00 3.368747604446159418e-04
-6.350000000000005862e+00 3.022515211766970853e-04
-6.250000000000006217e+00 2.826004934840945556e-04
-6.150000000000006573e+00 2.957011786124963144e-04
-6.050000000000006928e+00 4.267080298965137937e-04
-5.950000000000007283e+00 4.126715815446545883e-04
-5.850000000000007638e+00 4.931472187619794379e-04
-5.750000000000007994e+00 4.828538233039495310e-04
-5.650000000000008349e+00 5.277704580298982944e-04
-5.550000000000008704e+00 5.315135109237274303e-04
-5.450000000000009059e+00 6.204110171521677814e-04
-5.350000000000009415e+00 8.300219792065953797e-04
-5.250000000000009770e+00 8.113067147374501339e-04
-5.150000000000010125e+00 9.975309644198037274e-04
-5.050000000000010481e+00 1.187483530567271135e-03
-4.950000000000010836e+00 1.130401973936377355e-03
-4.850000000000011191e+00 1.340020304205162723e-03
-4.750000000000011546e+00 1.551495424492147553e-03
-4.650000000000011902e+00 1.663801747735735217e-03
-4.550000000000012257e+00 1.784529939990438544e-03
-4.450000000000012612e+00 1.943602319763815690e-03
-4.350000000000012967e+00 2.129878146946675294e-03
-4.250000000000013323e+00 2.444257748956527466e-03
-4.150000000000013678e+00 2.749331296232311941e-03
-4.050000000000014033e+00 2.997293814019773295e-03
-3.950000000000014388e+00 3.336084310197450203e-03
-3.850000000000014744e+00 3.626148804826129397e-03
-3.750000000000015099e+00 3.854489767778417238e-03
-3.650000000000015454e+00 4.681837085173079852e-03
-3.550000000000015810e+00 5.381913235963195485e-03
-3.450000000000016165e+00 6.494425185438516823e-03
-3.350000000000016520e+00 6.787260128665774037e-03
-3.250000000000016875e+00 7.502168494958405889e-03
-3.150000000000017231e+00 8.772021293832997502e-03
-3.050000000000017586e+00 9.578700769953679695e-03
-2.950000000000017941e+00 1.064932442080417097e-02
-2.850000000000018296e+00 1.244688873199381596e-02
-2.750000000000018652e+00 1.374281764148113996e-02
-2.650000000000019007e+00 1.518314144774084162e-02
-2.550000000000019362e+00 1.662242633577607626e-02
-2.450000000000019718e+00 1.966455573416390698e-02
-2.350000000000020073e+00 2.191606836373134748e-02
-2.250000000000020428e+00 2.455601114960585113e-02
-2.150000000000020783e+00 2.750104221918484373e-02
-2.050000000000021139e+00 3.046625482789015738e-02
-1.950000000000021272e+00 3.421409706105175974e-02
-1.850000000000021627e+00 3.961549922399146273e-02
-1.750000000000021982e+00 4.612556712851163809e-02
-1.650000000000022338e+00 5.226126342971965100e-02
-1.550000000000022693e+00 5.898501691883424602e-02
-1.450000000000023048e+00 6.911997366352518046e-02
-1.350000000000023404e+00 7.910531881567831047e-02
-1.250000000000023759e+00 9.033255439321780100e-02
-1.150000000000024114e+00 1.033862892597304517e-01
-1.050000000000024469e+00 1.222656217579835836e-01
-9.500000000000248246e-01 1.453845879567179089e-01
-8.500000000000251799e-01 1.711176197725017833e-01
-7.500000000000255351e-01 2.022009036071531485e-01
-6.500000000000258904e-01 2.381172497584604086e-01
-5.500000000000262457e-01 2.838974686800148639e-01
-4.500000000000266565e-01 3.434617598752388590e-01
-3.500000000000270117e-01 4.215124145923636045e-01
-2.500000000000273670e-01 5.294762733358874263e-01
-1.500000000000277223e-01 6.731748664832216678e-01
-5.000000000002806366e-02 8.958473958160138029e-01
4.999999999997158107e-02 8.932428057226289297e-01
1.499999999999712119e-01 6.911125853958162146e-01
2.499999999999708566e-01 5.513428567719906859e-01
3.499999999999705014e-01 4.454246722217307664e-01
4.499999999999701461e-01 3.591696508131218546e-01
5.499999999999698463e-01 3.006725644172865142e-01
6.499999999999694911e-01 2.533176696688704821e-01
7.499999999999691358e-01 2.117567260715256805e-01
8.499999999999687805e-01 1.782692749422389311e-01
9.499999999999684253e-01 1.518039531424921207e-01
1.049999999999968070e+00 1.299888440518940924e-01
1.149999999999967715e+00 1.136216305568342050e-01
1.249999999999967359e+00 9.879769692725721975e-02
1.349999999999967004e+00 8.577203495744824269e-02
1.449999999999966649e+00 7.505009678414695240e-02
1.549999999999966294e+00 6.590097027947536268e-02
1.649999999999965938e+00 5.708803329131312276e-02
1.749999999999965583e+00 4.966060796280176437e-02
1.849999999999965228e+00 4.436947112772846036e-02
1.949999999999964873e+00 3.869244617030168781e-02
2.049999999999964295e+00 3.345014585999282059e-02
2.149999999999963940e+00 3.017388408216746878e-02
2.249999999999963585e+00 2.696339835391532019e-02
2.349999999999963229e+00 2.341954513525287829e-02
2.449999999999962874e+00 2.040461918427453891e-02
2.549999999999962519e+00 1.897809604350723239e-02
2.649999999999962164e+00 1.690713413856654440e-02
2.749999999999961808e+00 1.537432450568608500e-02
2.849999999999961453e+00 1.353177724584127273e-02
2.949999999999961098e+00 1.213921420504967576e-02
3.049999999999960743e+00 1.076829897804169531e-02
3.149999999999960387e+00 1.013658512006445148e-02
3.249999999999960032e+00 8.901215564384966361e-03
3.349999999999959677e+00 8.025223295799239001e-03
3.449999999999959321e+00 7.138127128176104466e-03
3.549999999999958966e+00 6.358658467679273452e-03
3.649999999999958611e+00 5.589534780140980631e-03
3.749999999999958256e+00 5.201148833120070383e-03
3.849999999999957900e+00 4.745277410794867742e-03
3.949999999999957545e+00 4.216578557755872210e-03
4.049999999999957190e+00 3.869395665424511799e-03
4.149999999999956835e+00 3.569936697489471678e-03
4.249999999999956479e+00 3.278914334994261458e-03
4.349999999999956124e+00 2.996313841510168854e-03
4.449999999999955769e+00 2.811032723265629446e-03
4.549999999999955413e+00 2.432984380988891925e-03
4.649999999999955058e+00 2.081137408968960090e-03
4.749999999999954703e+00 1.813509127060182295e-03
4.849999999999954348e+00 1.713382462150253886e-03
4.949999999999953992e+00 1.551495424492147336e-03
5.049999999999953637e+00 1.342820225661177022e-03
5.149999999999953282e+00 1.331591066979689831e-03
5.249999999999952927e+00 1.213684900824074436e-03
5.349999999999952571e+00 1.180933188003069822e-03
5.449999999999952216e+00 1.084549575986971416e-03
5.549999999999951861e+00 9.020757474128050530e-04
5.649999999999951505e+00 7.467390523188986240e-04
5.749999999999951150e+00 7.355098936374115416e-04
5.849999999999950795e+00 6.241540700459968088e-04
5.949999999999950440e+00 4.585239794940605814e-04
6.049999999999950084e+00 5.240274051360692669e-04
6.149999999999949729e+00 4.903399290916076944e-04
6.249999999999949374e+00 4.136073447681119265e-04
6.349999999999949019e+00 3.668191835952484868e-04
6.449999999999948663e+00 3.209667856458425480e-04
6.549999999999948308e+00 2.975727050594107197e-04
6.649999999999947953e+00 2.489130174396329831e-04
6.749999999999947597e+00 2.320692794174021426e-04
6.849999999999947242e+00 1.338141409543891686e-04
6.949999999999946887e+00 1.487863525297054412e-04
7.049999999999946532e+00 1.328783777309318847e-04
7.149999999999946176e+00 1.356856674013036824e-04
7.249999999999945821e+00 1.403644835185899667e-04
7.349999999999945466e+00 1.113558235914147599e-04
7.449999999999945111e+00 9.919090168647029862e-05
7.549999999999944755e+00 1.085485339210429622e-04
7.649999999999944400e+00 8.983326945189760797e-05
7.749999999999944045e+00 1.010624281333848259e-04
7.849999999999943689e+00 8.515445333461128298e-05
7.949999999999943334e+00 4.678816117286334483e-05
