-7.950000000000000178e+00 3.370039302147251656e-05
-7.850000000000000533e+00 5.148671156058301274e-05
-7.750000000000000888e+00 6.178405387269959902e-05
-7.650000000000001243e+00 7.020915212806772986e-05
-7.550000000000001599e+00 1.039095451495402667e-04
-7.450000000000001954e+00 9.642056892254636364e-05
-7.350000000000002309e+00 1.329293280291415566e-04
-7.250000000000002665e+00 1.198236196319022600e-04
-7.150000000000003020e+00 1.170152535467795633e-04
-7.050000000000003375e+00 8.986771472392670180e-05
-6.950000000000003730e+00 1.057817892062887222e-04
-6.850000000000004086e+00 1.413544262845097281e-04
-6.750000000000004441e+00 1.563323787384975072e-04
-6.650000000000004796e+00 1.834799175613503687e-04
-6.550000000000005151e+00 1.900327717599700305e-04
-6.450000000000005507e+00 2.022023581288350858e-04
-6.350000000000005862e+00 2.218609207246940171e-04
-6.250000000000006217e+00 2.218609207246940713e-04
-6.150000000000006573e+00 2.490084595475468786e-04
-6.050000000000006928e+00 3.295149539877313032e-04
-5.950000000000007283e+00 3.726134224909136649e-04
-5.850000000000007638e+00 4.616187255824010850e-04
-5.750000000000007994e+00 4.437586966473556225e-04
-5.650000000000008349e+00 5.121250888770489430e-04
-5.550000000000008704e+00 6.375506986000097293e-04
-5.450000000000009059e+00 7.573522051131313226e-04
-5.350000000000009415e+00 8.369225775249414245e-04
-5.250000000000009770e+00 9.763973887131092771e-04
-5.150000000000010125e+00 1.065336352448255103e-03
-5.050000000000010481e+00 1.070938342539313548e-03
-4.950000000000010836e+00 1.192641577267557467e-03
-4.850000000000011191e+00 1.411679389827941947e-03
-4.750000000000011546e+00 1.535254868612934403e-03
-4.650000000000011902e+00 1.765540887592997269e-03
-4.550000000000012257e+00 2.140918449931473490e-03
-4.450000000000012612e+00 2.372147961979504099e-03
-4.350000000000012967e+00 2.488227093497909909e-03
-4.250000000000013323e+00 2.823358779655887364e-03
-4.150000000000013678e+00 3.224947758788843100e-03
-4.050000000000014033e+00 3.418732389701904274e-03
-3.950000000000014388e+00 3.999120676254340825e-03
-3.850000000000014744e+00 4.358598906189642408e-03
-3.750000000000015099e+00 4.776101959804959947e-03
-3.650000000000015454e+00 5.564368304973223850e-03
-3.550000000000015810e+00 6.059562115904011323e-03
-3.450000000000016165e+00 6.598761033207977897e-03
-3.350000000000016520e+00 7.141719180704625240e-03
-3.250000000000016875e+00 7.956167458508987822e-03
-3.150000000000017231e+00 8.967193991232334099e-03
-3.050000000000017586e+00 1.002220351721008415e-02
-2.950000000000017941e+00 1.150876529826834471e-02
-2.850000000000018296e+00 1.242800764597345835e-02
-2.750000000000018652e+00 1.374796181909989853e-02
-2.650000000000019007e+00 1.590668870068925878e-02
-2.550000000000019362e+00 1.803733192142741720e-02
-2.450000000000019718e+00 2.067634100084997373e-02
-2.350000000000020073e+00 2.353342965768575115e-02
-2.250000000000020428e+00 2.691936092119663615e-02
-2.150000000000020783e+00 3.030347890896745860e-02
-2.050000000000021139e+00 3.414911979880590198e-02
-1.950000000000021272e+00 3.902273324139304139e-02
-1.850000000000021627e+00 4.286824882355834421e-02
-1.750000000000021982e+00 4.924349782317249957e-02
-1.650000000000022338e+00 5.621015481353140719e-02
-1.550000000000022693e+00 6.555954457872625873e-02
-1.450000000000023048e+00 7.516796004627646077e-02
-1.350000000000023404e+00 8.575541910575373850e-02
-1.250000000000023759e+00 9.737317259545164028e-02
-1.150000000000024114e+00 1.137867087206692052e-01
-1.050000000000024469e+00 1.318500677829019530e-01
-9.500000000000248246e-01 1.538460902284148335e-01
-8.500000000000251799e-01 1.794823816586119947e-01
-7.500000000000255351e-01 2.115657970954989420e-01
-6.500000000000258904e-01 2.529785825540439848e-01
-5.500000000000262457e-01 2.985605164591460525e-01
-4.500000000000266565e-01 3.608962336771029400e-01
-3.500000000000270117e-01 4.371255128592508310e-01
-2.500000000000273670e-01 5.327109429958530873e-01
-1.500000000000277223e-01 6.444618811463893593e-01
-5.000000000002806366e-02 7.990763506551483708e-01
4.999999999997158107e-02 8.158932300669219373e-01
1.499999999999712119e-01 6.650361037647105622e-01
2.499999999999708566e-01 5.476409099820865878e-01
3.499999999999705014e-01 4.538433254988877841e-01
4.499999999999701461e-01 3.766319216302630446e-01
5.499999999999698463e-01 3.144270624782089518e-01
6.499999999999694911e-01 2.622821613081649517e-01
7.499999999999691358e-01 2.211953969308410317e-01
8.499999999999687805e-01 1.873034600744913902e-01
9.499999999999684253e-01 1.605199916392394122e-01
1.049999999999968070e+00 1.366925828094446849e-01
1.149999999999967715e+00 1.140767517576337930e-01
1.249999999999967359e+00 9.877793057910136398e-02
1.349999999999967004e+00 8.638872408554790217e-02
1.449999999999966649e+00 7.452873612168861572e-02
1.549999999999966294e+00 6.469950642103614036e-02
1.649999999999965938e+00 5.506711296168848024e-02
1.749999999999965583e+00 4.890574204691923443e-02
1.849999999999965228e+00 4.370531145083553226e-02
1.949999999999964873e+00 3.857233323807195136e-02
2.049999999999964295e+00 3.334965684449511802e-02
2.149999999999963940e+00 2.963696002476496824e-02
2.249999999999963585e+00 2.633614215544027165e-02
2.349999999999963229e+00 2.292960146522597664e-02
2.449999999999962874e+00 1.988897392251209525e-02
2.549999999999962519e+00 1.778645858886271705e-02
2.649999999999962164e+00 1.578421887784329028e-02
2.749999999999961808e+00 1.406811555280388509e-02
2.849999999999961453e+00 1.269223730228157335e-02
2.949999999999961098e+00 1.153131330838485374e-02
3.049999999999960743e+00 1.049890338980077366e-02
3.149999999999960387e+00 9.419392528214241833e-03
3.249999999999960032e+00 8.090010795447719755e-03
3.349999999999959677e+00 7.093976957257538095e-03
3.449999999999959321e+00 6.440541668333545772e-03
3.549999999999958966e+00 5.853593156542897386e-03
3.649999999999958611e+00 5.226391397532156868e-03
3.749999999999958256e+00 4.748018298953732980e-03
3.849999999999957900e+00 4.264050581323844229e-03
3.949999999999957545e+00 3.723893428872720145e-03
4.049999999999957190e+00 3.423405628804181491e-03
4.149999999999956835e+00 2.926317460697866902e-03
4.249999999999956479e+00 2.655778194497711037e-03
4.349999999999956124e+00 2.388047294382678737e-03
4.449999999999955769e+00 2.204567376821327772e-03
4.549999999999955413e+00 2.007981750862738134e-03
4.649999999999955058e+00 1.731825752492337960e-03
4.749999999999954703e+00 1.641021915740037071e-03
4.849999999999954348e+00 1.454733632093563409e-03
4.949999999999953992e+00 1.203852928489268590e-03
5.049999999999953637e+00 1.013820156729298289e-03
5.149999999999953282e+00 9.042938794095127910e-04
5.249999999999952927e+00 7.844702597776102328e-04
5.349999999999952571e+00 7.732367954371193374e-04
5.449999999999952216e+00 6.946025450536835039e-04
5.549999999999951861e+00 6.328184911809839591e-04
5.649999999999951505e+00 6.206489048121190122e-04
5.749999999999951150e+00 5.663538271664131808e-04
5.849999999999950795e+00 4.727416243289894867e-04
5.949999999999950440e+00 4.249994008819034256e-04
6.049999999999950084e+00 3.407484183282220901e-04
6.149999999999949729e+00 3.267065879026084980e-04
6.249999999999949374e+00 2.827088525690194562e-04
6.349999999999949019e+00 3.023674151648784417e-04
6.449999999999948663e+00 2.377749952070560646e-04
6.549999999999948308e+00 2.527529476610438437e-04
6.649999999999947953e+00 2.218609207246940984e-04
6.749999999999947597e+00 1.713103311924852863e-04
6.849999999999947242e+00 1.600768668519944452e-04
6.949999999999946887e+00 1.450989143980066661e-04
7.049999999999946532e+00 1.422905483128839694e-04
7.149999999999946176e+00 1.544601346817490247e-04
7.249999999999945821e+00 1.553962567101232659e-04
7.349999999999945466e+00 1.123346434049083705e-04
7.449999999999945111e+00 7.114527415644195758e-05
7.549999999999944755e+00 9.173995878067519791e-05
7.649999999999944400e+00 6.272017590107384030e-05
7.749999999999944045e+00 5.055058953220877146e-05
7.849999999999943689e+00 2.621141679447862023e-05
7.949999999999943334e+00 3.276427099309827529e-05
