-7.950000000000000178e+00 3.267065879026085523e-04
-7.850000000000000533e+00 4.287438889954002822e-04
-7.750000000000000888e+00 4.755499904141122377e-04
-7.650000000000001243e+00 4.708693802722411126e-04
-7.550000000000001599e+00 4.708693802722409500e-04
-7.450000000000001954e+00 5.335895561733147632e-04
-7.350000000000002309e+00 5.963097320743886848e-04
-7.250000000000002665e+00 7.283029380751562983e-04
-7.150000000000003020e+00 6.309462471242354223e-04
-7.050000000000003375e+00 6.140960506134992419e-04
-6.950000000000003730e+00 6.730717384010760900e-04
-6.850000000000004086e+00 6.618382740605853031e-04
-6.750000000000004441e+00 7.357919143021499032e-04
-6.650000000000004796e+00 6.393713453796035125e-04
-6.550000000000005151e+00 7.133249856211683294e-04
-6.450000000000005507e+00 8.294041171395734888e-04
-6.350000000000005862e+00 1.011011790644175592e-03
-6.250000000000006217e+00 9.922893500766906578e-04
-6.150000000000006573e+00 1.074668088573623457e-03
-6.050000000000006928e+00 1.213214148773011274e-03
-5.950000000000007283e+00 1.370482649539882724e-03
-5.850000000000007638e+00 1.485625659029914374e-03
-5.750000000000007994e+00 1.615746620973933234e-03
-5.650000000000008349e+00 1.672850064704761762e-03
-5.550000000000008704e+00 1.697189237442491873e-03
-5.450000000000009059e+00 1.849777128067492307e-03
-5.350000000000009415e+00 1.836671419670252766e-03
-5.250000000000009770e+00 1.809523880847399742e-03
-5.150000000000010125e+00 2.536890696894184265e-03
-5.050000000000010481e+00 2.476978887078232390e-03
-4.950000000000010836e+00 2.711945516200166273e-03
-4.850000000000011191e+00 2.928219188912989986e-03
-4.750000000000011546e+00 2.779397899520265856e-03
-4.650000000000011902e+00 2.906725237458349619e-03
-4.550000000000012257e+00 3.407609490955316577e-03
-4.450000000000012612e+00 3.592165580297318039e-03
-4.350000000000012967e+00 3.755161378828336671e-03
-4.250000000000013323e+00 3.958970623588556684e-03
-4.150000000000013678e+00 4.331532448802317276e-03
-4.050000000000014033e+00 4.639531338216628872e-03
-3.950000000000014388e+00 5.117034654123020845e-03
-3.850000000000014744e+00 5.481164010041818246e-03
-3.750000000000015099e+00 6.167429909315252749e-03
-3.650000000000015454e+00 6.693161937281902688e-03
-3.550000000000015810e+00 7.156041110634789662e-03
-3.450000000000016165e+00 7.940459773135240262e-03
-3.350000000000016520e+00 8.743858862588944902e-03
-3.250000000000016875e+00 9.555270272080779170e-03
-3.150000000000017231e+00 1.046886640345727135e-02
-3.050000000000017586e+00 1.160467726545894550e-02
-2.950000000000017941e+00 1.257665940145554634e-02
-2.850000000000018296e+00 1.370578473054592447e-02
-2.750000000000018652e+00 1.562002159985856342e-02
-2.650000000000019007e+00 1.728072419131324033e-02
-2.550000000000019362e+00 1.851852075713057363e-02
-2.450000000000019718e+00 2.100417535781040623e-02
-2.350000000000020073e+00 2.317109146438816811e-02
-2.250000000000020428e+00 2.524438062604929950e-02
-2.150000000000020783e+00 2.797188640683134428e-02
-2.050000000000021139e+00 3.224818028491990840e-02
-1.950000000000021272e+00 3.663694148512605664e-02
-1.850000000000021627e+00 4.138600647170194435e-02
-1.750000000000021982e+00 4.653644667726253292e-02
-1.650000000000022338e+00 5.391341995763303252e-02
-1.550000000000022693e+00 6.016939079454539097e-02
-1.450000000000023048e+00 6.664490067471065537e-02
-1.350000000000023404e+00 7.705350145845177301e-02
-1.250000000000023759e+00 9.030597462503728301e-02
-1.150000000000024114e+00 1.023140025480921839e-01
-1.050000000000024469e+00 1.215811481994574228e-01
-9.500000000000248246e-01 1.415156235493811310e-01
-8.500000000000251799e-01 1.680108253682107144e-01
-7.500000000000255351e-01 1.998454018794614817e-01
-6.500000000000258904e-01 2.420390015621459723e-01
-5.500000000000262457e-01 2.917720322378407616e-01
-4.500000000000266565e-01 3.736255767926979776e-01
-3.500000000000270117e-01 4.721054888699962593e-01
-2.500000000000273670e-01 6.083399394555812911e-01
-1.500000000000277223e-01 7.914788579832574555e-01
-5.000000000002806366e-02 1.017703640536413490e+00
4.999999999997158107e-02 1.012208353614510337e+00
1.499999999999712119e-01 7.542472210237283203e-01
2.499999999999708566e-01 5.603370613063911598e-01
3.499999999999705014e-01 4.233567425953773666e-01
4.499999999999701461e-01 3.230729454825213010e-01
5.499999999999698463e-01 2.507298626500573668e-01
6.499999999999694911e-01 2.030316590514239516e-01
7.499999999999691358e-01 1.665150940138979685e-01
8.499999999999687805e-01 1.351805983128281929e-01
9.499999999999684253e-01 1.107082382606824900e-01
1.049999999999968070e+00 9.355921243378588492e-02
1.149999999999967715e+00 7.872420655063461226e-02
1.249999999999967359e+00 6.536294421068852833e-02
1.349999999999967004e+00 5.655702856576187709e-02
1.449999999999966649e+00 4.850211866085855916e-02
1.549999999999966294e+00 4.005635201047048205e-02
1.649999999999965938e+00 3.358696009316812503e-02
1.749999999999965583e+00 3.034289922871337419e-02
1.849999999999965228e+00 2.715405482185353353e-02
1.949999999999964873e+00 2.384475288595672843e-02
2.049999999999964295e+00 2.136569536571309227e-02
2.149999999999963940e+00 1.761529567846211591e-02
2.249999999999963585e+00 1.591966173037383941e-02
2.349999999999963229e+00 1.536130548116637975e-02
2.449999999999962874e+00 1.324414389184475072e-02
2.549999999999962519e+00 1.132519692823188290e-02
2.649999999999962164e+00 1.027619479952282880e-02
2.749999999999961808e+00 9.709863085475200703e-03
2.849999999999961453e+00 8.419842704137960043e-03
2.949999999999961098e+00 7.228586882313990485e-03
3.049999999999960743e+00 6.667038972962545731e-03
3.149999999999960387e+00 5.966834437817801831e-03
3.249999999999960032e+00 5.507043730054585022e-03
3.349999999999959677e+00 5.253074560860615701e-03
3.449999999999959321e+00 4.610614749891332048e-03
3.549999999999958966e+00 4.001132970063364831e-03
3.649999999999958611e+00 3.717502737545156158e-03
3.749999999999958256e+00 3.251232885979257574e-03
3.849999999999957900e+00 3.024691355112690914e-03
3.949999999999957545e+00 2.805631429433525902e-03
4.049999999999957190e+00 2.481770062814006930e-03
4.149999999999956835e+00 2.441354652722857281e-03
4.249999999999956479e+00 2.189176646150105786e-03
4.349999999999956124e+00 1.832167714478625999e-03
4.449999999999955769e+00 1.983753143718912197e-03
4.549999999999955413e+00 1.802108615016342072e-03
4.649999999999955058e+00 1.582997092060022416e-03
4.749999999999954703e+00 1.377042874778096077e-03
4.849999999999954348e+00 1.276870446702459139e-03
4.949999999999953992e+00 1.128027044190955779e-03
5.049999999999953637e+00 1.010075668615801866e-03
5.149999999999953282e+00 7.891508699194815747e-04
5.249999999999952927e+00 7.404725244440210283e-04
5.349999999999952571e+00 7.545143548696346203e-04
5.449999999999952216e+00 7.142611076495423809e-04
5.549999999999951861e+00 6.655827621740820514e-04
5.649999999999951505e+00 7.311113041602787781e-04
5.749999999999951150e+00 6.796245925996957519e-04
5.849999999999950795e+00 6.908580569401867556e-04
5.949999999999950440e+00 5.186116037193271196e-04
6.049999999999950084e+00 5.092503834355846526e-04
6.149999999999949729e+00 4.989530411234681341e-04
6.249999999999949374e+00 4.427857194210138743e-04
6.349999999999949019e+00 4.568275498466274121e-04
6.449999999999948663e+00 4.970807970667198141e-04
6.549999999999948308e+00 4.090853263995414052e-04
6.649999999999947953e+00 2.836449745973936704e-04
6.749999999999947597e+00 3.744488113496945592e-04
6.849999999999947242e+00 2.621141679447862565e-04
6.949999999999946887e+00 2.330943850651848582e-04
7.049999999999946532e+00 2.265415308665652777e-04
7.149999999999946176e+00 2.003301140720866575e-04
7.249999999999945821e+00 2.321582630368106712e-04
7.349999999999945466e+00 2.658586560582830590e-04
7.449999999999945111e+00 2.040746021855835684e-04
7.549999999999944755e+00 1.713103311924852592e-04
7.649999999999944400e+00 1.713103311924853134e-04
7.749999999999944045e+00 1.282487178872704315e-04
7.849999999999943689e+00 1.216958636886507697e-04
7.949999999999943334e+00 1.422905483128839694e-04
