-7.950000000000000178e+00 0.000000000000000000e+00
-7.850000000000000533e+00 0.000000000000000000e+00
-7.750000000000000888e+00 0.000000000000000000e+00
-7.650000000000001243e+00 0.000000000000000000e+00
-7.550000000000001599e+00 0.000000000000000000e+00
-7.450000000000001954e+00 0.000000000000000000e+00
-7.350000000000002309e+00 0.000000000000000000e+00
-7.250000000000002665e+00 0.000000000000000000e+00
-7.150000000000003020e+00 0.000000000000000000e+00
-7.050000000000003375e+00 0.000000000000000000e+00
-6.950000000000003730e+00 0.000000000000000000e+00
-6.850000000000004086e+00 0.000000000000000000e+00
-6.750000000000004441e+00 0.000000000000000000e+00
-6.650000000000004796e+00 0.000000000000000000e+00
-6.550000000000005151e+00 0.000000000000000000e+00
-6.450000000000005507e+00 0.000000000000000000e+00
-6.350000000000005862e+00 0.000000000000000000e+00
-6.250000000000006217e+00 0.000000000000000000e+00
-6.150000000000006573e+00 0.000000000000000000e+00
-6.050000000000006928e+00 0.000000000000000000e+00
-5.950000000000007283e+00 0.000000000000000000e+00
-5.850000000000007638e+00 0.000000000000000000e+00
-5.750000000000007994e+00 0.000000000000000000e+00
-5.650000000000008349e+00 0.000000000000000000e+00
-5.550000000000008704e+00 1.497795245398778388e-07
-5.450000000000009059e+00 0.000000000000000000e+00
-5.350000000000009415e+00 4.493385736196335429e-07
-5.250000000000009770e+00 4.493385736196335429e-07
-5.150000000000010125e+00 4.493385736196335429e-07
-5.050000000000010481e+00 7.488976226993891676e-07
-4.950000000000010836e+00 1.947133819018411878e-06
-4.850000000000011191e+00 2.696031441717801257e-06
-4.750000000000011546e+00 3.744488113496945626e-06
-4.650000000000011902e+00 7.039637653374258556e-06
-4.550000000000012257e+00 1.018500766871169251e-05
-4.450000000000012612e+00 1.737442484662582920e-05
-4.350000000000012967e+00 3.010568443251544145e-05
-4.250000000000013323e+00 4.493385736196335090e-05
-4.150000000000013678e+00 7.324218750000025479e-05
-4.050000000000014033e+00 1.064932419478531217e-04
-3.950000000000014388e+00 1.578676188650312813e-04
-3.850000000000014744e+00 2.224225939417187299e-04
-3.750000000000015099e+00 3.473387174079770870e-04
-3.650000000000015454e+00 5.047569976993886848e-04
-3.550000000000015810e+00 7.258315759202464126e-04
-3.450000000000016165e+00 1.046809097009201561e-03
-3.350000000000016520e+00 1.432191813650303576e-03
-3.250000000000016875e+00 2.048234998082815519e-03
-3.150000000000017231e+00 2.818251533742320222e-03
-3.050000000000017586e+00 3.858470331671762666e-03
-2.950000000000017941e+00 5.181772430981571032e-03
-2.850000000000018296e+00 6.960104725843524118e-03
-2.750000000000018652e+00 9.207846050613451364e-03
-2.650000000000019007e+00 1.209274947277600917e-02
-2.550000000000019362e+00 1.574152847009199080e-02
-2.450000000000019718e+00 2.019986579754722011e-02
-2.350000000000020073e+00 2.573242187500258960e-02
-2.250000000000020428e+00 3.245527583397597032e-02
-2.150000000000020783e+00 4.040422498083066916e-02
-2.050000000000021139e+00 4.965415907783926608e-02
-1.950000000000021272e+00 6.056694545629022486e-02
-1.850000000000021627e+00 7.329940327838033176e-02
-1.750000000000021982e+00 8.759900426573066778e-02
-1.650000000000022338e+00 1.033065327837547620e-01
-1.550000000000022693e+00 1.211592036522381455e-01
-1.450000000000023048e+00 1.407705856978693215e-01
-1.350000000000023404e+00 1.614981247603689274e-01
-1.250000000000023759e+00 1.836009394171913833e-01
-1.150000000000024114e+00 2.066024312212514924e-01
-1.050000000000024469e+00 2.302437811541455936e-01
-9.500000000000248246e-01 2.542787516775339984e-01
-8.500000000000251799e-01 2.779746213573778824e-01
-7.500000000000255351e-01 3.004124928106076675e-01
-6.500000000000258904e-01 3.218342599693550521e-01
-5.500000000000262457e-01 3.416595271760295427e-01
-4.500000000000266565e-01 3.584478647431311726e-01
-3.500000000000270117e-01 3.735333588957369111e-01
-2.500000000000273670e-01 3.844263743769474884e-01
-1.500000000000277223e-01 3.918823991085408354e-01
-5.000000000002806366e-02 3.960127192772524563e-01
4.999999999997158107e-02 3.956484554735710812e-01
1.499999999999712119e-01 3.921241432611487499e-01
2.499999999999708566e-01 3.845373610046315394e-01
3.499999999999705014e-01 3.725915452454306998e-01
4.499999999999701461e-01 3.587546132093881734e-01
5.499999999999698463e-01 3.416927782304772232e-01
6.499999999999694911e-01 3.218348590874531290e-01
7.499999999999691358e-01 3.009147035563892181e-01
8.499999999999687805e-01 2.780204538918870649e-01
9.499999999999684253e-01 2.543815004313685346e-01
1.049999999999968070e+00 2.299430238688695005e-01
1.149999999999967715e+00 2.069662456863589073e-01
1.249999999999967359e+00 1.835254505368233147e-01
1.349999999999967004e+00 1.615760101131296644e-01
1.449999999999966649e+00 1.406065771184983326e-01
1.549999999999966294e+00 1.210339879697228532e-01
1.649999999999965938e+00 1.035792812979418609e-01
1.749999999999965583e+00 8.743469612731048779e-02
1.849999999999965228e+00 7.329026672738339632e-02
1.949999999999964873e+00 6.034602065759391704e-02
2.049999999999964295e+00 4.972036162768588008e-02
2.149999999999963940e+00 4.034041890337668190e-02
2.249999999999963585e+00 3.237394555215081238e-02
2.349999999999963229e+00 2.563401672737986373e-02
2.449999999999962874e+00 2.017260592408096076e-02
2.549999999999962519e+00 1.571936110046008930e-02
2.649999999999962164e+00 1.213708421203981563e-02
2.749999999999961808e+00 9.218330617331241955e-03
2.849999999999961453e+00 7.004439465107327109e-03
2.949999999999961098e+00 5.225508052147215601e-03
3.049999999999960743e+00 3.845139953987713501e-03
3.149999999999960387e+00 2.798780195552136828e-03
3.249999999999960032e+00 2.042094037576680857e-03
3.349999999999959677e+00 1.457953891871162540e-03
3.449999999999959321e+00 1.038870782208588164e-03
3.549999999999958966e+00 7.117523006134980276e-04
3.649999999999958611e+00 5.182371549079776724e-04
3.749999999999958256e+00 3.552770322085906465e-04
3.849999999999957900e+00 2.273653182515347065e-04
3.949999999999957545e+00 1.605636503067491114e-04
4.049999999999957190e+00 1.015505176380371587e-04
4.149999999999956835e+00 7.009681748466283608e-05
4.249999999999956479e+00 4.148892829754616577e-05
4.349999999999956124e+00 3.115414110429459005e-05
4.449999999999955769e+00 1.842288151840497780e-05
4.549999999999955413e+00 1.407927530674851711e-05
4.649999999999955058e+00 7.189417177914136686e-06
4.749999999999954703e+00 4.044047162576701039e-06
4.849999999999954348e+00 2.696031441717800834e-06
4.949999999999953992e+00 1.647574769938656253e-06
5.049999999999953637e+00 1.048456671779144792e-06
5.149999999999953282e+00 2.995590490797556776e-07
5.249999999999952927e+00 4.493385736196335429e-07
5.349999999999952571e+00 0.000000000000000000e+00
5.449999999999952216e+00 1.497795245398778388e-07
5.549999999999951861e+00 1.497795245398778388e-07
5.649999999999951505e+00 0.000000000000000000e+00
5.749999999999951150e+00 0.000000000000000000e+00
5.849999999999950795e+00 0.000000000000000000e+00
5.949999999999950440e+00 0.000000000000000000e+00
6.049999999999950084e+00 0.000000000000000000e+00
6.149999999999949729e+00 0.000000000000000000e+00
6.249999999999949374e+00 0.000000000000000000e+00
6.349999999999949019e+00 0.000000000000000000e+00
6.449999999999948663e+00 0.000000000000000000e+00
6.549999999999948308e+00 0.000000000000000000e+00
6.649999999999947953e+00 0.000000000000000000e+00
6.749999999999947597e+00 0.000000000000000000e+00
6.849999999999947242e+00 0.000000000000000000e+00
6.949999999999946887e+00 0.000000000000000000e+00
7.049999999999946532e+00 0.000000000000000000e+00
7.149999999999946176e+00 0.000000000000000000e+00
7.249999999999945821e+00 0.000000000000000000e+00
7.349999999999945466e+00 0.000000000000000000e+00
7.449999999999945111e+00 0.000000000000000000e+00
7.549999999999944755e+00 0.000000000000000000e+00
7.649999999999944400e+00 0.000000000000000000e+00
7.749999999999944045e+00 0.000000000000000000e+00
7.849999999999943689e+00 0.000000000000000000e+00
7.949999999999943334e+00 0.000000000000000000e+00
