-7.950000000000000178e+00 5.002636119631920393e-05
-7.850000000000000533e+00 5.451974693251553767e-05
-7.750000000000000888e+00 6.530387269938674947e-05
-7.650000000000001243e+00 7.863425038343586069e-05
-7.550000000000001599e+00 8.342719516871194730e-05
-7.450000000000001954e+00 9.720691142638070137e-05
-7.350000000000002309e+00 1.132333205521476426e-04
-7.250000000000002665e+00 1.205725172546016558e-04
-7.150000000000003020e+00 1.409425325920250814e-04
-7.050000000000003375e+00 1.460350364263809345e-04
-6.950000000000003730e+00 1.704490989263810646e-04
-6.850000000000004086e+00 1.939644842791419361e-04
-6.750000000000004441e+00 2.116384681748475181e-04
-6.650000000000004796e+00 2.463873178680992850e-04
-6.550000000000005151e+00 2.591185774539888362e-04
-6.450000000000005507e+00 2.958145609662590509e-04
-6.350000000000005862e+00 3.316130466976248501e-04
-6.250000000000006217e+00 3.648629217791429010e-04
-6.150000000000006573e+00 4.093474405674866362e-04
-6.050000000000006928e+00 4.658143213190205404e-04
-5.950000000000007283e+00 5.067041315184070242e-04
-5.850000000000007638e+00 5.799463190184067640e-04
-5.750000000000007994e+00 6.206863496932531546e-04
-5.650000000000008349e+00 7.044142832773789796e-04
-5.550000000000008704e+00 7.826015538198644907e-04
-5.450000000000009059e+00 8.488005655674850207e-04
-5.350000000000009415e+00 9.747686838045257953e-04
-5.250000000000009770e+00 1.064783819320321793e-03
-5.150000000000010125e+00 1.202583340629678017e-03
-5.050000000000010481e+00 1.347268002602528859e-03
-4.950000000000010836e+00 1.481622594847467871e-03
-4.850000000000011191e+00 1.638142197991638693e-03
-4.750000000000011546e+00 1.849183906800994440e-03
-4.650000000000011902e+00 2.027416823538108134e-03
-4.550000000000012257e+00 2.272614160774229924e-03
-4.450000000000012612e+00 2.538321857941635770e-03
-4.350000000000012967e+00 2.809270659101603153e-03
-4.250000000000013323e+00 3.114824427261955395e-03
-4.150000000000013678e+00 3.550386822722921033e-03
-4.050000000000014033e+00 3.964396298412499811e-03
-3.950000000000014388e+00 4.388405621256199866e-03
-3.850000000000014744e+00 4.883441102256511068e-03
-3.750000000000015099e+00 5.460407162546469795e-03
-3.650000000000015454e+00 6.126923688016250140e-03
-3.550000000000015810e+00 6.835840791960499929e-03
-3.450000000000016165e+00 7.637025621120318783e-03
-3.350000000000016520e+00 8.583507203380831910e-03
-3.250000000000016875e+00 9.631391882487509715e-03
-3.150000000000017231e+00 1.088880632276212866e-02
-3.050000000000017586e+00 1.215354108987783989e-02
-2.950000000000017941e+00 1.364541237817610241e-02
-2.850000000000018296e+00 1.543083384407751592e-02
-2.750000000000018652e+00 1.734997068567079720e-02
-2.650000000000019007e+00 1.954800761625445291e-02
-2.550000000000019362e+00 2.206152032397454277e-02
-2.450000000000019718e+00 2.509286684331612019e-02
-2.350000000000020073e+00 2.830929368033560656e-02
-2.250000000000020428e+00 3.221711341692784503e-02
-2.150000000000020783e+00 3.653762291827977737e-02
-2.050000000000021139e+00 4.190315949410885338e-02
-1.950000000000021272e+00 4.739744513399304221e-02
-1.850000000000021627e+00 5.421079069248047055e-02
-1.750000000000021982e+00 6.213826357837688719e-02
-1.650000000000022338e+00 7.102411903222298484e-02
-1.550000000000022693e+00 8.154433681495690256e-02
-1.450000000000023048e+00 9.407500505713384253e-02
-1.350000000000023404e+00 1.082739506658926126e-01
-1.250000000000023759e+00 1.250639523188940561e-01
-1.150000000000024114e+00 1.446140509516613271e-01
-1.050000000000024469e+00 1.678968381377412833e-01
-9.500000000000248246e-01 1.944253818222212715e-01
-8.500000000000251799e-01 2.266394949311833495e-01
-7.500000000000255351e-01 2.640097551994105007e-01
-6.500000000000258904e-01 3.077161092101038942e-01
-5.500000000000262457e-01 3.593446089089464834e-01
-4.500000000000266565e-01 4.185455320791630074e-01
-3.500000000000270117e-01 4.868179630135613944e-01
-2.500000000000273670e-01 5.633880239311648275e-01
-1.500000000000277223e-01 6.429978095865469534e-01
-5.000000000002806366e-02 7.102382501619556310e-01
4.999999999997158107e-02 6.928595736996963073e-01
1.499999999999712119e-01 5.987347298006135965e-01
2.499999999999708566e-01 5.027620393961171885e-01
3.499999999999705014e-01 4.184202491727688211e-01
4.499999999999701461e-01 3.474668072062827573e-01
5.499999999999698463e-01 2.900325358867236192e-01
6.499999999999694911e-01 2.418405127337627247e-01
7.499999999999691358e-01 2.026302723336233513e-01
8.499999999999687805e-01 1.701642925708001797e-01
9.499999999999684253e-01 1.433883602864308993e-01
1.049999999999968070e+00 1.213848588893040314e-01
1.149999999999967715e+00 1.032972252246391609e-01
1.249999999999967359e+00 8.783567124626594225e-02
1.349999999999967004e+00 7.531227379754359963e-02
1.449999999999966649e+00 6.464545606190814919e-02
1.549999999999966294e+00 5.554322816342092961e-02
1.649999999999965938e+00 4.782534636574216347e-02
1.749999999999965583e+00 4.145963755525329530e-02
1.849999999999965228e+00 3.591804281420879486e-02
1.949999999999964873e+00 3.125544041690680314e-02
2.049999999999964295e+00 2.721440535594882651e-02
2.149999999999963940e+00 2.373419790635319243e-02
2.249999999999963585e+00 2.080849430583196769e-02
2.349999999999963229e+00 1.819477791682833079e-02
2.449999999999962874e+00 1.601285820657821768e-02
2.549999999999962519e+00 1.405880740400516568e-02
2.649999999999962164e+00 1.237693430231322916e-02
2.749999999999961808e+00 1.088475048193620134e-02
2.849999999999961453e+00 9.648150678107288505e-03
2.949999999999961098e+00 8.545180156227313514e-03
3.049999999999960743e+00 7.557360604560128467e-03
3.149999999999960387e+00 6.719775812838114405e-03
3.249999999999960032e+00 5.951535402879059959e-03
3.349999999999959677e+00 5.253877709334669674e-03
3.449999999999959321e+00 4.676008254432132208e-03
3.549999999999958966e+00 4.127349344913875014e-03
3.649999999999958611e+00 3.725648915662271073e-03
3.749999999999958256e+00 3.335910799146162963e-03
3.849999999999957900e+00 2.972849949126842289e-03
3.949999999999957545e+00 2.632986055549843291e-03
4.049999999999957190e+00 2.339717746500764688e-03
4.149999999999956835e+00 2.120138604792635821e-03
4.249999999999956479e+00 1.870450240552987099e-03
4.349999999999956124e+00 1.665555389081441098e-03
4.449999999999955769e+00 1.511727099913648138e-03
4.549999999999955413e+00 1.328847479816793690e-03
4.649999999999955058e+00 1.198836493783511040e-03
4.749999999999954703e+00 1.064034921697622465e-03
4.849999999999954348e+00 9.428668244438672286e-04
4.949999999999953992e+00 8.571893983080529442e-04
5.049999999999953637e+00 7.718138899539884242e-04
5.149999999999953282e+00 6.867402993816736686e-04
5.249999999999952927e+00 6.272778281393426693e-04
5.349999999999952571e+00 5.646699868816743191e-04
5.449999999999952216e+00 4.975675805214746159e-04
5.549999999999951861e+00 4.452945264570573602e-04
5.649999999999951505e+00 4.014091257668730766e-04
5.749999999999951150e+00 3.578232841257686001e-04
5.849999999999950795e+00 3.133387653374247565e-04
5.949999999999950440e+00 2.850304351993877849e-04
6.049999999999950084e+00 2.538774734614281125e-04
6.149999999999949729e+00 2.285635544478537722e-04
6.249999999999949374e+00 2.002552243098168006e-04
6.349999999999949019e+00 1.879733032975467702e-04
6.449999999999948663e+00 1.637090203220865165e-04
6.549999999999948308e+00 1.398940759202459193e-04
6.649999999999947953e+00 1.298588477760740897e-04
6.749999999999947597e+00 1.174271472392642100e-04
6.849999999999947242e+00 1.067928009969328881e-04
6.949999999999946887e+00 9.151528949386534260e-05
7.049999999999946532e+00 7.399108512269965052e-05
7.149999999999946176e+00 7.234351035276099617e-05
7.249999999999945821e+00 6.695144746932539027e-05
7.349999999999945466e+00 6.006158934049102001e-05
7.449999999999945111e+00 4.942724309815969141e-05
7.549999999999944755e+00 4.253738496932530082e-05
7.649999999999944400e+00 3.699554256134983204e-05
7.749999999999944045e+00 3.594708588957068343e-05
7.849999999999943689e+00 3.295149539877312761e-05
7.949999999999943334e+00 2.576207822085898753e-05
