-7.950000000000000178e+00 1.872244056748473025e-06
-7.850000000000000533e+00 4.680610141871182668e-06
-7.750000000000000888e+00 1.123346434049083773e-05
-7.650000000000001243e+00 4.680610141871182668e-06
-7.550000000000001599e+00 6.552854198619655058e-06
-7.450000000000001954e+00 9.361220283742365124e-07
-7.350000000000002309e+00 1.216958636886507392e-05
-7.250000000000002665e+00 1.123346434049083773e-05
-7.150000000000003020e+00 5.616732170245418863e-06
-7.050000000000003375e+00 1.216958636886507561e-05
-6.950000000000003730e+00 1.310570839723931181e-05
-6.850000000000004086e+00 1.029734231211660153e-05
-6.750000000000004441e+00 1.685019651073625828e-05
-6.650000000000004796e+00 2.059468462423320306e-05
-6.550000000000005151e+00 1.123346434049083773e-05
-6.450000000000005507e+00 1.404183042561354800e-05
-6.350000000000005862e+00 1.029734231211660153e-05
-6.250000000000006217e+00 2.340305070935590995e-05
-6.150000000000006573e+00 2.995590490797556840e-05
-6.050000000000006928e+00 2.714753882285285812e-05
-5.950000000000007283e+00 3.650875910659522007e-05
-5.850000000000007638e+00 2.153080665260744095e-05
-5.750000000000007994e+00 4.774222344708606118e-05
-5.650000000000008349e+00 4.680610141871182668e-05
-5.550000000000008704e+00 4.867834547546029568e-05
-5.450000000000009059e+00 5.710344373082843329e-05
-5.350000000000009415e+00 5.710344373082842652e-05
-5.250000000000009770e+00 4.306161330521488190e-05
-5.150000000000010125e+00 7.395364024156468141e-05
-5.050000000000010481e+00 9.173995878067517081e-05
-4.950000000000010836e+00 9.829281297929481909e-05
-4.850000000000011191e+00 1.095262773197856602e-04
-4.750000000000011546e+00 1.207597416602765013e-04
-4.650000000000011902e+00 1.329293280291415837e-04
-4.550000000000012257e+00 1.450989143980066661e-04
-4.450000000000012612e+00 1.928411378450927002e-04
-4.350000000000012967e+00 2.124997004409516857e-04
-4.250000000000013323e+00 2.246692868098167410e-04
-4.150000000000013678e+00 2.705392662001542925e-04
-4.050000000000014033e+00 3.501096386119643944e-04
-3.950000000000014388e+00 4.540191837615046612e-04
-3.850000000000014744e+00 5.822679016487752011e-04
-3.750000000000015099e+00 7.048998873658002392e-04
-3.650000000000015454e+00 7.994482122315982016e-04
-3.550000000000015810e+00 1.081220942772243227e-03
-3.450000000000016165e+00 1.429458337327458705e-03
-3.350000000000016520e+00 1.912497303968564493e-03
-3.250000000000016875e+00 2.623950045532986129e-03
-3.150000000000017231e+00 3.231493241947869070e-03
-3.050000000000017586e+00 4.395100294256644100e-03
-2.950000000000017941e+00 5.699118279781961900e-03
-2.850000000000018296e+00 7.416902201848691797e-03
-2.750000000000018652e+00 9.530665741917684203e-03
-2.650000000000019007e+00 1.232218163052960572e-02
-2.550000000000019362e+00 1.558362340634580727e-02
-2.450000000000019718e+00 1.969322859506716233e-02
-2.350000000000020073e+00 2.500197661797755322e-02
-2.250000000000020428e+00 3.107551422495088977e-02
-2.150000000000020783e+00 3.846436225010638199e-02
-2.050000000000021139e+00 4.804650733254477862e-02
-1.950000000000021272e+00 5.784302435948095178e-02
-1.850000000000021627e+00 6.945935523853749571e-02
-1.750000000000021982e+00 8.423234119454928170e-02
-1.650000000000022338e+00 9.905585562697419300e-02
-1.550000000000022693e+00 1.168000191906494456e-01
-1.450000000000023048e+00 1.359213730498955164e-01
-1.350000000000023404e+00 1.568727938773367137e-01
-1.250000000000023759e+00 1.794604896710192132e-01
-1.150000000000024114e+00 2.028665035382923865e-01
-1.050000000000024469e+00 2.275174859929066928e-01
-9.500000000000248246e-01 2.522248937556089698e-01
-8.500000000000251799e-01 2.764311519073884282e-01
-7.500000000000255351e-01 3.015727212731873497e-01
-6.500000000000258904e-01 3.240753257858016156e-01
-5.500000000000262457e-01 3.450484248406863186e-01
-4.500000000000266565e-01 3.634797314573467997e-01
-3.500000000000270117e-01 3.810494519980028305e-01
-2.500000000000273670e-01 3.912431796065538592e-01
-1.500000000000277223e-01 3.993554140863762592e-01
-5.000000000002806366e-02 4.045922502470124527e-01
4.999999999997158107e-02 4.043159541988896599e-01
1.499999999999712119e-01 4.006135326083526405e-01
2.499999999999708566e-01 3.913925832080743517e-01
3.499999999999705014e-01 3.789186834695913997e-01
4.499999999999701461e-01 3.639837484026711145e-01
5.499999999999698463e-01 3.444597809897889107e-01
6.499999999999694911e-01 3.229745421039482700e-01
7.499999999999691358e-01 3.006871350922660779e-01
8.499999999999687805e-01 2.763684391025268972e-01
9.499999999999684253e-01 2.528275130975753404e-01
1.049999999999968070e+00 2.273770603176109018e-01
1.149999999999967715e+00 2.028664077147775691e-01
1.249999999999967359e+00 1.792882358467588200e-01
1.349999999999967004e+00 1.566087779811768110e-01
1.449999999999966649e+00 1.358586086477568955e-01
1.549999999999966294e+00 1.167326405177252779e-01
1.649999999999965938e+00 9.916353914439555994e-02
1.749999999999965583e+00 8.382512074116683920e-02
1.849999999999965228e+00 6.992370124876946813e-02
1.949999999999964873e+00 5.755939412696273877e-02
2.049999999999964295e+00 4.747077017197584570e-02
2.149999999999963940e+00 3.888934690890909207e-02
2.249999999999963585e+00 3.099501510155028630e-02
2.349999999999963229e+00 2.493456846089502771e-02
2.449999999999962874e+00 1.978495381176865325e-02
2.549999999999962519e+00 1.565291117852468314e-02
2.649999999999962164e+00 1.221078310915307136e-02
2.749999999999961808e+00 9.520361028565977463e-03
2.849999999999961453e+00 7.304560187404190996e-03
2.949999999999961098e+00 5.673842985015857196e-03
3.049999999999960743e+00 4.425992321192994197e-03
3.149999999999960387e+00 3.379400522430998921e-03
3.249999999999960032e+00 2.589313530483139825e-03
3.349999999999959677e+00 1.927475256422551920e-03
3.449999999999959321e+00 1.478136682802918926e-03
3.549999999999958966e+00 1.088709918999237157e-03
3.649999999999958611e+00 8.509349237921812279e-04
3.749999999999958256e+00 7.123888635927942779e-04
3.849999999999957900e+00 5.242283358895725130e-04
3.949999999999957545e+00 4.661887701303697165e-04
4.049999999999957190e+00 3.622792249808295039e-04
4.149999999999956835e+00 2.564974357745407546e-04
4.249999999999956479e+00 2.845810966257678845e-04
4.349999999999956124e+00 2.012662361004608446e-04
4.449999999999955769e+00 1.563323787384975072e-04
4.549999999999955413e+00 1.563323787384975072e-04
4.649999999999955058e+00 1.057817892062887222e-04
4.749999999999954703e+00 1.188874976035280323e-04
4.849999999999954348e+00 1.132707654332826118e-04
4.949999999999953992e+00 9.080383675230094308e-05
5.049999999999953637e+00 7.395364024156468141e-05
5.149999999999953282e+00 6.552854198619655058e-05
5.249999999999952927e+00 5.803956575920266102e-05
5.349999999999952571e+00 5.897568778757690229e-05
5.449999999999952216e+00 4.961446750383453018e-05
5.549999999999951861e+00 4.306161330521487512e-05
5.649999999999951505e+00 4.961446750383453018e-05
5.749999999999951150e+00 2.901978287960133051e-05
5.849999999999950795e+00 3.744488113496946134e-05
5.949999999999950440e+00 2.340305070935590995e-05
6.049999999999950084e+00 2.621141679447862362e-05
6.149999999999949729e+00 2.059468462423320306e-05
6.249999999999949374e+00 2.433917273773014784e-05
6.349999999999949019e+00 2.059468462423320306e-05
6.449999999999948663e+00 1.778631853911049278e-05
6.549999999999948308e+00 1.404183042561354631e-05
6.649999999999947953e+00 1.685019651073625489e-05
6.749999999999947597e+00 8.425098255368129141e-06
6.849999999999947242e+00 9.361220283742365336e-06
6.949999999999946887e+00 1.123346434049083773e-05
7.049999999999946532e+00 1.310570839723931012e-05
7.149999999999946176e+00 1.029734231211660153e-05
7.249999999999945821e+00 1.216958636886507392e-05
7.349999999999945466e+00 1.404183042561354631e-05
7.449999999999945111e+00 1.123346434049083773e-05
7.549999999999944755e+00 7.488976226993892099e-06
7.649999999999944400e+00 2.808366085122709431e-06
7.749999999999944045e+00 8.425098255368127447e-06
7.849999999999943689e+00 7.488976226993892099e-06
7.949999999999943334e+00 3.744488113496946050e-06
