-7.950000000000000178e+00 8.799547066717824636e-05
-7.850000000000000533e+00 9.080383675230094308e-05
-7.750000000000000888e+00 9.829281297929481909e-05
-7.650000000000001243e+00 1.628852329371171148e-04
-7.550000000000001599e+00 2.078190902990804793e-04
-7.450000000000001954e+00 2.611780459164119881e-04
-7.350000000000002309e+00 2.452639714340498593e-04
-7.250000000000002665e+00 3.210898557323630504e-04
-7.150000000000003020e+00 3.079841473351237809e-04
-7.050000000000003375e+00 2.901978287960132780e-04
-6.950000000000003730e+00 3.164092455904919795e-04
-6.850000000000004086e+00 3.810016655483142211e-04
-6.750000000000004441e+00 3.987879840874247782e-04
-6.650000000000004796e+00 4.484024515912592677e-04
-6.550000000000005151e+00 5.026975292369649908e-04
-6.450000000000005507e+00 4.540191837615047154e-04
-6.350000000000005862e+00 5.588648509394192505e-04
-6.250000000000006217e+00 6.721356163727019301e-04
-6.150000000000006573e+00 6.290740030674868855e-04
-6.050000000000006928e+00 7.105166195360456327e-04
-5.950000000000007283e+00 7.283029380751559730e-04
-5.850000000000007638e+00 8.986771472392670723e-04
-5.750000000000007994e+00 9.623334451687155875e-04
-5.650000000000008349e+00 9.988422042753106449e-04
-5.550000000000008704e+00 9.295691741756172783e-04
-5.450000000000009059e+00 1.119601945935587255e-03
-5.350000000000009415e+00 1.014756278757672448e-03
-5.250000000000009770e+00 1.209469660659513984e-03
-5.150000000000010125e+00 1.135516020417949275e-03
-5.050000000000010481e+00 1.398566310391109908e-03
-4.950000000000010836e+00 1.492178513228533711e-03
-4.850000000000011191e+00 1.642894159796785825e-03
-4.750000000000011546e+00 1.660680478335896165e-03
-4.650000000000011902e+00 1.820757345187890962e-03
-4.550000000000012257e+00 2.058532340394947542e-03
-4.450000000000012612e+00 2.267287552722402344e-03
-4.350000000000012967e+00 2.581824554256147413e-03
-4.250000000000013323e+00 2.397423256745609237e-03
-4.150000000000013678e+00 2.859860167722889056e-03
-4.050000000000014033e+00 3.434639093144673146e-03
-3.950000000000014388e+00 3.645273920568470067e-03
-3.850000000000014744e+00 3.498317504192902626e-03
-3.750000000000015099e+00 3.937358735500420294e-03
-3.650000000000015454e+00 4.369883967807287189e-03
-3.550000000000015810e+00 4.606730212025563626e-03
-3.450000000000016165e+00 4.974648282295419596e-03
-3.350000000000016520e+00 5.530166681259392203e-03
-3.250000000000016875e+00 6.792221338378914494e-03
-3.150000000000017231e+00 6.983743060136770285e-03
-3.050000000000017586e+00 7.748930680337780263e-03
-2.950000000000017941e+00 8.427685490265440088e-03
-2.850000000000018296e+00 9.639137960575586833e-03
-2.750000000000018652e+00 1.039652702088668217e-02
-2.650000000000019007e+00 1.207245080910190893e-02
-2.550000000000019362e+00 1.328385168213492076e-02
-2.450000000000019718e+00 1.498648811783699977e-02
-2.350000000000020073e+00 1.689412053567386496e-02
-2.250000000000020428e+00 1.874404508453324236e-02
-2.150000000000020783e+00 2.238971704123981707e-02
-2.050000000000021139e+00 2.646932946985513374e-02
-1.950000000000021272e+00 2.758579135292391071e-02
-1.850000000000021627e+00 3.218803260183696058e-02
-1.750000000000021982e+00 3.628469424503194540e-02
-1.650000000000022338e+00 4.131804548664982230e-02
-1.550000000000022693e+00 4.630237931497095671e-02
-1.450000000000023048e+00 5.464377204471520394e-02
-1.350000000000023404e+00 6.355025815385553778e-02
-1.250000000000023759e+00 7.427759006065906555e-02
-1.150000000000024114e+00 8.373089674204320376e-02
-1.050000000000024469e+00 9.925317835689209667e-02
-9.500000000000248246e-01 1.171306913978535369e-01
-8.500000000000251799e-01 1.407037477643949264e-01
-7.500000000000255351e-01 1.712256379475587675e-01
-6.500000000000258904e-01 2.084481569311118776e-01
-5.500000000000262457e-01 2.600322030695265685e-01
-4.500000000000266565e-01 3.350228896135796774e-01
-3.500000000000270117e-01 4.369718045706072473e-01
-2.500000000000273670e-01 5.755380245632806258e-01
-1.500000000000277223e-01 7.595035978103272800e-01
-5.000000000002806366e-02 9.779179678418963295e-01
4.999999999997158107e-02 1.009151775142117735e+00
1.499999999999712119e-01 7.844197460432781321e-01
2.499999999999708566e-01 6.028153895064924939e-01
3.499999999999705014e-01 4.645683060440613521e-01
4.499999999999701461e-01 3.566435566098715704e-01
5.499999999999698463e-01 2.881679476865208755e-01
6.499999999999694911e-01 2.327609413470977107e-01
7.499999999999691358e-01 1.912229440389776047e-01
8.499999999999687805e-01 1.603283224966897402e-01
9.499999999999684253e-01 1.361499121324921402e-01
1.049999999999968070e+00 1.158864672855108718e-01
1.149999999999967715e+00 9.885862872057113448e-02
1.249999999999967359e+00 8.361848101720274762e-02
1.349999999999967004e+00 7.304843972428473609e-02
1.449999999999966649e+00 6.391974625555872647e-02
1.549999999999966294e+00 5.682072750721912230e-02
1.649999999999965938e+00 4.929030392459118892e-02
1.749999999999965583e+00 4.218199029532454514e-02
1.849999999999965228e+00 3.690891810404692969e-02
1.949999999999964873e+00 3.332244296631589608e-02
2.049999999999964295e+00 2.997405240745482091e-02
2.149999999999963940e+00 2.700058977751697287e-02
2.249999999999963585e+00 2.465631171624046297e-02
2.349999999999963229e+00 2.184779083928624702e-02
2.449999999999962874e+00 1.987296402451501492e-02
2.549999999999962519e+00 1.824573332385441560e-02
2.649999999999962164e+00 1.579020416199322652e-02
2.749999999999961808e+00 1.430751954776111369e-02
2.849999999999961453e+00 1.332396487960272290e-02
2.949999999999961098e+00 1.258188546852732209e-02
3.049999999999960743e+00 1.087273303382460879e-02
3.149999999999960387e+00 9.850856330819631954e-03
3.249999999999960032e+00 8.952614074916393633e-03
3.349999999999959677e+00 8.516336983456444104e-03
3.449999999999959321e+00 7.378698103635579660e-03
3.549999999999958966e+00 6.851654030621292385e-03
3.649999999999958611e+00 6.734616663955730366e-03
3.749999999999958256e+00 6.133596837581101538e-03
3.849999999999957900e+00 5.659005082314145021e-03
3.949999999999957545e+00 5.582316786383391058e-03
4.049999999999957190e+00 5.256347302440131722e-03
4.149999999999956835e+00 4.805136484763748023e-03
4.249999999999956479e+00 4.181789779460405934e-03
4.349999999999956124e+00 3.828930743080065282e-03
4.449999999999955769e+00 3.378552852877746669e-03
4.549999999999955413e+00 3.189456203146150311e-03
4.649999999999955058e+00 2.937632006473886448e-03
4.749999999999954703e+00 2.976912276467636939e-03
4.849999999999954348e+00 2.461072183635463085e-03
4.949999999999953992e+00 2.311285288055991115e-03
5.049999999999953637e+00 2.018279093174854544e-03
5.149999999999953282e+00 1.955558917273780839e-03
5.249999999999952927e+00 1.711231067868104923e-03
5.349999999999952571e+00 1.578301739838962499e-03
5.449999999999952216e+00 1.572685007668717539e-03
5.549999999999951861e+00 1.448180777894943639e-03
5.649999999999951505e+00 1.348951842887275094e-03
5.749999999999951150e+00 1.313379205809053762e-03
5.849999999999950795e+00 1.249722907879606115e-03
5.949999999999950440e+00 1.165471925325924779e-03
6.049999999999950084e+00 1.028798109183286149e-03
6.149999999999949729e+00 8.743379745015369617e-04
6.249999999999949374e+00 7.591949650115057454e-04
6.349999999999949019e+00 8.265957510544513342e-04
6.449999999999948663e+00 6.627743960889594631e-04
6.549999999999948308e+00 5.700983152799100374e-04
6.649999999999947953e+00 5.326534341449408200e-04
6.749999999999947597e+00 4.718055023006151641e-04
6.849999999999947242e+00 4.287438889954002822e-04
6.949999999999946887e+00 4.362328652223943751e-04
7.049999999999946532e+00 2.855172186541420987e-04
7.149999999999946176e+00 1.890966497315957893e-04
7.249999999999945821e+00 2.171803105828228650e-04
7.349999999999945466e+00 1.628852329371171419e-04
7.449999999999945111e+00 1.544601346817490247e-04
7.549999999999944755e+00 1.338654500575158250e-04
7.649999999999944400e+00 1.525878906250005421e-04
7.749999999999944045e+00 1.563323787384975072e-04
7.849999999999943689e+00 1.497795245398778454e-04
7.949999999999943334e+00 1.226319857170249839e-04
