-7.950000000000000178e+00 0.000000000000000000e+00
-7.850000000000000533e+00 0.000000000000000000e+00
-7.750000000000000888e+00 0.000000000000000000e+00
-7.650000000000001243e+00 0.000000000000000000e+00
-7.550000000000001599e+00 0.000000000000000000e+00
-7.450000000000001954e+00 0.000000000000000000e+00
-7.350000000000002309e+00 0.000000000000000000e+00
-7.250000000000002665e+00 0.000000000000000000e+00
-7.150000000000003020e+00 0.000000000000000000e+00
-7.050000000000003375e+00 0.000000000000000000e+00
-6.950000000000003730e+00 0.000000000000000000e+00
-6.850000000000004086e+00 0.000000000000000000e+00
-6.750000000000004441e+00 0.000000000000000000e+00
-6.650000000000004796e+00 0.000000000000000000e+00
-6.550000000000005151e+00 0.000000000000000000e+00
-6.450000000000005507e+00 0.000000000000000000e+00
-6.350000000000005862e+00 0.000000000000000000e+00
-6.250000000000006217e+00 0.000000000000000000e+00
-6.150000000000006573e+00 0.000000000000000000e+00
-6.050000000000006928e+00 1.123346434049083603e-05
-5.950000000000007283e+00 1.685019651073625489e-05
-5.850000000000007638e+00 1.029734231211659984e-05
-5.750000000000007994e+00 4.025324722009216485e-05
-5.650000000000008349e+00 2.808366085122710956e-05
-5.550000000000008704e+00 5.055058953220879179e-05
-5.450000000000009059e+00 3.838100316334370940e-05
-5.350000000000009415e+00 6.833690807131926085e-05
-5.250000000000009770e+00 1.132707654332826524e-04
-5.150000000000010125e+00 8.986771472392671536e-05
-5.050000000000010481e+00 1.179513755751538317e-04
-4.950000000000010836e+00 1.404183042561354868e-04
-4.850000000000011191e+00 1.385460601993869772e-04
-4.750000000000011546e+00 1.900327717599700305e-04
-4.650000000000011902e+00 2.171803105828228650e-04
-4.550000000000012257e+00 3.510457606403386628e-04
-4.450000000000012612e+00 3.781932994631915243e-04
-4.350000000000012967e+00 5.541842407975480170e-04
-4.250000000000013323e+00 5.588648509394192505e-04
-4.150000000000013678e+00 5.953736100460144164e-04
-4.050000000000014033e+00 9.005493912960158259e-04
-3.950000000000014388e+00 1.382652235908747671e-03
-3.850000000000014744e+00 1.457541998178686106e-03
-3.750000000000015099e+00 1.761781657400314114e-03
-3.650000000000015454e+00 1.933091988592800783e-03
-3.550000000000015810e+00 2.257926332438661178e-03
-3.450000000000016165e+00 2.763432227760749191e-03
-3.350000000000016520e+00 3.673342839340511604e-03
-3.250000000000016875e+00 4.492449614167970742e-03
-3.150000000000017231e+00 5.521247723351256458e-03
-3.050000000000017586e+00 6.365629792944817698e-03
-2.950000000000017941e+00 7.774493445648041415e-03
-2.850000000000018296e+00 1.006050343893789487e-02
-2.750000000000018652e+00 1.151617319305980880e-02
-2.650000000000019007e+00 1.376661054927144981e-02
-2.550000000000019362e+00 1.615933845379601691e-02
-2.450000000000019718e+00 1.994501593654147281e-02
-2.350000000000020073e+00 2.509087872651472040e-02
-2.250000000000020428e+00 2.991939614886899440e-02
-2.150000000000020783e+00 3.658552111292176501e-02
-2.050000000000021139e+00 4.350533514666395096e-02
-1.950000000000021272e+00 5.259695228623424007e-02
-1.850000000000021627e+00 6.345315944929025287e-02
-1.750000000000021982e+00 7.561525684192871299e-02
-1.650000000000022338e+00 8.977035803297575556e-02
-1.550000000000022693e+00 1.055318446247129616e-01
-1.450000000000023048e+00 1.219158523653188775e-01
-1.350000000000023404e+00 1.415285449817886287e-01
-1.250000000000023759e+00 1.626633720163951635e-01
-1.150000000000024114e+00 1.901179588645557361e-01
-1.050000000000024469e+00 2.186163217743528064e-01
-9.500000000000248246e-01 2.420867732697518093e-01
-8.500000000000251799e-01 2.682167474477608615e-01
-7.500000000000255351e-01 2.973404398725113529e-01
-6.500000000000258904e-01 3.266916099501576687e-01
-5.500000000000262457e-01 3.536229045844564434e-01
-4.500000000000266565e-01 3.746594388060823233e-01
-3.500000000000270117e-01 3.968015331432186432e-01
-2.500000000000273670e-01 4.163440166075599858e-01
-1.500000000000277223e-01 4.241980804256199056e-01
-5.000000000002806366e-02 4.303980166195419677e-01
4.999999999997158107e-02 4.306741726179126317e-01
1.499999999999712119e-01 4.222855831216510980e-01
2.499999999999708566e-01 4.102011838573679237e-01
3.499999999999705014e-01 3.939903586920111001e-01
4.499999999999701461e-01 3.734574581216496547e-01
5.499999999999698463e-01 3.532007135496595396e-01
6.499999999999694911e-01 3.260026241372739886e-01
7.499999999999691358e-01 2.995899411066945683e-01
8.499999999999687805e-01 2.706179004505410157e-01
9.499999999999684253e-01 2.428843492379265945e-01
1.049999999999968070e+00 2.159539907256566860e-01
1.149999999999967715e+00 1.888335994416263097e-01
1.249999999999967359e+00 1.649933797450188755e-01
1.349999999999967004e+00 1.442929133315781209e-01
1.449999999999966649e+00 1.230813242906448612e-01
1.549999999999966294e+00 1.047183545820556394e-01
1.649999999999965938e+00 9.076639187116591900e-02
1.749999999999965583e+00 7.341256170916404811e-02
1.849999999999965228e+00 6.062887928968511975e-02
1.949999999999964873e+00 5.127982859231173390e-02
2.049999999999964295e+00 4.362796713238098478e-02
2.149999999999963940e+00 3.600512545532980058e-02
2.249999999999963585e+00 3.112980193155687886e-02
2.349999999999963229e+00 2.533520657592041453e-02
2.449999999999962874e+00 2.173207288870793175e-02
2.549999999999962519e+00 1.727051530147624692e-02
2.649999999999962164e+00 1.412327304208203446e-02
2.749999999999961808e+00 1.159199907735812378e-02
2.849999999999961453e+00 9.998719385065203344e-03
2.949999999999961098e+00 8.061882908358925653e-03
3.049999999999960743e+00 7.066785192197121840e-03
3.149999999999960387e+00 5.459463669478562334e-03
3.249999999999960032e+00 4.818220080042207032e-03
3.349999999999959677e+00 3.550710853623485156e-03
3.449999999999959321e+00 3.062991276840506399e-03
3.549999999999958966e+00 2.297243457630378065e-03
3.649999999999958611e+00 2.024831947373475181e-03
3.749999999999958256e+00 1.955558917273780839e-03
3.849999999999957900e+00 1.477200560774544983e-03
3.949999999999957545e+00 1.072795844516874920e-03
4.049999999999957190e+00 8.734018524731625849e-04
4.149999999999956835e+00 7.283029380751560814e-04
4.249999999999956479e+00 5.607370949961675705e-04
4.349999999999956124e+00 5.682260712231619344e-04
4.449999999999955769e+00 4.661887701303697707e-04
4.549999999999955413e+00 3.744488113496947219e-04
4.649999999999955058e+00 2.377749952070560917e-04
4.749999999999954703e+00 1.198236196319022736e-04
4.849999999999954348e+00 1.376099381710127630e-04
4.949999999999953992e+00 1.479072804831293628e-04
5.049999999999953637e+00 9.454832486579788108e-05
5.149999999999953282e+00 1.085901552914114189e-04
5.249999999999952927e+00 1.001650570360433152e-04
5.349999999999952571e+00 6.084793184432537130e-05
5.449999999999952216e+00 2.901978287960133728e-05
5.549999999999951861e+00 3.276427099309828884e-05
5.649999999999951505e+00 4.867834547546030246e-05
5.749999999999951150e+00 3.089202693634981984e-05
5.849999999999950795e+00 1.778631853911049278e-05
5.949999999999950440e+00 2.340305070935592012e-05
6.049999999999950084e+00 0.000000000000000000e+00
6.149999999999949729e+00 0.000000000000000000e+00
6.249999999999949374e+00 0.000000000000000000e+00
6.349999999999949019e+00 0.000000000000000000e+00
6.449999999999948663e+00 0.000000000000000000e+00
6.549999999999948308e+00 0.000000000000000000e+00
6.649999999999947953e+00 0.000000000000000000e+00
6.749999999999947597e+00 0.000000000000000000e+00
6.849999999999947242e+00 0.000000000000000000e+00
6.949999999999946887e+00 0.000000000000000000e+00
7.049999999999946532e+00 0.000000000000000000e+00
7.149999999999946176e+00 0.000000000000000000e+00
7.249999999999945821e+00 0.000000000000000000e+00
7.349999999999945466e+00 0.000000000000000000e+00
7.449999999999945111e+00 0.000000000000000000e+00
7.549999999999944755e+00 0.000000000000000000e+00
7.649999999999944400e+00 0.000000000000000000e+00
7.749999999999944045e+00 0.000000000000000000e+00
7.849999999999943689e+00 0.000000000000000000e+00
7.949999999999943334e+00 0.000000000000000000e+00
