-7.950000000000000178e+00 3.181594959754707231e-05
-7.850000000000000533e+00 4.491663472594880399e-05
-7.750000000000000888e+00 5.895308307780780608e-05
-7.650000000000001243e+00 6.831071531238046962e-05
-7.550000000000001599e+00 7.205376820620953775e-05
-7.450000000000001954e+00 8.702597978152579671e-05
-7.350000000000002309e+00 9.170479589881214881e-05
-7.250000000000002665e+00 1.122915868148720167e-04
-7.150000000000003020e+00 1.179061661556156122e-04
-7.050000000000003375e+00 1.413002467420472778e-04
-6.950000000000003730e+00 1.600155112111926320e-04
-6.850000000000004086e+00 1.525294054235344686e-04
-6.750000000000004441e+00 1.553366950939062663e-04
-6.650000000000004796e+00 1.777950124568807022e-04
-6.550000000000005151e+00 2.301977529704876289e-04
-6.450000000000005507e+00 2.348765690877739675e-04
-6.350000000000005862e+00 2.938296521655817464e-04
-6.250000000000006217e+00 2.910223624952100029e-04
-6.150000000000006573e+00 3.275171282100434273e-04
-6.050000000000006928e+00 4.173503976619410082e-04
-5.950000000000007283e+00 4.379371885780008761e-04
-5.850000000000007638e+00 4.697531381755479891e-04
-5.750000000000007994e+00 5.567791179570737723e-04
-5.650000000000008349e+00 6.466123874089714074e-04
-5.550000000000008704e+00 6.419335712916850959e-04
-5.450000000000009059e+00 7.729404225757024668e-04
-5.350000000000009415e+00 7.813622915868178058e-04
-5.250000000000009770e+00 8.917823519547752546e-04
-5.150000000000010125e+00 9.937805433116171476e-04
-5.050000000000010481e+00 1.070513127635112915e-03
-4.950000000000010836e+00 1.245500850421621441e-03
-4.850000000000011191e+00 1.346563278555005724e-03
-4.750000000000011546e+00 1.516872185224227938e-03
-4.650000000000011902e+00 1.628235377030000548e-03
-4.550000000000012257e+00 1.879012552702189571e-03
-4.450000000000012612e+00 2.032485089563538985e-03
-4.350000000000012967e+00 2.346894164430823534e-03
-4.250000000000013323e+00 2.485423962574288999e-03
-4.150000000000013678e+00 2.756773192733823815e-03
-4.050000000000014033e+00 3.100198295742641937e-03
-3.950000000000014388e+00 3.607381962856482261e-03
-3.850000000000014744e+00 3.919926879491207952e-03
-3.750000000000015099e+00 4.402788071009513735e-03
-3.650000000000015454e+00 4.927788080440823927e-03
-3.550000000000015810e+00 5.476130592958061184e-03
-3.450000000000016165e+00 6.090013372189096406e-03
-3.350000000000016520e+00 6.649614516245252148e-03
-3.250000000000016875e+00 7.614386399629688613e-03
-3.150000000000017231e+00 8.593179994937284738e-03
-3.050000000000017586e+00 9.485912846544245283e-03
-2.950000000000017941e+00 1.101693200333572070e-02
-2.850000000000018296e+00 1.236253004580986116e-02
-2.750000000000018652e+00 1.391031925847998826e-02
-2.650000000000019007e+00 1.578565507221759909e-02
-2.550000000000019362e+00 1.774707373429891891e-02
-2.450000000000019718e+00 2.046071340018146278e-02
-2.350000000000020073e+00 2.308673762913383831e-02
-2.250000000000020428e+00 2.683168415405295937e-02
-2.150000000000020783e+00 3.003013022004429738e-02
-2.050000000000021139e+00 3.473065309682892010e-02
-1.950000000000021272e+00 3.964343212462237420e-02
-1.850000000000021627e+00 4.580560242001844445e-02
-1.750000000000021982e+00 5.265376084035228166e-02
-1.650000000000022338e+00 6.084572682707126839e-02
-1.550000000000022693e+00 7.063606481802736647e-02
-1.450000000000023048e+00 8.196306601797306857e-02
-1.350000000000023404e+00 9.577814373766205258e-02
-1.250000000000023759e+00 1.108200880936615063e-01
-1.150000000000024114e+00 1.297636861575444944e-01
-1.050000000000024469e+00 1.515380637591716428e-01
-9.500000000000248246e-01 1.776838924161442679e-01
-8.500000000000251799e-01 2.078863209607337281e-01
-7.500000000000255351e-01 2.445649015191547204e-01
-6.500000000000258904e-01 2.863556155130358993e-01
-5.500000000000262457e-01 3.368260786523445960e-01
-4.500000000000266565e-01 3.956665754147603575e-01
-3.500000000000270117e-01 4.642561629041571103e-01
-2.500000000000273670e-01 5.360544088046466094e-01
-1.500000000000277223e-01 6.147757920747747296e-01
-5.000000000002806366e-02 6.799947972743505265e-01
4.999999999997158107e-02 6.780622914854097516e-01
1.499999999999712119e-01 6.092135491606158748e-01
2.499999999999708566e-01 5.275849927062794542e-01
3.499999999999705014e-01 4.513085892701135249e-01
4.499999999999701461e-01 3.835595308335980613e-01
5.499999999999698463e-01 3.267748985049035992e-01
6.499999999999694911e-01 2.758611341169641129e-01
7.499999999999691358e-01 2.339592632412784423e-01
8.499999999999687805e-01 1.985738411437464324e-01
9.499999999999684253e-01 1.689714652400384487e-01
1.049999999999968070e+00 1.434418329816054549e-01
1.149999999999967715e+00 1.224043799707721925e-01
1.249999999999967359e+00 1.042750948530846017e-01
1.349999999999967004e+00 8.943911419303240962e-02
1.449999999999966649e+00 7.671605741868944839e-02
1.549999999999966294e+00 6.581588950828434759e-02
1.649999999999965938e+00 5.717470559680544462e-02
1.749999999999965583e+00 4.922407810316615367e-02
1.849999999999965228e+00 4.314428444429173337e-02
1.949999999999964873e+00 3.678203028800608454e-02
2.049999999999964295e+00 3.246502296855183906e-02
2.149999999999963940e+00 2.811188929410046028e-02
2.249999999999963585e+00 2.476723575060467766e-02
2.349999999999963229e+00 2.146867038791775567e-02
2.449999999999962874e+00 1.891208421107452159e-02
2.549999999999962519e+00 1.661847697288022091e-02
2.649999999999962164e+00 1.480206476936299018e-02
2.749999999999961808e+00 1.294457477080028854e-02
2.849999999999961453e+00 1.118345364782497367e-02
2.949999999999961098e+00 1.003709212158929859e-02
3.049999999999960743e+00 8.941328123349539039e-03
3.149999999999960387e+00 7.955018949396850531e-03
3.249999999999960032e+00 7.154897184054740539e-03
3.349999999999959677e+00 6.135836297281069968e-03
3.449999999999959321e+00 5.580015047190531666e-03
3.549999999999958966e+00 5.111190304024088721e-03
3.649999999999958611e+00 4.469219891660620309e-03
3.749999999999958256e+00 3.974223251094802754e-03
3.849999999999957900e+00 3.669142335604661485e-03
3.949999999999957545e+00 3.222805382658617927e-03
4.049999999999957190e+00 3.065567688260365312e-03
4.149999999999956835e+00 2.627630499682362484e-03
4.249999999999956479e+00 2.349701454101195495e-03
4.349999999999956124e+00 2.137290570590753055e-03
4.449999999999955769e+00 1.876205263031817611e-03
4.549999999999955413e+00 1.687188460107808029e-03
4.649999999999955058e+00 1.597347822441552625e-03
4.749999999999954703e+00 1.431739836532690789e-03
4.849999999999954348e+00 1.262344588443852118e-03
4.949999999999953992e+00 1.096714497891916433e-03
5.049999999999953637e+00 1.029339545802993288e-03
5.149999999999953282e+00 8.702597978152580484e-04
5.249999999999952927e+00 7.916556870448478210e-04
5.349999999999952571e+00 7.682689746727740330e-04
5.449999999999952216e+00 6.550342564200868547e-04
5.549999999999951861e+00 6.597130725373731661e-04
5.649999999999951505e+00 5.408711431583002700e-04
5.749999999999951150e+00 5.315135109237276471e-04
5.849999999999950795e+00 4.856611129743215456e-04
5.949999999999950440e+00 4.051854757569965876e-04
6.049999999999950084e+00 3.724337629359921907e-04
6.149999999999949729e+00 3.509112087964750930e-04
6.249999999999949374e+00 3.088018637408980189e-04
6.349999999999949019e+00 2.844720199310091235e-04
6.449999999999948663e+00 2.227116471828295198e-04
6.549999999999948308e+00 2.217758839593722358e-04
6.649999999999947953e+00 2.039963827136841656e-04
6.749999999999947597e+00 1.918314608087396908e-04
6.849999999999947242e+00 1.422360099655045347e-04
6.949999999999946887e+00 1.459790628593335892e-04
7.049999999999946532e+00 1.300710880605600870e-04
7.149999999999946176e+00 1.291353248371028030e-04
7.249999999999945821e+00 9.451208556918394652e-05
7.349999999999945466e+00 8.328292688769672858e-05
7.449999999999945111e+00 7.673258432349587630e-05
7.549999999999944755e+00 6.269613597163687421e-05
7.649999999999944400e+00 5.427426696052146753e-05
7.749999999999944045e+00 4.585239794940607441e-05
7.849999999999943689e+00 5.053121406669239940e-05
7.949999999999943334e+00 3.743052893829066773e-05
