-7.950000000000000178e+00 0.000000000000000000e+00
-7.850000000000000533e+00 0.000000000000000000e+00
-7.750000000000000888e+00 0.000000000000000000e+00
-7.650000000000001243e+00 0.000000000000000000e+00
-7.550000000000001599e+00 0.000000000000000000e+00
-7.450000000000001954e+00 0.000000000000000000e+00
-7.350000000000002309e+00 0.000000000000000000e+00
-7.250000000000002665e+00 0.000000000000000000e+00
-7.150000000000003020e+00 0.000000000000000000e+00
-7.050000000000003375e+00 0.000000000000000000e+00
-6.950000000000003730e+00 0.000000000000000000e+00
-6.850000000000004086e+00 0.000000000000000000e+00
-6.750000000000004441e+00 0.000000000000000000e+00
-6.650000000000004796e+00 0.000000000000000000e+00
-6.550000000000005151e+00 0.000000000000000000e+00
-6.450000000000005507e+00 0.000000000000000000e+00
-6.350000000000005862e+00 0.000000000000000000e+00
-6.250000000000006217e+00 0.000000000000000000e+00
-6.150000000000006573e+00 0.000000000000000000e+00
-6.050000000000006928e+00 0.000000000000000000e+00
-5.950000000000007283e+00 0.000000000000000000e+00
-5.850000000000007638e+00 0.000000000000000000e+00
-5.750000000000007994e+00 0.000000000000000000e+00
-5.650000000000008349e+00 0.000000000000000000e+00
-5.550000000000008704e+00 0.000000000000000000e+00
-5.450000000000009059e+00 2.995406723513905561e-07
-5.350000000000009415e+00 2.995406723513905561e-07
-5.250000000000009770e+00 0.000000000000000000e+00
-5.150000000000010125e+00 4.493110085270858341e-07
-5.050000000000010481e+00 7.488516808784763901e-07
-4.950000000000010836e+00 1.647473697932648164e-06
-4.850000000000011191e+00 1.797244034108343336e-06
-4.750000000000011546e+00 3.594488068216686249e-06
-4.650000000000011902e+00 5.541502438500725181e-06
-4.550000000000012257e+00 1.138254554935284155e-05
-4.450000000000012612e+00 1.737335899638065522e-05
-4.350000000000012967e+00 2.366371311575985329e-05
-4.250000000000013323e+00 4.118684244831619394e-05
-4.150000000000013678e+00 6.215468951291350957e-05
-4.050000000000014033e+00 9.255806775657963417e-05
-3.950000000000014388e+00 1.500698768480466616e-04
-3.850000000000014744e+00 2.213605568676777651e-04
-3.750000000000015099e+00 3.276974955524216380e-04
-3.650000000000015454e+00 4.752212766854817727e-04
-3.550000000000015810e+00 6.866969913655639537e-04
-3.450000000000016165e+00 1.008553443807133762e-03
-3.350000000000016520e+00 1.440041782329312637e-03
-3.250000000000016875e+00 1.968731069029518253e-03
-3.150000000000017231e+00 2.751430845883703381e-03
-3.050000000000017586e+00 3.769270050533730324e-03
-2.950000000000017941e+00 5.132329880068735480e-03
-2.850000000000018296e+00 6.970461215953047823e-03
-2.750000000000018652e+00 9.237385024308141304e-03
-2.650000000000019007e+00 1.205501435878106320e-02
-2.550000000000019362e+00 1.575748683937989308e-02
-2.450000000000019718e+00 2.011819994747074403e-02
-2.350000000000020073e+00 2.573279031002432757e-02
-2.250000000000020428e+00 3.236447102554751432e-02
-2.150000000000020783e+00 4.028612364655473344e-02
-2.050000000000021139e+00 4.970967319873154794e-02
-1.950000000000021272e+00 6.076302354917176990e-02
-1.850000000000021627e+00 7.335691157751135505e-02
-1.750000000000021982e+00 8.781154626249838835e-02
-1.650000000000022338e+00 1.036702778491341015e-01
-1.550000000000022693e+00 1.213632467429145989e-01
-1.450000000000023048e+00 1.409475154419129739e-01
-1.350000000000023404e+00 1.619826093874455197e-01
-1.250000000000023759e+00 1.840833192748707603e-01
-1.150000000000024114e+00 2.070333767387514956e-01
-1.050000000000024469e+00 2.303277562055026095e-01
-9.500000000000248246e-01 2.544723818707256280e-01
-8.500000000000251799e-01 2.779752416454377983e-01
-7.500000000000255351e-01 3.004294095262446396e-01
-6.500000000000258904e-01 3.215319001230638740e-01
-5.500000000000262457e-01 3.414965854759554609e-01
-4.500000000000266565e-01 3.583476953100893647e-01
-3.500000000000270117e-01 3.728345306173546647e-01
-2.500000000000273670e-01 3.840297134761504472e-01
-1.500000000000277223e-01 3.911108549705367698e-01
-5.000000000002806366e-02 3.954905889113219386e-01
4.999999999997158107e-02 3.953090672638770453e-01
1.499999999999712119e-01 3.918889118669692806e-01
2.499999999999708566e-01 3.840539762706112192e-01
3.499999999999705014e-01 3.730323772314424469e-01
4.499999999999701461e-01 3.584284215212879543e-01
5.499999999999698463e-01 3.413862047381934772e-01
6.499999999999694911e-01 3.218673856760976282e-01
7.499999999999691358e-01 3.005967029917523403e-01
8.499999999999687805e-01 2.778080979502657311e-01
9.499999999999684253e-01 2.542796274480672025e-01
1.049999999999968070e+00 2.304619504267158836e-01
1.149999999999967715e+00 2.068758183450944976e-01
1.249999999999967359e+00 1.838120851960567681e-01
1.349999999999967004e+00 1.618358344579932107e-01
1.449999999999966649e+00 1.410632879117766914e-01
1.549999999999966294e+00 1.217712211386570154e-01
1.649999999999965938e+00 1.036391256192096266e-01
1.749999999999965583e+00 8.763002461505349505e-02
1.849999999999965228e+00 7.343973457341648747e-02
1.949999999999964873e+00 6.088478683248268325e-02
2.049999999999964295e+00 4.969424685410545744e-02
2.149999999999963940e+00 4.042795615491315969e-02
2.249999999999963585e+00 3.242722479640515465e-02
2.349999999999963229e+00 2.567452964925200087e-02
2.449999999999962874e+00 2.019682937396297812e-02
2.549999999999962519e+00 1.566328129792539381e-02
2.649999999999962164e+00 1.206954208139010554e-02
2.749999999999961808e+00 9.157707205462686101e-03
2.849999999999961453e+00 6.889435464081996099e-03
2.949999999999961098e+00 5.134426664775195923e-03
3.049999999999960743e+00 3.786194098521584225e-03
3.149999999999960387e+00 2.769403286224787070e-03
3.249999999999960032e+00 2.008420208116077667e-03
3.349999999999959677e+00 1.401550805932158788e-03
3.449999999999959321e+00 9.901316924575231763e-04
3.549999999999958966e+00 7.072155274216343317e-04
3.649999999999958611e+00 5.024794778694583169e-04
3.749999999999958256e+00 3.285961175694758116e-04
3.849999999999957900e+00 2.201623941782722004e-04
3.949999999999957545e+00 1.445283744095459246e-04
4.049999999999957190e+00 9.690140750567480645e-05
4.149999999999956835e+00 5.990813447027808919e-05
4.249999999999956479e+00 3.744258404392381760e-05
4.349999999999956124e+00 2.516141647751680586e-05
4.449999999999955769e+00 1.407841160051535550e-05
4.549999999999955413e+00 8.387138825838936416e-06
4.649999999999955058e+00 6.290354119379201465e-06
4.749999999999954703e+00 3.294947395865296328e-06
4.849999999999954348e+00 2.396325378811124448e-06
4.949999999999953992e+00 1.347933025581257396e-06
5.049999999999953637e+00 4.493110085270858341e-07
5.149999999999953282e+00 4.493110085270858341e-07
5.249999999999952927e+00 7.488516808784763901e-07
5.349999999999952571e+00 4.493110085270858341e-07
5.449999999999952216e+00 0.000000000000000000e+00
5.549999999999951861e+00 0.000000000000000000e+00
5.649999999999951505e+00 0.000000000000000000e+00
5.749999999999951150e+00 0.000000000000000000e+00
5.849999999999950795e+00 0.000000000000000000e+00
5.949999999999950440e+00 0.000000000000000000e+00
6.049999999999950084e+00 0.000000000000000000e+00
6.149999999999949729e+00 0.000000000000000000e+00
6.249999999999949374e+00 0.000000000000000000e+00
6.349999999999949019e+00 0.000000000000000000e+00
6.449999999999948663e+00 0.000000000000000000e+00
6.549999999999948308e+00 0.000000000000000000e+00
6.649999999999947953e+00 0.000000000000000000e+00
6.749999999999947597e+00 0.000000000000000000e+00
6.849999999999947242e+00 0.000000000000000000e+00
6.949999999999946887e+00 0.000000000000000000e+00
7.049999999999946532e+00 0.000000000000000000e+00
7.149999999999946176e+00 0.000000000000000000e+00
7.249999999999945821e+00 0.000000000000000000e+00
7.349999999999945466e+00 0.000000000000000000e+00
7.449999999999945111e+00 0.000000000000000000e+00
7.549999999999944755e+00 0.000000000000000000e+00
7.649999999999944400e+00 0.000000000000000000e+00
7.749999999999944045e+00 0.000000000000000000e+00
7.849999999999943689e+00 0.000000000000000000e+00
7.949999999999943334e+00 0.000000000000000000e+00
