-7.950000000000000178e+00 0.000000000000000000e+00
-7.850000000000000533e+00 0.000000000000000000e+00
-7.750000000000000888e+00 0.000000000000000000e+00
-7.650000000000001243e+00 0.000000000000000000e+00
-7.550000000000001599e+00 0.000000000000000000e+00
-7.450000000000001954e+00 0.000000000000000000e+00
-7.350000000000002309e+00 0.000000000000000000e+00
-7.250000000000002665e+00 0.000000000000000000e+00
-7.150000000000003020e+00 0.000000000000000000e+00
-7.050000000000003375e+00 0.000000000000000000e+00
-6.950000000000003730e+00 0.000000000000000000e+00
-6.850000000000004086e+00 0.000000000000000000e+00
-6.750000000000004441e+00 0.000000000000000000e+00
-6.650000000000004796e+00 0.000000000000000000e+00
-6.550000000000005151e+00 0.000000000000000000e+00
-6.450000000000005507e+00 0.000000000000000000e+00
-6.350000000000005862e+00 0.000000000000000000e+00
-6.250000000000006217e+00 0.000000000000000000e+00
-6.150000000000006573e+00 0.000000000000000000e+00
-6.050000000000006928e+00 0.000000000000000000e+00
-5.950000000000007283e+00 0.000000000000000000e+00
-5.850000000000007638e+00 0.000000000000000000e+00
-5.750000000000007994e+00 0.000000000000000000e+00
-5.650000000000008349e+00 3.744488113496946050e-06
-5.550000000000008704e+00 1.123346434049083603e-05
-5.450000000000009059e+00 1.497795245398778420e-05
-5.350000000000009415e+00 2.714753882285285812e-05
-5.250000000000009770e+00 3.182814896472404079e-05
-5.150000000000010125e+00 3.838100316334369584e-05
-5.050000000000010481e+00 4.961446750383453018e-05
-4.950000000000010836e+00 6.365629792944808157e-05
-4.850000000000011191e+00 9.735669095092059136e-05
-4.750000000000011546e+00 1.226319857170249839e-04
-4.650000000000011902e+00 1.638213549654913832e-04
-4.550000000000012257e+00 2.227970427530682855e-04
-4.450000000000012612e+00 2.602419238880377197e-04
-4.350000000000012967e+00 3.388761742714736075e-04
-4.250000000000013323e+00 4.044047162576701717e-04
-4.150000000000013678e+00 4.306161330521487648e-04
-4.050000000000014033e+00 6.262656369823642972e-04
-3.950000000000014388e+00 8.874436828987762853e-04
-3.850000000000014744e+00 9.801197637078257110e-04
-3.750000000000015099e+00 1.399502432419483418e-03
-3.650000000000015454e+00 1.602640912576692609e-03
-3.550000000000015810e+00 2.050107242139578151e-03
-3.450000000000016165e+00 2.302860189800622157e-03
-3.350000000000016520e+00 2.932870314896486238e-03
-3.250000000000016875e+00 3.757593821894192072e-03
-3.150000000000017231e+00 4.562658766296039461e-03
-3.050000000000017586e+00 6.121301943539150456e-03
-2.950000000000017941e+00 7.205331252396517464e-03
-2.850000000000018296e+00 9.296627863784536969e-03
-2.750000000000018652e+00 1.151991768117330457e-02
-2.650000000000019007e+00 1.424216053968553955e-02
-2.550000000000019362e+00 1.783031627444401496e-02
-2.450000000000019718e+00 2.139226059240806679e-02
-2.350000000000020073e+00 2.548685834451704796e-02
-2.250000000000020428e+00 3.101091443395345010e-02
-2.150000000000020783e+00 3.753662109375001388e-02
-2.050000000000021139e+00 4.554046443634947317e-02
-1.950000000000021272e+00 5.572828047114600225e-02
-1.850000000000021627e+00 6.637198793376117290e-02
-1.750000000000021982e+00 7.871288463381910516e-02
-1.650000000000022338e+00 9.289326111963222554e-02
-1.550000000000022693e+00 1.077991321774352390e-01
-1.450000000000023048e+00 1.262744365294293514e-01
-1.350000000000023404e+00 1.467390001917199815e-01
-1.250000000000023759e+00 1.683446966065985928e-01
-1.150000000000024114e+00 1.910035303033978393e-01
-1.050000000000024469e+00 2.156188590394986504e-01
-9.500000000000248246e-01 2.428047788655146866e-01
-8.500000000000251799e-01 2.707583187547971115e-01
-7.500000000000255351e-01 2.972412109375038858e-01
-6.500000000000258904e-01 3.238841799870630922e-01
-5.500000000000262457e-01 3.486633300781296074e-01
-4.500000000000266565e-01 3.729351020298171671e-01
-3.500000000000270117e-01 3.914796794119111967e-01
-2.500000000000273670e-01 4.086284988496993731e-01
-1.500000000000277223e-01 4.205200569761373686e-01
-5.000000000002806366e-02 4.251117355253128949e-01
4.999999999997158107e-02 4.254197196726480779e-01
1.499999999999712119e-01 4.169665377564286679e-01
2.499999999999708566e-01 4.079582354773835795e-01
3.499999999999705014e-01 3.941906888060832115e-01
4.499999999999701461e-01 3.716498064848594574e-01
5.499999999999698463e-01 3.490050146184862645e-01
6.499999999999694911e-01 3.258341221721665626e-01
7.499999999999691358e-01 2.971747462734891654e-01
8.499999999999687805e-01 2.691397637677379051e-01
9.499999999999684253e-01 2.422402972824051204e-01
1.049999999999968070e+00 2.162451246764809654e-01
1.149999999999967715e+00 1.913630011622934890e-01
1.249999999999967359e+00 1.671904581456131189e-01
1.349999999999967004e+00 1.460275474501555593e-01
1.449999999999966649e+00 1.258990515960512480e-01
1.549999999999966294e+00 1.080125679999046073e-01
1.649999999999965938e+00 9.243736969181398644e-02
1.749999999999965583e+00 7.833281909029922441e-02
1.849999999999965228e+00 6.641785791315149567e-02
1.949999999999964873e+00 5.499529692292901006e-02
2.049999999999964295e+00 4.578947289589698627e-02
2.149999999999963940e+00 3.777065160084357859e-02
2.249999999999963585e+00 3.114852437212447395e-02
2.349999999999963229e+00 2.589875203700171824e-02
2.449999999999962874e+00 2.142970547354303146e-02
2.549999999999962519e+00 1.728830162001531584e-02
2.649999999999962164e+00 1.407740306269167178e-02
2.749999999999961808e+00 1.142068874616564145e-02
2.849999999999961453e+00 9.378070480253093005e-03
2.949999999999961098e+00 7.576971697661088676e-03
3.049999999999960743e+00 6.185894363496972047e-03
3.149999999999960387e+00 4.726480121261531983e-03
3.249999999999960032e+00 3.760402187979315202e-03
3.349999999999959677e+00 2.983420904428695213e-03
3.449999999999959321e+00 2.384302806269181230e-03
3.549999999999958966e+00 1.917177914110435727e-03
3.649999999999958611e+00 1.457541998178686106e-03
3.749999999999958256e+00 1.237553321510740734e-03
3.849999999999957900e+00 1.075604210601997833e-03
3.949999999999957545e+00 8.415737035084386525e-04
4.049999999999957190e+00 6.309462471242355307e-04
4.149999999999956835e+00 5.523119967407996971e-04
4.249999999999956479e+00 3.978518620590505098e-04
4.349999999999956124e+00 3.407484183282220901e-04
4.449999999999955769e+00 2.780282424271482227e-04
4.549999999999955413e+00 2.293498969516879202e-04
4.649999999999955058e+00 1.469711584547551215e-04
4.749999999999954703e+00 1.282487178872703773e-04
4.849999999999954348e+00 7.582588429831315041e-05
4.949999999999953992e+00 5.897568778757689552e-05
5.049999999999953637e+00 4.399773533358911640e-05
5.149999999999953282e+00 2.808366085122709601e-05
5.249999999999952927e+00 3.744488113496945457e-05
5.349999999999952571e+00 2.621141679447862023e-05
5.449999999999952216e+00 3.463651504984674429e-05
5.549999999999951861e+00 2.995590490797556162e-05
5.649999999999951505e+00 1.778631853911049278e-05
5.749999999999951150e+00 4.680610141871182668e-06
5.849999999999950795e+00 9.361220283742365124e-07
5.949999999999950440e+00 2.808366085122709431e-06
6.049999999999950084e+00 9.361220283742365124e-07
6.149999999999949729e+00 1.872244056748473025e-06
6.249999999999949374e+00 3.744488113496946050e-06
6.349999999999949019e+00 0.000000000000000000e+00
6.449999999999948663e+00 0.000000000000000000e+00
6.549999999999948308e+00 0.000000000000000000e+00
6.649999999999947953e+00 0.000000000000000000e+00
6.749999999999947597e+00 0.000000000000000000e+00
6.849999999999947242e+00 0.000000000000000000e+00
6.949999999999946887e+00 0.000000000000000000e+00
7.049999999999946532e+00 0.000000000000000000e+00
7.149999999999946176e+00 0.000000000000000000e+00
7.249999999999945821e+00 0.000000000000000000e+00
7.349999999999945466e+00 0.000000000000000000e+00
7.449999999999945111e+00 0.000000000000000000e+00
7.549999999999944755e+00 0.000000000000000000e+00
7.649999999999944400e+00 0.000000000000000000e+00
7.749999999999944045e+00 0.000000000000000000e+00
7.849999999999943689e+00 0.000000000000000000e+00
7.949999999999943334e+00 0.000000000000000000e+00
