-7.950000000000000178e+00 0.000000000000000000e+00
-7.850000000000000533e+00 0.000000000000000000e+00
-7.750000000000000888e+00 0.000000000000000000e+00
-7.650000000000001243e+00 0.000000000000000000e+00
-7.550000000000001599e+00 0.000000000000000000e+00
-7.450000000000001954e+00 0.000000000000000000e+00
-7.350000000000002309e+00 0.000000000000000000e+00
-7.250000000000002665e+00 0.000000000000000000e+00
-7.150000000000003020e+00 0.000000000000000000e+00
-7.050000000000003375e+00 0.000000000000000000e+00
-6.950000000000003730e+00 0.000000000000000000e+00
-6.850000000000004086e+00 0.000000000000000000e+00
-6.750000000000004441e+00 0.000000000000000000e+00
-6.650000000000004796e+00 0.000000000000000000e+00
-6.550000000000005151e+00 0.000000000000000000e+00
-6.450000000000005507e+00 0.000000000000000000e+00
-6.350000000000005862e+00 2.245831736297440538e-05
-6.250000000000006217e+00 9.357632234572668627e-06
-6.150000000000006573e+00 5.614579340743600498e-06
-6.050000000000006928e+00 4.678816117286333466e-06
-5.950000000000007283e+00 2.526560703334620648e-05
-5.850000000000007638e+00 2.432984380988893945e-05
-5.750000000000007994e+00 1.403644835185900209e-05
-5.650000000000008349e+00 2.432984380988893945e-05
-5.550000000000008704e+00 1.497221157531626912e-05
-5.450000000000009059e+00 2.152255413951713835e-05
-5.350000000000009415e+00 1.207134558259874099e-04
-5.250000000000009770e+00 6.643918886546594234e-05
-5.150000000000010125e+00 5.895308307780780608e-05
-5.050000000000010481e+00 1.965102769260259209e-04
-4.950000000000010836e+00 1.338141409543891415e-04
-4.850000000000011191e+00 1.403644835185899938e-04
-4.750000000000011546e+00 2.610779393445772411e-04
-4.650000000000011902e+00 2.517203071100046182e-04
-4.550000000000012257e+00 5.193485890187828470e-04
-4.450000000000012612e+00 5.680082766385606378e-04
-4.350000000000012967e+00 5.043763774434664119e-04
-4.250000000000013323e+00 5.127982464545820761e-04
-4.150000000000013678e+00 6.625203622077446928e-04
-4.050000000000014033e+00 8.047563721732491461e-04
-3.950000000000014388e+00 1.220235243388275749e-03
-3.850000000000014744e+00 1.515000658777314454e-03
-3.750000000000015099e+00 1.787307756803379211e-03
-3.650000000000015454e+00 1.922993424204681810e-03
-3.550000000000015810e+00 2.396489615274059043e-03
-3.450000000000016165e+00 2.817583065829828808e-03
-3.350000000000016520e+00 3.873123981889626047e-03
-3.250000000000016875e+00 4.775199729302424811e-03
-3.150000000000017231e+00 5.998242262361067750e-03
-3.050000000000017586e+00 6.478288795994649983e-03
-2.950000000000017941e+00 7.594654321579174042e-03
-2.850000000000018296e+00 8.787752431487185628e-03
-2.750000000000018652e+00 1.185518427798014883e-02
-2.650000000000019007e+00 1.527072004359921950e-02
-2.550000000000019362e+00 1.736215084802623931e-02
-2.450000000000019718e+00 2.082260324837126308e-02
-2.350000000000020073e+00 2.615551785885425820e-02
-2.250000000000020428e+00 3.150808349702975686e-02
-2.150000000000020783e+00 3.770002874664633852e-02
-2.050000000000021139e+00 4.280648865705242306e-02
-1.950000000000021272e+00 4.983219893876926487e-02
-1.850000000000021627e+00 6.284117927127180758e-02
-1.750000000000021982e+00 7.313176743963087367e-02
-1.650000000000022338e+00 8.691649548437946349e-02
-1.550000000000022693e+00 1.047933161053066775e-01
-1.450000000000023048e+00 1.174672932038117457e-01
-1.350000000000023404e+00 1.420263990034467128e-01
-1.250000000000023759e+00 1.647214644619546531e-01
-1.150000000000024114e+00 1.891682786747756195e-01
-1.050000000000024469e+00 2.123480694830355286e-01
-9.500000000000248246e-01 2.376847945213644286e-01
-8.500000000000251799e-01 2.665306316476574455e-01
-7.500000000000255351e-01 2.937837997676260859e-01
-6.500000000000258904e-01 3.270904201801385636e-01
-5.500000000000262457e-01 3.599338377970398017e-01
-4.500000000000266565e-01 3.752148512360963806e-01
-3.500000000000270117e-01 3.986014457167394998e-01
-2.500000000000273670e-01 4.101440850780840308e-01
-1.500000000000277223e-01 4.268062850349639281e-01
-5.000000000002806366e-02 4.286965267463469509e-01
4.999999999997158107e-02 4.319604688697656902e-01
1.499999999999712119e-01 4.303687356266653885e-01
2.499999999999708566e-01 4.149651372053356768e-01
3.499999999999705014e-01 3.950651964952944795e-01
4.499999999999701461e-01 3.792994577064870976e-01
5.499999999999698463e-01 3.611456511714171702e-01
6.499999999999694911e-01 3.311235596732391429e-01
7.499999999999691358e-01 3.026136615441679112e-01
8.499999999999687805e-01 2.673952768661322366e-01
9.499999999999684253e-01 2.423757755605554509e-01
1.049999999999968070e+00 2.143431166754461159e-01
1.149999999999967715e+00 1.862009734931927563e-01
1.249999999999967359e+00 1.610963177342816799e-01
1.349999999999967004e+00 1.407284954125117837e-01
1.449999999999966649e+00 1.209080945764639120e-01
1.549999999999966294e+00 1.067415751365445725e-01
1.649999999999965938e+00 8.914735500910150878e-02
1.749999999999965583e+00 7.364456568608546139e-02
1.849999999999965228e+00 6.064494298581758758e-02
1.949999999999964873e+00 5.027013612734730630e-02
2.049999999999964295e+00 4.419984009678028930e-02
2.149999999999963940e+00 3.704593025344971036e-02
2.249999999999963585e+00 2.997343181055991956e-02
2.349999999999963229e+00 2.517858105356486631e-02
2.449999999999962874e+00 2.100882012983925490e-02
2.549999999999962519e+00 1.733314218809906340e-02
2.649999999999962164e+00 1.425448118292460542e-02
2.749999999999961808e+00 1.233990962773100566e-02
2.849999999999961453e+00 9.359503761019585810e-03
2.949999999999961098e+00 7.870704472499066850e-03
3.049999999999960743e+00 6.282714282292079476e-03
3.149999999999960387e+00 5.635166131659661085e-03
3.249999999999960032e+00 4.881876736776559304e-03
3.349999999999959677e+00 3.272363992430058627e-03
3.449999999999959321e+00 2.904609045611353940e-03
3.549999999999958966e+00 2.546211731027221009e-03
3.649999999999958611e+00 2.127925570141823639e-03
3.749999999999958256e+00 1.546816608374861242e-03
3.849999999999957900e+00 1.389608386834040787e-03
3.949999999999957545e+00 1.043375994154852222e-03
4.049999999999957190e+00 7.832338180337318316e-04
4.149999999999956835e+00 7.794907651399029126e-04
4.249999999999956479e+00 4.660100852817186906e-04
4.349999999999956124e+00 4.529094001533170402e-04
4.449999999999955769e+00 4.210934505557700899e-04
4.549999999999955413e+00 4.042497125335391952e-04
4.649999999999955058e+00 3.350032339977015365e-04
4.749999999999954703e+00 1.216492190494446938e-04
4.849999999999954348e+00 1.394287202951326556e-04
4.949999999999953992e+00 1.048054810272138805e-04
5.049999999999953637e+00 8.515445333461128298e-05
5.149999999999953282e+00 8.796174300498309424e-05
5.249999999999952927e+00 7.860411077041041714e-05
5.349999999999952571e+00 9.825513846301294689e-05
5.449999999999952216e+00 4.398087150249154712e-05
5.549999999999951861e+00 1.590797479877353616e-05
5.649999999999951505e+00 0.000000000000000000e+00
5.749999999999951150e+00 0.000000000000000000e+00
5.849999999999950795e+00 0.000000000000000000e+00
5.949999999999950440e+00 0.000000000000000000e+00
6.049999999999950084e+00 0.000000000000000000e+00
6.149999999999949729e+00 0.000000000000000000e+00
6.249999999999949374e+00 0.000000000000000000e+00
6.349999999999949019e+00 0.000000000000000000e+00
6.449999999999948663e+00 0.000000000000000000e+00
6.549999999999948308e+00 0.000000000000000000e+00
6.649999999999947953e+00 0.000000000000000000e+00
6.749999999999947597e+00 0.000000000000000000e+00
6.849999999999947242e+00 0.000000000000000000e+00
6.949999999999946887e+00 0.000000000000000000e+00
7.049999999999946532e+00 0.000000000000000000e+00
7.149999999999946176e+00 0.000000000000000000e+00
7.249999999999945821e+00 0.000000000000000000e+00
7.349999999999945466e+00 0.000000000000000000e+00
7.449999999999945111e+00 0.000000000000000000e+00
7.549999999999944755e+00 0.000000000000000000e+00
7.649999999999944400e+00 0.000000000000000000e+00
7.749999999999944045e+00 0.000000000000000000e+00
7.849999999999943689e+00 0.000000000000000000e+00
7.949999999999943334e+00 0.000000000000000000e+00
