-7.950000000000000178e+00 1.871526446914533429e-06
-7.850000000000000533e+00 6.550342564200866683e-06
-7.750000000000000888e+00 7.486105787658133715e-06
-7.650000000000001243e+00 1.871526446914533429e-06
-7.550000000000001599e+00 4.678816117286333466e-06
-7.450000000000001954e+00 6.550342564200867530e-06
-7.350000000000002309e+00 1.216492190494446803e-05
-7.250000000000002665e+00 1.029339545802993396e-05
-7.150000000000003020e+00 9.357632234572666933e-06
-7.050000000000003375e+00 1.122915868148720100e-05
-6.950000000000003730e+00 7.486105787658133715e-06
-6.850000000000004086e+00 8.421869011115399900e-06
-6.750000000000004441e+00 7.486105787658133715e-06
-6.650000000000004796e+00 1.122915868148720100e-05
-6.550000000000005151e+00 1.684373802223079980e-05
-6.450000000000005507e+00 1.216492190494446803e-05
-6.350000000000005862e+00 1.497221157531626743e-05
-6.250000000000006217e+00 1.403644835185900209e-05
-6.150000000000006573e+00 1.871526446914533387e-05
-6.050000000000006928e+00 2.152255413951713496e-05
-5.950000000000007283e+00 1.684373802223079980e-05
-5.850000000000007638e+00 2.245831736297440199e-05
-5.750000000000007994e+00 1.684373802223079980e-05
-5.650000000000008349e+00 2.807289670371800080e-05
-5.550000000000008704e+00 2.620137025680347012e-05
-5.450000000000009059e+00 3.462323926791887002e-05
-5.350000000000009415e+00 3.275171282100432918e-05
-5.250000000000009770e+00 3.275171282100434273e-05
-5.150000000000010125e+00 4.210934505557700628e-05
-5.050000000000010481e+00 5.240274051360694024e-05
-4.950000000000010836e+00 3.836629216174793815e-05
-4.850000000000011191e+00 5.614579340743600837e-05
-4.750000000000011546e+00 6.831071531238046962e-05
-4.650000000000011902e+00 6.456766241855140150e-05
-4.550000000000012257e+00 7.205376820620953775e-05
-4.450000000000012612e+00 9.544784879264120339e-05
-4.350000000000012967e+00 9.919090168647028507e-05
-4.250000000000013323e+00 1.263280351667310324e-04
-4.150000000000013678e+00 1.441075364124190755e-04
-4.050000000000014033e+00 2.170970678420858972e-04
-3.950000000000014388e+00 2.264547000766585472e-04
-3.850000000000014744e+00 3.144164430816416686e-04
-3.750000000000015099e+00 4.426160046952872418e-04
-3.650000000000015454e+00 6.372547551743987845e-04
-3.550000000000015810e+00 8.814889564967453477e-04
-3.450000000000016165e+00 1.201519978919129853e-03
-3.350000000000016520e+00 1.596412059218095232e-03
-3.250000000000016875e+00 2.148512361057882368e-03
-3.150000000000017231e+00 2.944846864220019428e-03
-3.050000000000017586e+00 3.951728092660039202e-03
-2.950000000000017941e+00 5.229044892679198323e-03
-2.850000000000018296e+00 6.903132667658590065e-03
-2.750000000000018652e+00 9.151764325412058143e-03
-2.650000000000019007e+00 1.198993418215799078e-02
-2.550000000000019362e+00 1.556922851188208105e-02
-2.450000000000019718e+00 1.991491292161770219e-02
-2.350000000000020073e+00 2.516642349987432969e-02
-2.250000000000020428e+00 3.140892943641524632e-02
-2.150000000000020783e+00 3.941249755021611345e-02
-2.050000000000021139e+00 4.850252360752267677e-02
-1.950000000000021272e+00 5.915524477514549906e-02
-1.850000000000021627e+00 7.244308254823811355e-02
-1.750000000000021982e+00 8.610527718821420207e-02
-1.650000000000022338e+00 1.014499962086097135e-01
-1.550000000000022693e+00 1.199248284750411980e-01
-1.450000000000023048e+00 1.395356625583206167e-01
-1.350000000000023404e+00 1.602507488227799537e-01
-1.250000000000023759e+00 1.829880267813449868e-01
-1.150000000000024114e+00 2.061922726930586203e-01
-1.050000000000024469e+00 2.290962343968294124e-01
-9.500000000000248246e-01 2.541223523588999056e-01
-8.500000000000251799e-01 2.778048690645861796e-01
-7.500000000000255351e-01 3.004964272530596947e-01
-6.500000000000258904e-01 3.227014401428360824e-01
-5.500000000000262457e-01 3.435242275965650904e-01
-4.500000000000266565e-01 3.605020376472520272e-01
-3.500000000000270117e-01 3.749851618899166517e-01
-2.500000000000273670e-01 3.872187039751758264e-01
-1.500000000000277223e-01 3.941635702089575366e-01
-5.000000000002806366e-02 3.989743952546803696e-01
4.999999999997158107e-02 3.982474766989843040e-01
1.499999999999712119e-01 3.935329689513482609e-01
2.499999999999708566e-01 3.868485543586907549e-01
3.499999999999705014e-01 3.763168782165404180e-01
4.499999999999701461e-01 3.608745671969745272e-01
5.499999999999698463e-01 3.422075497954459311e-01
6.499999999999694911e-01 3.226235949581445772e-01
7.499999999999691358e-01 3.003730391354217932e-01
8.499999999999687805e-01 2.771236555425523607e-01
9.499999999999684253e-01 2.536309587751551797e-01
1.049999999999968070e+00 2.303698155121691182e-01
1.149999999999967715e+00 2.053996665063616278e-01
1.249999999999967359e+00 1.834147569158845470e-01
1.349999999999967004e+00 1.602862857206282521e-01
1.449999999999966649e+00 1.390695714226809487e-01
1.549999999999966294e+00 1.198939261840240578e-01
1.649999999999965938e+00 1.020890782809448227e-01
1.749999999999965583e+00 8.570477052857453093e-02
1.849999999999965228e+00 7.182268626751468765e-02
1.949999999999964873e+00 5.980840013690430501e-02
2.049999999999964295e+00 4.853992466360352448e-02
2.149999999999963940e+00 3.958748527300259834e-02
2.249999999999963585e+00 3.173080251242710315e-02
2.349999999999963229e+00 2.521694734572666255e-02
2.449999999999962874e+00 1.973806104059862981e-02
2.549999999999962519e+00 1.562351751527132383e-02
2.649999999999962164e+00 1.204607997556542479e-02
2.749999999999961808e+00 9.238797673407943972e-03
2.849999999999961453e+00 7.021031465599847365e-03
2.949999999999961098e+00 5.205658180307124426e-03
3.049999999999960743e+00 4.031267966653907797e-03
3.149999999999960387e+00 2.867178516673065617e-03
3.249999999999960032e+00 2.107338779225762307e-03
3.349999999999959677e+00 1.534651686469915791e-03
3.449999999999959321e+00 1.136952316500578885e-03
3.549999999999958966e+00 8.440584275584546393e-04
3.649999999999958611e+00 6.138606745879670104e-04
3.749999999999958256e+00 4.454232943656590395e-04
3.849999999999957900e+00 3.658834203717913113e-04
3.949999999999957545e+00 2.685640451322355671e-04
4.049999999999957190e+00 1.965102769260260022e-04
4.149999999999956835e+00 1.413002467420472778e-04
4.249999999999956479e+00 1.244565087198164915e-04
4.349999999999956124e+00 1.160346397087010713e-04
4.449999999999955769e+00 8.047563721732494443e-05
4.549999999999955413e+00 6.831071531238046962e-05
4.649999999999955058e+00 7.298953142966680817e-05
4.749999999999954703e+00 7.673258432349587630e-05
4.849999999999954348e+00 4.585239794940607441e-05
4.949999999999953992e+00 4.585239794940607441e-05
5.049999999999953637e+00 4.117358183211973586e-05
5.149999999999953282e+00 6.176037274817960379e-05
5.249999999999952927e+00 3.368747604446159960e-05
5.349999999999952571e+00 2.807289670371800080e-05
5.449999999999952216e+00 3.555900249137613367e-05
5.549999999999951861e+00 3.743052893829066773e-05
5.649999999999951505e+00 1.590797479877353616e-05
5.749999999999951150e+00 2.620137025680346673e-05
5.849999999999950795e+00 1.684373802223079980e-05
5.949999999999950440e+00 2.058679091605986793e-05
6.049999999999950084e+00 1.684373802223079980e-05
6.149999999999949729e+00 7.486105787658133715e-06
6.249999999999949374e+00 1.965102769260260090e-05
6.349999999999949019e+00 1.684373802223079980e-05
6.449999999999948663e+00 1.029339545802993396e-05
6.549999999999948308e+00 1.310068512840173506e-05
6.649999999999947953e+00 1.871526446914533387e-05
6.749999999999947597e+00 1.216492190494446803e-05
6.849999999999947242e+00 8.421869011115399900e-06
6.949999999999946887e+00 6.550342564200867530e-06
7.049999999999946532e+00 4.678816117286333466e-06
7.149999999999946176e+00 5.614579340743600498e-06
7.249999999999945821e+00 1.216492190494446803e-05
7.349999999999945466e+00 9.357632234572666933e-06
7.449999999999945111e+00 5.614579340743600498e-06
7.549999999999944755e+00 5.614579340743600498e-06
7.649999999999944400e+00 7.486105787658133715e-06
7.749999999999944045e+00 5.614579340743600498e-06
7.849999999999943689e+00 6.550342564200867530e-06
7.949999999999943334e+00 0.000000000000000000e+00
