-7.950000000000000178e+00 7.579682110003860588e-05
-7.850000000000000533e+00 7.766834754695314672e-05
-7.750000000000000888e+00 9.731937523955574423e-05
-7.650000000000001243e+00 1.010624281333848124e-04
-7.550000000000001599e+00 9.638361201609848736e-05
-7.450000000000001954e+00 1.235207454963592076e-04
-7.350000000000002309e+00 1.422360099655045618e-04
-7.250000000000002665e+00 1.450432996358763595e-04
-7.150000000000003020e+00 1.983818033729405701e-04
-7.050000000000003375e+00 2.142897781717140995e-04
-6.950000000000003730e+00 2.554633600038338625e-04
-6.850000000000004086e+00 2.507845438865474968e-04
-6.750000000000004441e+00 2.451699645458039014e-04
-6.650000000000004796e+00 2.797932038137228121e-04
-6.550000000000005151e+00 2.957011786124963144e-04
-6.450000000000005507e+00 3.602688410310477159e-04
-6.350000000000005862e+00 3.593551824506642815e-04
-6.250000000000006217e+00 4.145725808490009377e-04
-6.150000000000006573e+00 3.902353688247540563e-04
-6.050000000000006928e+00 4.828538233039497479e-04
-5.950000000000007283e+00 5.006406927639956957e-04
-5.850000000000007638e+00 5.773659088731335860e-04
-5.750000000000007994e+00 5.418069063817575540e-04
-5.650000000000008349e+00 6.728137576657748165e-04
-5.550000000000008704e+00 7.476821837567140024e-04
-5.450000000000009059e+00 7.963345031621339156e-04
-5.350000000000009415e+00 8.992758259567911871e-04
-5.250000000000009770e+00 9.142406693177495278e-04
-5.150000000000010125e+00 1.017181992112406582e-03
-5.050000000000010481e+00 1.193098109908014405e-03
-4.950000000000010836e+00 1.336269883096975926e-03
-4.850000000000011191e+00 1.485991998850138326e-03
-4.750000000000011546e+00 1.645079115052231443e-03
-4.650000000000011902e+00 1.711518303917697412e-03
-4.550000000000012257e+00 1.921121897757767025e-03
-4.450000000000012612e+00 2.179399915646330725e-03
-4.350000000000012967e+00 2.419905800503564450e-03
-4.250000000000013323e+00 2.743687244034138245e-03
-4.150000000000013678e+00 2.954226601097665467e-03
-4.050000000000014033e+00 3.278943807851695570e-03
-3.950000000000014388e+00 3.635499068846345661e-03
-3.850000000000014744e+00 4.123937998633605759e-03
-3.750000000000015099e+00 4.513274445306689371e-03
-3.650000000000015454e+00 5.146904039016981375e-03
-3.550000000000015810e+00 5.836605743991127304e-03
-3.450000000000016165e+00 6.467229106243383568e-03
-3.350000000000016520e+00 7.135341943148794212e-03
-3.250000000000016875e+00 7.746351118780241130e-03
-3.150000000000017231e+00 8.765559369841087467e-03
-3.050000000000017586e+00 9.739762567603695714e-03
-2.950000000000017941e+00 1.073452308342493292e-02
-2.850000000000018296e+00 1.237678754059245989e-02
-2.750000000000018652e+00 1.380481379708877257e-02
-2.650000000000019007e+00 1.579710527732982456e-02
-2.550000000000019362e+00 1.751546128417170653e-02
-2.450000000000019718e+00 1.965648753944197052e-02
-2.350000000000020073e+00 2.228445697698484135e-02
-2.250000000000020428e+00 2.522547973795314161e-02
-2.150000000000020783e+00 2.864220915429818021e-02
-2.050000000000021139e+00 3.276359775076387315e-02
-1.950000000000021272e+00 3.687179724352875054e-02
-1.850000000000021627e+00 4.285124319106248247e-02
-1.750000000000021982e+00 4.928043020657562473e-02
-1.650000000000022338e+00 5.637853319435924548e-02
-1.550000000000022693e+00 6.424901662042731276e-02
-1.450000000000023048e+00 7.385665236816416068e-02
-1.350000000000023404e+00 8.512944561507868046e-02
-1.250000000000023759e+00 9.882599087039159458e-02
-1.150000000000024114e+00 1.146993497981114302e-01
-1.050000000000024469e+00 1.340780482880444269e-01
-9.500000000000248246e-01 1.569565380747789396e-01
-8.500000000000251799e-01 1.828704963941218675e-01
-7.500000000000255351e-01 2.144954250344394131e-01
-6.500000000000258904e-01 2.543294581280728939e-01
-5.500000000000262457e-01 3.054189470602348133e-01
-4.500000000000266565e-01 3.665353968192429646e-01
-3.500000000000270117e-01 4.430745728840540520e-01
-2.500000000000273670e-01 5.416771300222548158e-01
-1.500000000000277223e-01 6.708137442968656883e-01
-5.000000000002806366e-02 8.183844446125065897e-01
4.999999999997158107e-02 8.182676657831476907e-01
1.499999999999712119e-01 6.679362650165205917e-01
2.499999999999708566e-01 5.378526804644138126e-01
3.499999999999705014e-01 4.399059901908557446e-01
4.499999999999701461e-01 3.636834336652191579e-01
5.499999999999698463e-01 3.046472592340999652e-01
6.499999999999694911e-01 2.584725313793940771e-01
7.499999999999691358e-01 2.163525760951415244e-01
8.499999999999687805e-01 1.824713675905672017e-01
9.499999999999684253e-01 1.553242354434234973e-01
1.049999999999968070e+00 1.321657093018013818e-01
1.149999999999967715e+00 1.150546598308796464e-01
1.249999999999967359e+00 9.921876827316991609e-02
1.349999999999967004e+00 8.603981797185845937e-02
1.449999999999966649e+00 7.501273993735221857e-02
1.549999999999966294e+00 6.479940749653605170e-02
1.649999999999965938e+00 5.607254598850308636e-02
1.749999999999965583e+00 4.859555468200596473e-02
1.849999999999965228e+00 4.287724561953162872e-02
1.949999999999964873e+00 3.785100345884033490e-02
2.049999999999964295e+00 3.341029855674514104e-02
2.149999999999963940e+00 2.889721568501183932e-02
2.249999999999963585e+00 2.516691717023630467e-02
2.349999999999963229e+00 2.204306690640465624e-02
2.449999999999962874e+00 1.948561864848154246e-02
2.549999999999962519e+00 1.720660047471594609e-02
2.649999999999962164e+00 1.530613905001778491e-02
2.749999999999961808e+00 1.391916111570951076e-02
2.849999999999961453e+00 1.209894691358358310e-02
2.949999999999961098e+00 1.094789183480190942e-02
3.049999999999960743e+00 9.680912639526896568e-03
3.149999999999960387e+00 8.659847598447848599e-03
3.249999999999960032e+00 7.673479478780300539e-03
3.349999999999959677e+00 6.854664553612119585e-03
3.449999999999959321e+00 5.956265545163930142e-03
3.549999999999958966e+00 5.363942161144202164e-03
3.649999999999958611e+00 4.825819361941413761e-03
3.749999999999958256e+00 4.499304310884051986e-03
3.849999999999957900e+00 3.903193664684344571e-03
3.949999999999957545e+00 3.574814455394424370e-03
4.049999999999957190e+00 3.170439483216800497e-03
4.149999999999956835e+00 2.844793881453670445e-03
4.249999999999956479e+00 2.575257232026187393e-03
4.349999999999956124e+00 2.224353391444069527e-03
4.449999999999955769e+00 1.980104453693006666e-03
4.549999999999955413e+00 1.862198287537390837e-03
4.649999999999955058e+00 1.723690594036999440e-03
4.749999999999954703e+00 1.520629974546773046e-03
4.849999999999954348e+00 1.369972095570153470e-03
4.949999999999953992e+00 1.225857190943376463e-03
5.049999999999953637e+00 1.026546992561337083e-03
5.149999999999953282e+00 9.226625383288647583e-04
5.249999999999952927e+00 8.496803751135561123e-04
5.349999999999952571e+00 7.242807349559245676e-04
5.449999999999952216e+00 7.074369969336936730e-04
5.549999999999951861e+00 7.093158915949661185e-04
5.649999999999951505e+00 6.269613597163687692e-04
5.749999999999951150e+00 5.483572489459583249e-04
5.849999999999950795e+00 5.193485890187831723e-04
5.949999999999950440e+00 4.772392439632060983e-04
6.049999999999950084e+00 3.902132641816802609e-04
6.149999999999949729e+00 3.406178133384451861e-04
6.249999999999949374e+00 3.256456017631288594e-04
6.349999999999949019e+00 2.826004934840946098e-04
6.449999999999948663e+00 2.432984380988893877e-04
6.549999999999948308e+00 2.199043575124577220e-04
6.649999999999947953e+00 2.039963827136841656e-04
6.749999999999947597e+00 1.993175665963978270e-04
6.849999999999947242e+00 1.862168814679960953e-04
6.949999999999946887e+00 1.656300905519362274e-04
7.049999999999946532e+00 1.544009318704490366e-04
7.149999999999946176e+00 1.291353248371028030e-04
7.249999999999945821e+00 1.403644835185900209e-04
7.349999999999945466e+00 1.150988764852438145e-04
7.449999999999945111e+00 9.264055912226940568e-05
7.549999999999944755e+00 8.515445333461126943e-05
7.649999999999944400e+00 5.614579340743600837e-05
7.749999999999944045e+00 5.333850373706420389e-05
7.849999999999943689e+00 6.269613597163687421e-05
7.949999999999943334e+00 3.836629216174793815e-05
