-7.950000000000000178e+00 7.488976226993892099e-06
-7.850000000000000533e+00 5.616732170245418863e-06
-7.750000000000000888e+00 1.029734231211660153e-05
-7.650000000000001243e+00 8.425098255368129141e-06
-7.550000000000001599e+00 1.123346434049083773e-05
-7.450000000000001954e+00 1.216958636886507392e-05
-7.350000000000002309e+00 1.591407448236202039e-05
-7.250000000000002665e+00 1.778631853911049278e-05
-7.150000000000003020e+00 1.872244056748473067e-05
-7.050000000000003375e+00 2.995590490797556501e-05
-6.950000000000003730e+00 3.089202693634980629e-05
-6.850000000000004086e+00 2.808366085122709601e-05
-6.750000000000004441e+00 2.246692868098167545e-05
-6.650000000000004796e+00 2.527529476610438573e-05
-6.550000000000005151e+00 4.306161330521488190e-05
-6.450000000000005507e+00 5.242283358895724724e-05
-6.350000000000005862e+00 5.991180981595113002e-05
-6.250000000000006217e+00 7.208139618481621241e-05
-6.150000000000006573e+00 7.114527415644197113e-05
-6.050000000000006928e+00 8.237873849693281225e-05
-5.950000000000007283e+00 9.829281297929483264e-05
-5.850000000000007638e+00 1.104623993481599015e-04
-5.750000000000007994e+00 1.123346434049083840e-04
-5.650000000000008349e+00 1.310570839723931012e-04
-5.550000000000008704e+00 1.582046227952459627e-04
-5.450000000000009059e+00 1.909688937883442447e-04
-5.350000000000009415e+00 2.003301140720866033e-04
-5.250000000000009770e+00 2.452713424736434420e-04
-5.150000000000010125e+00 2.724115102569027750e-04
-5.050000000000010481e+00 2.752198763420254718e-04
-4.950000000000010836e+00 3.426206623849705184e-04
-4.850000000000011191e+00 3.594708588957067530e-04
-4.750000000000011546e+00 4.324883771088972474e-04
-4.650000000000011902e+00 4.792944785276091486e-04
-4.550000000000012257e+00 4.914714359360676781e-04
-4.450000000000012612e+00 5.981819761311372215e-04
-4.350000000000012967e+00 6.543492978335913729e-04
-4.250000000000013323e+00 7.938314800613528082e-04
-4.150000000000013678e+00 9.174069588463455889e-04
-4.050000000000014033e+00 9.950977161618137883e-04
-3.950000000000014388e+00 1.157046827070556472e-03
-3.850000000000014744e+00 1.346150847841745112e-03
-3.750000000000015099e+00 1.607321522718563409e-03
-3.650000000000015454e+00 1.812332246932521138e-03
-3.550000000000015810e+00 2.279479252210046738e-03
-3.450000000000016165e+00 2.559364996614757470e-03
-3.350000000000016520e+00 3.230601346157055756e-03
-3.250000000000016875e+00 3.716404452645725998e-03
-3.150000000000017231e+00 4.587941432101737965e-03
-3.050000000000017586e+00 5.690700552566188043e-03
-2.950000000000017941e+00 7.012541711828583664e-03
-2.850000000000018296e+00 8.459756883536766886e-03
-2.750000000000018652e+00 1.042092516194115942e-02
-2.650000000000019007e+00 1.280807318949338074e-02
-2.550000000000019362e+00 1.587853132944206519e-02
-2.450000000000019718e+00 1.976998323035425442e-02
-2.350000000000020073e+00 2.420720164484822107e-02
-2.250000000000020428e+00 2.963021552353699989e-02
-2.150000000000020783e+00 3.618026872711091468e-02
-2.050000000000021139e+00 4.386019173477410937e-02
-1.950000000000021272e+00 5.306609684324166409e-02
-1.850000000000021627e+00 6.383523728661923136e-02
-1.750000000000021982e+00 7.654970564431518021e-02
-1.650000000000022338e+00 8.973966502410829493e-02
-1.550000000000022693e+00 1.050237883496912689e-01
-1.450000000000023048e+00 1.230020266466976264e-01
-1.350000000000023404e+00 1.428573222893083361e-01
-1.250000000000023759e+00 1.638864117609458992e-01
-1.150000000000024114e+00 1.873381850420154648e-01
-1.050000000000024469e+00 2.123517194500759431e-01
-9.500000000000248246e-01 2.369833676678364531e-01
-8.500000000000251799e-01 2.650699843059400873e-01
-7.500000000000255351e-01 2.929849515450302366e-01
-6.500000000000258904e-01 3.213816383346746464e-01
-5.500000000000262457e-01 3.491918483590625844e-01
-4.500000000000266565e-01 3.752551072577122726e-01
-3.500000000000270117e-01 3.998349075829727428e-01
-2.500000000000273670e-01 4.196786085803020372e-01
-1.500000000000277223e-01 4.343858153789813548e-01
-5.000000000002806366e-02 4.412688995224297028e-01
4.999999999997158107e-02 4.422519750730145027e-01
1.499999999999712119e-01 4.342120726047232759e-01
2.499999999999708566e-01 4.184378562276077629e-01
3.499999999999705014e-01 3.985063145514426419e-01
4.499999999999701461e-01 3.754010317285446652e-01
5.499999999999698463e-01 3.488520581758815520e-01
6.499999999999694911e-01 3.217869939150397318e-01
7.499999999999691358e-01 2.933974791469198262e-01
8.499999999999687805e-01 2.660811656304948314e-01
9.499999999999684253e-01 2.385428658856724726e-01
1.049999999999968070e+00 2.126868879914318167e-01
1.149999999999967715e+00 1.877951894968123980e-01
1.249999999999967359e+00 1.649293254109507334e-01
1.349999999999967004e+00 1.432804125909354909e-01
1.449999999999966649e+00 1.231762043122919814e-01
1.549999999999966294e+00 1.052577156622305221e-01
1.649999999999965938e+00 9.002799060884762727e-02
1.749999999999965583e+00 7.649535896939232971e-02
1.849999999999965228e+00 6.370039885933535817e-02
1.949999999999964873e+00 5.310067438997475436e-02
2.049999999999964295e+00 4.393788249208957497e-02
2.149999999999963940e+00 3.584041957561311803e-02
2.249999999999963585e+00 2.967511252570099317e-02
2.349999999999963229e+00 2.425592421656123931e-02
2.449999999999962874e+00 1.961460908676291442e-02
2.549999999999962519e+00 1.595715820878590430e-02
2.649999999999962164e+00 1.293817203831862037e-02
2.749999999999961808e+00 1.033015080934723308e-02
2.849999999999961453e+00 8.515931576278813753e-03
2.949999999999961098e+00 6.872079181334886898e-03
3.049999999999960743e+00 5.575579656194935840e-03
3.149999999999960387e+00 4.632882660503294912e-03
3.249999999999960032e+00 3.740780480581423588e-03
3.349999999999959677e+00 3.141632898263535707e-03
3.449999999999959321e+00 2.548124161234673318e-03
3.549999999999958966e+00 2.224233310456779147e-03
3.649999999999958611e+00 1.877875530997904488e-03
3.749999999999958256e+00 1.512802682011139561e-03
3.849999999999957900e+00 1.303081863496937136e-03
3.949999999999957545e+00 1.193562957216745112e-03
4.049999999999957190e+00 9.333136622891140266e-04
4.149999999999956835e+00 8.659128762461690883e-04
4.249999999999956479e+00 7.217574549161300023e-04
4.349999999999956124e+00 6.234646419368350748e-04
4.449999999999955769e+00 5.860123897622720578e-04
4.549999999999955413e+00 4.792944785276090401e-04
4.649999999999955058e+00 4.128298145130382618e-04
4.749999999999954703e+00 3.987879840874247240e-04
4.849999999999954348e+00 3.435567844133447868e-04
4.949999999999953992e+00 3.257704658742342297e-04
5.049999999999953637e+00 2.827088525690194020e-04
5.149999999999953282e+00 2.574409288425084973e-04
5.249999999999952927e+00 2.190525546395713204e-04
5.349999999999952571e+00 1.984652410549316221e-04
5.449999999999952216e+00 1.787993074194791623e-04
5.549999999999951861e+00 1.516517685966263279e-04
5.649999999999951505e+00 1.216958636886507426e-04
5.749999999999951150e+00 1.329293280291415837e-04
5.849999999999950795e+00 1.029734231211660119e-04
5.949999999999950440e+00 9.642056892254636364e-05
6.049999999999950084e+00 8.144261646855858452e-05
6.149999999999949729e+00 6.646466401457079185e-05
6.249999999999949374e+00 7.020915212806774341e-05
6.349999999999949019e+00 4.399773533358911640e-05
6.449999999999948663e+00 4.118936924846641290e-05
6.549999999999948308e+00 3.276427099309827529e-05
6.649999999999947953e+00 3.463651504984675107e-05
6.749999999999947597e+00 2.995590490797556840e-05
6.849999999999947242e+00 2.340305070935590995e-05
6.949999999999946887e+00 3.089202693634979951e-05
7.049999999999946532e+00 2.059468462423320306e-05
7.149999999999946176e+00 1.872244056748473067e-05
7.249999999999945821e+00 1.778631853911049278e-05
7.349999999999945466e+00 1.872244056748473067e-05
7.449999999999945111e+00 7.488976226993891252e-06
7.549999999999944755e+00 8.425098255368127447e-06
7.649999999999944400e+00 9.361220283742365336e-06
7.749999999999944045e+00 7.488976226993892099e-06
7.849999999999943689e+00 2.808366085122709431e-06
7.949999999999943334e+00 8.425098255368129141e-06
