-7.950000000000000178e+00 0.000000000000000000e+00
-7.850000000000000533e+00 0.000000000000000000e+00
-7.750000000000000888e+00 0.000000000000000000e+00
-7.650000000000001243e+00 0.000000000000000000e+00
-7.550000000000001599e+00 0.000000000000000000e+00
-7.450000000000001954e+00 0.000000000000000000e+00
-7.350000000000002309e+00 0.000000000000000000e+00
-7.250000000000002665e+00 0.000000000000000000e+00
-7.150000000000003020e+00 0.000000000000000000e+00
-7.050000000000003375e+00 0.000000000000000000e+00
-6.950000000000003730e+00 2.807289670371800249e-06
-6.850000000000004086e+00 9.357632234572667144e-07
-6.750000000000004441e+00 9.357632234572667144e-07
-6.650000000000004796e+00 1.871526446914533429e-06
-6.550000000000005151e+00 3.743052893829066858e-06
-6.450000000000005507e+00 1.310068512840173506e-05
-6.350000000000005862e+00 1.029339545802993396e-05
-6.250000000000006217e+00 1.777950124568806683e-05
-6.150000000000006573e+00 1.684373802223079980e-05
-6.050000000000006928e+00 2.900865992717526783e-05
-5.950000000000007283e+00 2.900865992717527122e-05
-5.850000000000007638e+00 2.807289670371800419e-05
-5.750000000000007994e+00 4.304510827903427670e-05
-5.650000000000008349e+00 5.053121406669239940e-05
-5.550000000000008704e+00 5.895308307780780608e-05
-5.450000000000009059e+00 8.515445333461126943e-05
-5.350000000000009415e+00 9.731937523955574423e-05
-5.250000000000009770e+00 1.328783777309318847e-04
-5.150000000000010125e+00 1.179061661556156122e-04
-5.050000000000010481e+00 1.665658537753935114e-04
-4.950000000000010836e+00 1.721804331161371068e-04
-4.850000000000011191e+00 2.507845438865475510e-04
-4.750000000000011546e+00 3.078661005174407892e-04
-4.650000000000011902e+00 3.874059745113085174e-04
-4.550000000000012257e+00 4.388729518014581601e-04
-4.450000000000012612e+00 5.127982464545822929e-04
-4.350000000000012967e+00 5.970169365657362242e-04
-4.250000000000013323e+00 6.915290221349201707e-04
-4.150000000000013678e+00 7.879126341510185767e-04
-4.050000000000014033e+00 9.395062763510955445e-04
-3.950000000000014388e+00 1.198712689248758109e-03
-3.850000000000014744e+00 1.398966019068612976e-03
-3.750000000000015099e+00 1.777014361345348112e-03
-3.650000000000015454e+00 2.146640834610968884e-03
-3.550000000000015810e+00 2.373095534687627486e-03
-3.450000000000016165e+00 2.765180325316223507e-03
-3.350000000000016520e+00 3.400563554043708157e-03
-3.250000000000016875e+00 4.209998742334240471e-03
-3.150000000000017231e+00 5.365666323303956362e-03
-3.050000000000017586e+00 6.325759390571105215e-03
-2.950000000000017941e+00 7.755605596013803033e-03
-2.850000000000018296e+00 9.377283262265261737e-03
-2.750000000000018652e+00 1.173447082215415410e-02
-2.650000000000019007e+00 1.434618597882341903e-02
-2.550000000000019362e+00 1.739115950795340482e-02
-2.450000000000019718e+00 2.108087389804547129e-02
-2.350000000000020073e+00 2.486416461048326920e-02
-2.250000000000020428e+00 2.998746825891185006e-02
-2.150000000000020783e+00 3.592488591174798629e-02
-2.050000000000021139e+00 4.388074483758126754e-02
-1.950000000000021272e+00 5.285190686086575773e-02
-1.850000000000021627e+00 6.248278195668763302e-02
-1.750000000000021982e+00 7.506224696962308929e-02
-1.650000000000022338e+00 8.760147416395003273e-02
-1.550000000000022693e+00 1.039661014157703955e-01
-1.450000000000023048e+00 1.212870786819642555e-01
-1.350000000000023404e+00 1.413479706664403923e-01
-1.250000000000023759e+00 1.612451040868114749e-01
-1.150000000000024114e+00 1.850546635444575427e-01
-1.050000000000024469e+00 2.113056292521038881e-01
-9.500000000000248246e-01 2.397200795323840283e-01
-8.500000000000251799e-01 2.656566287969487905e-01
-7.500000000000255351e-01 2.945726481650002837e-01
-6.500000000000258904e-01 3.236804989938604771e-01
-5.500000000000262457e-01 3.530672072633110337e-01
-4.500000000000266565e-01 3.797373948950650835e-01
-3.500000000000270117e-01 4.014723672863060311e-01
-2.500000000000273670e-01 4.190076343306710083e-01
-1.500000000000277223e-01 4.303247547551628527e-01
-5.000000000002806366e-02 4.374721142559290232e-01
4.999999999997158107e-02 4.392631650656261266e-01
1.499999999999712119e-01 4.309180286388347159e-01
2.499999999999708566e-01 4.204908190398506385e-01
3.499999999999705014e-01 4.008285621885672723e-01
4.499999999999701461e-01 3.772463931942222071e-01
5.499999999999698463e-01 3.509710976427668494e-01
6.499999999999694911e-01 3.231152980068925373e-01
7.499999999999691358e-01 2.935498589617616672e-01
8.499999999999687805e-01 2.648528081879989449e-01
9.499999999999684253e-01 2.393410954268838098e-01
1.049999999999968070e+00 2.123733350900686712e-01
1.149999999999967715e+00 1.854327118867341861e-01
1.249999999999967359e+00 1.628686532795096953e-01
1.349999999999967004e+00 1.413807223792613588e-01
1.449999999999966649e+00 1.214704882737617370e-01
1.549999999999966294e+00 1.038210581161344986e-01
1.649999999999965938e+00 8.835663508528003585e-02
1.749999999999965583e+00 7.484795719145137527e-02
1.849999999999965228e+00 6.281404213779148704e-02
1.949999999999964873e+00 5.276020206496692677e-02
2.049999999999964295e+00 4.355697076226507092e-02
2.149999999999963940e+00 3.659114932684952998e-02
2.249999999999963585e+00 2.997249604733654565e-02
2.349999999999963229e+00 2.488475140139932706e-02
2.449999999999962874e+00 2.071031166155638814e-02
2.549999999999962519e+00 1.726108841989284701e-02
2.649999999999962164e+00 1.417026249281345095e-02
2.749999999999961808e+00 1.170265487255660666e-02
2.849999999999961453e+00 9.643040017727130819e-03
2.949999999999961098e+00 7.860411077041017103e-03
3.049999999999960743e+00 6.522269667497128560e-03
3.149999999999960387e+00 5.212201154656966560e-03
3.249999999999960032e+00 4.093028339402083118e-03
3.349999999999959677e+00 3.394948974702965104e-03
3.449999999999959321e+00 2.852206305097749073e-03
3.549999999999958966e+00 2.471350673150640893e-03
3.649999999999958611e+00 2.093302330873904240e-03
3.749999999999958256e+00 1.665658537753933162e-03
3.849999999999957900e+00 1.370893122364894891e-03
3.949999999999957545e+00 1.119172815254890381e-03
4.049999999999957190e+00 9.694506995017280896e-04
4.149999999999956835e+00 7.972702663855911996e-04
4.249999999999956479e+00 6.297686493867406211e-04
4.349999999999956124e+00 6.073103320237660226e-04
4.449999999999955769e+00 4.837895865274069777e-04
4.549999999999955413e+00 4.472948208125736074e-04
4.649999999999955058e+00 3.724337629359922449e-04
4.749999999999954703e+00 3.200310224223852640e-04
4.849999999999954348e+00 2.414269116519748197e-04
4.949999999999953992e+00 2.077394356075132472e-04
5.049999999999953637e+00 1.384929570716754801e-04
5.149999999999953282e+00 1.253922719432737484e-04
5.249999999999952927e+00 1.375571938482182232e-04
5.349999999999952571e+00 9.170479589881214881e-05
5.449999999999952216e+00 8.234716366423947172e-05
5.549999999999951861e+00 5.240274051360694024e-05
5.649999999999951505e+00 3.555900249137613367e-05
5.749999999999951150e+00 3.930205538520520857e-05
5.849999999999950795e+00 4.117358183211974263e-05
5.949999999999950440e+00 2.526560703334620309e-05
6.049999999999950084e+00 2.713713348026073715e-05
6.149999999999949729e+00 1.122915868148720100e-05
6.249999999999949374e+00 1.216492190494446803e-05
6.349999999999949019e+00 1.403644835185900209e-05
6.449999999999948663e+00 7.486105787658133715e-06
6.549999999999948308e+00 2.807289670371800249e-06
6.649999999999947953e+00 4.678816117286333466e-06
6.749999999999947597e+00 1.029339545802993566e-05
6.849999999999947242e+00 0.000000000000000000e+00
6.949999999999946887e+00 0.000000000000000000e+00
7.049999999999946532e+00 0.000000000000000000e+00
7.149999999999946176e+00 0.000000000000000000e+00
7.249999999999945821e+00 0.000000000000000000e+00
7.349999999999945466e+00 0.000000000000000000e+00
7.449999999999945111e+00 0.000000000000000000e+00
7.549999999999944755e+00 0.000000000000000000e+00
7.649999999999944400e+00 0.000000000000000000e+00
7.749999999999944045e+00 0.000000000000000000e+00
7.849999999999943689e+00 0.000000000000000000e+00
7.949999999999943334e+00 0.000000000000000000e+00
