-7.950000000000000178e+00 8.986771472392670858e-06
-7.850000000000000533e+00 8.387653374233158338e-06
-7.750000000000000888e+00 1.198236196319022668e-05
-7.650000000000001243e+00 1.288103911042949377e-05
-7.550000000000001599e+00 1.707486579754607294e-05
-7.450000000000001954e+00 1.917177914110436337e-05
-7.350000000000002309e+00 2.186781058282216293e-05
-7.250000000000002665e+00 2.845810966257679049e-05
-7.150000000000003020e+00 3.654620398773019595e-05
-7.050000000000003375e+00 3.504840874233141804e-05
-6.950000000000003730e+00 4.777966832822103029e-05
-6.850000000000004086e+00 5.227305406441737080e-05
-6.750000000000004441e+00 7.039637653374257540e-05
-6.650000000000004796e+00 7.623777799079781061e-05
-6.550000000000005151e+00 9.496021855828254128e-05
-6.450000000000005507e+00 1.067928009969328881e-04
-6.350000000000005862e+00 1.228192101226998159e-04
-6.250000000000006217e+00 1.371980444785280892e-04
-6.150000000000006573e+00 1.813830042177921528e-04
-6.050000000000006928e+00 2.016032400306756885e-04
-5.950000000000007283e+00 2.342551763803691310e-04
-5.850000000000007638e+00 2.679555694018417086e-04
-5.750000000000007994e+00 3.012066238496946026e-04
-5.650000000000008349e+00 3.729510161042962285e-04
-5.550000000000008704e+00 4.151888420245419256e-04
-5.450000000000009059e+00 4.701579275306769570e-04
-5.350000000000009415e+00 5.577789493865050515e-04
-5.250000000000009770e+00 6.531885065184062870e-04
-5.150000000000010125e+00 7.355672450153384351e-04
-5.050000000000010481e+00 8.312763611963194235e-04
-4.950000000000010836e+00 9.873466257668706697e-04
-4.850000000000011191e+00 1.109717676682284724e-03
-4.750000000000011546e+00 1.281064273389568306e-03
-4.650000000000011902e+00 1.482517733895702058e-03
-4.550000000000012257e+00 1.696852233512265509e-03
-4.450000000000012612e+00 1.946537059652909485e-03
-4.350000000000012967e+00 2.199811876917170689e-03
-4.250000000000013323e+00 2.555690385956587221e-03
-4.150000000000013678e+00 2.902876965107350354e-03
-4.050000000000014033e+00 3.330799425450447614e-03
-3.950000000000014388e+00 3.815184049079737780e-03
-3.850000000000014744e+00 4.354543655046838602e-03
-3.750000000000015099e+00 4.948719028896528260e-03
-3.650000000000015454e+00 5.616134231513547972e-03
-3.550000000000015810e+00 6.457294861963158543e-03
-3.450000000000016165e+00 7.297111014790915243e-03
-3.350000000000016520e+00 8.371484261780789971e-03
-3.250000000000016875e+00 9.479858640207550896e-03
-3.150000000000017231e+00 1.081109669558530384e-02
-3.050000000000017586e+00 1.237254705954717905e-02
-2.950000000000017941e+00 1.400484549734908740e-02
-2.850000000000018296e+00 1.605997271229353540e-02
-2.750000000000018652e+00 1.811495722391191776e-02
-2.650000000000019007e+00 2.088857327997577229e-02
-2.550000000000019362e+00 2.380702967436866546e-02
-2.450000000000019718e+00 2.694717509684293327e-02
-2.350000000000020073e+00 3.070380006929371991e-02
-2.250000000000020428e+00 3.515345843988823549e-02
-2.150000000000020783e+00 4.014623977442462188e-02
-2.050000000000021139e+00 4.566592424769849723e-02
-1.950000000000021272e+00 5.236873841390710105e-02
-1.850000000000021627e+00 5.944492816810084679e-02
-1.750000000000021982e+00 6.818473089502455342e-02
-1.650000000000022338e+00 7.780003740007257473e-02
-1.550000000000022693e+00 8.893931400695692657e-02
-1.450000000000023048e+00 1.019582068895492771e-01
-1.350000000000023404e+00 1.167669816015212414e-01
-1.250000000000023759e+00 1.335895054605759635e-01
-1.150000000000024114e+00 1.533272931693525076e-01
-1.050000000000024469e+00 1.760568738093254426e-01
-9.500000000000248246e-01 2.021110126681019414e-01
-8.500000000000251799e-01 2.316358733330404762e-01
-7.500000000000255351e-01 2.654687292431620049e-01
-6.500000000000258904e-01 3.045070227491522008e-01
-5.500000000000262457e-01 3.500137349003684117e-01
-4.500000000000266565e-01 4.006846893813515442e-01
-3.500000000000270117e-01 4.575934150127974331e-01
-2.500000000000273670e-01 5.195283570143891527e-01
-1.500000000000277223e-01 5.822972442832292650e-01
-5.000000000002806366e-02 6.335163517255972820e-01
4.999999999997158107e-02 6.250835486699617416e-01
1.499999999999712119e-01 5.599562695680780910e-01
2.499999999999708566e-01 4.880617062392844652e-01
3.499999999999705014e-01 4.211981534048259146e-01
4.499999999999701461e-01 3.618678254428707719e-01
5.499999999999698463e-01 3.099006022976966701e-01
6.499999999999694911e-01 2.652566897904333754e-01
7.499999999999691358e-01 2.276372152632317181e-01
8.499999999999687805e-01 1.947378042199157111e-01
9.499999999999684253e-01 1.667212398782213501e-01
1.049999999999968070e+00 1.432184631309488809e-01
1.149999999999967715e+00 1.229099163669015449e-01
1.249999999999967359e+00 1.053995318104475054e-01
1.349999999999967004e+00 9.082490377315233232e-02
1.449999999999966649e+00 7.817779669272462151e-02
1.549999999999966294e+00 6.707052690880360712e-02
1.649999999999965938e+00 5.807712150077481289e-02
1.749999999999965583e+00 4.982472257530026066e-02
1.849999999999965228e+00 4.320952707221491218e-02
1.949999999999964873e+00 3.722657924700474574e-02
2.049999999999964295e+00 3.198727025000660390e-02
2.149999999999963940e+00 2.766087689000829367e-02
2.249999999999963585e+00 2.393090795546019139e-02
2.349999999999963229e+00 2.077730006627229176e-02
2.449999999999962874e+00 1.791919184723923808e-02
2.549999999999962519e+00 1.556914638974259309e-02
2.649999999999962164e+00 1.342310772086788111e-02
2.749999999999961808e+00 1.166619271864879556e-02
2.849999999999961453e+00 1.002534977175010590e-02
2.949999999999961098e+00 8.740242630564300924e-03
3.049999999999960743e+00 7.520737741760626441e-03
3.149999999999960387e+00 6.583564897981949299e-03
3.249999999999960032e+00 5.638156539086249669e-03
3.349999999999959677e+00 4.931797480722527674e-03
3.449999999999959321e+00 4.225131787111715241e-03
3.549999999999958966e+00 3.643089734116090363e-03
3.649999999999958611e+00 3.196447191938178722e-03
3.749999999999958256e+00 2.720745063266860608e-03
3.849999999999957900e+00 2.353786407510498509e-03
3.949999999999957545e+00 2.049884931585424334e-03
4.049999999999957190e+00 1.768749943390410945e-03
4.149999999999956835e+00 1.549470360731361939e-03
4.249999999999956479e+00 1.357004851063955833e-03
4.349999999999956124e+00 1.133980780291409755e-03
4.449999999999955769e+00 9.919909703939417366e-04
4.549999999999955413e+00 8.284305502300618254e-04
4.649999999999955058e+00 7.190914973159519188e-04
4.749999999999954703e+00 6.223351038295266927e-04
4.849999999999954348e+00 5.377084930981615007e-04
4.949999999999953992e+00 4.641667465490818996e-04
5.049999999999953637e+00 4.021592027559074104e-04
5.149999999999953282e+00 3.337087806748481687e-04
5.249999999999952927e+00 2.940172066717804795e-04
5.349999999999952571e+00 2.454886407208599721e-04
5.449999999999952216e+00 2.189776648773015719e-04
5.549999999999951861e+00 1.761407208588964234e-04
5.649999999999951505e+00 1.496297450153379960e-04
5.749999999999951150e+00 1.385460601993870043e-04
5.849999999999950795e+00 1.148808953220862970e-04
5.949999999999950440e+00 9.675757285276107207e-05
6.049999999999950084e+00 8.162984087423341651e-05
6.149999999999949729e+00 7.234351035276099617e-05
6.249999999999949374e+00 5.571798312883456271e-05
6.349999999999949019e+00 5.047569976993884002e-05
6.449999999999948663e+00 4.044047162576701717e-05
6.549999999999948308e+00 3.100436157975471361e-05
6.649999999999947953e+00 2.950656633435593231e-05
6.749999999999947597e+00 2.636119631901850005e-05
6.849999999999947242e+00 2.096913343558289754e-05
6.949999999999946887e+00 2.007045628834363215e-05
7.049999999999946532e+00 1.542729102760741520e-05
7.149999999999946176e+00 1.138324386503071586e-05
7.249999999999945821e+00 1.018500766871169251e-05
7.349999999999945466e+00 6.740078604294502296e-06
7.449999999999945111e+00 7.938314800613525642e-06
7.549999999999944755e+00 4.792944785276090842e-06
7.649999999999944400e+00 5.691621932515357928e-06
7.749999999999944045e+00 4.343606211656457299e-06
7.849999999999943689e+00 3.295149539877312083e-06
7.949999999999943334e+00 1.797354294478534172e-06
