-7.950000000000000178e+00 2.995590490797556670e-06
-7.850000000000000533e+00 3.594708588957067920e-06
-7.750000000000000888e+00 3.894267638036823756e-06
-7.650000000000001243e+00 4.792944785276090842e-06
-7.550000000000001599e+00 5.841401457055236058e-06
-7.450000000000001954e+00 3.894267638036823756e-06
-7.350000000000002309e+00 3.894267638036823756e-06
-7.250000000000002665e+00 4.044047162576701039e-06
-7.150000000000003020e+00 5.541842407975479798e-06
-7.050000000000003375e+00 4.493385736196335429e-06
-6.950000000000003730e+00 5.092503834355846255e-06
-6.850000000000004086e+00 6.290740030674869601e-06
-6.750000000000004441e+00 4.343606211656457299e-06
-6.650000000000004796e+00 6.590299079754625861e-06
-6.550000000000005151e+00 5.991180981595113341e-06
-6.450000000000005507e+00 4.193826687116579169e-06
-6.350000000000005862e+00 9.136550996932548988e-06
-6.250000000000006217e+00 7.039637653374258556e-06
-6.150000000000006573e+00 6.290740030674868754e-06
-6.050000000000006928e+00 1.063434624233132521e-05
-5.950000000000007283e+00 8.986771472392670858e-06
-5.850000000000007638e+00 9.735669095092059814e-06
-5.750000000000007994e+00 8.986771472392669164e-06
-5.650000000000008349e+00 1.153302338957059399e-05
-5.550000000000008704e+00 1.063552560866628692e-05
-5.450000000000009059e+00 1.048456671779144877e-05
-5.350000000000009415e+00 1.437883435582827168e-05
-5.250000000000009770e+00 1.408045467308347713e-05
-5.150000000000010125e+00 1.452861388036814981e-05
-5.050000000000010481e+00 1.932155866564423980e-05
-4.950000000000010836e+00 1.782376342024546189e-05
-4.850000000000011191e+00 2.081935391104302110e-05
-4.750000000000011546e+00 2.486340107361971875e-05
-4.650000000000011902e+00 3.370039302147250979e-05
-4.550000000000012257e+00 4.044047162576701717e-05
-4.450000000000012612e+00 5.092503834355846255e-05
-4.350000000000012967e+00 6.874880176380393461e-05
-4.250000000000013323e+00 9.256374616564450476e-05
-4.150000000000013678e+00 1.217707534509206808e-04
-4.050000000000014033e+00 1.580173983895711578e-04
-3.950000000000014388e+00 2.303620881086672681e-04
-3.850000000000014744e+00 3.290656154141119449e-04
-3.750000000000015099e+00 4.354090778374254071e-04
-3.650000000000015454e+00 6.331180502300629530e-04
-3.550000000000015810e+00 8.483512269938653372e-04
-3.450000000000016165e+00 1.169778086656440277e-03
-3.350000000000016520e+00 1.616570408358891740e-03
-3.250000000000016875e+00 2.223028882587186651e-03
-3.150000000000017231e+00 2.996938506518392973e-03
-3.050000000000017586e+00 4.031766420930734708e-03
-2.950000000000017941e+00 5.408391210343073928e-03
-2.850000000000018296e+00 7.205447125138846574e-03
-2.750000000000018652e+00 9.374554199525337445e-03
-2.650000000000019007e+00 1.219985008838636760e-02
-2.550000000000019362e+00 1.582226199255166998e-02
-2.450000000000019718e+00 2.014939835334161877e-02
-2.350000000000020073e+00 2.548409567887975971e-02
-2.250000000000020428e+00 3.192477326918447683e-02
-2.150000000000020783e+00 3.973353939536688334e-02
-2.050000000000021139e+00 4.896627361374639859e-02
-1.950000000000021272e+00 5.946194406558150125e-02
-1.850000000000021627e+00 7.209720323180909829e-02
-1.750000000000021982e+00 8.602134704959332745e-02
-1.650000000000022338e+00 1.021487500320910069e-01
-1.550000000000022693e+00 1.199453432107134287e-01
-1.450000000000023048e+00 1.387615174557702002e-01
-1.350000000000023404e+00 1.600029347352041609e-01
-1.250000000000023759e+00 1.818610874871062211e-01
-1.150000000000024114e+00 2.052043738074340595e-01
-1.050000000000024469e+00 2.292402335730355234e-01
-9.500000000000248246e-01 2.535160590068142317e-01
-8.500000000000251799e-01 2.771651491209817797e-01
-7.500000000000255351e-01 3.011613114157626336e-01
-6.500000000000258904e-01 3.222281624283999668e-01
-5.500000000000262457e-01 3.427832344961769806e-01
-4.500000000000266565e-01 3.604092217201494974e-01
-3.500000000000270117e-01 3.750509038097818992e-01
-2.500000000000273670e-01 3.869091775646714693e-01
-1.500000000000277223e-01 3.947070227585917079e-01
-5.000000000002806366e-02 3.991221174400072513e-01
4.999999999997158107e-02 3.989213397564108643e-01
1.499999999999712119e-01 3.945265537632833830e-01
2.499999999999708566e-01 3.871517012784259637e-01
3.499999999999705014e-01 3.755537242879584126e-01
4.499999999999701461e-01 3.605790386787197654e-01
5.499999999999698463e-01 3.428226901969133600e-01
6.499999999999694911e-01 3.226034367961844174e-01
7.499999999999691358e-01 3.005947119855569838e-01
8.499999999999687805e-01 2.773540175633277260e-01
9.499999999999684253e-01 2.534820165975556483e-01
1.049999999999968070e+00 2.295974412279345733e-01
1.149999999999967715e+00 2.052724845720107216e-01
1.249999999999967359e+00 1.821682676014424462e-01
1.349999999999967004e+00 1.599530899964233255e-01
1.449999999999966649e+00 1.389929327180159935e-01
1.549999999999966294e+00 1.196647837532898440e-01
1.649999999999965938e+00 1.019121502754366665e-01
1.749999999999965583e+00 8.595814834580188524e-02
1.849999999999965228e+00 7.219530999974907437e-02
1.949999999999964873e+00 5.972720360354158431e-02
2.049999999999964295e+00 4.896566741945021506e-02
2.149999999999963940e+00 3.982910109075596394e-02
2.249999999999963585e+00 3.207424262037823770e-02
2.349999999999963229e+00 2.546777089007122574e-02
2.449999999999962874e+00 2.007960227427233596e-02
2.549999999999962519e+00 1.570498462483692348e-02
2.649999999999962164e+00 1.218965918388598135e-02
2.749999999999961808e+00 9.363619114867591242e-03
2.849999999999961453e+00 7.153919430598124768e-03
2.949999999999961098e+00 5.368697277607336824e-03
3.049999999999960743e+00 4.053782831671761538e-03
3.149999999999960387e+00 2.987503575838715980e-03
3.249999999999960032e+00 2.204606001068781795e-03
3.349999999999959677e+00 1.608482314033738304e-03
3.449999999999959321e+00 1.184608618318557785e-03
3.549999999999958966e+00 8.714172737730063083e-04
3.649999999999958611e+00 6.167920820552163673e-04
3.749999999999958256e+00 4.434971721625788430e-04
3.849999999999957900e+00 3.071978048312897685e-04
3.949999999999957545e+00 2.218234758435592242e-04
4.049999999999957190e+00 1.619116660276079993e-04
4.149999999999956835e+00 1.220703125000004337e-04
4.249999999999956479e+00 8.941955551664202404e-05
4.349999999999956124e+00 6.605277032208613165e-05
4.449999999999955769e+00 4.074003067484677682e-05
4.549999999999955413e+00 3.729510161042958491e-05
4.649999999999955058e+00 2.905722776073629962e-05
4.749999999999954703e+00 2.576207822085899092e-05
4.849999999999954348e+00 2.186898994915712464e-05
4.949999999999953992e+00 1.842288151840497102e-05
5.049999999999953637e+00 1.752420437116570902e-05
5.149999999999953282e+00 1.467839340490802624e-05
5.249999999999952927e+00 1.348015720858900459e-05
5.349999999999952571e+00 1.198236196319022668e-05
5.449999999999952216e+00 1.123346434049083773e-05
5.549999999999951861e+00 9.735669095092059814e-06
5.649999999999951505e+00 8.537432898773038162e-06
5.749999999999951150e+00 1.018500766871169251e-05
5.849999999999950795e+00 9.136550996932547294e-06
5.949999999999950440e+00 9.136550996932547294e-06
6.049999999999950084e+00 7.039637653374257709e-06
6.149999999999949729e+00 6.889858128834380426e-06
6.249999999999949374e+00 6.889858128834380426e-06
6.349999999999949019e+00 5.541842407975479798e-06
6.449999999999948663e+00 7.638755751533769382e-06
6.549999999999948308e+00 8.986771472392670858e-06
6.649999999999947953e+00 6.889858128834380426e-06
6.749999999999947597e+00 5.392062883435602515e-06
6.849999999999947242e+00 5.242283358895724385e-06
6.949999999999946887e+00 4.044047162576701886e-06
7.049999999999946532e+00 5.242283358895724385e-06
7.149999999999946176e+00 4.493385736196335429e-06
7.249999999999945821e+00 4.643165260736213559e-06
7.349999999999945466e+00 3.594708588957067920e-06
7.449999999999945111e+00 3.295149539877312507e-06
7.549999999999944755e+00 4.193826687116579169e-06
7.649999999999944400e+00 3.744488113496946050e-06
7.749999999999944045e+00 3.295149539877312083e-06
7.849999999999943689e+00 2.546251917177923127e-06
7.949999999999943334e+00 3.145370015337434377e-06
