-7.950000000000000178e+00 7.395364024156468141e-05
-7.850000000000000533e+00 9.080383675230094308e-05
-7.750000000000000888e+00 7.301751821319044013e-05
-7.650000000000001243e+00 1.394821822277612184e-04
-7.550000000000001599e+00 1.151430094900310808e-04
-7.450000000000001954e+00 1.329293280291415837e-04
-7.350000000000002309e+00 1.441627923696324248e-04
-7.250000000000002665e+00 1.422905483128839694e-04
-7.150000000000003020e+00 2.059468462423320238e-04
-7.050000000000003375e+00 1.787993074194791894e-04
-6.950000000000003730e+00 1.806715514762276449e-04
-6.850000000000004086e+00 2.340305070935590995e-04
-6.750000000000004441e+00 2.752198763420254718e-04
-6.650000000000004796e+00 2.733476322852770434e-04
-6.550000000000005151e+00 3.285788319593569264e-04
-6.450000000000005507e+00 3.594708588957068072e-04
-6.350000000000005862e+00 3.463651504984674835e-04
-6.250000000000006217e+00 4.484024515912592135e-04
-6.150000000000006573e+00 4.811667225843575227e-04
-6.050000000000006928e+00 4.849112106978544336e-04
-5.950000000000007283e+00 5.719705593366585742e-04
-5.850000000000007638e+00 6.197127827837446354e-04
-5.750000000000007994e+00 7.329835482170274233e-04
-5.650000000000008349e+00 7.414086464723954051e-04
-5.550000000000008704e+00 8.574877779908008897e-04
-5.450000000000009059e+00 9.267608080904944732e-04
-5.350000000000009415e+00 9.810558857362000878e-04
-5.250000000000009770e+00 1.104646106600379709e-03
-5.150000000000010125e+00 1.230064345283746804e-03
-5.050000000000010481e+00 1.352718444119552048e-03
-4.950000000000010836e+00 1.493114635256906787e-03
-4.850000000000011191e+00 1.644766403853532627e-03
-4.750000000000011546e+00 1.817963721181953480e-03
-4.650000000000011902e+00 1.978025845954760678e-03
-4.550000000000012257e+00 2.216744334229785434e-03
-4.450000000000012612e+00 2.377757323110154825e-03
-4.350000000000012967e+00 2.660480917758362585e-03
-4.250000000000013323e+00 2.883307444669806069e-03
-4.150000000000013678e+00 3.126684429967921310e-03
-4.050000000000014033e+00 3.480575411891352264e-03
-3.950000000000014388e+00 3.999157531452307221e-03
-3.850000000000014744e+00 4.346503030216711770e-03
-3.750000000000015099e+00 4.886615956430274792e-03
-3.650000000000015454e+00 5.508208354310364582e-03
-3.550000000000015810e+00 5.921075024021372167e-03
-3.450000000000016165e+00 6.679378093242068284e-03
-3.350000000000016520e+00 7.198026552159366570e-03
-3.250000000000016875e+00 8.142566307749371513e-03
-3.150000000000017231e+00 9.055307398533014168e-03
-3.050000000000017586e+00 1.004855498375683935e-02
-2.950000000000017941e+00 1.130117471019666600e-02
-2.850000000000018296e+00 1.237023343763961683e-02
-2.750000000000018652e+00 1.428272337056855391e-02
-2.650000000000019007e+00 1.557935557442116994e-02
-2.550000000000019362e+00 1.772979740750748809e-02
-2.450000000000019718e+00 1.998030110307553314e-02
-2.350000000000020073e+00 2.240505617463389026e-02
-2.250000000000020428e+00 2.573871202534768962e-02
-2.150000000000020783e+00 2.917906367417737179e-02
-2.050000000000021139e+00 3.268974978280810018e-02
-1.950000000000021272e+00 3.741642155109883849e-02
-1.850000000000021627e+00 4.266060663820949589e-02
-1.750000000000021982e+00 4.892468561867450300e-02
-1.650000000000022338e+00 5.634239863487830458e-02
-1.550000000000022693e+00 6.437944113980714755e-02
-1.450000000000023048e+00 7.530464860449831432e-02
-1.350000000000023404e+00 8.713434159562821746e-02
-1.250000000000023759e+00 1.014821586168471318e-01
-1.150000000000024114e+00 1.186320984526530314e-01
-1.050000000000024469e+00 1.392102572061186816e-01
-9.500000000000248246e-01 1.645970979143929758e-01
-8.500000000000251799e-01 1.945082311278787390e-01
-7.500000000000255351e-01 2.313328392810554412e-01
-6.500000000000258904e-01 2.762057676297378084e-01
-5.500000000000262457e-01 3.307593844891854595e-01
-4.500000000000266565e-01 3.962776291330710743e-01
-3.500000000000270117e-01 4.747361907877971632e-01
-2.500000000000273670e-01 5.676792727640393998e-01
-1.500000000000277223e-01 6.686719943518768527e-01
-5.000000000002806366e-02 7.594366540287388334e-01
4.999999999997158107e-02 7.538754626418302518e-01
1.499999999999712119e-01 6.522422419395536020e-01
2.499999999999708566e-01 5.458781627184995378e-01
3.499999999999705014e-01 4.519495948617244796e-01
4.499999999999701461e-01 3.734669741337650062e-01
5.499999999999698463e-01 3.088832667447412028e-01
6.499999999999694911e-01 2.567428250536515355e-01
7.499999999999691358e-01 2.128970142171243141e-01
8.499999999999687805e-01 1.789146273339228266e-01
9.499999999999684253e-01 1.507935953119553807e-01
1.049999999999968070e+00 1.261503524489124284e-01
1.149999999999967715e+00 1.082072445266084870e-01
1.249999999999967359e+00 9.150756464437141691e-02
1.349999999999967004e+00 7.871439569693577942e-02
1.449999999999966649e+00 6.740343961719813537e-02
1.549999999999966294e+00 5.908081355425864878e-02
1.649999999999965938e+00 5.065777918997688145e-02
1.749999999999965583e+00 4.439574198747925360e-02
1.849999999999965228e+00 3.849509211417169452e-02
1.949999999999964873e+00 3.360888893595887633e-02
2.049999999999964295e+00 2.981280354530753754e-02
2.149999999999963940e+00 2.629279307159093637e-02
2.249999999999963585e+00 2.316034448866084727e-02
2.349999999999963229e+00 2.056347564259432270e-02
2.449999999999962874e+00 1.816518260317663558e-02
2.549999999999962519e+00 1.602965975422756054e-02
2.649999999999962164e+00 1.432311666754092737e-02
2.749999999999961808e+00 1.284862127829721618e-02
2.849999999999961453e+00 1.136943790787204971e-02
2.949999999999961098e+00 1.024335681813379889e-02
3.049999999999960743e+00 9.120784343242056141e-03
3.149999999999960387e+00 8.120114121147575803e-03
3.249999999999960032e+00 7.244840024617671403e-03
3.349999999999959677e+00 6.604466217853348885e-03
3.449999999999959321e+00 5.787194831884669502e-03
3.549999999999958966e+00 5.335099489457065421e-03
3.649999999999958611e+00 4.901630764082230349e-03
3.749999999999958256e+00 4.457857325355685067e-03
3.849999999999957900e+00 3.937366106540014093e-03
3.949999999999957545e+00 3.548875464764704099e-03
4.049999999999957190e+00 3.140733631433128593e-03
4.149999999999956835e+00 2.929170053020550227e-03
4.249999999999956479e+00 2.626773153697296425e-03
4.349999999999956124e+00 2.365602478820476827e-03
4.449999999999955769e+00 2.168065988754325213e-03
4.549999999999955413e+00 1.897534093593763582e-03
4.649999999999955058e+00 1.784263328160480902e-03
4.749999999999954703e+00 1.631675437535480251e-03
4.849999999999954348e+00 1.475335687757389595e-03
4.949999999999953992e+00 1.381723484919966227e-03
5.049999999999953637e+00 1.278742690759207025e-03
5.149999999999953282e+00 1.111176847680218948e-03
5.249999999999952927e+00 1.016628522814420985e-03
5.349999999999952571e+00 8.621683881326721232e-04
5.449999999999952216e+00 8.724657304447887502e-04
5.549999999999951861e+00 7.957110951576948192e-04
5.649999999999951505e+00 6.637105181173338399e-04
5.749999999999951150e+00 6.646466401457079998e-04
5.849999999999950795e+00 5.991180981595113815e-04
5.949999999999950440e+00 5.270367019746952097e-04
6.049999999999950084e+00 4.689971362154925216e-04
6.149999999999949729e+00 4.455940855061365168e-04
6.249999999999949374e+00 4.100214484279155109e-04
6.349999999999949019e+00 3.884906417753080971e-04
6.449999999999948663e+00 3.267065879026084980e-04
6.549999999999948308e+00 2.639864120015346849e-04
6.649999999999947953e+00 2.583696798312892372e-04
6.749999999999947597e+00 2.096913343558289618e-04
6.849999999999947242e+00 2.134358224693258998e-04
6.949999999999946887e+00 1.806715514762276178e-04
7.049999999999946532e+00 1.928411378450927273e-04
7.149999999999946176e+00 1.291848399156446457e-04
7.249999999999945821e+00 1.394821822277612184e-04
7.349999999999945466e+00 1.057817892062887222e-04
7.449999999999945111e+00 1.076540332630371912e-04
7.549999999999944755e+00 9.267608080904941208e-05
7.649999999999944400e+00 7.863425038343586069e-05
7.749999999999944045e+00 7.114527415644198468e-05
7.849999999999943689e+00 8.331486052530703997e-05
7.949999999999943334e+00 6.833690807131926085e-05
