-7.950000000000000178e+00 1.213214148773010481e-05
-7.850000000000000533e+00 1.512773197852766233e-05
-7.750000000000000888e+00 1.722464532208595276e-05
-7.650000000000001243e+00 1.887222009202460711e-05
-7.550000000000001599e+00 2.456384202453996588e-05
-7.450000000000001954e+00 2.231714915644179902e-05
-7.350000000000002309e+00 2.950656633435593231e-05
-7.250000000000002665e+00 2.696031441717801596e-05
-7.150000000000003020e+00 4.074003067484677682e-05
-7.050000000000003375e+00 4.298672354294494368e-05
-6.950000000000003730e+00 5.077525881901859289e-05
-6.850000000000004086e+00 5.886335314417199497e-05
-6.750000000000004441e+00 6.290740030674869939e-05
-6.650000000000004796e+00 7.533910084355855200e-05
-6.550000000000005151e+00 7.488976226993892269e-05
-6.450000000000005507e+00 9.481043903374266485e-05
-6.350000000000005862e+00 1.061936828987733824e-04
-6.250000000000006217e+00 1.175769267638040999e-04
-6.150000000000006573e+00 1.376473830521477456e-04
-6.050000000000006928e+00 1.497795245398778725e-04
-5.950000000000007283e+00 1.780878546779148170e-04
-5.850000000000007638e+00 2.035503738496940822e-04
-5.750000000000007994e+00 2.294622315950930037e-04
-5.650000000000008349e+00 2.612154907975472147e-04
-5.550000000000008704e+00 3.118409700920259922e-04
-5.450000000000009059e+00 3.587231406393428103e-04
-5.350000000000009415e+00 4.087483224693270762e-04
-5.250000000000009770e+00 4.680621935534536385e-04
-5.150000000000010125e+00 5.297713576638830553e-04
-5.050000000000010481e+00 6.236842989167205864e-04
-4.950000000000010836e+00 6.876389765289128188e-04
-4.850000000000011191e+00 8.065627396472397573e-04
-4.750000000000011546e+00 9.064656825153373943e-04
-4.650000000000011902e+00 1.046958876533741600e-03
-4.550000000000012257e+00 1.222502838027146469e-03
-4.450000000000012612e+00 1.370931988113494168e-03
-4.350000000000012967e+00 1.606085841641100281e-03
-4.250000000000013323e+00 1.875239647239258182e-03
-4.150000000000013678e+00 2.114441086028445542e-03
-4.050000000000014033e+00 2.426132276595929001e-03
-3.950000000000014388e+00 2.805227791305361061e-03
-3.850000000000014744e+00 3.279729325047689610e-03
-3.750000000000015099e+00 3.743746292072227134e-03
-3.650000000000015454e+00 4.323094672358804465e-03
-3.550000000000015810e+00 4.943778663319382295e-03
-3.450000000000016165e+00 5.663622596357033301e-03
-3.350000000000016520e+00 6.578774311929343373e-03
-3.250000000000016875e+00 7.566131551993223944e-03
-3.150000000000017231e+00 8.602012640542685759e-03
-3.050000000000017586e+00 9.999161942282326285e-03
-2.950000000000017941e+00 1.152047257303384989e-02
-2.850000000000018296e+00 1.320086439060907946e-02
-2.750000000000018652e+00 1.521736146125179760e-02
-2.650000000000019007e+00 1.741117036352454045e-02
-2.550000000000019362e+00 1.998410426466527834e-02
-2.450000000000019718e+00 2.314685696041444973e-02
-2.350000000000020073e+00 2.647139984745875210e-02
-2.250000000000020428e+00 3.039399586486207783e-02
-2.150000000000020783e+00 3.499585499908224734e-02
-2.050000000000021139e+00 4.023844381385818791e-02
-1.950000000000021272e+00 4.605500073970079239e-02
-1.850000000000021627e+00 5.297474637019555094e-02
-1.750000000000021982e+00 6.085651291378067762e-02
-1.650000000000022338e+00 6.976273248613178157e-02
-1.550000000000022693e+00 8.020819613372420775e-02
-1.450000000000023048e+00 9.242530271032629863e-02
-1.350000000000023404e+00 1.058333841247223184e-01
-1.250000000000023759e+00 1.215212832694662209e-01
-1.150000000000024114e+00 1.395202840159596724e-01
-1.050000000000024469e+00 1.604183771409893322e-01
-9.500000000000248246e-01 1.846417691268808225e-01
-8.500000000000251799e-01 2.122187918910991566e-01
-7.500000000000255351e-01 2.444232070706896798e-01
-6.500000000000258904e-01 2.821091884242630243e-01
-5.500000000000262457e-01 3.244752220794278053e-01
-4.500000000000266565e-01 3.750972729559725050e-01
-3.500000000000270117e-01 4.347209517826188807e-01
-2.500000000000273670e-01 5.028119678699132233e-01
-1.500000000000277223e-01 5.823690158009144913e-01
-5.000000000002806366e-02 6.650714773837951288e-01
4.999999999997158107e-02 6.617189316224941775e-01
1.499999999999712119e-01 5.762054114611449007e-01
2.499999999999708566e-01 4.962989385136911125e-01
3.499999999999705014e-01 4.281588631455984784e-01
4.499999999999701461e-01 3.695866389399532492e-01
5.499999999999698463e-01 3.194515047865571500e-01
6.499999999999694911e-01 2.762009168960130046e-01
7.499999999999691358e-01 2.393997622114444057e-01
8.499999999999687805e-01 2.081291976006670597e-01
9.499999999999684253e-01 1.806447833985345419e-01
1.049999999999968070e+00 1.567021784877691282e-01
1.149999999999967715e+00 1.361808032749173281e-01
1.249999999999967359e+00 1.185229401376426128e-01
1.349999999999967004e+00 1.028137958877406721e-01
1.449999999999966649e+00 8.944992891724194706e-02
1.549999999999966294e+00 7.782179906768513233e-02
1.649999999999965938e+00 6.779026587823788752e-02
1.749999999999965583e+00 5.889314747589408094e-02
1.849999999999965228e+00 5.120863702802913586e-02
1.949999999999964873e+00 4.466519181402992672e-02
2.049999999999964295e+00 3.875937454712599650e-02
2.149999999999963940e+00 3.358354140500787594e-02
2.249999999999963585e+00 2.933053765330205509e-02
2.349999999999963229e+00 2.541318273989123799e-02
2.449999999999962874e+00 2.205525317127056406e-02
2.549999999999962519e+00 1.922470202602019618e-02
2.649999999999962164e+00 1.668699107983936253e-02
2.749999999999961808e+00 1.446963730805569427e-02
2.849999999999961453e+00 1.240118325352633499e-02
2.949999999999961098e+00 1.094336852688270259e-02
3.049999999999960743e+00 9.467133277453337187e-03
3.149999999999960387e+00 8.258114134733788789e-03
3.249999999999960032e+00 7.060321380156720818e-03
3.349999999999959677e+00 6.111758216315003357e-03
3.449999999999959321e+00 5.289925041362711876e-03
3.549999999999958966e+00 4.561995372732576687e-03
3.649999999999958611e+00 4.046598131959187709e-03
3.749999999999958256e+00 3.455715548916704453e-03
3.849999999999957900e+00 2.966384662878593457e-03
3.949999999999957545e+00 2.621146396913183289e-03
4.049999999999957190e+00 2.241904640778215503e-03
4.149999999999956835e+00 1.952827799683584404e-03
4.249999999999956479e+00 1.676781777223921958e-03
4.349999999999956124e+00 1.479224943088495005e-03
4.449999999999955769e+00 1.299787893323387867e-03
4.549999999999955413e+00 1.086352070854064000e-03
4.649999999999955058e+00 9.653302150258438394e-04
4.749999999999954703e+00 8.257356981546790011e-04
4.849999999999954348e+00 7.259813554447863432e-04
4.949999999999953992e+00 6.278757668711672235e-04
5.049999999999953637e+00 5.392062883435603735e-04
5.149999999999953282e+00 4.783958013803702152e-04
5.249999999999952927e+00 4.112945743865050298e-04
5.349999999999952571e+00 3.644135832055232175e-04
5.449999999999952216e+00 3.124400881901854979e-04
5.549999999999951861e+00 2.681053489263815850e-04
5.649999999999951505e+00 2.362023101993875247e-04
5.749999999999951150e+00 2.016032400306756885e-04
5.849999999999950795e+00 1.840790356595099558e-04
5.949999999999950440e+00 1.604138707822092350e-04
6.049999999999950084e+00 1.398940759202459193e-04
6.149999999999949729e+00 1.120350843558286176e-04
6.249999999999949374e+00 1.046958876533746045e-04
6.349999999999949019e+00 8.836991947852791034e-05
6.449999999999948663e+00 8.327741564417208441e-05
6.549999999999948308e+00 6.560343174846650235e-05
6.649999999999947953e+00 5.571798312883456271e-05
6.749999999999947597e+00 4.957702262269956785e-05
6.849999999999947242e+00 4.837878642638054281e-05
6.949999999999946887e+00 4.148892829754616577e-05
7.049999999999946532e+00 3.489862921779153483e-05
7.149999999999946176e+00 3.160347967791422613e-05
7.249999999999945821e+00 2.636119631901850005e-05
7.349999999999945466e+00 2.411450345092032980e-05
7.449999999999945111e+00 2.141847200920253362e-05
7.549999999999944755e+00 1.917177914110436337e-05
7.649999999999944400e+00 1.452861388036814981e-05
7.749999999999944045e+00 1.467839340490802794e-05
7.849999999999943689e+00 1.093390529141108147e-05
7.949999999999943334e+00 8.986771472392670858e-06
