-7.950000000000000178e+00 4.493385736196335429e-07
-7.850000000000000533e+00 2.995590490797556776e-07
-7.750000000000000888e+00 8.986771472392670858e-07
-7.650000000000001243e+00 5.991180981595113552e-07
-7.550000000000001599e+00 8.986771472392670858e-07
-7.450000000000001954e+00 1.048456671779144792e-06
-7.350000000000002309e+00 1.647574769938656253e-06
-7.250000000000002665e+00 1.348015720858900629e-06
-7.150000000000003020e+00 1.797354294478533960e-06
-7.050000000000003375e+00 2.246692868098167715e-06
-6.950000000000003730e+00 2.995590490797556670e-06
-6.850000000000004086e+00 2.696031441717801257e-06
-6.750000000000004441e+00 4.044047162576701886e-06
-6.650000000000004796e+00 5.092503834355846255e-06
-6.550000000000005151e+00 4.942724309815968125e-06
-6.450000000000005507e+00 8.836991947852791034e-06
-6.350000000000005862e+00 1.063434624233132521e-05
-6.250000000000006217e+00 1.243170053680985938e-05
-6.150000000000006573e+00 1.183258243865034855e-05
-6.050000000000006928e+00 1.827310199386509798e-05
-5.950000000000007283e+00 1.812332246932521815e-05
-5.850000000000007638e+00 2.531273964723935484e-05
-5.750000000000007994e+00 3.070480253067495397e-05
-5.650000000000008349e+00 3.205281825153385544e-05
-5.550000000000008704e+00 3.654620398773019595e-05
-5.450000000000009059e+00 4.553297546012286342e-05
-5.350000000000009415e+00 5.227305406441737080e-05
-5.250000000000009770e+00 6.410563650306771088e-05
-5.150000000000010125e+00 7.369152607361989765e-05
-5.050000000000010481e+00 8.162984087423341651e-05
-4.950000000000010836e+00 1.054447852760739867e-04
-4.850000000000011191e+00 1.217707534509206808e-04
-4.750000000000011546e+00 1.481319497699392046e-04
-4.650000000000011902e+00 1.697002013036816553e-04
-4.550000000000012257e+00 2.013036809815959356e-04
-4.450000000000012612e+00 2.439908454754612078e-04
-4.350000000000012967e+00 2.988101514570565796e-04
-4.250000000000013323e+00 3.518321031441734342e-04
-4.150000000000013678e+00 4.367570935582842408e-04
-4.050000000000014033e+00 5.254265720858915245e-04
-3.950000000000014388e+00 6.443515145705536315e-04
-3.850000000000014744e+00 8.041662672546017344e-04
-3.750000000000015099e+00 9.858488305214717969e-04
-3.650000000000015454e+00 1.196588621549077996e-03
-3.550000000000015810e+00 1.540033071319014827e-03
-3.450000000000016165e+00 1.891266056365025231e-03
-3.350000000000016520e+00 2.411899683665635723e-03
-3.250000000000016875e+00 3.018207199003055535e-03
-3.150000000000017231e+00 3.825219277223910423e-03
-3.050000000000017586e+00 4.831438123082799560e-03
-2.950000000000017941e+00 6.172713765337393965e-03
-2.850000000000018296e+00 7.836314944401803761e-03
-2.750000000000018652e+00 9.974567436733078676e-03
-2.650000000000019007e+00 1.254478407783735788e-02
-2.550000000000019362e+00 1.585940495590490440e-02
-2.450000000000019718e+00 1.989042247921407602e-02
-2.350000000000020073e+00 2.475001797354527480e-02
-2.250000000000020428e+00 3.074614285881781262e-02
-2.150000000000020783e+00 3.798289036648561795e-02
-2.050000000000021139e+00 4.650923840107571566e-02
-1.950000000000021272e+00 5.632683807545728338e-02
-1.850000000000021627e+00 6.823236432192732182e-02
-1.750000000000021982e+00 8.158566299070012240e-02
-1.650000000000022338e+00 9.685598271785990365e-02
-1.550000000000022693e+00 1.140830256917068075e-01
-1.450000000000023048e+00 1.327919967162819737e-01
-1.350000000000023404e+00 1.538685185328614868e-01
-1.250000000000023759e+00 1.764065901292646288e-01
-1.150000000000024114e+00 1.999082016625956248e-01
-1.050000000000024469e+00 2.250882519828498463e-01
-9.500000000000248246e-01 2.502188679838095453e-01
-8.500000000000251799e-01 2.757721511887404331e-01
-7.500000000000255351e-01 3.011013866329168009e-01
-6.500000000000258904e-01 3.246927161014571683e-01
-5.500000000000262457e-01 3.468325239421141681e-01
-4.500000000000266565e-01 3.663489587422144589e-01
-3.500000000000270117e-01 3.831036171448874983e-01
-2.500000000000273670e-01 3.958926998828118937e-01
-1.500000000000277223e-01 4.043504170522709273e-01
-5.000000000002806366e-02 4.098091695638486076e-01
4.999999999997158107e-02 4.090229567903110874e-01
1.499999999999712119e-01 4.049326348308503465e-01
2.499999999999708566e-01 3.961616956533213774e-01
3.499999999999705014e-01 3.829872254812902721e-01
4.499999999999701461e-01 3.664288089192893061e-01
5.499999999999698463e-01 3.468236869501662434e-01
6.499999999999694911e-01 3.249765400448956232e-01
7.499999999999691358e-01 3.013001358064170687e-01
8.499999999999687805e-01 2.757525277122929719e-01
9.499999999999684253e-01 2.502629031640239976e-01
1.049999999999968070e+00 2.249861023471141364e-01
1.149999999999967715e+00 1.998897811398095969e-01
1.249999999999967359e+00 1.762494879191510155e-01
1.349999999999967004e+00 1.540209917301103570e-01
1.449999999999966649e+00 1.331484637291226458e-01
1.549999999999966294e+00 1.139133302078685073e-01
1.649999999999965938e+00 9.693551446602420574e-02
1.749999999999965583e+00 8.150223343679878496e-02
1.849999999999965228e+00 6.815028396311309522e-02
1.949999999999964873e+00 5.638420363335609753e-02
2.049999999999964295e+00 4.658892582559626822e-02
2.149999999999963940e+00 3.776690711273279766e-02
2.249999999999963585e+00 3.076381566334719306e-02
2.349999999999963229e+00 2.470388587998698440e-02
2.449999999999962874e+00 1.979740821510845433e-02
2.549999999999962519e+00 1.585356473381417663e-02
2.649999999999962164e+00 1.256934791986189653e-02
2.749999999999961808e+00 1.000227664877295468e-02
2.849999999999961453e+00 7.794676236579716269e-03
2.949999999999961098e+00 6.174061781058252582e-03
3.049999999999960743e+00 4.868134106595069233e-03
3.149999999999960387e+00 3.838550834274294214e-03
3.249999999999960032e+00 3.042321702453975804e-03
3.349999999999959677e+00 2.379846865414102491e-03
3.449999999999959321e+00 1.892014953987724559e-03
3.549999999999958966e+00 1.511425182131898373e-03
3.649999999999958611e+00 1.210967455904906134e-03
3.749999999999958256e+00 9.681748466257664859e-04
3.849999999999957900e+00 7.983248657975466076e-04
3.949999999999957545e+00 6.395585697852775855e-04
4.049999999999957190e+00 5.153913439417199659e-04
4.149999999999956835e+00 4.379553297546032523e-04
4.249999999999956479e+00 3.507836464723942992e-04
4.349999999999956124e+00 2.881758052147252443e-04
4.449999999999955769e+00 2.561229869631913075e-04
4.549999999999955413e+00 2.026516967024548236e-04
4.649999999999955058e+00 1.771891775306755584e-04
4.749999999999954703e+00 1.506782016871171311e-04
4.849999999999954348e+00 1.202729582055219029e-04
4.949999999999953992e+00 1.084403757668715425e-04
5.049999999999953637e+00 8.552410851227024451e-05
5.149999999999953282e+00 7.159461273006161399e-05
5.249999999999952927e+00 6.350651840490820514e-05
5.349999999999952571e+00 5.451974693251553089e-05
5.449999999999952216e+00 4.508363688650323411e-05
5.549999999999951861e+00 3.819377875766885708e-05
5.649999999999951505e+00 3.639642446319031274e-05
5.749999999999951150e+00 2.935678680981605927e-05
5.849999999999950795e+00 2.171803105828228650e-05
5.949999999999950440e+00 1.902199961656448354e-05
6.049999999999950084e+00 1.602640912576692772e-05
6.149999999999949729e+00 1.392949578220863729e-05
6.249999999999949374e+00 1.138324386503071586e-05
6.349999999999949019e+00 1.063434624233132521e-05
6.449999999999948663e+00 7.488976226993892099e-06
6.549999999999948308e+00 6.440519555214746037e-06
6.649999999999947953e+00 6.140960506134991471e-06
6.749999999999947597e+00 3.594708588957068343e-06
6.849999999999947242e+00 2.995590490797556670e-06
6.949999999999946887e+00 2.696031441717801257e-06
7.049999999999946532e+00 2.546251917177923127e-06
7.149999999999946176e+00 1.647574769938656042e-06
7.249999999999945821e+00 2.246692868098167715e-06
7.349999999999945466e+00 1.198236196319022710e-06
7.449999999999945111e+00 1.348015720858900629e-06
7.549999999999944755e+00 8.986771472392669799e-07
7.649999999999944400e+00 1.497795245398778388e-07
7.749999999999944045e+00 2.995590490797556776e-07
7.849999999999943689e+00 1.497795245398778388e-07
7.949999999999943334e+00 2.995590490797556776e-07
