-7.950000000000000178e+00 1.591407448236201768e-04
-7.850000000000000533e+00 1.572685007668717214e-04
-7.750000000000000888e+00 2.087552123274547477e-04
-7.650000000000001243e+00 1.806715514762276178e-04
-7.550000000000001599e+00 2.003301140720866033e-04
-7.450000000000001954e+00 2.171803105828228378e-04
-7.350000000000002309e+00 2.181164326111970791e-04
-7.250000000000002665e+00 2.349666291219333408e-04
-7.150000000000003020e+00 2.667947780866573816e-04
-7.050000000000003375e+00 2.864533406825163129e-04
-6.950000000000003730e+00 2.686670221434058641e-04
-6.850000000000004086e+00 3.164092455904919253e-04
-6.750000000000004441e+00 3.295149539877311948e-04
-6.650000000000004796e+00 3.875545197469338829e-04
-6.550000000000005151e+00 4.165743026265352270e-04
-6.450000000000005507e+00 4.633804040452470198e-04
-6.350000000000005862e+00 4.821028446127317369e-04
-6.250000000000006217e+00 4.895991918793191414e-04
-6.150000000000006573e+00 5.270440730142886840e-04
-6.050000000000006928e+00 6.384425943908229352e-04
-5.950000000000007283e+00 5.813317796204009328e-04
-5.850000000000007638e+00 6.122459196755312364e-04
-5.750000000000007994e+00 7.199073239781619967e-04
-5.650000000000008349e+00 7.208581880857232137e-04
-5.550000000000008704e+00 7.844702597776104496e-04
-5.450000000000009059e+00 8.191141458670506614e-04
-5.350000000000009415e+00 9.230310620561844566e-04
-5.250000000000009770e+00 1.065328981408661738e-03
-5.150000000000010125e+00 1.061628719532725727e-03
-5.050000000000010481e+00 1.184268076289344239e-03
-4.950000000000010836e+00 1.296587977615065376e-03
-4.850000000000011191e+00 1.432340413808516361e-03
-4.750000000000011546e+00 1.513760917158294469e-03
-4.650000000000011902e+00 1.693533201804114973e-03
-4.550000000000012257e+00 1.818022689498701491e-03
-4.450000000000012612e+00 2.050247291891853837e-03
-4.350000000000012967e+00 2.143881607848057737e-03
-4.250000000000013323e+00 2.426597831456672565e-03
-4.150000000000013678e+00 2.756149640642372757e-03
-4.050000000000014033e+00 3.019199930615534475e-03
-3.950000000000014388e+00 3.294471404234715350e-03
-3.850000000000014744e+00 3.568821497904709882e-03
-3.750000000000015099e+00 3.997528531702144311e-03
-3.650000000000015454e+00 4.478776335722033791e-03
-3.550000000000015810e+00 4.937417161308662976e-03
-3.450000000000016165e+00 5.505768540204916683e-03
-3.350000000000016520e+00 6.281887412123096821e-03
-3.250000000000016875e+00 7.055315854589651152e-03
-3.150000000000017231e+00 7.775326373122119945e-03
-3.050000000000017586e+00 8.688907762419425390e-03
-2.950000000000017941e+00 9.848217498645166212e-03
-2.850000000000018296e+00 1.089469873181323108e-02
-2.750000000000018652e+00 1.229356725482764687e-02
-2.650000000000019007e+00 1.415263926382251056e-02
-2.550000000000019362e+00 1.584487516265816257e-02
-2.450000000000019718e+00 1.792870491093803004e-02
-2.350000000000020073e+00 2.071591611242745018e-02
-2.250000000000020428e+00 2.357318167421347532e-02
-2.150000000000020783e+00 2.699071258446168048e-02
-2.050000000000021139e+00 3.096421152708902363e-02
-1.950000000000021272e+00 3.587784971466889683e-02
-1.850000000000021627e+00 4.118504244822478177e-02
-1.750000000000021982e+00 4.747457362840617340e-02
-1.650000000000022338e+00 5.475624673787238272e-02
-1.550000000000022693e+00 6.419051402398628925e-02
-1.450000000000023048e+00 7.481011818713086126e-02
-1.350000000000023404e+00 8.670475740811903198e-02
-1.250000000000023759e+00 1.012401600159528736e-01
-1.150000000000024114e+00 1.193039834536793464e-01
-1.050000000000024469e+00 1.396967900455268752e-01
-9.500000000000248246e-01 1.645162965783686926e-01
-8.500000000000251799e-01 1.939022653339362301e-01
-7.500000000000255351e-01 2.297752870176714979e-01
-6.500000000000258904e-01 2.732287079324780543e-01
-5.500000000000262457e-01 3.240982939451745315e-01
-4.500000000000266565e-01 3.862353174198497885e-01
-3.500000000000270117e-01 4.625735626803078038e-01
-2.500000000000273670e-01 5.511791490367172752e-01
-1.500000000000277223e-01 6.514768626723218548e-01
-5.000000000002806366e-02 7.564454714196153784e-01
4.999999999997158107e-02 7.535664318068705514e-01
1.499999999999712119e-01 6.498081477608288470e-01
2.499999999999708566e-01 5.448524235907473701e-01
3.499999999999705014e-01 4.567432104116033731e-01
4.499999999999701461e-01 3.838223781247594446e-01
5.499999999999698463e-01 3.217603181227505216e-01
6.499999999999694911e-01 2.695849082198283897e-01
7.499999999999691358e-01 2.272605978920329561e-01
8.499999999999687805e-01 1.914274903876963807e-01
9.499999999999684253e-01 1.626164184941840674e-01
1.049999999999968070e+00 1.373816275906445394e-01
1.149999999999967715e+00 1.159284379849557373e-01
1.249999999999967359e+00 9.930613190533169043e-02
1.349999999999967004e+00 8.520637247955276106e-02
1.449999999999966649e+00 7.305080582799433619e-02
1.549999999999966294e+00 6.205646538295593595e-02
1.649999999999965938e+00 5.323933101576807519e-02
1.749999999999965583e+00 4.591168473235725245e-02
1.849999999999965228e+00 3.978503878511299718e-02
1.949999999999964873e+00 3.444002524740287507e-02
2.049999999999964295e+00 2.978578868519735079e-02
2.149999999999963940e+00 2.554796426274712901e-02
2.249999999999963585e+00 2.273462272589876765e-02
2.349999999999963229e+00 1.986705982180062696e-02
2.449999999999962874e+00 1.739146669016592220e-02
2.549999999999962519e+00 1.505272427962412417e-02
2.649999999999962164e+00 1.350972981943803636e-02
2.749999999999961808e+00 1.161873383796373921e-02
2.849999999999961453e+00 1.041452709957400510e-02
2.949999999999961098e+00 8.894102762623219000e-03
3.049999999999960743e+00 8.176141393097753618e-03
3.149999999999960387e+00 7.165837222254558929e-03
3.249999999999960032e+00 6.472988984624125988e-03
3.349999999999959677e+00 5.695897135479603343e-03
3.449999999999959321e+00 5.127612095939690362e-03
3.549999999999958966e+00 4.506904222810820954e-03
3.649999999999958611e+00 4.167924853985037134e-03
3.749999999999958256e+00 3.805682484202173050e-03
3.849999999999957900e+00 3.456376288905898490e-03
3.949999999999957545e+00 3.017327686558785721e-03
4.049999999999957190e+00 2.727984898355616597e-03
4.149999999999956835e+00 2.528635132549464891e-03
4.249999999999956479e+00 2.243110542855727800e-03
4.349999999999956124e+00 2.010038270909322768e-03
4.449999999999955769e+00 1.894843664142136907e-03
4.549999999999955413e+00 1.689825568888585813e-03
4.649999999999955058e+00 1.565232886639690221e-03
4.749999999999954703e+00 1.494102354562435375e-03
4.849999999999954348e+00 1.383698923531023837e-03
4.949999999999953992e+00 1.199223915624551568e-03
5.049999999999953637e+00 1.193644038652273438e-03
5.149999999999953282e+00 1.049444391084673831e-03
5.249999999999952927e+00 9.642278023442444387e-04
5.349999999999952571e+00 9.249106771525264677e-04
5.449999999999952216e+00 8.547088960640521985e-04
5.549999999999951861e+00 7.648190682213449384e-04
5.649999999999951505e+00 7.470401207218279639e-04
5.749999999999951150e+00 6.749587245370116837e-04
5.849999999999950795e+00 5.916364929721110340e-04
5.949999999999950440e+00 5.935013659892659880e-04
6.049999999999950084e+00 5.429581474966507044e-04
6.149999999999949729e+00 4.914640648964740954e-04
6.249999999999949374e+00 4.914714359360676781e-04
6.349999999999949019e+00 4.437365835285750370e-04
6.449999999999948663e+00 4.409208464038588660e-04
6.549999999999948308e+00 3.772645484744107302e-04
6.649999999999947953e+00 3.678959571510748974e-04
6.749999999999947597e+00 3.613431029524552356e-04
6.849999999999947242e+00 3.126647574769949060e-04
6.949999999999946887e+00 3.248343438458600155e-04
7.049999999999946532e+00 3.014312931365041191e-04
7.149999999999946176e+00 2.546251917177923263e-04
7.249999999999945821e+00 2.237331647814425268e-04
7.349999999999945466e+00 1.900327717599700034e-04
7.449999999999945111e+00 2.087552123274546935e-04
7.549999999999944755e+00 1.853521616180988242e-04
7.649999999999944400e+00 1.816076735046018591e-04
7.749999999999944045e+00 1.956495039302153969e-04
7.849999999999943689e+00 1.713103311924852592e-04
7.949999999999943334e+00 1.460350364263808803e-04
