-7.950000000000000178e+00 1.871526446914533429e-06
-7.850000000000000533e+00 1.871526446914533429e-06
-7.750000000000000888e+00 9.357632234572667144e-07
-7.650000000000001243e+00 9.357632234572667144e-07
-7.550000000000001599e+00 9.357632234572667144e-07
-7.450000000000001954e+00 3.743052893829066858e-06
-7.350000000000002309e+00 9.357632234572667144e-07
-7.250000000000002665e+00 2.807289670371800249e-06
-7.150000000000003020e+00 2.807289670371800249e-06
-7.050000000000003375e+00 4.678816117286333466e-06
-6.950000000000003730e+00 5.614579340743600498e-06
-6.850000000000004086e+00 5.614579340743600498e-06
-6.750000000000004441e+00 5.614579340743600498e-06
-6.650000000000004796e+00 8.421869011115399900e-06
-6.550000000000005151e+00 5.614579340743600498e-06
-6.450000000000005507e+00 7.486105787658133715e-06
-6.350000000000005862e+00 5.614579340743600498e-06
-6.250000000000006217e+00 9.357632234572666933e-06
-6.150000000000006573e+00 8.421869011115399900e-06
-6.050000000000006928e+00 9.357632234572666933e-06
-5.950000000000007283e+00 1.403644835185900040e-05
-5.850000000000007638e+00 1.403644835185900040e-05
-5.750000000000007994e+00 9.357632234572666933e-06
-5.650000000000008349e+00 1.497221157531626912e-05
-5.550000000000008704e+00 2.058679091605986793e-05
-5.450000000000009059e+00 1.497221157531626743e-05
-5.350000000000009415e+00 1.497221157531626743e-05
-5.250000000000009770e+00 2.807289670371800419e-05
-5.150000000000010125e+00 4.210934505557700628e-05
-5.050000000000010481e+00 5.053121406669240618e-05
-4.950000000000010836e+00 5.053121406669240618e-05
-4.850000000000011191e+00 8.421869011115401256e-05
-4.750000000000011546e+00 8.889750622844035111e-05
-4.650000000000011902e+00 8.328292688769674214e-05
-4.550000000000012257e+00 1.076127706975856782e-04
-4.450000000000012612e+00 1.403644835185900209e-04
-4.350000000000012967e+00 1.852811182445388114e-04
-4.250000000000013323e+00 2.461057277692611854e-04
-4.150000000000013678e+00 3.013157579532399098e-04
-4.050000000000014033e+00 3.593330778075904861e-04
-3.950000000000014388e+00 4.987617981027232502e-04
-3.850000000000014744e+00 5.848520146607917494e-04
-3.750000000000015099e+00 7.841695812571895493e-04
-3.650000000000015454e+00 1.017174623898048705e-03
-3.550000000000015810e+00 1.411130940973557343e-03
-3.450000000000016165e+00 1.605769691452668072e-03
-3.350000000000016520e+00 2.222437655711007043e-03
-3.250000000000016875e+00 2.913030914622471990e-03
-3.150000000000017231e+00 3.721530339689551464e-03
-3.050000000000017586e+00 4.875326394212354739e-03
-2.950000000000017941e+00 6.169486932253741285e-03
-2.850000000000018296e+00 7.782742729494061124e-03
-2.750000000000018652e+00 1.012215078813725674e-02
-2.650000000000019007e+00 1.275070968282875951e-02
-2.550000000000019362e+00 1.612787915628607904e-02
-2.450000000000019718e+00 2.041273895649697162e-02
-2.350000000000020073e+00 2.586823854925292959e-02
-2.250000000000020428e+00 3.146878144164470814e-02
-2.150000000000020783e+00 3.876214947812769984e-02
-2.050000000000021139e+00 4.740112292529916060e-02
-1.950000000000021272e+00 5.706099931283384330e-02
-1.850000000000021627e+00 6.916320297716310739e-02
-1.750000000000021982e+00 8.240706724696766905e-02
-1.650000000000022338e+00 9.823455904030911623e-02
-1.550000000000022693e+00 1.146965425084408852e-01
-1.450000000000023048e+00 1.345739880600479166e-01
-1.350000000000023404e+00 1.541351824831977690e-01
-1.250000000000023759e+00 1.765271269712351820e-01
-1.150000000000024114e+00 2.009207942538922542e-01
-1.050000000000024469e+00 2.254077947078213517e-01
-9.500000000000248246e-01 2.494251157057189860e-01
-8.500000000000251799e-01 2.747965081926011521e-01
-7.500000000000255351e-01 2.987922550588572035e-01
-6.500000000000258904e-01 3.228123907146378535e-01
-5.500000000000262457e-01 3.455561527018373158e-01
-4.500000000000266565e-01 3.659998455268506090e-01
-3.500000000000270117e-01 3.828783099433495374e-01
-2.500000000000273670e-01 3.945875593677556914e-01
-1.500000000000277223e-01 4.024480809680119342e-01
-5.000000000002806366e-02 4.101371368519444172e-01
4.999999999997158107e-02 4.078623185603630352e-01
1.499999999999712119e-01 4.040883560073026404e-01
2.499999999999708566e-01 3.949019758108373024e-01
3.499999999999705014e-01 3.826453196371373267e-01
4.499999999999701461e-01 3.659493879949275996e-01
5.499999999999698463e-01 3.454756623281912686e-01
6.499999999999694911e-01 3.224100714742661467e-01
7.499999999999691358e-01 2.986603124443495960e-01
8.499999999999687805e-01 2.749377347571994035e-01
9.499999999999684253e-01 2.506988220807027656e-01
1.049999999999968070e+00 2.257848188683024837e-01
1.149999999999967715e+00 2.002450184740544592e-01
1.249999999999967359e+00 1.778316177458064140e-01
1.349999999999967004e+00 1.546910332061457449e-01
1.449999999999966649e+00 1.340761767615973876e-01
1.549999999999966294e+00 1.149445344990858570e-01
1.649999999999965938e+00 9.766562236866146995e-02
1.749999999999965583e+00 8.278230093135963141e-02
1.849999999999965228e+00 6.922683487635820920e-02
1.949999999999964873e+00 5.730712714524616863e-02
2.049999999999964295e+00 4.776792737246567805e-02
2.149999999999963940e+00 3.862739957394986656e-02
2.249999999999963585e+00 3.164471229586902912e-02
2.349999999999963229e+00 2.567640708844418432e-02
2.449999999999962874e+00 2.026863142008454924e-02
2.549999999999962519e+00 1.619338258192808827e-02
2.649999999999962164e+00 1.290511061469921082e-02
2.749999999999961808e+00 1.014086605260640372e-02
2.849999999999961453e+00 7.856668024147184931e-03
2.949999999999961098e+00 6.185394907052515004e-03
3.049999999999960743e+00 4.866904525201239291e-03
3.149999999999960387e+00 3.817913951705650087e-03
3.249999999999960032e+00 2.958883312571877928e-03
3.349999999999959677e+00 2.107338779225762741e-03
3.449999999999959321e+00 1.693731434457651248e-03
3.549999999999958966e+00 1.281059852912997364e-03
3.649999999999958611e+00 1.001266649099275203e-03
3.749999999999958256e+00 7.860411077041040088e-04
3.849999999999957900e+00 5.633294605212747601e-04
3.949999999999957545e+00 4.360656621310863082e-04
4.049999999999957190e+00 4.061212389804538174e-04
4.149999999999956835e+00 3.041230476236117617e-04
4.249999999999956479e+00 2.311335161939449129e-04
4.349999999999956124e+00 1.899599343618251770e-04
4.449999999999955769e+00 1.300710880605600870e-04
4.549999999999955413e+00 1.057412442506711374e-04
4.649999999999955058e+00 1.113558235914147463e-04
4.749999999999954703e+00 7.860411077041040359e-05
4.849999999999954348e+00 7.673258432349587630e-05
4.949999999999953992e+00 4.398087150249153357e-05
5.049999999999953637e+00 4.585239794940607441e-05
5.149999999999953282e+00 5.614579340743600837e-05
5.249999999999952927e+00 3.088018637408980189e-05
5.349999999999952571e+00 2.432984380988893606e-05
5.449999999999952216e+00 1.965102769260260090e-05
5.549999999999951861e+00 1.310068512840173506e-05
5.649999999999951505e+00 1.122915868148720100e-05
5.749999999999951150e+00 1.122915868148720100e-05
5.849999999999950795e+00 7.486105787658133715e-06
5.949999999999950440e+00 1.029339545802993396e-05
6.049999999999950084e+00 1.403644835185900040e-05
6.149999999999949729e+00 1.029339545802993396e-05
6.249999999999949374e+00 6.550342564200866683e-06
6.349999999999949019e+00 1.029339545802993396e-05
6.449999999999948663e+00 1.122915868148720100e-05
6.549999999999948308e+00 7.486105787658134562e-06
6.649999999999947953e+00 6.550342564200867530e-06
6.749999999999947597e+00 4.678816117286333466e-06
6.849999999999947242e+00 3.743052893829066858e-06
6.949999999999946887e+00 3.743052893829066858e-06
7.049999999999946532e+00 2.807289670371800249e-06
7.149999999999946176e+00 3.743052893829066858e-06
7.249999999999945821e+00 5.614579340743600498e-06
7.349999999999945466e+00 3.743052893829066858e-06
7.449999999999945111e+00 2.807289670371800249e-06
7.549999999999944755e+00 9.357632234572667144e-07
7.649999999999944400e+00 9.357632234572667144e-07
7.749999999999944045e+00 9.357632234572667144e-07
7.849999999999943689e+00 1.871526446914533429e-06
7.949999999999943334e+00 1.871526446914533429e-06
