-7.950000000000000178e+00 5.523119967407995751e-05
-7.850000000000000533e+00 5.897568778757690229e-05
-7.750000000000000888e+00 6.272017590107384030e-05
-7.650000000000001243e+00 8.331486052530703997e-05
-7.550000000000001599e+00 9.829281297929481909e-05
-7.450000000000001954e+00 9.642056892254635009e-05
-7.350000000000002309e+00 1.001650570360433152e-04
-7.250000000000002665e+00 1.310570839723931283e-04
-7.150000000000003020e+00 1.282487178872704044e-04
-7.050000000000003375e+00 1.582046227952459627e-04
-6.950000000000003730e+00 1.797428004874468779e-04
-6.850000000000004086e+00 1.909688937883442447e-04
-6.750000000000004441e+00 2.190525546395713204e-04
-6.650000000000004796e+00 2.003301140720866033e-04
-6.550000000000005151e+00 2.462000934624241819e-04
-6.450000000000005507e+00 2.677309001150315958e-04
-6.350000000000005862e+00 3.295149539877311948e-04
-6.250000000000006217e+00 3.360678081863508566e-04
-6.150000000000006573e+00 3.641514690375779323e-04
-6.050000000000006928e+00 4.081565754107606111e-04
-5.950000000000007283e+00 4.512108176763819103e-04
-5.850000000000007638e+00 5.139383646170493604e-04
-5.750000000000007994e+00 5.860123897622720578e-04
-5.650000000000008349e+00 6.159756657098411445e-04
-5.550000000000008704e+00 6.861774467983154137e-04
-5.450000000000009059e+00 8.088094325153406686e-04
-5.350000000000009415e+00 8.369004644061611101e-04
-5.250000000000009770e+00 9.342571553570817693e-04
-5.150000000000010125e+00 9.997856973432783876e-04
-5.050000000000010481e+00 1.150508714951123650e-03
-4.950000000000010836e+00 1.252538645004321743e-03
-4.850000000000011191e+00 1.313386576848647128e-03
-4.750000000000011546e+00 1.498746109506339129e-03
-4.650000000000011902e+00 1.644788516972313158e-03
-4.550000000000012257e+00 1.909696308923035163e-03
-4.450000000000012612e+00 2.006116877845581445e-03
-4.350000000000012967e+00 2.300073936834279992e-03
-4.250000000000013323e+00 2.511681741484418987e-03
-4.150000000000013678e+00 2.832719999939629398e-03
-4.050000000000014033e+00 2.951659094820312766e-03
-3.950000000000014388e+00 3.542322610566084329e-03
-3.850000000000014744e+00 3.881228268995933622e-03
-3.750000000000015099e+00 4.332431715632724389e-03
-3.650000000000015454e+00 4.930724257357767086e-03
-3.550000000000015810e+00 5.453942760823032865e-03
-3.450000000000016165e+00 6.100862050746381354e-03
-3.350000000000016520e+00 6.627906123760672966e-03
-3.250000000000016875e+00 7.641682054252411926e-03
-3.150000000000017231e+00 8.488997797604175277e-03
-3.050000000000017586e+00 9.551407847333789544e-03
-2.950000000000017941e+00 1.102403099252074331e-02
-2.850000000000018296e+00 1.223538026827657513e-02
-2.750000000000018652e+00 1.379877039501786230e-02
-2.650000000000019007e+00 1.589402525466760210e-02
-2.550000000000019362e+00 1.784394532665239605e-02
-2.450000000000019718e+00 2.023305405073658886e-02
-2.350000000000020073e+00 2.314071541022336490e-02
-2.250000000000020428e+00 2.646607147035488772e-02
-2.150000000000020783e+00 2.961259136786894078e-02
-2.050000000000021139e+00 3.425765098578055501e-02
-1.950000000000021272e+00 3.945417493087963190e-02
-1.850000000000021627e+00 4.514987304828999015e-02
-1.750000000000021982e+00 5.235386277148031120e-02
-1.650000000000022338e+00 6.070075429676126400e-02
-1.550000000000022693e+00 7.037602509342447132e-02
-1.450000000000023048e+00 8.113937927072151224e-02
-1.350000000000023404e+00 9.509298572344065947e-02
-1.250000000000023759e+00 1.101276288429420547e-01
-1.150000000000024114e+00 1.284559694075211311e-01
-1.050000000000024469e+00 1.507280004306127408e-01
-9.500000000000248246e-01 1.767536522852572733e-01
-8.500000000000251799e-01 2.067231567612834719e-01
-7.500000000000255351e-01 2.426681345335301998e-01
-6.500000000000258904e-01 2.854608228302150108e-01
-5.500000000000262457e-01 3.359455373815770640e-01
-4.500000000000266565e-01 3.946186292517626648e-01
-3.500000000000270117e-01 4.634232518984092164e-01
-2.500000000000273670e-01 5.372929286279630734e-01
-1.500000000000277223e-01 6.191711956496139813e-01
-5.000000000002806366e-02 6.884546631413711593e-01
4.999999999997158107e-02 6.874981454464417219e-01
1.499999999999712119e-01 6.136013211780647625e-01
2.499999999999708566e-01 5.299894151281813182e-01
3.499999999999705014e-01 4.527822053810873770e-01
4.499999999999701461e-01 3.834997624638316616e-01
5.499999999999698463e-01 3.252886947264061468e-01
6.499999999999694911e-01 2.752281024222147932e-01
7.499999999999691358e-01 2.328842588394969271e-01
8.499999999999687805e-01 1.972145893960670082e-01
9.499999999999684253e-01 1.676053149960143596e-01
1.049999999999968070e+00 1.423205852992288911e-01
1.149999999999967715e+00 1.212681886003963705e-01
1.249999999999967359e+00 1.035657967180975136e-01
1.349999999999967004e+00 8.865150056203913165e-02
1.449999999999966649e+00 7.603945279949489433e-02
1.549999999999966294e+00 6.546219525881488699e-02
1.649999999999965938e+00 5.653679506207762162e-02
1.749999999999965583e+00 4.863532071735257589e-02
1.849999999999965228e+00 4.251095242134271535e-02
1.949999999999964873e+00 3.650363623407766600e-02
2.049999999999964295e+00 3.199213985360028351e-02
2.149999999999963940e+00 2.792824985243790026e-02
2.249999999999963585e+00 2.451113909144652520e-02
2.349999999999963229e+00 2.128527732374802667e-02
2.449999999999962874e+00 1.846264827701184219e-02
2.549999999999962519e+00 1.628341516327331748e-02
2.649999999999962164e+00 1.456452558526756882e-02
2.749999999999961808e+00 1.258745060342040395e-02
2.849999999999961453e+00 1.111296258521629263e-02
2.949999999999961098e+00 9.796693931886615164e-03
3.049999999999960743e+00 8.649015696139416426e-03
3.149999999999960387e+00 7.795250293143347366e-03
3.249999999999960032e+00 7.005126445997524043e-03
3.349999999999959677e+00 6.009077865728145243e-03
3.449999999999959321e+00 5.461416994970839413e-03
3.549999999999958966e+00 4.895026312606456584e-03
3.649999999999958611e+00 4.364274606676635596e-03
3.749999999999958256e+00 3.891518240268457100e-03
3.849999999999957900e+00 3.539521615520555432e-03
3.949999999999957545e+00 3.094871023082384435e-03
4.049999999999957190e+00 2.991860744763250035e-03
4.149999999999956835e+00 2.511637515246857924e-03
4.249999999999956479e+00 2.313179645231519099e-03
4.349999999999956124e+00 2.084780612387391718e-03
4.449999999999955769e+00 1.832926931556754175e-03
4.549999999999955413e+00 1.744010080940388771e-03
4.649999999999955058e+00 1.566154266588877433e-03
4.749999999999954703e+00 1.419190479173716192e-03
4.849999999999954348e+00 1.223533604203907565e-03
4.949999999999953992e+00 1.095270144237450293e-03
5.049999999999953637e+00 9.979134532865298508e-04
5.149999999999953282e+00 9.333210333287076093e-04
5.249999999999952927e+00 8.593673930871429008e-04
5.349999999999952571e+00 7.414160175119889878e-04
5.449999999999952216e+00 6.169044166986219387e-04
5.549999999999951861e+00 6.300101250958612623e-04
5.649999999999951505e+00 5.682260712231615007e-04
5.749999999999951150e+00 5.485675086273026236e-04
5.849999999999950795e+00 4.671322631983374591e-04
5.949999999999950440e+00 4.109575704562898335e-04
6.049999999999950084e+00 4.015963501725474207e-04
6.149999999999949729e+00 3.688320791794491116e-04
6.249999999999949374e+00 3.079841473351237809e-04
6.349999999999949019e+00 2.705392662001543467e-04
6.449999999999948663e+00 2.302860189800621615e-04
6.549999999999948308e+00 2.433917273773014852e-04
6.649999999999947953e+00 2.209247986963198030e-04
6.749999999999947597e+00 2.124997004409516586e-04
6.849999999999947242e+00 1.731825752492337418e-04
6.949999999999946887e+00 1.610129888803686594e-04
7.049999999999946532e+00 1.422905483128839423e-04
7.149999999999946176e+00 1.226319857170249839e-04
7.249999999999945821e+00 1.095262773197856602e-04
7.349999999999945466e+00 8.893159269555246053e-05
7.449999999999945111e+00 8.237873849693281225e-05
7.549999999999944755e+00 7.957037241181010197e-05
7.649999999999944400e+00 6.552854198619656413e-05
7.749999999999944045e+00 6.552854198619656413e-05
7.849999999999943689e+00 5.897568778757689552e-05
7.949999999999943334e+00 5.429507764570571624e-05
