-7.950000000000000178e+00 0.000000000000000000e+00
-7.850000000000000533e+00 0.000000000000000000e+00
-7.750000000000000888e+00 0.000000000000000000e+00
-7.650000000000001243e+00 0.000000000000000000e+00
-7.550000000000001599e+00 0.000000000000000000e+00
-7.450000000000001954e+00 0.000000000000000000e+00
-7.350000000000002309e+00 0.000000000000000000e+00
-7.250000000000002665e+00 0.000000000000000000e+00
-7.150000000000003020e+00 0.000000000000000000e+00
-7.050000000000003375e+00 0.000000000000000000e+00
-6.950000000000003730e+00 0.000000000000000000e+00
-6.850000000000004086e+00 0.000000000000000000e+00
-6.750000000000004441e+00 0.000000000000000000e+00
-6.650000000000004796e+00 0.000000000000000000e+00
-6.550000000000005151e+00 0.000000000000000000e+00
-6.450000000000005507e+00 0.000000000000000000e+00
-6.350000000000005862e+00 0.000000000000000000e+00
-6.250000000000006217e+00 0.000000000000000000e+00
-6.150000000000006573e+00 0.000000000000000000e+00
-6.050000000000006928e+00 0.000000000000000000e+00
-5.950000000000007283e+00 0.000000000000000000e+00
-5.850000000000007638e+00 2.059468462423319967e-05
-5.750000000000007994e+00 3.182814896472403401e-05
-5.650000000000008349e+00 6.833690807131926085e-05
-5.550000000000008704e+00 6.552854198619655058e-05
-5.450000000000009059e+00 9.735669095092059136e-05
-5.350000000000009415e+00 1.348015720858900934e-04
-5.250000000000009770e+00 1.235681077453992251e-04
-5.150000000000010125e+00 2.246692868098168223e-04
-5.050000000000010481e+00 1.797354294478533765e-04
-4.950000000000010836e+00 1.619491109087429007e-04
-4.850000000000011191e+00 2.237331647814425539e-04
-4.750000000000011546e+00 3.547902487538356821e-04
-4.650000000000011902e+00 4.296800110237745506e-04
-4.550000000000012257e+00 6.637105181173337315e-04
-4.450000000000012612e+00 6.459241995782232827e-04
-4.350000000000012967e+00 8.041288223734692183e-04
-4.250000000000013323e+00 1.214150270801384783e-03
-4.150000000000013678e+00 1.351760208972397573e-03
-4.050000000000014033e+00 1.606385400690189900e-03
-3.950000000000014388e+00 1.933091988592798615e-03
-3.850000000000014744e+00 2.403961368865041408e-03
-3.750000000000015099e+00 2.467617666794489056e-03
-3.650000000000015454e+00 3.017121297450168008e-03
-3.550000000000015810e+00 3.601261443155694564e-03
-3.450000000000016165e+00 4.568275498466284855e-03
-3.350000000000016520e+00 5.231049894555244752e-03
-3.250000000000016875e+00 5.984628127396507923e-03
-3.150000000000017231e+00 6.916069545628872328e-03
-3.050000000000017586e+00 8.304338513707855418e-03
-2.950000000000017941e+00 9.921957378738507916e-03
-2.850000000000018296e+00 1.224354000910657554e-02
-2.750000000000018652e+00 1.437883435582819336e-02
-2.650000000000019007e+00 1.704771825872316432e-02
-2.550000000000019362e+00 1.979336416794484632e-02
-2.450000000000019718e+00 2.383553908646486932e-02
-2.350000000000020073e+00 2.618052476754238050e-02
-2.250000000000020428e+00 3.158475723734679996e-02
-2.150000000000020783e+00 3.603976197037964124e-02
-2.050000000000021139e+00 4.220318940519540013e-02
-1.950000000000021272e+00 4.962008423600429430e-02
-1.850000000000021627e+00 5.911704221386078484e-02
-1.750000000000021982e+00 6.742980582582411286e-02
-1.650000000000022338e+00 7.743039745494628701e-02
-1.550000000000022693e+00 8.914222015193665194e-02
-1.450000000000023048e+00 1.024108137821131692e-01
-1.350000000000023404e+00 1.197871108727958100e-01
-1.250000000000023759e+00 1.379431976131151316e-01
-1.150000000000024114e+00 1.547503325105472616e-01
-1.050000000000024469e+00 1.767295416147471043e-01
-9.500000000000248246e-01 2.064392464292608698e-01
-8.500000000000251799e-01 2.378714157759824754e-01
-7.500000000000255351e-01 2.688196100340342065e-01
-6.500000000000258904e-01 3.052113538870818710e-01
-5.500000000000262457e-01 3.365115300278030963e-01
-4.500000000000266565e-01 3.801863032616044080e-01
-3.500000000000270117e-01 4.233490177458841819e-01
-2.500000000000273670e-01 4.734118877013104854e-01
-1.500000000000277223e-01 5.155214649036681251e-01
-5.000000000002806366e-02 5.393785347967847699e-01
4.999999999997158107e-02 5.416879478407841120e-01
1.499999999999712119e-01 5.160981160731465955e-01
2.499999999999708566e-01 4.666905315375833307e-01
3.499999999999705014e-01 4.211285362945805799e-01
4.499999999999701461e-01 3.793606436325778763e-01
5.499999999999698463e-01 3.377209996884629195e-01
6.499999999999694911e-01 3.010615249352991407e-01
7.499999999999691358e-01 2.671664185319252427e-01
8.499999999999687805e-01 2.326394297593986360e-01
9.499999999999684253e-01 2.048581363233366315e-01
1.049999999999968070e+00 1.783387353815226173e-01
1.149999999999967715e+00 1.546604647958232936e-01
1.249999999999967359e+00 1.356880796467614114e-01
1.349999999999967004e+00 1.189783014402805150e-01
1.449999999999966649e+00 1.039703930813846156e-01
1.549999999999966294e+00 8.764348878450947677e-02
1.649999999999965938e+00 7.735176320456285670e-02
1.749999999999965583e+00 6.856719409029883583e-02
1.849999999999965228e+00 5.712216617139525415e-02
1.949999999999964873e+00 4.717025288774898129e-02
2.049999999999964295e+00 4.301012659365397589e-02
2.149999999999963940e+00 3.760027739167944028e-02
2.249999999999963585e+00 3.226250958588974121e-02
2.349999999999963229e+00 2.815293388132686370e-02
2.449999999999962874e+00 2.396285168232375334e-02
2.549999999999962519e+00 2.054507015672937115e-02
2.649999999999962164e+00 1.709920497028373509e-02
2.749999999999961808e+00 1.549188344756517038e-02
2.849999999999961453e+00 1.368704017685964600e-02
2.949999999999961098e+00 1.100692280962424149e-02
3.049999999999960743e+00 8.945582103144196842e-03
3.149999999999960387e+00 7.301751821319053121e-03
3.249999999999960032e+00 5.915355097296816182e-03
3.349999999999959677e+00 5.119651373178712994e-03
3.449999999999959321e+00 4.199443419286835039e-03
3.549999999999958966e+00 3.520754948715509869e-03
3.649999999999958611e+00 2.887936457534523525e-03
3.749999999999958256e+00 2.216736963190193803e-03
3.849999999999957900e+00 1.890966497315957947e-03
3.949999999999957545e+00 1.652255380080527424e-03
4.049999999999957190e+00 1.483753414973165187e-03
4.149999999999956835e+00 1.252531273964728378e-03
4.249999999999956479e+00 1.086837674942488403e-03
4.349999999999956124e+00 8.780824626150338184e-04
4.449999999999955769e+00 6.936664230253093439e-04
4.549999999999955413e+00 7.048998873658001308e-04
4.649999999999955058e+00 4.409134753642655002e-04
4.749999999999954703e+00 3.519818826687128770e-04
4.849999999999954348e+00 3.604069809240809672e-04
4.949999999999953992e+00 2.770921203987740085e-04
5.049999999999953637e+00 2.920700728527617605e-04
5.149999999999953282e+00 1.404183042561354597e-04
5.249999999999952927e+00 1.741186972776080102e-04
5.349999999999952571e+00 1.301209619440189141e-04
5.449999999999952216e+00 9.361220283742363981e-05
5.549999999999951861e+00 5.523119967407995074e-05
5.649999999999951505e+00 5.616732170245419202e-05
5.749999999999951150e+00 6.552854198619655058e-06
5.849999999999950795e+00 5.616732170245418863e-06
5.949999999999950440e+00 6.552854198619655058e-06
6.049999999999950084e+00 1.123346434049083603e-05
6.149999999999949729e+00 5.616732170245418863e-06
6.249999999999949374e+00 0.000000000000000000e+00
6.349999999999949019e+00 0.000000000000000000e+00
6.449999999999948663e+00 0.000000000000000000e+00
6.549999999999948308e+00 0.000000000000000000e+00
6.649999999999947953e+00 0.000000000000000000e+00
6.749999999999947597e+00 0.000000000000000000e+00
6.849999999999947242e+00 0.000000000000000000e+00
6.949999999999946887e+00 0.000000000000000000e+00
7.049999999999946532e+00 0.000000000000000000e+00
7.149999999999946176e+00 0.000000000000000000e+00
7.249999999999945821e+00 0.000000000000000000e+00
7.349999999999945466e+00 0.000000000000000000e+00
7.449999999999945111e+00 0.000000000000000000e+00
7.549999999999944755e+00 0.000000000000000000e+00
7.649999999999944400e+00 0.000000000000000000e+00
7.749999999999944045e+00 0.000000000000000000e+00
7.849999999999943689e+00 0.000000000000000000e+00
7.949999999999943334e+00 0.000000000000000000e+00
