-7.950000000000000178e+00 1.647473697932648164e-06
-7.850000000000000533e+00 1.497703361756952780e-06
-7.750000000000000888e+00 2.396325378811124448e-06
-7.650000000000001243e+00 2.396325378811124448e-06
-7.550000000000001599e+00 4.642880421446553301e-06
-7.450000000000001954e+00 4.343339749095162957e-06
-7.350000000000002309e+00 8.536909162014632012e-06
-7.250000000000002665e+00 9.435531179068802198e-06
-7.150000000000003020e+00 1.168208622170423274e-05
-7.050000000000003375e+00 1.452772260904244229e-05
-6.950000000000003730e+00 1.587565563462369926e-05
-6.850000000000004086e+00 2.471210546898971907e-05
-6.750000000000004441e+00 2.441256479663833127e-05
-6.650000000000004796e+00 3.534579933746407926e-05
-6.550000000000005151e+00 3.938959841420785357e-05
-6.450000000000005507e+00 4.732742623151969981e-05
-6.350000000000005862e+00 5.960859379792670477e-05
-6.250000000000006217e+00 7.323769438991497010e-05
-6.150000000000006573e+00 8.941289069689005377e-05
-6.050000000000006928e+00 1.118784411232443389e-04
-5.950000000000007283e+00 1.359914652475312756e-04
-5.850000000000007638e+00 1.599547190356425709e-04
-5.750000000000007994e+00 1.991945471136748170e-04
-5.650000000000008349e+00 2.409804709066938882e-04
-5.550000000000008704e+00 2.641948730139267055e-04
-5.450000000000009059e+00 3.238034668118535526e-04
-5.350000000000009415e+00 3.855088453162401380e-04
-5.250000000000009770e+00 4.550022813017628944e-04
-5.150000000000010125e+00 5.459128753604100938e-04
-5.050000000000010481e+00 6.425147421937337259e-04
-4.950000000000010836e+00 7.493009918870047669e-04
-4.850000000000011191e+00 8.930805146156724304e-04
-4.750000000000011546e+00 1.067562956260357772e-03
-4.650000000000011902e+00 1.204902354533470606e-03
-4.550000000000012257e+00 1.432703035856703689e-03
-4.450000000000012612e+00 1.667542922980194166e-03
-4.350000000000012967e+00 1.940724016164663149e-03
-4.250000000000013323e+00 2.283248774998478895e-03
-4.150000000000013678e+00 2.640900337786040303e-03
-4.050000000000014033e+00 3.004992025029155998e-03
-3.950000000000014388e+00 3.499533675081302909e-03
-3.850000000000014744e+00 4.097866168103206190e-03
-3.750000000000015099e+00 4.711924546423558458e-03
-3.650000000000015454e+00 5.424082494938991042e-03
-3.550000000000015810e+00 6.312070818124689876e-03
-3.450000000000016165e+00 7.238699888043717903e-03
-3.350000000000016520e+00 8.271216585638889451e-03
-3.250000000000016875e+00 9.606270541602809562e-03
-3.150000000000017231e+00 1.094521616771933215e-02
-3.050000000000017586e+00 1.264555997361572690e-02
-2.950000000000017941e+00 1.454390134323037438e-02
-2.850000000000018296e+00 1.667767696413722384e-02
-2.750000000000018652e+00 1.908913032619569822e-02
-2.650000000000019007e+00 2.198763682149744436e-02
-2.550000000000019362e+00 2.519062523095038503e-02
-2.450000000000019718e+00 2.876324800937886741e-02
-2.350000000000020073e+00 3.306285482031098150e-02
-2.250000000000020428e+00 3.780488084571929225e-02
-2.150000000000020783e+00 4.321982852944690479e-02
-2.050000000000021139e+00 4.966714549902144504e-02
-1.950000000000021272e+00 5.634675390141628826e-02
-1.850000000000021627e+00 6.449127185841471710e-02
-1.750000000000021982e+00 7.379785549521014620e-02
-1.650000000000022338e+00 8.434109279780931112e-02
-1.550000000000022693e+00 9.613879936045263697e-02
-1.450000000000023048e+00 1.098688510554935716e-01
-1.350000000000023404e+00 1.257421186197967278e-01
-1.250000000000023759e+00 1.433627614134287964e-01
-1.150000000000024114e+00 1.635795114213919876e-01
-1.050000000000024469e+00 1.868781033262544855e-01
-9.500000000000248246e-01 2.126971813979150194e-01
-8.500000000000251799e-01 2.421905845613286923e-01
-7.500000000000255351e-01 2.758559736991418876e-01
-6.500000000000258904e-01 3.134011751885219521e-01
-5.500000000000262457e-01 3.548227348773844714e-01
-4.500000000000266565e-01 4.012701400958804676e-01
-3.500000000000270117e-01 4.506388310523060658e-01
-2.500000000000273670e-01 5.034766487676902713e-01
-1.500000000000277223e-01 5.540174187891518942e-01
-5.000000000002806366e-02 5.931964825652822348e-01
4.999999999997158107e-02 5.851436146196717925e-01
1.499999999999712119e-01 5.325513011469198421e-01
2.499999999999708566e-01 4.719549071207454483e-01
3.499999999999705014e-01 4.142314265518000638e-01
4.499999999999701461e-01 3.604373417500542631e-01
5.499999999999698463e-01 3.125109332345297197e-01
6.499999999999694911e-01 2.700631271541875655e-01
7.499999999999691358e-01 2.333755330163310715e-01
8.499999999999687805e-01 2.013032415100728667e-01
9.499999999999684253e-01 1.733126492306732991e-01
1.049999999999968070e+00 1.492390076290436296e-01
1.149999999999967715e+00 1.284974517494775759e-01
1.249999999999967359e+00 1.103515714626337185e-01
1.349999999999967004e+00 9.498617628759641052e-02
1.449999999999966649e+00 8.146564975498432615e-02
1.549999999999966294e+00 7.033455916572015076e-02
1.649999999999965938e+00 6.048071825842031568e-02
1.749999999999965583e+00 5.196402455390632114e-02
1.849999999999965228e+00 4.443776326181592129e-02
1.949999999999964873e+00 3.818755348900018665e-02
2.049999999999964295e+00 3.287204505343510608e-02
2.149999999999963940e+00 2.815772771951461501e-02
2.249999999999963585e+00 2.412800351648999864e-02
2.349999999999963229e+00 2.075622747604905297e-02
2.449999999999962874e+00 1.761838326636262775e-02
2.549999999999962519e+00 1.520573292090872386e-02
2.649999999999962164e+00 1.303855969432867433e-02
2.749999999999961808e+00 1.109798308991250676e-02
2.849999999999961453e+00 9.554149285319691112e-03
2.949999999999961098e+00 8.077863081636096551e-03
3.049999999999960743e+00 6.901268499933862002e-03
3.149999999999960387e+00 5.863059350269953993e-03
3.249999999999960032e+00 5.022997534660478616e-03
3.349999999999959677e+00 4.281634370590784930e-03
3.449999999999959321e+00 3.609614872170438873e-03
3.549999999999958966e+00 3.083022370176693484e-03
3.649999999999958611e+00 2.614990069627644558e-03
3.749999999999958256e+00 2.217948908425875724e-03
3.849999999999957900e+00 1.845320312020744865e-03
3.949999999999957545e+00 1.574685314551263005e-03
4.049999999999957190e+00 1.336999791040434284e-03
4.149999999999956835e+00 1.106353473329862959e-03
4.249999999999956479e+00 9.455001322771658346e-04
4.349999999999956124e+00 7.642780255045743265e-04
4.449999999999955769e+00 6.543465987516137051e-04
4.549999999999955413e+00 5.655327893994262440e-04
4.649999999999955058e+00 4.530552669314788245e-04
4.749999999999954703e+00 3.754742327924685602e-04
4.849999999999954348e+00 3.208080600883396406e-04
4.949999999999953992e+00 2.691372941077246330e-04
5.049999999999953637e+00 2.201623941782722004e-04
5.149999999999953282e+00 1.714870349211711318e-04
5.249999999999952927e+00 1.436297523924917510e-04
5.349999999999952571e+00 1.222125943193673350e-04
5.449999999999952216e+00 1.000465845653644004e-04
5.549999999999951861e+00 7.608333077725317286e-05
5.649999999999951505e+00 6.844504363229272459e-05
5.749999999999951150e+00 5.616387606588571285e-05
5.849999999999950795e+00 4.118684244831619394e-05
5.949999999999950440e+00 3.729281370774812200e-05
6.049999999999950084e+00 2.815682320103071100e-05
6.149999999999949729e+00 2.171669874547581394e-05
6.249999999999949374e+00 2.021899538371886137e-05
6.349999999999949019e+00 1.317978958346118531e-05
6.449999999999948663e+00 1.138254554935284155e-05
6.549999999999948308e+00 7.638287144960458438e-06
6.649999999999947953e+00 7.788057481136154034e-06
6.749999999999947597e+00 4.792650757622248897e-06
6.849999999999947242e+00 3.145177059689600733e-06
6.949999999999946887e+00 2.396325378811124448e-06
7.049999999999946532e+00 1.797244034108343336e-06
7.149999999999946176e+00 1.347933025581257396e-06
7.249999999999945821e+00 1.497703361756952780e-06
7.349999999999945466e+00 1.647473697932648164e-06
7.449999999999945111e+00 5.990813447027811121e-07
7.549999999999944755e+00 1.497703361756952780e-07
7.649999999999944400e+00 4.493110085270858341e-07
7.749999999999944045e+00 1.497703361756952780e-07
7.849999999999943689e+00 0.000000000000000000e+00
7.949999999999943334e+00 0.000000000000000000e+00
