-7.950000000000000178e+00 0.000000000000000000e+00
-7.850000000000000533e+00 0.000000000000000000e+00
-7.750000000000000888e+00 0.000000000000000000e+00
-7.650000000000001243e+00 0.000000000000000000e+00
-7.550000000000001599e+00 0.000000000000000000e+00
-7.450000000000001954e+00 0.000000000000000000e+00
-7.350000000000002309e+00 0.000000000000000000e+00
-7.250000000000002665e+00 0.000000000000000000e+00
-7.150000000000003020e+00 0.000000000000000000e+00
-7.050000000000003375e+00 0.000000000000000000e+00
-6.950000000000003730e+00 0.000000000000000000e+00
-6.850000000000004086e+00 0.000000000000000000e+00
-6.750000000000004441e+00 0.000000000000000000e+00
-6.650000000000004796e+00 0.000000000000000000e+00
-6.550000000000005151e+00 0.000000000000000000e+00
-6.450000000000005507e+00 0.000000000000000000e+00
-6.350000000000005862e+00 0.000000000000000000e+00
-6.250000000000006217e+00 0.000000000000000000e+00
-6.150000000000006573e+00 0.000000000000000000e+00
-6.050000000000006928e+00 0.000000000000000000e+00
-5.950000000000007283e+00 0.000000000000000000e+00
-5.850000000000007638e+00 0.000000000000000000e+00
-5.750000000000007994e+00 0.000000000000000000e+00
-5.650000000000008349e+00 0.000000000000000000e+00
-5.550000000000008704e+00 2.995406723513905561e-07
-5.450000000000009059e+00 2.995406723513905561e-07
-5.350000000000009415e+00 5.990813447027811121e-07
-5.250000000000009770e+00 2.995406723513905561e-07
-5.150000000000010125e+00 5.990813447027811121e-07
-5.050000000000010481e+00 1.647473697932648164e-06
-4.950000000000010836e+00 2.096784706459734104e-06
-4.850000000000011191e+00 4.193569412919468208e-06
-4.750000000000011546e+00 6.290354119379201465e-06
-4.650000000000011902e+00 1.063369386847436527e-05
-4.550000000000012257e+00 1.527657428992091688e-05
-4.450000000000012612e+00 2.456233513281402687e-05
-4.350000000000012967e+00 3.789189505245090439e-05
-4.250000000000013323e+00 5.271915833384472770e-05
-4.150000000000013678e+00 8.686679498190322864e-05
-4.050000000000014033e+00 1.151733885191096149e-04
-3.950000000000014388e+00 1.740331306361579569e-04
-3.850000000000014744e+00 2.579045188945474905e-04
-3.750000000000015099e+00 3.699327303539677960e-04
-3.650000000000015454e+00 5.384243585516252598e-04
-3.550000000000015810e+00 7.758103413901028603e-04
-3.450000000000016165e+00 1.090627588031414840e-03
-3.350000000000016520e+00 1.499350835454888202e-03
-3.250000000000016875e+00 2.127936936384282589e-03
-3.150000000000017231e+00 2.914830282651387303e-03
-3.050000000000017586e+00 3.977750358490298593e-03
-2.950000000000017941e+00 5.340810188025304182e-03
-2.850000000000018296e+00 7.060173647322288970e-03
-2.750000000000018652e+00 9.381913398717665192e-03
-2.650000000000019007e+00 1.225181258051590005e-02
-2.550000000000019362e+00 1.583611626587212023e-02
-2.450000000000019718e+00 2.012823455999451436e-02
-2.350000000000020073e+00 2.573338939136904369e-02
-2.250000000000020428e+00 3.232028877637567466e-02
-2.150000000000020783e+00 4.008962496549219739e-02
-2.050000000000021139e+00 4.944727556975164057e-02
-1.950000000000021272e+00 6.034471500023301516e-02
-1.850000000000021627e+00 7.283256563056025867e-02
-1.750000000000021982e+00 8.711706121365195288e-02
-1.650000000000022338e+00 1.028703544836198081e-01
-1.550000000000022693e+00 1.207578750440922999e-01
-1.450000000000023048e+00 1.400626722957874493e-01
-1.350000000000023404e+00 1.608931799621037273e-01
-1.250000000000023759e+00 1.833985692978757354e-01
-1.150000000000024114e+00 2.062270132487815100e-01
-1.050000000000024469e+00 2.304011436702282367e-01
-9.500000000000248246e-01 2.540037504888316700e-01
-8.500000000000251799e-01 2.779334557216450730e-01
-7.500000000000255351e-01 3.005733388193093103e-01
-6.500000000000258904e-01 3.219205541454395192e-01
-5.500000000000262457e-01 3.416050191993459939e-01
-4.500000000000266565e-01 3.592361329442838591e-01
-3.500000000000270117e-01 3.737064935145694156e-01
-2.500000000000273670e-01 3.850616310924007690e-01
-1.500000000000277223e-01 3.928493890328638161e-01
-5.000000000002806366e-02 3.966484633802960236e-01
4.999999999997158107e-02 3.963047404587731748e-01
1.499999999999712119e-01 3.927277755198893550e-01
2.499999999999708566e-01 3.849512503546396180e-01
3.499999999999705014e-01 3.741318412693085405e-01
4.499999999999701461e-01 3.588608084818276645e-01
5.499999999999698463e-01 3.421993078932915600e-01
6.499999999999694911e-01 3.221471566640736750e-01
7.499999999999691358e-01 3.003639598893359519e-01
8.499999999999687805e-01 2.777231781696540835e-01
9.499999999999684253e-01 2.540924145278479762e-01
1.049999999999968070e+00 2.301048979452730014e-01
1.149999999999967715e+00 2.062151813922235011e-01
1.249999999999967359e+00 1.831453076594024010e-01
1.349999999999967004e+00 1.610567291692073244e-01
1.449999999999966649e+00 1.401499884017777253e-01
1.549999999999966294e+00 1.207390039817341498e-01
1.649999999999965938e+00 1.030461848582899242e-01
1.749999999999965583e+00 8.699005596857478650e-02
1.849999999999965228e+00 7.278568751533731618e-02
1.949999999999964873e+00 6.032209967947044227e-02
2.049999999999964295e+00 4.972554885436616945e-02
2.149999999999963940e+00 4.018413004761904606e-02
2.249999999999963585e+00 3.226457421131831427e-02
2.349999999999963229e+00 2.562390727562462861e-02
2.449999999999962874e+00 2.025523980507148297e-02
2.549999999999962519e+00 1.580511380628375762e-02
2.649999999999962164e+00 1.221856356588489796e-02
2.749999999999961808e+00 9.331740336098817007e-03
2.849999999999961453e+00 7.126372135911947236e-03
2.949999999999961098e+00 5.291685517759676244e-03
3.049999999999960743e+00 3.934316960999346274e-03
3.149999999999960387e+00 2.870498263143381190e-03
3.249999999999960032e+00 2.103075060579117066e-03
3.349999999999959677e+00 1.520618223191837030e-03
3.449999999999959321e+00 1.074751932396791161e-03
3.549999999999958966e+00 7.788057481136166638e-04
3.649999999999958611e+00 5.465119567051128762e-04
3.749999999999958256e+00 3.733774480860087676e-04
3.849999999999957900e+00 2.640451026777510370e-04
3.949999999999957545e+00 1.765792263511447820e-04
4.049999999999957190e+00 1.235605273449485683e-04
4.149999999999956835e+00 7.758103413901012882e-05
4.249999999999956479e+00 4.942421093797943137e-05
4.349999999999956124e+00 3.489648832893699925e-05
4.449999999999955769e+00 2.426279446046263568e-05
4.549999999999955413e+00 1.647473697932648164e-05
4.649999999999955058e+00 1.018438285994727848e-05
4.749999999999954703e+00 7.488516808784764537e-06
4.849999999999954348e+00 3.744258404392382268e-06
4.949999999999953992e+00 2.096784706459734104e-06
5.049999999999953637e+00 1.647473697932648164e-06
5.149999999999953282e+00 8.986220170541716682e-07
5.249999999999952927e+00 4.493110085270858341e-07
5.349999999999952571e+00 5.990813447027811121e-07
5.449999999999952216e+00 1.497703361756952780e-07
5.549999999999951861e+00 2.995406723513905561e-07
5.649999999999951505e+00 0.000000000000000000e+00
5.749999999999951150e+00 1.497703361756952780e-07
5.849999999999950795e+00 0.000000000000000000e+00
5.949999999999950440e+00 0.000000000000000000e+00
6.049999999999950084e+00 0.000000000000000000e+00
6.149999999999949729e+00 0.000000000000000000e+00
6.249999999999949374e+00 0.000000000000000000e+00
6.349999999999949019e+00 0.000000000000000000e+00
6.449999999999948663e+00 0.000000000000000000e+00
6.549999999999948308e+00 0.000000000000000000e+00
6.649999999999947953e+00 0.000000000000000000e+00
6.749999999999947597e+00 0.000000000000000000e+00
6.849999999999947242e+00 0.000000000000000000e+00
6.949999999999946887e+00 0.000000000000000000e+00
7.049999999999946532e+00 0.000000000000000000e+00
7.149999999999946176e+00 0.000000000000000000e+00
7.249999999999945821e+00 0.000000000000000000e+00
7.349999999999945466e+00 0.000000000000000000e+00
7.449999999999945111e+00 0.000000000000000000e+00
7.549999999999944755e+00 0.000000000000000000e+00
7.649999999999944400e+00 0.000000000000000000e+00
7.749999999999944045e+00 0.000000000000000000e+00
7.849999999999943689e+00 0.000000000000000000e+00
7.949999999999943334e+00 0.000000000000000000e+00
