-7.950000000000000178e+00 5.897568778757689552e-05
-7.850000000000000533e+00 5.429507764570570946e-05
-7.750000000000000888e+00 5.242283358895724724e-05
-7.650000000000001243e+00 6.552854198619656413e-05
-7.550000000000001599e+00 6.646466401457079185e-05
-7.450000000000001954e+00 7.208139618481621241e-05
-7.350000000000002309e+00 7.208139618481621241e-05
-7.250000000000002665e+00 9.361220283742365336e-05
-7.150000000000003020e+00 9.735669095092059136e-05
-7.050000000000003375e+00 1.113985213765341428e-04
-6.950000000000003730e+00 1.282487178872703773e-04
-6.850000000000004086e+00 1.076540332630371776e-04
-6.750000000000004441e+00 1.216958636886507426e-04
-6.650000000000004796e+00 1.245042297737734393e-04
-6.550000000000005151e+00 1.460350364263808803e-04
-6.450000000000005507e+00 1.675658430789883212e-04
-6.350000000000005862e+00 2.143719444977001411e-04
-6.250000000000006217e+00 2.059468462423320238e-04
-6.150000000000006573e+00 2.377749952070560375e-04
-6.050000000000006928e+00 2.518168256326695754e-04
-5.950000000000007283e+00 3.192176116756145678e-04
-5.850000000000007638e+00 3.220259777607373188e-04
-5.750000000000007994e+00 3.660237130943263606e-04
-5.650000000000008349e+00 4.306161330521487648e-04
-5.550000000000008704e+00 4.315522550805230332e-04
-5.450000000000009059e+00 4.792944785276090401e-04
-5.350000000000009415e+00 5.298450680598179065e-04
-5.250000000000009770e+00 6.019338352842276609e-04
-5.150000000000010125e+00 7.002266482635224800e-04
-5.050000000000010481e+00 7.713719224199646002e-04
-4.950000000000010836e+00 8.846500588928407540e-04
-4.850000000000011191e+00 9.436183756408242362e-04
-4.750000000000011546e+00 1.074675459613217039e-03
-4.650000000000011902e+00 1.221639247028378714e-03
-4.550000000000012257e+00 1.354583317136707002e-03
-4.450000000000012612e+00 1.504355470636990939e-03
-4.350000000000012967e+00 1.746818447025511468e-03
-4.250000000000013323e+00 2.040768134974615348e-03
-4.150000000000013678e+00 2.247665845324509429e-03
-4.050000000000014033e+00 2.529431204825562281e-03
-3.950000000000014388e+00 2.912327227549407413e-03
-3.850000000000014744e+00 3.260557251065031911e-03
-3.750000000000015099e+00 3.764213015449153869e-03
-3.650000000000015454e+00 4.259414197419533407e-03
-3.550000000000015810e+00 4.741546526190641535e-03
-3.450000000000016165e+00 5.436141700204734709e-03
-3.350000000000016520e+00 6.226236063192188905e-03
-3.250000000000016875e+00 7.264417505778000654e-03
-3.150000000000017231e+00 8.195858924010358121e-03
-3.050000000000017586e+00 9.221848667108503358e-03
-2.950000000000017941e+00 1.063453051832113222e-02
-2.850000000000018296e+00 1.223438517793145643e-02
-2.750000000000018652e+00 1.406176171667427102e-02
-2.650000000000019007e+00 1.616433601864036493e-02
-2.550000000000019362e+00 1.841864317063866135e-02
-2.450000000000019718e+00 2.118116138948987481e-02
-2.350000000000020073e+00 2.432581641398678940e-02
-2.250000000000020428e+00 2.820614541615236448e-02
-2.150000000000020783e+00 3.258163137405066523e-02
-2.050000000000021139e+00 3.747866998046592291e-02
-1.950000000000021272e+00 4.356670642231938451e-02
-1.850000000000021627e+00 4.979127663056327063e-02
-1.750000000000021982e+00 5.748210140578537131e-02
-1.650000000000022338e+00 6.649641845313904176e-02
-1.550000000000022693e+00 7.642184759152638451e-02
-1.450000000000023048e+00 8.832798563428045924e-02
-1.350000000000023404e+00 1.030617871438128941e-01
-1.250000000000023759e+00 1.189198712094226840e-01
-1.150000000000024114e+00 1.385231067820938688e-01
-1.050000000000024469e+00 1.605558075206239832e-01
-9.500000000000248246e-01 1.867609736735282300e-01
-8.500000000000251799e-01 2.162388814059451325e-01
-7.500000000000255351e-01 2.510611687666665093e-01
-6.500000000000258904e-01 2.906536907396759517e-01
-5.500000000000262457e-01 3.370412719013087810e-01
-4.500000000000266565e-01 3.898944636369334749e-01
-3.500000000000270117e-01 4.477037360061173477e-01
-2.500000000000273670e-01 5.124559453602475223e-01
-1.500000000000277223e-01 5.791269395151168453e-01
-5.000000000002806366e-02 6.373517689834612421e-01
4.999999999997158107e-02 6.367609654179631207e-01
1.499999999999712119e-01 5.779766224471951652e-01
2.499999999999708566e-01 5.089591978874881129e-01
3.499999999999705014e-01 4.434190022876941528e-01
4.499999999999701461e-01 3.832900195321987669e-01
5.499999999999698463e-01 3.305305505650054654e-01
6.499999999999694911e-01 2.857210573830633593e-01
7.499999999999691358e-01 2.454675226924280806e-01
8.499999999999687805e-01 2.117960683723997262e-01
9.499999999999684253e-01 1.813442915178502812e-01
1.049999999999968070e+00 1.556042158501768635e-01
1.149999999999967715e+00 1.340591904621920571e-01
1.249999999999967359e+00 1.155828689067335130e-01
1.349999999999967004e+00 9.957207164282558254e-02
1.449999999999966649e+00 8.589230668204461683e-02
1.549999999999966294e+00 7.393007502798396025e-02
1.649999999999965938e+00 6.361785058692775996e-02
1.749999999999965583e+00 5.509406148244232193e-02
1.849999999999965228e+00 4.777482555520764368e-02
1.949999999999964873e+00 4.102609335043058691e-02
2.049999999999964295e+00 3.542965365218628260e-02
2.149999999999963940e+00 3.092293370536547403e-02
2.249999999999963585e+00 2.671214625614422300e-02
2.349999999999963229e+00 2.320519726458728643e-02
2.449999999999962874e+00 2.015517164639167927e-02
2.549999999999962519e+00 1.775220536787171580e-02
2.649999999999962164e+00 1.537981416158558726e-02
2.749999999999961808e+00 1.318466697336478401e-02
2.849999999999961453e+00 1.168398228044537947e-02
2.949999999999961098e+00 1.003168267412732351e-02
3.049999999999960743e+00 8.805340703838319266e-03
3.149999999999960387e+00 7.743711984305608718e-03
3.249999999999960032e+00 6.676510758840197360e-03
3.349999999999959677e+00 5.819008238770207245e-03
3.449999999999959321e+00 4.990503388461035340e-03
3.549999999999958966e+00 4.440107862014542640e-03
3.649999999999958611e+00 4.021602347014509131e-03
3.749999999999958256e+00 3.477744932687449036e-03
3.849999999999957900e+00 3.014349786563013008e-03
3.949999999999957545e+00 2.630525012850386864e-03
4.049999999999957190e+00 2.339398433065591112e-03
4.149999999999956835e+00 2.056689580496570951e-03
4.249999999999956479e+00 1.855393860237735965e-03
4.349999999999956124e+00 1.619505851166615305e-03
4.449999999999955769e+00 1.427615577429084282e-03
4.549999999999955413e+00 1.278757432838393973e-03
4.649999999999955058e+00 1.113992584804935010e-03
4.749999999999954703e+00 1.063434624233132886e-03
4.849999999999954348e+00 8.294041171395738141e-04
4.949999999999953992e+00 7.928953580329785398e-04
5.049999999999953637e+00 7.460892566142667470e-04
5.149999999999953282e+00 6.571576639187140696e-04
5.249999999999952927e+00 5.392136593831537393e-04
5.349999999999952571e+00 5.326534341449406032e-04
5.449999999999952216e+00 4.427857194210138201e-04
5.549999999999951861e+00 4.072130823427928142e-04
5.649999999999951505e+00 3.744561823892880335e-04
5.749999999999951150e+00 3.594708588957068072e-04
5.849999999999950795e+00 3.276427099309827122e-04
5.949999999999950440e+00 2.761559983703997401e-04
6.049999999999950084e+00 2.490084595475468786e-04
6.149999999999949729e+00 2.405907323317722627e-04
6.249999999999949374e+00 2.274776528949394648e-04
6.349999999999949019e+00 2.022097291684285601e-04
6.449999999999948663e+00 1.769270633627306798e-04
6.549999999999948308e+00 1.516517685966263279e-04
6.649999999999947953e+00 1.413544262845097281e-04
6.749999999999947597e+00 1.582046227952459627e-04
6.849999999999947242e+00 1.376099381710127359e-04
6.949999999999946887e+00 1.142068874616568530e-04
7.049999999999946532e+00 9.548444689417212236e-05
7.149999999999946176e+00 1.057817892062887222e-04
7.249999999999945821e+00 8.893159269555246053e-05
7.349999999999945466e+00 8.050649444018434324e-05
7.449999999999945111e+00 6.833690807131926085e-05
7.549999999999944755e+00 6.927303009969350213e-05
7.649999999999944400e+00 5.803956575920266102e-05
7.749999999999944045e+00 4.867834547546030246e-05
7.849999999999943689e+00 5.055058953220877146e-05
7.949999999999943334e+00 4.399773533358910963e-05
