-7.950000000000000178e+00 0.000000000000000000e+00
-7.850000000000000533e+00 6.207716581910666074e-06
-7.750000000000000888e+00 1.596269978205599218e-05
-7.650000000000001243e+00 6.207716581910666074e-06
-7.550000000000001599e+00 4.434083272793332668e-06
-7.450000000000001954e+00 3.547266618234665965e-06
-7.350000000000002309e+00 8.868166545586665336e-06
-7.250000000000002665e+00 2.305723301852532581e-05
-7.150000000000003020e+00 2.483086632764265413e-05
-7.050000000000003375e+00 3.547266618234664779e-05
-6.950000000000003730e+00 2.305723301852532920e-05
-6.850000000000004086e+00 2.039678305484932824e-05
-6.750000000000004441e+00 2.926494960043599358e-05
-6.650000000000004796e+00 7.094533236469329558e-05
-6.550000000000005151e+00 5.143536596440266030e-05
-6.450000000000005507e+00 9.134211541954263738e-05
-6.350000000000005862e+00 1.551929145477665790e-04
-6.250000000000006217e+00 1.401170314202692595e-04
-6.150000000000006573e+00 1.081916318561572886e-04
-6.050000000000006928e+00 1.019839152742466412e-04
-5.950000000000007283e+00 1.516456479295319427e-04
-5.850000000000007638e+00 1.135125317835093109e-04
-5.750000000000007994e+00 1.135125317835093109e-04
-5.650000000000008349e+00 1.303620482201239621e-04
-5.550000000000008704e+00 2.385536800762812237e-04
-5.450000000000009059e+00 2.616109130948065359e-04
-5.350000000000009415e+00 3.024044792045051653e-04
-5.250000000000009770e+00 2.527427465492198774e-04
-5.150000000000010125e+00 2.722527129495105262e-04
-5.050000000000010481e+00 4.788809934616797791e-04
-4.950000000000010836e+00 4.327665274246291004e-04
-4.850000000000011191e+00 6.686597575372342723e-04
-4.750000000000011546e+00 5.409581592807863890e-04
-4.650000000000011902e+00 7.121137736106088450e-04
-4.550000000000012257e+00 8.114372389211795293e-04
-4.450000000000012612e+00 8.043427056847100940e-04
-4.350000000000012967e+00 9.825928532510019853e-04
-4.250000000000013323e+00 1.182126600526701857e-03
-4.150000000000013678e+00 1.419793463948424306e-03
-4.050000000000014033e+00 1.593609528241923031e-03
-3.950000000000014388e+00 2.032583772248462359e-03
-3.850000000000014744e+00 2.259608835815480818e-03
-3.750000000000015099e+00 2.554031965128958099e-03
-3.650000000000015454e+00 3.017837075463140721e-03
-3.550000000000015810e+00 3.502038968852171953e-03
-3.450000000000016165e+00 4.023487161732667260e-03
-3.350000000000016520e+00 4.522764938249196516e-03
-3.250000000000016875e+00 5.055741747638954967e-03
-3.150000000000017231e+00 6.276888280966237688e-03
-3.050000000000017586e+00 7.593811012985856972e-03
-2.950000000000017941e+00 8.405248251907035742e-03
-2.850000000000018296e+00 1.060987445513988069e-02
-2.750000000000018652e+00 1.225048526607342564e-02
-2.650000000000019007e+00 1.485507276332055648e-02
-2.550000000000019362e+00 1.790130193734627492e-02
-2.450000000000019718e+00 2.050500261793893053e-02
-2.350000000000020073e+00 2.503751555658016714e-02
-2.250000000000020428e+00 2.840387856009329859e-02
-2.150000000000020783e+00 3.438546387790003545e-02
-2.050000000000021139e+00 3.936582620990174142e-02
-1.950000000000021272e+00 4.790142952722096364e-02
-1.850000000000021627e+00 5.763069504438432522e-02
-1.750000000000021982e+00 6.770138497355238094e-02
-1.650000000000022338e+00 7.836714284354548421e-02
-1.550000000000022693e+00 9.399017788128845308e-02
-1.450000000000023048e+00 1.066565731755413776e-01
-1.350000000000023404e+00 1.253293846539283440e-01
-1.250000000000023759e+00 1.449874703839551249e-01
-1.150000000000024114e+00 1.667012320332904030e-01
-1.050000000000024469e+00 1.926698352490744948e-01
-9.500000000000248246e-01 2.233537543420802685e-01
-8.500000000000251799e-01 2.538319459368436060e-01
-7.500000000000255351e-01 2.869731920827784943e-01
-6.500000000000258904e-01 3.165822474936071385e-01
-5.500000000000262457e-01 3.526591430612727729e-01
-4.500000000000266565e-01 3.893396046474711936e-01
-3.500000000000270117e-01 4.220985141075532798e-01
-2.500000000000273670e-01 4.518433292774228782e-01
-1.500000000000277223e-01 4.760703013945446482e-01
-5.000000000002806366e-02 4.846227681939166421e-01
4.999999999997158107e-02 4.878446359452040526e-01
1.499999999999712119e-01 4.783565077471896299e-01
2.499999999999708566e-01 4.488122248661824409e-01
3.499999999999705014e-01 4.137996349745345359e-01
4.499999999999701461e-01 3.873671917343746718e-01
5.499999999999698463e-01 3.514875395528594959e-01
6.499999999999694911e-01 3.166876878989911548e-01
7.499999999999691358e-01 2.845432376383962847e-01
8.499999999999687805e-01 2.527775349001901151e-01
9.499999999999684253e-01 2.206951408569881035e-01
1.049999999999968070e+00 1.935354171835820813e-01
1.149999999999967715e+00 1.695744900628274321e-01
1.249999999999967359e+00 1.487041259660189518e-01
1.349999999999967004e+00 1.246048694127706441e-01
1.449999999999966649e+00 1.072498605002493305e-01
1.549999999999966294e+00 9.300048351199274865e-02
1.649999999999965938e+00 7.898877338715777630e-02
1.749999999999965583e+00 6.644740527558155863e-02
1.849999999999965228e+00 5.862745601568337267e-02
1.949999999999964873e+00 4.785706774606812708e-02
2.049999999999964295e+00 4.016660070054335618e-02
2.149999999999963940e+00 3.399877690247094658e-02
2.249999999999963585e+00 2.886854255584882234e-02
2.349999999999963229e+00 2.436440076734519566e-02
2.449999999999962874e+00 2.106012191245946324e-02
2.549999999999962519e+00 1.757315882673464447e-02
2.649999999999962164e+00 1.535611719033791282e-02
2.749999999999961808e+00 1.353193533191071260e-02
2.849999999999961453e+00 1.025160052669817773e-02
2.949999999999961098e+00 8.783918963403587743e-03
3.049999999999960743e+00 7.067041920178009778e-03
3.149999999999960387e+00 6.405476695877244074e-03
3.249999999999960032e+00 5.506244608154757872e-03
3.349999999999959677e+00 4.204397759262635745e-03
3.449999999999959321e+00 3.366356020704696240e-03
3.549999999999958966e+00 3.021384342081374734e-03
3.649999999999958611e+00 2.691488546585551252e-03
3.749999999999958256e+00 2.428104000181627656e-03
3.849999999999957900e+00 2.141662220759178205e-03
3.949999999999957545e+00 1.841918191518349254e-03
4.049999999999957190e+00 1.812653241917913443e-03
4.149999999999956835e+00 1.475662913185620418e-03
4.249999999999956479e+00 1.092558118416276551e-03
4.349999999999956124e+00 9.089870709226327734e-04
4.449999999999955769e+00 8.087767889575034775e-04
4.549999999999955413e+00 7.963613557936821555e-04
4.649999999999955058e+00 7.972481724482408756e-04
4.749999999999954703e+00 6.624520409553235571e-04
4.849999999999954348e+00 4.531633104794784150e-04
4.949999999999953992e+00 3.866520613875784758e-04
5.049999999999953637e+00 4.398610606610984272e-04
5.149999999999953282e+00 2.403273133853985554e-04
5.249999999999952927e+00 2.935363126589185068e-04
5.349999999999952571e+00 2.350064134580465603e-04
5.449999999999952216e+00 2.376668634217225578e-04
5.549999999999951861e+00 2.917626793498011750e-04
5.649999999999951505e+00 1.392302147657106478e-04
5.749999999999951150e+00 1.480983813112973064e-04
5.849999999999950795e+00 1.543060978932079403e-04
5.949999999999950440e+00 1.383433981111519277e-04
6.049999999999950084e+00 1.099652651652746475e-04
6.149999999999949729e+00 7.537941563748665197e-05
6.249999999999949374e+00 6.651124909189996630e-05
6.349999999999949019e+00 7.183214901925197499e-05
6.449999999999948663e+00 3.813311614602265891e-05
6.549999999999948308e+00 3.369903287322932963e-05
6.649999999999947953e+00 2.039678305484932824e-05
6.749999999999947597e+00 3.103858290955332529e-05
6.849999999999947242e+00 4.434083272793331990e-05
6.949999999999946887e+00 1.950996640029066238e-05
7.049999999999946532e+00 2.394404967308399844e-05
7.149999999999946176e+00 2.571768298220132338e-05
7.249999999999945821e+00 4.966173265528530149e-05
7.349999999999945466e+00 2.217041636396665656e-05
7.449999999999945111e+00 1.773633309117332983e-06
7.549999999999944755e+00 1.773633309117332983e-06
7.649999999999944400e+00 2.660449963675999262e-06
7.749999999999944045e+00 1.773633309117332983e-06
7.849999999999943689e+00 8.868166545586664913e-07
7.949999999999943334e+00 2.660449963675999262e-06
