-7.950000000000000178e+00 0.000000000000000000e+00
-7.850000000000000533e+00 0.000000000000000000e+00
-7.750000000000000888e+00 0.000000000000000000e+00
-7.650000000000001243e+00 0.000000000000000000e+00
-7.550000000000001599e+00 0.000000000000000000e+00
-7.450000000000001954e+00 7.981349891027999480e-06
-7.350000000000002309e+00 1.330224981837999462e-05
-7.250000000000002665e+00 8.868166545586665336e-06
-7.150000000000003020e+00 7.981349891027999480e-06
-7.050000000000003375e+00 1.418906647293866555e-05
-6.950000000000003730e+00 4.434083272793331313e-05
-6.850000000000004086e+00 4.788809934616797655e-05
-6.750000000000004441e+00 7.183214901925196144e-05
-6.650000000000004796e+00 9.843664865601193712e-05
-6.550000000000005151e+00 1.959864806574652084e-04
-6.450000000000005507e+00 1.924392140392305450e-04
-6.350000000000005862e+00 2.979703959317117818e-04
-6.250000000000006217e+00 1.986469306211412331e-04
-6.150000000000006573e+00 2.598372797856891500e-04
-6.050000000000006928e+00 3.831047947693437582e-04
-5.950000000000007283e+00 3.467453119324385123e-04
-5.850000000000007638e+00 4.256719941881597735e-04
-5.750000000000007994e+00 3.600475617508184459e-04
-5.650000000000008349e+00 5.099195763712330298e-04
-5.550000000000008704e+00 4.815414434253557224e-04
-5.450000000000009059e+00 5.436186092444623323e-04
-5.350000000000009415e+00 5.427317925899037207e-04
-5.250000000000009770e+00 6.846224573192902577e-04
-5.150000000000010125e+00 7.254160234289888870e-04
-5.050000000000010481e+00 7.662095895386875164e-04
-4.950000000000010836e+00 5.631285756447529812e-04
-4.850000000000011191e+00 7.741909394297155633e-04
-4.750000000000011546e+00 1.137785767798768673e-03
-4.650000000000011902e+00 1.357716298129317805e-03
-4.550000000000012257e+00 1.582080911732660321e-03
-4.450000000000012612e+00 1.875617224391578665e-03
-4.350000000000012967e+00 1.816200508536148107e-03
-4.250000000000013323e+00 2.279118802215772226e-03
-4.150000000000013678e+00 2.519446115601169968e-03
-4.050000000000014033e+00 2.800566995096267532e-03
-3.950000000000014388e+00 3.052422924990928418e-03
-3.850000000000014744e+00 3.131349607246649517e-03
-3.750000000000015099e+00 3.676741849800229181e-03
-3.650000000000015454e+00 4.253172675263362096e-03
-3.550000000000015810e+00 4.477537288866705045e-03
-3.450000000000016165e+00 5.041552681166016313e-03
-3.350000000000016520e+00 5.956747468670559043e-03
-3.250000000000016875e+00 7.007625204322579654e-03
-3.150000000000017231e+00 8.583498399473327850e-03
-3.050000000000017586e+00 9.770945899927392653e-03
-2.950000000000017941e+00 1.017090021113334006e-02
-2.850000000000018296e+00 1.213253865101714471e-02
-2.750000000000018652e+00 1.240035728069384044e-02
-2.650000000000019007e+00 1.443648831956058885e-02
-2.550000000000019362e+00 1.586781040001828541e-02
-2.450000000000019718e+00 1.861339476253200814e-02
-2.350000000000020073e+00 2.010856764211796724e-02
-2.250000000000020428e+00 2.461093579731251507e-02
-2.150000000000020783e+00 2.770149183844961699e-02
-2.050000000000021139e+00 3.337800524427986248e-02
-1.950000000000021272e+00 3.860312897293979167e-02
-1.850000000000021627e+00 4.507423010125463647e-02
-1.750000000000021982e+00 5.399560564611513569e-02
-1.650000000000022338e+00 6.542933277333966291e-02
-1.550000000000022693e+00 7.715216212995039402e-02
-1.450000000000023048e+00 9.035154121640123770e-02
-1.350000000000023404e+00 1.058273786551039708e-01
-1.250000000000023759e+00 1.291701666363970213e-01
-1.150000000000024114e+00 1.522362678214680409e-01
-1.050000000000024469e+00 1.789835449396121603e-01
-9.500000000000248246e-01 2.055889313930273632e-01
-8.500000000000251799e-01 2.443117806143325910e-01
-7.500000000000255351e-01 2.826258073578828967e-01
-6.500000000000258904e-01 3.287411602115858922e-01
-5.500000000000262457e-01 3.756590821376666334e-01
-4.500000000000266565e-01 4.137487442676169302e-01
-3.500000000000270117e-01 4.471781848778627055e-01
-2.500000000000273670e-01 4.777405472439191780e-01
-1.500000000000277223e-01 4.979484383513466117e-01
-5.000000000002806366e-02 5.029057434503289015e-01
4.999999999997158107e-02 5.101049210520358645e-01
1.499999999999712119e-01 5.027975518184739645e-01
2.499999999999708566e-01 4.857281048515292299e-01
3.499999999999705014e-01 4.567558047470967608e-01
4.499999999999701461e-01 4.145140670405011440e-01
5.499999999999698463e-01 3.746906783508886507e-01
6.499999999999694911e-01 3.299658540115326666e-01
7.499999999999691358e-01 2.887129168747745167e-01
8.499999999999687805e-01 2.491183268820408303e-01
9.499999999999684253e-01 2.098013105021815372e-01
1.049999999999968070e+00 1.767984287027801193e-01
1.149999999999967715e+00 1.488025137350169613e-01
1.249999999999967359e+00 1.288934798401746851e-01
1.349999999999967004e+00 1.081934054894665848e-01
1.449999999999966649e+00 9.023980231792672058e-02
1.549999999999966294e+00 7.833783599709530365e-02
1.649999999999965938e+00 6.286997990828344096e-02
1.749999999999965583e+00 5.349366741963491878e-02
1.849999999999965228e+00 4.614905188657976443e-02
1.949999999999964873e+00 3.858805308981223814e-02
2.049999999999964295e+00 3.191564458091256107e-02
2.149999999999963940e+00 2.782830662005148989e-02
2.249999999999963585e+00 2.450540461542000462e-02
2.349999999999963229e+00 2.000658372684372202e-02
2.449999999999962874e+00 1.728050933073029677e-02
2.549999999999962519e+00 1.581460140074478216e-02
2.649999999999962164e+00 1.475928958181992393e-02
2.749999999999961808e+00 1.340423373365429854e-02
2.849999999999961453e+00 1.132730912867785031e-02
2.949999999999961098e+00 1.011591757855070939e-02
3.049999999999960743e+00 9.065039842898688777e-03
3.149999999999960387e+00 7.686926761714518025e-03
3.249999999999960032e+00 6.511894694424284410e-03
3.349999999999959677e+00 5.787365487649853701e-03
3.449999999999959321e+00 5.126687080003647368e-03
3.549999999999958966e+00 4.731166852070483805e-03
3.649999999999958611e+00 3.948107746095181475e-03
3.749999999999958256e+00 3.946334112786064469e-03
3.849999999999957900e+00 3.674968216491112175e-03
3.949999999999957545e+00 3.097650574373420323e-03
4.049999999999957190e+00 2.764207512259361961e-03
4.149999999999956835e+00 2.469784382945885114e-03
4.249999999999956479e+00 1.919958057119512066e-03
4.349999999999956124e+00 1.684064827006906840e-03
4.449999999999955769e+00 1.649478977479118709e-03
4.549999999999955413e+00 1.427774813839452353e-03
4.649999999999955058e+00 1.340866781692703208e-03
4.749999999999954703e+00 1.179466150563025697e-03
4.849999999999954348e+00 9.666301534689459999e-04
4.949999999999953992e+00 8.575517049582300454e-04
5.049999999999953637e+00 7.511337064111901426e-04
5.149999999999953282e+00 6.722070241554689357e-04
5.249999999999952927e+00 5.977144251725410038e-04
5.349999999999952571e+00 5.099195763712330298e-04
5.449999999999952216e+00 6.597915909916476137e-04
5.549999999999951861e+00 4.983909598619704279e-04
5.649999999999951505e+00 5.303163594260822903e-04
5.749999999999951150e+00 4.327665274246290461e-04
5.849999999999950795e+00 3.254617122230304776e-04
5.949999999999950440e+00 4.274456274972770510e-04
6.049999999999950084e+00 2.695922629858345286e-04
6.149999999999949729e+00 2.199305303305492136e-04
6.249999999999949374e+00 1.977601139665825672e-04
6.349999999999949019e+00 1.915523973846718791e-04
6.449999999999948663e+00 1.915523973846718791e-04
6.549999999999948308e+00 1.019839152742466276e-04
6.649999999999947953e+00 1.285884149110066033e-04
6.749999999999947597e+00 4.788809934616798333e-05
6.849999999999947242e+00 4.700128269160932425e-05
6.949999999999946887e+00 2.305723301852533258e-05
7.049999999999946532e+00 2.749131629131866186e-05
7.149999999999946176e+00 3.369903287322932286e-05
7.249999999999945821e+00 4.256719941881598142e-05
7.349999999999945466e+00 6.917169905557596387e-05
7.449999999999945111e+00 4.079356610969864293e-05
7.549999999999944755e+00 3.369903287322930930e-05
7.649999999999944400e+00 0.000000000000000000e+00
7.749999999999944045e+00 0.000000000000000000e+00
7.849999999999943689e+00 0.000000000000000000e+00
7.949999999999943334e+00 0.000000000000000000e+00
