-7.950000000000000178e+00 7.806822311046533627e-05
-7.850000000000000533e+00 6.298686182776180756e-05
-7.750000000000000888e+00 1.508136128270352329e-04
-7.650000000000001243e+00 9.669813998909910385e-05
-7.550000000000001599e+00 1.064566678779072743e-04
-7.450000000000001954e+00 1.215380291606108436e-04
-7.350000000000002309e+00 1.632335574127911774e-04
-7.250000000000002665e+00 2.155747524527622412e-04
-7.150000000000003020e+00 2.253332803415704117e-04
-7.050000000000003375e+00 1.765406408975296138e-04
-6.950000000000003730e+00 1.756535019985470134e-04
-6.850000000000004086e+00 2.191233080486925072e-04
-6.750000000000004441e+00 1.641206963117737506e-04
-6.650000000000004796e+00 2.324303915334308623e-04
-6.550000000000005151e+00 3.344513649164252431e-04
-6.450000000000005507e+00 4.142938658248562409e-04
-6.350000000000005862e+00 5.739788676417166644e-04
-6.250000000000006217e+00 4.950235056322686194e-04
-6.150000000000006573e+00 4.107453102289254599e-04
-6.050000000000006928e+00 6.050287291061067288e-04
-5.950000000000007283e+00 5.739788676417164476e-04
-5.850000000000007638e+00 4.994592001271814857e-04
-5.750000000000007994e+00 4.826035610465129189e-04
-5.650000000000008349e+00 5.571232285610478807e-04
-5.550000000000008704e+00 4.861521166424431035e-04
-5.450000000000009059e+00 5.384933116824141674e-04
-5.350000000000009415e+00 5.828502566315426139e-04
-5.250000000000009770e+00 7.620523142260195951e-04
-5.150000000000010125e+00 7.576166197311065120e-04
-5.050000000000010481e+00 8.126192314680252956e-04
-4.950000000000010836e+00 8.632979142406116673e-04
-4.850000000000011191e+00 9.333539458775887577e-04
-4.750000000000011546e+00 1.101896365992952737e-03
-4.650000000000011902e+00 1.478029288470236909e-03
-4.550000000000012257e+00 1.423019691387656521e-03
-4.450000000000012612e+00 1.583109843252871254e-03
-4.350000000000012967e+00 1.602794547326359415e-03
-4.250000000000013323e+00 1.702929477380808439e-03
-4.150000000000013678e+00 1.976098404810825403e-03
-4.050000000000014033e+00 1.842042636225198725e-03
-3.950000000000014388e+00 2.345155172133230655e-03
-3.850000000000014744e+00 2.449676899262966633e-03
-3.750000000000015099e+00 2.422168608048841897e-03
-3.650000000000015454e+00 2.922361269470460758e-03
-3.550000000000015810e+00 3.055872181094502951e-03
-3.450000000000016165e+00 3.601350838438203104e-03
-3.350000000000016520e+00 3.764598366542320010e-03
-3.250000000000016875e+00 4.573005434576602780e-03
-3.150000000000017231e+00 4.856792087411762257e-03
-3.050000000000017586e+00 5.294109652536202991e-03
-2.950000000000017941e+00 5.489280210312369110e-03
-2.850000000000018296e+00 6.005560122791919059e-03
-2.750000000000018652e+00 6.936203754552941123e-03
-2.650000000000019007e+00 7.338070690446384450e-03
-2.550000000000019362e+00 8.189905652456844556e-03
-2.450000000000019718e+00 9.713290790305792455e-03
-2.350000000000020073e+00 1.197218392886790356e-02
-2.250000000000020428e+00 1.231826589431036546e-02
-2.150000000000020783e+00 1.291279564888757163e-02
-2.050000000000021139e+00 1.526742993508319220e-02
-1.950000000000021272e+00 1.701686784387682061e-02
-1.850000000000021627e+00 2.024726888631845148e-02
-1.750000000000021982e+00 2.439156270162534668e-02
-1.650000000000022338e+00 2.892846786982450000e-02
-1.550000000000022693e+00 3.319022725777148741e-02
-1.450000000000023048e+00 4.027925640470193802e-02
-1.350000000000023404e+00 4.358545543291412333e-02
-1.250000000000023759e+00 5.158475894365718156e-02
-1.150000000000024114e+00 6.391748450348597177e-02
-1.050000000000024469e+00 7.808878098274571466e-02
-9.500000000000248246e-01 9.337053786177922088e-02
-8.500000000000251799e-01 1.159052559797218024e-01
-7.500000000000255351e-01 1.498715970525336671e-01
-6.500000000000258904e-01 1.861439334497025089e-01
-5.500000000000262457e-01 2.389895961826392357e-01
-4.500000000000266565e-01 3.063347129633131605e-01
-3.500000000000270117e-01 4.048460600817509469e-01
-2.500000000000273670e-01 5.481606039715403167e-01
-1.500000000000277223e-01 7.824463731660645793e-01
-5.000000000002806366e-02 1.082707984699393666e+00
4.999999999997158107e-02 1.127858898007076949e+00
1.499999999999712119e-01 8.468929696620097758e-01
2.499999999999708566e-01 6.332645021587727241e-01
3.499999999999705014e-01 4.727450379345644604e-01
4.499999999999701461e-01 3.621833967520717290e-01
5.499999999999698463e-01 2.996993401050075390e-01
6.499999999999694911e-01 2.429570699432222480e-01
7.499999999999691358e-01 1.901557641552343858e-01
8.499999999999687805e-01 1.606383687780534031e-01
9.499999999999684253e-01 1.366420509046357978e-01
1.049999999999968070e+00 1.161075306340351998e-01
1.149999999999967715e+00 9.754766978703946489e-02
1.249999999999967359e+00 8.734767503778466391e-02
1.349999999999967004e+00 7.692706211650963966e-02
1.449999999999966649e+00 6.557380076926898338e-02
1.549999999999966294e+00 5.617313912403427978e-02
1.649999999999965938e+00 4.933390593795131118e-02
1.749999999999965583e+00 4.444004960646079361e-02
1.849999999999965228e+00 4.160245550658989849e-02
1.949999999999964873e+00 3.691686027064478709e-02
2.049999999999964295e+00 3.258488418811061188e-02
2.149999999999963940e+00 2.933439329154714434e-02
2.249999999999963585e+00 2.766719385722376384e-02
2.349999999999963229e+00 2.550941359710868009e-02
2.449999999999962874e+00 2.234522664619033316e-02
2.549999999999962519e+00 1.964251258569312680e-02
2.649999999999962164e+00 1.682759291783877953e-02
2.749999999999961808e+00 1.546316630585792273e-02
2.849999999999961453e+00 1.362094903599116863e-02
2.949999999999961098e+00 1.278652155536861255e-02
3.049999999999960743e+00 1.219475799767327090e-02
3.149999999999960387e+00 1.138148912905873576e-02
3.249999999999960032e+00 1.078496855096805832e-02
3.349999999999959677e+00 1.042095520321309303e-02
3.449999999999959321e+00 9.516911767730219102e-03
3.549999999999958966e+00 8.924784972060494440e-03
3.649999999999958611e+00 7.394281766982703855e-03
3.749999999999958256e+00 6.878826125291184757e-03
3.849999999999957900e+00 6.825653674117523190e-03
3.949999999999957545e+00 5.995214825867558814e-03
4.049999999999957190e+00 5.760053164180564331e-03
4.149999999999956835e+00 5.514441425384295631e-03
4.249999999999956479e+00 4.778779747066583435e-03
4.349999999999956124e+00 4.745152293053184027e-03
4.449999999999955769e+00 4.140214373440668713e-03
4.549999999999955413e+00 4.241334237233358208e-03
4.649999999999955058e+00 3.756642057834119579e-03
4.749999999999954703e+00 3.025520854196241376e-03
4.849999999999954348e+00 2.745150035389446602e-03
4.949999999999953992e+00 2.638651455437572308e-03
5.049999999999953637e+00 2.345895618773324431e-03
5.149999999999953282e+00 2.444326124486421309e-03
5.249999999999952927e+00 2.277411289910135413e-03
5.349999999999952571e+00 2.192322794410084177e-03
5.449999999999952216e+00 2.285465393457592441e-03
5.549999999999951861e+00 2.301468820367586453e-03
5.649999999999951505e+00 2.163815598766401400e-03
5.749999999999951150e+00 1.745889353197679255e-03
5.849999999999950795e+00 1.579107240188957649e-03
5.949999999999950440e+00 1.520556072856109331e-03
6.049999999999950084e+00 1.274818597837939788e-03
6.149999999999949729e+00 1.442487849745645052e-03
6.249999999999949374e+00 1.184330430141717965e-03
6.349999999999949019e+00 1.275705736736921711e-03
6.449999999999948663e+00 1.266834347747096412e-03
6.549999999999948308e+00 1.171023346656979366e-03
6.649999999999947953e+00 1.124004985010903851e-03
6.749999999999947597e+00 1.156829124273258628e-03
6.849999999999947242e+00 1.318288403888086095e-03
6.949999999999946887e+00 9.288344272347407674e-04
7.049999999999946532e+00 9.039945380632293664e-04
7.149999999999946176e+00 8.135063703670079773e-04
7.249999999999945821e+00 7.771336755087235575e-04
7.349999999999945466e+00 6.254329237827050466e-04
7.449999999999945111e+00 9.430286496184638913e-04
7.549999999999944755e+00 6.564827852470946773e-04
7.649999999999944400e+00 8.702832599018922328e-04
7.749999999999944045e+00 8.330234261446243724e-04
7.849999999999943689e+00 6.884197856104680739e-04
7.949999999999943334e+00 4.196166992187511384e-04
