-7.950000000000000178e+00 0.000000000000000000e+00
-7.850000000000000533e+00 0.000000000000000000e+00
-7.750000000000000888e+00 0.000000000000000000e+00
-7.650000000000001243e+00 0.000000000000000000e+00
-7.550000000000001599e+00 0.000000000000000000e+00
-7.450000000000001954e+00 0.000000000000000000e+00
-7.350000000000002309e+00 0.000000000000000000e+00
-7.250000000000002665e+00 0.000000000000000000e+00
-7.150000000000003020e+00 0.000000000000000000e+00
-7.050000000000003375e+00 0.000000000000000000e+00
-6.950000000000003730e+00 0.000000000000000000e+00
-6.850000000000004086e+00 0.000000000000000000e+00
-6.750000000000004441e+00 0.000000000000000000e+00
-6.650000000000004796e+00 0.000000000000000000e+00
-6.550000000000005151e+00 0.000000000000000000e+00
-6.450000000000005507e+00 0.000000000000000000e+00
-6.350000000000005862e+00 0.000000000000000000e+00
-6.250000000000006217e+00 0.000000000000000000e+00
-6.150000000000006573e+00 0.000000000000000000e+00
-6.050000000000006928e+00 0.000000000000000000e+00
-5.950000000000007283e+00 0.000000000000000000e+00
-5.850000000000007638e+00 0.000000000000000000e+00
-5.750000000000007994e+00 0.000000000000000000e+00
-5.650000000000008349e+00 0.000000000000000000e+00
-5.550000000000008704e+00 0.000000000000000000e+00
-5.450000000000009059e+00 0.000000000000000000e+00
-5.350000000000009415e+00 0.000000000000000000e+00
-5.250000000000009770e+00 8.871388989825613036e-07
-5.150000000000010125e+00 0.000000000000000000e+00
-5.050000000000010481e+00 0.000000000000000000e+00
-4.950000000000010836e+00 7.097111191860490429e-06
-4.850000000000011191e+00 2.661416696947683805e-06
-4.750000000000011546e+00 2.661416696947683805e-06
-4.650000000000011902e+00 8.871388989825612401e-06
-4.550000000000012257e+00 1.508136128270354227e-05
-4.450000000000012612e+00 1.419422238372097916e-05
-4.350000000000012967e+00 2.129133357558147044e-05
-4.250000000000013323e+00 4.524408384811062680e-05
-4.150000000000013678e+00 4.790550054505830595e-05
-4.050000000000014033e+00 8.782675099927356090e-05
-3.950000000000014388e+00 1.605721407158435931e-04
-3.850000000000014744e+00 2.164618913517449500e-04
-3.750000000000015099e+00 3.184828647347395206e-04
-3.650000000000015454e+00 4.834906999454958174e-04
-3.550000000000015810e+00 6.724512854287811045e-04
-3.450000000000016165e+00 9.412543718204967932e-04
-3.350000000000016520e+00 1.339579737463666119e-03
-3.250000000000016875e+00 1.875411632449132133e-03
-3.150000000000017231e+00 2.695127975109017256e-03
-3.050000000000017586e+00 3.805825876635183375e-03
-2.950000000000017941e+00 5.100161530250754520e-03
-2.850000000000018296e+00 6.964927495912120493e-03
-2.750000000000018652e+00 9.125110714934684883e-03
-2.650000000000019007e+00 1.213783441587950110e-02
-2.550000000000019362e+00 1.574582831804162072e-02
-2.450000000000019718e+00 2.003958058911727361e-02
-2.350000000000020073e+00 2.560637718023291848e-02
-2.250000000000020428e+00 3.259170887082168955e-02
-2.150000000000020783e+00 4.040207973746425679e-02
-2.050000000000021139e+00 4.959017731422676184e-02
-1.950000000000021272e+00 6.023406982421965206e-02
-1.850000000000021627e+00 7.358196169831020261e-02
-1.750000000000021982e+00 8.770964866460644049e-02
-1.650000000000022338e+00 1.040179230446019454e-01
-1.550000000000022693e+00 1.222645959188746051e-01
-1.450000000000023048e+00 1.414090533589173471e-01
-1.350000000000023404e+00 1.619755944540293702e-01
-1.250000000000023759e+00 1.838772795921105874e-01
-1.150000000000024114e+00 2.069872479106063534e-01
-1.050000000000024469e+00 2.312567067700724843e-01
-9.500000000000248246e-01 2.544979716456176044e-01
-8.500000000000251799e-01 2.781269162200172285e-01
-7.500000000000255351e-01 3.003568427507217198e-01
-6.500000000000258904e-01 3.212879979333166380e-01
-5.500000000000262457e-01 3.418776046398035451e-01
-4.500000000000266565e-01 3.580066769622059497e-01
-3.500000000000270117e-01 3.721893665402410400e-01
-2.500000000000273670e-01 3.833247340002704506e-01
-1.500000000000277223e-01 3.916611782340100323e-01
-5.000000000002806366e-02 3.954678912495446230e-01
4.999999999997158107e-02 3.943101749863722194e-01
1.499999999999712119e-01 3.908112991687847648e-01
2.499999999999708566e-01 3.838197575059028033e-01
3.499999999999705014e-01 3.719551618709096008e-01
4.499999999999701461e-01 3.580004669899133907e-01
5.499999999999698463e-01 3.414304866347163125e-01
6.499999999999694911e-01 3.215213154637492354e-01
7.499999999999691358e-01 3.004171681958528461e-01
8.499999999999687805e-01 2.785651628361145993e-01
9.499999999999684253e-01 2.553655934888224843e-01
1.049999999999968070e+00 2.309302396552469216e-01
1.149999999999967715e+00 2.069224867709805737e-01
1.249999999999967359e+00 1.839269593704535855e-01
1.349999999999967004e+00 1.614752481150033003e-01
1.449999999999966649e+00 1.418171372524492657e-01
1.549999999999966294e+00 1.226238871729625063e-01
1.649999999999965938e+00 1.041625266851361198e-01
1.749999999999965583e+00 8.782675099927211848e-02
1.849999999999965228e+00 7.289442905159879138e-02
1.949999999999964873e+00 6.083909855332576833e-02
2.049999999999964295e+00 4.957598309184303720e-02
2.149999999999963940e+00 4.038344982058562210e-02
2.249999999999963585e+00 3.229274306186456778e-02
2.349999999999963229e+00 2.590090729469513020e-02
2.449999999999962874e+00 2.027999523074155291e-02
2.549999999999962519e+00 1.570768134538537419e-02
2.649999999999962164e+00 1.212630161019272873e-02
2.749999999999961808e+00 9.040832519531338471e-03
2.849999999999961453e+00 6.877100744912846390e-03
2.949999999999961098e+00 5.042497501816887474e-03
3.049999999999960743e+00 3.866151321765997489e-03
3.149999999999960387e+00 2.733274947765267256e-03
3.249999999999960032e+00 2.002272495003638159e-03
3.349999999999959677e+00 1.399905182594480234e-03
3.449999999999959321e+00 1.053033873092299073e-03
3.549999999999958966e+00 6.032544513081413654e-04
3.649999999999958611e+00 4.338109216024724191e-04
3.749999999999958256e+00 3.158214480377918550e-04
3.849999999999957900e+00 2.093647801598844452e-04
3.949999999999957545e+00 1.277480014534888159e-04
4.049999999999957190e+00 7.895536200944795020e-05
4.149999999999956835e+00 7.185825081758745892e-05
4.249999999999956479e+00 2.750130586845939861e-05
4.349999999999956124e+00 1.862991687863378790e-05
4.449999999999955769e+00 1.330708348473841945e-05
4.549999999999955413e+00 1.064566678779073522e-05
4.649999999999955058e+00 6.209972292877929019e-06
4.749999999999954703e+00 2.661416696947683805e-06
4.849999999999954348e+00 1.774277797965122607e-06
4.949999999999953992e+00 2.661416696947683805e-06
5.049999999999953637e+00 8.871388989825613036e-07
5.149999999999953282e+00 0.000000000000000000e+00
5.249999999999952927e+00 0.000000000000000000e+00
5.349999999999952571e+00 0.000000000000000000e+00
5.449999999999952216e+00 0.000000000000000000e+00
5.549999999999951861e+00 0.000000000000000000e+00
5.649999999999951505e+00 0.000000000000000000e+00
5.749999999999951150e+00 0.000000000000000000e+00
5.849999999999950795e+00 0.000000000000000000e+00
5.949999999999950440e+00 0.000000000000000000e+00
6.049999999999950084e+00 0.000000000000000000e+00
6.149999999999949729e+00 0.000000000000000000e+00
6.249999999999949374e+00 0.000000000000000000e+00
6.349999999999949019e+00 0.000000000000000000e+00
6.449999999999948663e+00 0.000000000000000000e+00
6.549999999999948308e+00 0.000000000000000000e+00
6.649999999999947953e+00 0.000000000000000000e+00
6.749999999999947597e+00 0.000000000000000000e+00
6.849999999999947242e+00 0.000000000000000000e+00
6.949999999999946887e+00 0.000000000000000000e+00
7.049999999999946532e+00 0.000000000000000000e+00
7.149999999999946176e+00 0.000000000000000000e+00
7.249999999999945821e+00 0.000000000000000000e+00
7.349999999999945466e+00 0.000000000000000000e+00
7.449999999999945111e+00 0.000000000000000000e+00
7.549999999999944755e+00 0.000000000000000000e+00
7.649999999999944400e+00 0.000000000000000000e+00
7.749999999999944045e+00 0.000000000000000000e+00
7.849999999999943689e+00 0.000000000000000000e+00
7.949999999999943334e+00 0.000000000000000000e+00
