-7.950000000000000178e+00 2.256881359011635711e-05
-7.850000000000000533e+00 2.569154251453497273e-05
-7.750000000000000888e+00 2.867232921511637947e-05
-7.650000000000001243e+00 2.895621366279080061e-05
-7.550000000000001599e+00 4.144712936046526309e-05
-7.450000000000001954e+00 4.868618277616295308e-05
-7.350000000000002309e+00 5.507358284883739658e-05
-7.250000000000002665e+00 6.160292514534903880e-05
-7.150000000000003020e+00 7.380995639534907674e-05
-7.050000000000003375e+00 8.942360101744215484e-05
-6.950000000000003730e+00 1.031919967296514870e-04
-6.850000000000004086e+00 1.199411791424422497e-04
-6.750000000000004441e+00 1.352709393168608897e-04
-6.650000000000004796e+00 1.551428506540702273e-04
-6.550000000000005151e+00 1.887831577034889785e-04
-6.450000000000005507e+00 2.285269803779077351e-04
-6.350000000000005862e+00 2.530829851017450910e-04
-6.250000000000006217e+00 2.955237100290710297e-04
-6.150000000000006573e+00 3.352675327034899217e-04
-6.050000000000006928e+00 3.890636355377927874e-04
-5.950000000000007283e+00 4.432855650436071408e-04
-5.850000000000007638e+00 5.196515991233318808e-04
-5.750000000000007994e+00 5.999897801598863371e-04
-5.650000000000008349e+00 6.855809411337233407e-04
-5.550000000000008704e+00 7.794047510901184117e-04
-5.450000000000009059e+00 9.206383814634473001e-04
-5.350000000000009415e+00 1.039584847383724035e-03
-5.250000000000009770e+00 1.213038244912797124e-03
-5.150000000000010125e+00 1.365058366642451365e-03
-5.050000000000010481e+00 1.579249182412804930e-03
-4.950000000000010836e+00 1.807210629205979052e-03
-4.850000000000011191e+00 2.057453652175678365e-03
-4.750000000000011546e+00 2.361777780082661461e-03
-4.650000000000011902e+00 2.681857494835575024e-03
-4.550000000000012257e+00 3.039409956681512516e-03
-4.450000000000012612e+00 3.497883339675707942e-03
-4.350000000000012967e+00 3.985314053987992246e-03
-4.250000000000013323e+00 4.562167251662371283e-03
-4.150000000000013678e+00 5.175357658639073190e-03
-4.050000000000014033e+00 5.960867043009440529e-03
-3.950000000000014388e+00 6.692721149114044463e-03
-3.850000000000014744e+00 7.685751182389707718e-03
-3.750000000000015099e+00 8.632653345884193363e-03
-3.650000000000015454e+00 9.872938909497114279e-03
-3.550000000000015810e+00 1.135511190501351485e-02
-3.450000000000016165e+00 1.285104323734437282e-02
-3.350000000000016520e+00 1.452965085878778900e-02
-3.250000000000016875e+00 1.655120318723024564e-02
-3.150000000000017231e+00 1.872831972237704035e-02
-3.050000000000017586e+00 2.122424631584933150e-02
-2.950000000000017941e+00 2.416854492366191445e-02
-2.850000000000018296e+00 2.733472493340407747e-02
-2.750000000000018652e+00 3.101572044776134893e-02
-2.650000000000019007e+00 3.512099468103352384e-02
-2.550000000000019362e+00 3.966827699933486717e-02
-2.450000000000019718e+00 4.504323001310752556e-02
-2.350000000000020073e+00 5.111014354449949781e-02
-2.250000000000020428e+00 5.774753628535669869e-02
-2.150000000000020783e+00 6.523377593676331354e-02
-2.050000000000021139e+00 7.363226149594048753e-02
-1.950000000000021272e+00 8.332769438976989074e-02
-1.850000000000021627e+00 9.410921329763677345e-02
-1.750000000000021982e+00 1.061971717866677378e-01
-1.650000000000022338e+00 1.197185276760150130e-01
-1.550000000000022693e+00 1.345494581696604353e-01
-1.450000000000023048e+00 1.517960251349199097e-01
-1.350000000000023404e+00 1.709845058998063216e-01
-1.250000000000023759e+00 1.918488180303558055e-01
-1.150000000000024114e+00 2.152191055932315966e-01
-1.050000000000024469e+00 2.413218469066363836e-01
-9.500000000000248246e-01 2.697338362007439816e-01
-8.500000000000251799e-01 3.008004658476768900e-01
-7.500000000000255351e-01 3.352178831018355343e-01
-6.500000000000258904e-01 3.714056518308730404e-01
-5.500000000000262457e-01 4.093710625003501025e-01
-4.500000000000266565e-01 4.499639053218935647e-01
-3.500000000000270117e-01 4.892992070995602072e-01
-2.500000000000273670e-01 5.268883278159910422e-01
-1.500000000000277223e-01 5.579779375736757530e-01
-5.000000000002806366e-02 5.725121205247291067e-01
4.999999999997158107e-02 5.472468036846498407e-01
1.499999999999712119e-01 4.877410637199396937e-01
2.499999999999708566e-01 4.218606124232388566e-01
3.499999999999705014e-01 3.592008547738281266e-01
4.499999999999701461e-01 3.023447737722642081e-01
5.499999999999698463e-01 2.531528709703808611e-01
6.499999999999694911e-01 2.107216919370226149e-01
7.499999999999691358e-01 1.746783309794204819e-01
8.499999999999687805e-01 1.446566743960868706e-01
9.499999999999684253e-01 1.195226027009069214e-01
1.049999999999968070e+00 9.861211799436375713e-02
1.149999999999967715e+00 8.096268882116369747e-02
1.249999999999967359e+00 6.690492991497247466e-02
1.349999999999967004e+00 5.519220072410426642e-02
1.449999999999966649e+00 4.536207918936936007e-02
1.549999999999966294e+00 3.738575215698625165e-02
1.649999999999965938e+00 3.063991667477164449e-02
1.749999999999965583e+00 2.530795538999414118e-02
1.849999999999965228e+00 2.080284108872751392e-02
1.949999999999964873e+00 1.732523872223122943e-02
2.049999999999964295e+00 1.418006280865104912e-02
2.149999999999963940e+00 1.175284183979249247e-02
2.249999999999963585e+00 9.672108545252373207e-03
2.349999999999963229e+00 8.050131400498775069e-03
2.449999999999962874e+00 6.644902266855189261e-03
2.549999999999962519e+00 5.478983251979900257e-03
2.649999999999962164e+00 4.575656233548127880e-03
2.749999999999961808e+00 3.754381879391995632e-03
2.849999999999961453e+00 3.120184023287332804e-03
2.949999999999961098e+00 2.616566307181068633e-03
3.049999999999960743e+00 2.142762046357148467e-03
3.149999999999960387e+00 1.782376328310996023e-03
3.249999999999960032e+00 1.506148937136640329e-03
3.349999999999959677e+00 1.232202680441432316e-03
3.449999999999959321e+00 1.029933893818099416e-03
3.549999999999958966e+00 8.640023164970949158e-04
3.649999999999958611e+00 7.363962572674440576e-04
3.749999999999958256e+00 6.075127180232584110e-04
3.849999999999957900e+00 5.237679236146108603e-04
3.949999999999957545e+00 4.204339846611220661e-04
4.049999999999957190e+00 3.696175508720948833e-04
4.149999999999956835e+00 2.990733832803070839e-04
4.249999999999956479e+00 2.579090207122102267e-04
4.349999999999956124e+00 2.210040425145355799e-04
4.449999999999955769e+00 1.802666242732563781e-04
4.549999999999955413e+00 1.537234284156981589e-04
4.649999999999955058e+00 1.284577125726748365e-04
4.749999999999954703e+00 1.115665879360468752e-04
4.849999999999954348e+00 8.913971656976773031e-05
4.949999999999953992e+00 7.522937863372117229e-05
5.049999999999953637e+00 6.387400072674440793e-05
5.149999999999953282e+00 5.407998728197693105e-05
5.249999999999952927e+00 4.513762718023271421e-05
5.349999999999952571e+00 3.562749818313966187e-05
5.449999999999952216e+00 3.264671148255825174e-05
5.549999999999951861e+00 2.625931140988381501e-05
5.649999999999951505e+00 2.114939135174426156e-05
5.749999999999951150e+00 1.916220021802332373e-05
5.849999999999950795e+00 1.391033793604656141e-05
5.949999999999950440e+00 1.575558684593028697e-05
6.049999999999950084e+00 1.163926235465120583e-05
6.149999999999949729e+00 1.050372456395352465e-05
6.249999999999949374e+00 1.007789789244189632e-05
6.349999999999949019e+00 7.664880087209330171e-06
6.449999999999948663e+00 7.806822311046539048e-06
6.549999999999948308e+00 6.103515625000021515e-06
6.649999999999947953e+00 2.696902252906986448e-06
6.749999999999947597e+00 4.826035610465134000e-06
6.849999999999947242e+00 3.264671148255825343e-06
6.949999999999946887e+00 2.838844476744196172e-06
7.049999999999946532e+00 1.277480014534888362e-06
7.149999999999946176e+00 2.271075581395356853e-06
7.249999999999945821e+00 2.413017805232566576e-06
7.349999999999945466e+00 1.135537790697678426e-06
7.449999999999945111e+00 8.516533430232587667e-07
7.549999999999944755e+00 4.258266715116293834e-07
7.649999999999944400e+00 5.677688953488392131e-07
7.749999999999944045e+00 2.838844476744196066e-07
7.849999999999943689e+00 1.419422238372098033e-07
7.949999999999943334e+00 1.419422238372098033e-07
