-7.950000000000000178e+00 0.000000000000000000e+00
-7.850000000000000533e+00 0.000000000000000000e+00
-7.750000000000000888e+00 0.000000000000000000e+00
-7.650000000000001243e+00 0.000000000000000000e+00
-7.550000000000001599e+00 1.419422238372098033e-07
-7.450000000000001954e+00 2.838844476744196066e-07
-7.350000000000002309e+00 1.419422238372098033e-07
-7.250000000000002665e+00 2.838844476744196066e-07
-7.150000000000003020e+00 7.097111191860490429e-07
-7.050000000000003375e+00 1.419422238372098033e-07
-6.950000000000003730e+00 1.419422238372098033e-07
-6.850000000000004086e+00 5.677688953488392131e-07
-6.750000000000004441e+00 4.258266715116293834e-07
-6.650000000000004796e+00 4.258266715116293834e-07
-6.550000000000005151e+00 8.516533430232587667e-07
-6.450000000000005507e+00 9.935955668604684906e-07
-6.350000000000005862e+00 8.516533430232587667e-07
-6.250000000000006217e+00 2.554960029069776724e-06
-6.150000000000006573e+00 2.838844476744196172e-06
-6.050000000000006928e+00 3.974382267441873962e-06
-5.950000000000007283e+00 4.826035610465133153e-06
-5.850000000000007638e+00 6.955168968023280705e-06
-5.750000000000007994e+00 7.664880087209328477e-06
-5.650000000000008349e+00 1.149732013081399356e-05
-5.550000000000008704e+00 1.320062681686051194e-05
-5.450000000000009059e+00 1.845248909883727596e-05
-5.350000000000009415e+00 2.384629360465124716e-05
-5.250000000000009770e+00 3.804051598837222294e-05
-5.150000000000010125e+00 4.740870276162806980e-05
-5.050000000000010481e+00 5.578329396802344435e-05
-4.950000000000010836e+00 8.161677870639562934e-05
-4.850000000000011191e+00 1.105729923691863893e-04
-4.750000000000011546e+00 1.420841660610469700e-04
-4.650000000000011902e+00 1.717500908430238048e-04
-4.550000000000012257e+00 2.256881359011635711e-04
-4.450000000000012612e+00 2.989303234011640156e-04
-4.350000000000012967e+00 3.838117732558158929e-04
-4.250000000000013323e+00 4.834552143895374122e-04
-4.150000000000013678e+00 6.315009538517467281e-04
-4.050000000000014033e+00 8.016896802325601274e-04
-3.950000000000014388e+00 1.021700127180235913e-03
-3.850000000000014744e+00 1.284719067950589304e-03
-3.750000000000015099e+00 1.628077307412805624e-03
-3.650000000000015454e+00 2.010327716206418511e-03
-3.550000000000015810e+00 2.553824491279103881e-03
-3.450000000000016165e+00 3.167014898255860866e-03
-3.350000000000016520e+00 3.974950036337260989e-03
-3.250000000000016875e+00 4.946402616279058084e-03
-3.150000000000017231e+00 6.016788926235379538e-03
-3.050000000000017586e+00 7.411513217659705145e-03
-2.950000000000017941e+00 9.060739916424125767e-03
-2.850000000000018296e+00 1.108597156613328784e-02
-2.750000000000018652e+00 1.336712504542092103e-02
-2.650000000000019007e+00 1.614124386809515088e-02
-2.550000000000019362e+00 1.944154251453386953e-02
-2.450000000000019718e+00 2.318058457485338078e-02
-2.350000000000020073e+00 2.775041447129202032e-02
-2.250000000000020428e+00 3.294436432594371328e-02
-2.150000000000020783e+00 3.900870389716716569e-02
-2.050000000000021139e+00 4.626975835756210603e-02
-1.950000000000021272e+00 5.411348564680851930e-02
-1.850000000000021627e+00 6.332993618278401349e-02
-1.750000000000021982e+00 7.393302030342202569e-02
-1.650000000000022338e+00 8.592529296875596467e-02
-1.550000000000022693e+00 9.957786382631478306e-02
-1.450000000000023048e+00 1.149054948673770976e-01
-1.350000000000023404e+00 1.317452364189790059e-01
-1.250000000000023759e+00 1.508845839389685306e-01
-1.150000000000024114e+00 1.719551973564856229e-01
-1.050000000000024469e+00 1.949328045512546681e-01
-9.500000000000248246e-01 2.199878781341044753e-01
-8.500000000000251799e-01 2.472136741460961296e-01
-7.500000000000255351e-01 2.762632857921633045e-01
-6.500000000000258904e-01 3.083849529887374707e-01
-5.500000000000262457e-01 3.410107989643840209e-01
-4.500000000000266565e-01 3.751178120457762111e-01
-3.500000000000270117e-01 4.096691042877816935e-01
-2.500000000000273670e-01 4.429930221202691421e-01
-1.500000000000277223e-01 4.721113338026852735e-01
-5.000000000002806366e-02 4.886622229287777008e-01
4.999999999997158107e-02 4.891986225926585052e-01
1.499999999999712119e-01 4.721475290697639826e-01
2.499999999999708566e-01 4.435972701671444529e-01
3.499999999999705014e-01 4.100380121275346568e-01
4.499999999999701461e-01 3.754739450853835647e-01
5.499999999999698463e-01 3.414153343023200726e-01
6.499999999999694911e-01 3.081481933593772649e-01
7.499999999999691358e-01 2.769304142441973982e-01
8.499999999999687805e-01 2.472914584847588915e-01
9.499999999999684253e-01 2.201793581940612032e-01
1.049999999999968070e+00 1.949600574582314449e-01
1.149999999999967715e+00 1.720681833666601879e-01
1.249999999999967359e+00 1.506255393804653564e-01
1.349999999999967004e+00 1.320265659066244823e-01
1.449999999999966649e+00 1.148558150890342522e-01
1.549999999999966294e+00 9.966104196948341598e-02
1.649999999999965938e+00 8.612968977108161062e-02
1.749999999999965583e+00 7.415672124818954714e-02
1.849999999999965228e+00 6.340502361919388152e-02
1.949999999999964873e+00 5.423229128816026839e-02
2.049999999999964295e+00 4.598644167878297023e-02
2.149999999999963940e+00 3.899294831032119185e-02
2.249999999999963585e+00 3.292988621911231012e-02
2.349999999999963229e+00 2.773494276889375623e-02
2.449999999999962874e+00 2.330634538517313906e-02
2.549999999999962519e+00 1.938703670058038869e-02
2.649999999999962164e+00 1.609525458757189720e-02
2.749999999999961808e+00 1.327727561773197132e-02
2.849999999999961453e+00 1.095013285792108791e-02
2.949999999999961098e+00 8.968051644258437718e-03
3.049999999999960743e+00 7.326489825581224309e-03
3.149999999999960387e+00 6.050855059956308096e-03
3.249999999999960032e+00 4.856553188590110974e-03
3.349999999999959677e+00 3.907811364462263071e-03
3.449999999999959321e+00 3.170705396075628249e-03
3.549999999999958966e+00 2.547295148982591656e-03
3.649999999999958611e+00 1.993294649345952498e-03
3.749999999999958256e+00 1.602101880450595983e-03
3.849999999999957900e+00 1.257750045421519164e-03
3.949999999999957545e+00 1.031352198401166076e-03
4.049999999999957190e+00 7.886309956395369785e-04
4.149999999999956835e+00 6.234102470930258594e-04
4.249999999999956479e+00 4.857262899709328084e-04
4.349999999999956124e+00 3.676303597383739387e-04
4.449999999999955769e+00 2.958075944767454271e-04
4.549999999999955413e+00 2.235590025436054278e-04
4.649999999999955058e+00 1.676337663517447169e-04
4.749999999999954703e+00 1.318643259447678496e-04
4.849999999999954348e+00 9.864984556686077588e-05
4.949999999999953992e+00 8.772029433139563476e-05
5.049999999999953637e+00 6.245457848837231239e-05
5.149999999999953282e+00 4.769258720930248077e-05
5.249999999999952927e+00 3.477584484011639505e-05
5.349999999999952571e+00 2.767873364825591055e-05
5.449999999999952216e+00 2.313658248546519939e-05
5.549999999999951861e+00 1.518781795058144977e-05
5.649999999999951505e+00 1.291674236918609250e-05
5.749999999999951150e+00 9.368186773255846858e-06
5.849999999999950795e+00 6.671284520348861257e-06
5.949999999999950440e+00 4.967977834302342877e-06
6.049999999999950084e+00 3.548555595930245638e-06
6.149999999999949729e+00 2.271075581395356853e-06
6.249999999999949374e+00 1.561364462209307810e-06
6.349999999999949019e+00 5.677688953488392131e-07
6.449999999999948663e+00 1.987191133720937405e-06
6.549999999999948308e+00 5.677688953488392131e-07
6.649999999999947953e+00 7.097111191860490429e-07
6.749999999999947597e+00 2.838844476744196066e-07
6.849999999999947242e+00 7.097111191860490429e-07
6.949999999999946887e+00 0.000000000000000000e+00
7.049999999999946532e+00 4.258266715116293834e-07
7.149999999999946176e+00 5.677688953488392131e-07
7.249999999999945821e+00 5.677688953488392131e-07
7.349999999999945466e+00 2.838844476744196066e-07
7.449999999999945111e+00 0.000000000000000000e+00
7.549999999999944755e+00 0.000000000000000000e+00
7.649999999999944400e+00 0.000000000000000000e+00
7.749999999999944045e+00 0.000000000000000000e+00
7.849999999999943689e+00 0.000000000000000000e+00
7.949999999999943334e+00 0.000000000000000000e+00
