-7.950000000000000178e+00 0.000000000000000000e+00
-7.850000000000000533e+00 0.000000000000000000e+00
-7.750000000000000888e+00 0.000000000000000000e+00
-7.650000000000001243e+00 0.000000000000000000e+00
-7.550000000000001599e+00 0.000000000000000000e+00
-7.450000000000001954e+00 0.000000000000000000e+00
-7.350000000000002309e+00 0.000000000000000000e+00
-7.250000000000002665e+00 0.000000000000000000e+00
-7.150000000000003020e+00 0.000000000000000000e+00
-7.050000000000003375e+00 0.000000000000000000e+00
-6.950000000000003730e+00 0.000000000000000000e+00
-6.850000000000004086e+00 8.871388989825613036e-07
-6.750000000000004441e+00 0.000000000000000000e+00
-6.650000000000004796e+00 8.871388989825613036e-07
-6.550000000000005151e+00 0.000000000000000000e+00
-6.450000000000005507e+00 0.000000000000000000e+00
-6.350000000000005862e+00 0.000000000000000000e+00
-6.250000000000006217e+00 8.871388989825613036e-07
-6.150000000000006573e+00 8.871388989825613036e-07
-6.050000000000006928e+00 8.871388989825613036e-07
-5.950000000000007283e+00 0.000000000000000000e+00
-5.850000000000007638e+00 8.871388989825613036e-07
-5.750000000000007994e+00 3.548555595930245214e-06
-5.650000000000008349e+00 3.548555595930245214e-06
-5.550000000000008704e+00 1.774277797965122607e-06
-5.450000000000009059e+00 8.871388989825613036e-07
-5.350000000000009415e+00 4.435694494912806200e-06
-5.250000000000009770e+00 1.774277797965122607e-06
-5.150000000000010125e+00 1.774277797965122607e-06
-5.050000000000010481e+00 7.097111191860489582e-06
-4.950000000000010836e+00 3.548555595930245214e-06
-4.850000000000011191e+00 7.097111191860489582e-06
-4.750000000000011546e+00 7.097111191860490429e-06
-4.650000000000011902e+00 1.241994458575585634e-05
-4.550000000000012257e+00 1.596850018168610198e-05
-4.450000000000012612e+00 2.572702807049427579e-05
-4.350000000000012967e+00 3.725983375726757581e-05
-4.250000000000013323e+00 4.169552825218037439e-05
-4.150000000000013678e+00 7.806822311046539048e-05
-4.050000000000014033e+00 1.117795012718027139e-04
-3.950000000000014388e+00 1.729920853015994562e-04
-3.850000000000014744e+00 2.164618913517449500e-04
-3.750000000000015099e+00 3.273542537245650906e-04
-3.650000000000015454e+00 5.030077557231122124e-04
-3.550000000000015810e+00 6.875326467114847417e-04
-3.450000000000016165e+00 9.847241778706422328e-04
-3.350000000000016520e+00 1.404340877089392883e-03
-3.250000000000016875e+00 1.910897188408434196e-03
-3.150000000000017231e+00 2.869894338208581804e-03
-3.050000000000017586e+00 3.741951875908438967e-03
-2.950000000000017941e+00 5.191536836845958916e-03
-2.850000000000018296e+00 7.020817246548021959e-03
-2.750000000000018652e+00 9.055026741915061378e-03
-2.650000000000019007e+00 1.206420188726394643e-02
-2.550000000000019362e+00 1.567308292832505362e-02
-2.450000000000019718e+00 2.022233120230768066e-02
-2.350000000000020073e+00 2.574477084847419731e-02
-2.250000000000020428e+00 3.247371939725700318e-02
-2.150000000000020783e+00 4.025481468023314746e-02
-2.050000000000021139e+00 4.974099092705379366e-02
-1.950000000000021272e+00 6.085507403885311029e-02
-1.850000000000021627e+00 7.292370463526517965e-02
-1.750000000000021982e+00 8.788530216660493666e-02
-1.650000000000022338e+00 1.032177237577197454e-01
-1.550000000000022693e+00 1.213437457417307352e-01
-1.450000000000023048e+00 1.412422782312542369e-01
-1.350000000000023404e+00 1.618327930326758368e-01
-1.250000000000023759e+00 1.836466444344121429e-01
-1.150000000000024114e+00 2.069224937563263478e-01
-1.050000000000024469e+00 2.310376114034064232e-01
-9.500000000000248246e-01 2.551464771661193787e-01
-8.500000000000251799e-01 2.766809287120952088e-01
-7.500000000000255351e-01 3.002450772201412654e-01
-6.500000000000258904e-01 3.226542058084411746e-01
-5.500000000000262457e-01 3.418527926920146287e-01
-4.500000000000266565e-01 3.579605736808415539e-01
-3.500000000000270117e-01 3.731901081157129596e-01
-2.500000000000273670e-01 3.838526584839674904e-01
-1.500000000000277223e-01 3.920728665659032330e-01
-5.000000000002806366e-02 3.953614764937404824e-01
4.999999999997158107e-02 3.954120713523652242e-01
1.499999999999712119e-01 3.909470593617118128e-01
2.499999999999708566e-01 3.831855090758956583e-01
3.499999999999705014e-01 3.723242815063428357e-01
4.499999999999701461e-01 3.587341727714455919e-01
5.499999999999698463e-01 3.431001029986384676e-01
6.499999999999694911e-01 3.213368115287978388e-01
7.499999999999691358e-01 3.014063560096009176e-01
8.499999999999687805e-01 2.776301324072782406e-01
9.499999999999684253e-01 2.538450513866578606e-01
1.049999999999968070e+00 2.305017585523839729e-01
1.149999999999967715e+00 2.070289574095498519e-01
1.249999999999967359e+00 1.841833425122594847e-01
1.349999999999967004e+00 1.619907107420403558e-01
1.449999999999966649e+00 1.412174313567370332e-01
1.549999999999966294e+00 1.216515829396776771e-01
1.649999999999965938e+00 1.032869275771860496e-01
1.749999999999965583e+00 8.743729702261880676e-02
1.849999999999965228e+00 7.309847099836475071e-02
1.949999999999964873e+00 6.061199099518622957e-02
2.049999999999964295e+00 4.983147909475002524e-02
2.149999999999963940e+00 4.019892492959724339e-02
2.249999999999963585e+00 3.226701603379407424e-02
2.349999999999963229e+00 2.566936404206068140e-02
2.449999999999962874e+00 2.003514489462236009e-02
2.549999999999962519e+00 1.574760259583958544e-02
2.649999999999962164e+00 1.210589741551612933e-02
2.749999999999961808e+00 9.289231411246460721e-03
2.849999999999961453e+00 6.910812023074183741e-03
2.949999999999961098e+00 5.224360976108314777e-03
3.049999999999960743e+00 3.829778626907713070e-03
3.149999999999960387e+00 2.770534781522534899e-03
3.249999999999960032e+00 1.916220021802330069e-03
3.349999999999959677e+00 1.411437988281253469e-03
3.449999999999959321e+00 9.643199831940432645e-04
3.549999999999958966e+00 7.283410360646824615e-04
3.649999999999958611e+00 4.985720612281993461e-04
3.749999999999958256e+00 3.513070039970942436e-04
3.849999999999957900e+00 2.306561137354659326e-04
3.949999999999957545e+00 1.596850018168610198e-04
4.049999999999957190e+00 1.135537790697678333e-04
4.149999999999956835e+00 5.322833393895367779e-05
4.249999999999956479e+00 4.346980605014550059e-05
4.349999999999956124e+00 3.371127816133732340e-05
4.449999999999955769e+00 3.016272256540708115e-05
4.549999999999955413e+00 3.104986146438964425e-05
4.649999999999955058e+00 1.241994458575585634e-05
4.749999999999954703e+00 1.241994458575585634e-05
4.849999999999954348e+00 7.984250090843050991e-06
4.949999999999953992e+00 2.661416696947683805e-06
5.049999999999953637e+00 8.871388989825612401e-06
5.149999999999953282e+00 7.097111191860489582e-06
5.249999999999952927e+00 3.548555595930245214e-06
5.349999999999952571e+00 8.871388989825613036e-07
5.449999999999952216e+00 8.871388989825613036e-07
5.549999999999951861e+00 8.871388989825613036e-07
5.649999999999951505e+00 8.871388989825613036e-07
5.749999999999951150e+00 0.000000000000000000e+00
5.849999999999950795e+00 2.661416696947683805e-06
5.949999999999950440e+00 0.000000000000000000e+00
6.049999999999950084e+00 8.871388989825613036e-07
6.149999999999949729e+00 0.000000000000000000e+00
6.249999999999949374e+00 1.774277797965122607e-06
6.349999999999949019e+00 8.871388989825613036e-07
6.449999999999948663e+00 0.000000000000000000e+00
6.549999999999948308e+00 8.871388989825613036e-07
6.649999999999947953e+00 0.000000000000000000e+00
6.749999999999947597e+00 8.871388989825613036e-07
6.849999999999947242e+00 0.000000000000000000e+00
6.949999999999946887e+00 8.871388989825613036e-07
7.049999999999946532e+00 8.871388989825613036e-07
7.149999999999946176e+00 0.000000000000000000e+00
7.249999999999945821e+00 0.000000000000000000e+00
7.349999999999945466e+00 0.000000000000000000e+00
7.449999999999945111e+00 0.000000000000000000e+00
7.549999999999944755e+00 0.000000000000000000e+00
7.649999999999944400e+00 0.000000000000000000e+00
7.749999999999944045e+00 0.000000000000000000e+00
7.849999999999943689e+00 0.000000000000000000e+00
7.949999999999943334e+00 0.000000000000000000e+00
