-7.950000000000000178e+00 0.000000000000000000e+00
-7.850000000000000533e+00 0.000000000000000000e+00
-7.750000000000000888e+00 0.000000000000000000e+00
-7.650000000000001243e+00 0.000000000000000000e+00
-7.550000000000001599e+00 0.000000000000000000e+00
-7.450000000000001954e+00 0.000000000000000000e+00
-7.350000000000002309e+00 0.000000000000000000e+00
-7.250000000000002665e+00 0.000000000000000000e+00
-7.150000000000003020e+00 0.000000000000000000e+00
-7.050000000000003375e+00 0.000000000000000000e+00
-6.950000000000003730e+00 0.000000000000000000e+00
-6.850000000000004086e+00 0.000000000000000000e+00
-6.750000000000004441e+00 0.000000000000000000e+00
-6.650000000000004796e+00 0.000000000000000000e+00
-6.550000000000005151e+00 0.000000000000000000e+00
-6.450000000000005507e+00 0.000000000000000000e+00
-6.350000000000005862e+00 0.000000000000000000e+00
-6.250000000000006217e+00 0.000000000000000000e+00
-6.150000000000006573e+00 0.000000000000000000e+00
-6.050000000000006928e+00 0.000000000000000000e+00
-5.950000000000007283e+00 0.000000000000000000e+00
-5.850000000000007638e+00 0.000000000000000000e+00
-5.750000000000007994e+00 0.000000000000000000e+00
-5.650000000000008349e+00 0.000000000000000000e+00
-5.550000000000008704e+00 0.000000000000000000e+00
-5.450000000000009059e+00 0.000000000000000000e+00
-5.350000000000009415e+00 0.000000000000000000e+00
-5.250000000000009770e+00 0.000000000000000000e+00
-5.150000000000010125e+00 0.000000000000000000e+00
-5.050000000000010481e+00 0.000000000000000000e+00
-4.950000000000010836e+00 0.000000000000000000e+00
-4.850000000000011191e+00 0.000000000000000000e+00
-4.750000000000011546e+00 0.000000000000000000e+00
-4.650000000000011902e+00 0.000000000000000000e+00
-4.550000000000012257e+00 0.000000000000000000e+00
-4.450000000000012612e+00 0.000000000000000000e+00
-4.350000000000012967e+00 0.000000000000000000e+00
-4.250000000000013323e+00 0.000000000000000000e+00
-4.150000000000013678e+00 0.000000000000000000e+00
-4.050000000000014033e+00 0.000000000000000000e+00
-3.950000000000014388e+00 0.000000000000000000e+00
-3.850000000000014744e+00 0.000000000000000000e+00
-3.750000000000015099e+00 0.000000000000000000e+00
-3.650000000000015454e+00 0.000000000000000000e+00
-3.550000000000015810e+00 0.000000000000000000e+00
-3.450000000000016165e+00 0.000000000000000000e+00
-3.350000000000016520e+00 0.000000000000000000e+00
-3.250000000000016875e+00 0.000000000000000000e+00
-3.150000000000017231e+00 0.000000000000000000e+00
-3.050000000000017586e+00 0.000000000000000000e+00
-2.950000000000017941e+00 0.000000000000000000e+00
-2.850000000000018296e+00 0.000000000000000000e+00
-2.750000000000018652e+00 0.000000000000000000e+00
-2.650000000000019007e+00 0.000000000000000000e+00
-2.550000000000019362e+00 0.000000000000000000e+00
-2.450000000000019718e+00 0.000000000000000000e+00
-2.350000000000020073e+00 0.000000000000000000e+00
-2.250000000000020428e+00 0.000000000000000000e+00
-2.150000000000020783e+00 0.000000000000000000e+00
-2.050000000000021139e+00 0.000000000000000000e+00
-1.950000000000021272e+00 0.000000000000000000e+00
-1.850000000000021627e+00 0.000000000000000000e+00
-1.750000000000021982e+00 0.000000000000000000e+00
-1.650000000000022338e+00 0.000000000000000000e+00
-1.550000000000022693e+00 0.000000000000000000e+00
-1.450000000000023048e+00 0.000000000000000000e+00
-1.350000000000023404e+00 0.000000000000000000e+00
-1.250000000000023759e+00 0.000000000000000000e+00
-1.150000000000024114e+00 0.000000000000000000e+00
-1.050000000000024469e+00 0.000000000000000000e+00
-9.500000000000248246e-01 0.000000000000000000e+00
-8.500000000000251799e-01 0.000000000000000000e+00
-7.500000000000255351e-01 0.000000000000000000e+00
-6.500000000000258904e-01 0.000000000000000000e+00
-5.500000000000262457e-01 0.000000000000000000e+00
-4.500000000000266565e-01 0.000000000000000000e+00
-3.500000000000270117e-01 0.000000000000000000e+00
-2.500000000000273670e-01 0.000000000000000000e+00
-1.500000000000277223e-01 0.000000000000000000e+00
-5.000000000002806366e-02 1.383936682412795867e-04
4.999999999997158107e-02 2.054613690043619739e-03
1.499999999999712119e-01 1.954278280568702564e-02
2.499999999999708566e-01 7.061448208121368086e-02
3.499999999999705014e-01 1.217988479969092791e-01
4.499999999999701461e-01 1.763064362281958064e-01
5.499999999999698463e-01 1.963744052620793323e-01
6.499999999999694911e-01 2.373628838117691764e-01
7.499999999999691358e-01 2.835295921148227594e-01
8.499999999999687805e-01 3.440590791924026393e-01
9.499999999999684253e-01 3.522615654523962858e-01
1.049999999999968070e+00 3.678539187409151645e-01
1.149999999999967715e+00 3.777038219363166860e-01
1.249999999999967359e+00 3.907988792242015896e-01
1.349999999999967004e+00 3.776470450467824813e-01
1.449999999999966649e+00 3.843910749568463792e-01
1.549999999999966294e+00 3.805284721906802003e-01
1.649999999999965938e+00 3.772593653479278109e-01
1.749999999999965583e+00 3.830585923305770413e-01
1.849999999999965228e+00 3.813233486441667264e-01
1.949999999999964873e+00 3.523360851199122123e-01
2.049999999999964295e+00 3.397697626158230344e-01
2.149999999999963940e+00 3.300688987554479259e-01
2.249999999999963585e+00 3.354245562886071230e-01
2.349999999999963229e+00 3.269142328306636758e-01
2.449999999999962874e+00 2.977539772211065250e-01
2.549999999999962519e+00 2.747318356536117001e-01
2.649999999999962164e+00 2.687028396961253507e-01
2.749999999999961808e+00 2.387956131336259613e-01
2.849999999999961453e+00 2.278252535088070019e-01
2.949999999999961098e+00 1.960160011468899677e-01
3.049999999999960743e+00 1.791718948719072113e-01
3.149999999999960387e+00 1.679007951603341819e-01
3.249999999999960032e+00 1.506006994912759689e-01
3.349999999999959677e+00 1.345771966978526746e-01
3.449999999999959321e+00 1.226531627566288807e-01
3.549999999999958966e+00 1.106617062590817269e-01
3.649999999999958611e+00 9.276190469431203067e-02
3.749999999999958256e+00 9.080310200535816889e-02
3.849999999999957900e+00 8.289514585982867001e-02
3.949999999999957545e+00 7.127628769985461243e-02
4.049999999999957190e+00 6.521446760310660451e-02
4.149999999999956835e+00 5.066538965979321130e-02
4.249999999999956479e+00 4.536828329396834503e-02
4.349999999999956124e+00 4.090774890988402301e-02
4.449999999999955769e+00 3.583154012990574788e-02
4.549999999999955413e+00 2.670021944267842590e-02
4.649999999999955058e+00 2.479020939316883484e-02
4.749999999999954703e+00 2.428631449854687027e-02
4.849999999999954348e+00 1.771527667378286833e-02
4.949999999999953992e+00 1.006725222565418854e-02
5.049999999999953637e+00 6.453048351199199353e-03
5.149999999999953282e+00 6.162066792332919658e-03
5.249999999999952927e+00 4.530618357103976743e-03
5.349999999999952571e+00 4.831358443859065828e-03
5.449999999999952216e+00 4.115437352380133321e-03
5.549999999999951861e+00 4.993704862372883024e-03
5.649999999999951505e+00 3.565411235010944833e-03
5.749999999999951150e+00 8.924617323764591666e-04
5.849999999999950795e+00 1.127553540606842600e-03
5.949999999999950440e+00 6.103515625000047705e-04
6.049999999999950084e+00 7.114853969840205083e-04
6.149999999999949729e+00 6.742255632267456548e-05
6.249999999999949374e+00 1.224251680595932678e-04
6.349999999999949019e+00 1.587978629178787718e-04
6.449999999999948663e+00 2.306561137354661765e-04
6.549999999999948308e+00 3.122728924418621040e-04
6.649999999999947953e+00 7.327767305596018330e-04
6.749999999999947597e+00 6.751127021257345706e-04
6.849999999999947242e+00 6.458371184593103033e-04
6.949999999999946887e+00 9.581100109011647637e-05
7.049999999999946532e+00 1.046823900799420735e-04
7.149999999999946176e+00 4.897006722383786008e-04
7.249999999999945821e+00 7.274538971656992377e-05
7.349999999999945466e+00 7.718108421148272235e-05
7.449999999999945111e+00 1.428293627361924530e-04
7.549999999999944755e+00 2.829973087754390293e-04
7.649999999999944400e+00 0.000000000000000000e+00
7.749999999999944045e+00 0.000000000000000000e+00
7.849999999999943689e+00 0.000000000000000000e+00
7.949999999999943334e+00 0.000000000000000000e+00
