-7.950000000000000178e+00 1.508136128270353956e-04
-7.850000000000000533e+00 1.650078352107564052e-04
-7.750000000000000888e+00 1.650078352107564052e-04
-7.650000000000001243e+00 2.049290856649716331e-04
-7.550000000000001599e+00 2.067033634629367796e-04
-7.450000000000001954e+00 2.439631972202043419e-04
-7.350000000000002309e+00 2.980786700581405523e-04
-7.250000000000002665e+00 3.167085869367743198e-04
-7.150000000000003020e+00 3.459841706031989124e-04
-7.050000000000003375e+00 3.379999205123557530e-04
-6.950000000000003730e+00 3.663883652797977723e-04
-6.850000000000004086e+00 4.098581713299431577e-04
-6.750000000000004441e+00 4.551022551780537981e-04
-6.650000000000004796e+00 4.746193109556701389e-04
-6.550000000000005151e+00 5.180891170058156327e-04
-6.450000000000005507e+00 5.402675894803795308e-04
-6.350000000000005862e+00 5.492088319268180474e-04
-6.250000000000006217e+00 6.441187234266294208e-04
-6.150000000000006573e+00 6.414014239643915823e-04
-6.050000000000006928e+00 6.556026316937738161e-04
-5.950000000000007283e+00 7.017268690952054803e-04
-5.850000000000007638e+00 8.489919263263104744e-04
-5.750000000000007994e+00 8.791686195830400886e-04
-5.650000000000008349e+00 9.448308687990719830e-04
-5.550000000000008704e+00 1.030883342000380506e-03
-5.450000000000009059e+00 1.108092367594508193e-03
-5.350000000000009415e+00 1.209212231387197471e-03
-5.250000000000009770e+00 1.211866662738483695e-03
-5.150000000000010125e+00 1.430976000095853483e-03
-5.050000000000010481e+00 1.427427444499923190e-03
-4.950000000000010836e+00 1.542762486713317258e-03
-4.850000000000011191e+00 1.681170125645919076e-03
-4.750000000000011546e+00 1.857738707926093885e-03
-4.650000000000011902e+00 1.948226875622315057e-03
-4.550000000000012257e+00 2.206412236608884872e-03
-4.450000000000012612e+00 2.458436522722205839e-03
-4.350000000000012967e+00 2.660697206344568230e-03
-4.250000000000013323e+00 2.791993763393987339e-03
-4.150000000000013678e+00 3.065204602897970455e-03
-4.050000000000014033e+00 3.223122312262527607e-03
-3.950000000000014388e+00 3.611793930201808670e-03
-3.850000000000014744e+00 4.041329820259580499e-03
-3.750000000000015099e+00 4.445879128886954731e-03
-3.650000000000015454e+00 4.995863334182180752e-03
-3.550000000000015810e+00 5.151957868329145977e-03
-3.450000000000016165e+00 5.772361343235736866e-03
-3.350000000000016520e+00 6.174095557561615905e-03
-3.250000000000016875e+00 7.010059814229650625e-03
-3.150000000000017231e+00 7.834295675532395448e-03
-3.050000000000017586e+00 8.861616491245536548e-03
-2.950000000000017941e+00 9.720625403250134772e-03
-2.850000000000018296e+00 1.078602333816291309e-02
-2.750000000000018652e+00 1.188465754773206269e-02
-2.650000000000019007e+00 1.338672341062278545e-02
-2.550000000000019362e+00 1.503891832246573648e-02
-2.450000000000019718e+00 1.691554540505995491e-02
-2.350000000000020073e+00 1.905463986553111722e-02
-2.250000000000020428e+00 2.163464934414227603e-02
-2.150000000000020783e+00 2.488924762395457180e-02
-2.050000000000021139e+00 2.820711916476674463e-02
-1.950000000000021272e+00 3.182828742884603879e-02
-1.850000000000021627e+00 3.620748444805046984e-02
-1.750000000000021982e+00 4.153003144277378489e-02
-1.650000000000022338e+00 4.812511282730382034e-02
-1.550000000000022693e+00 5.535048893619681776e-02
-1.450000000000023048e+00 6.425311639181952028e-02
-1.350000000000023404e+00 7.363755107908272202e-02
-1.250000000000023759e+00 8.633680471110388721e-02
-1.150000000000024114e+00 1.020632207535516756e-01
-1.050000000000024469e+00 1.206632892501738885e-01
-9.500000000000248246e-01 1.445475761498757061e-01
-8.500000000000251799e-01 1.731692266822187354e-01
-7.500000000000255351e-01 2.068017311005336256e-01
-6.500000000000258904e-01 2.514127191006714224e-01
-5.500000000000262457e-01 3.072058414500393742e-01
-4.500000000000266565e-01 3.774326158910175089e-01
-3.500000000000270117e-01 4.668877627294700794e-01
-2.500000000000273670e-01 5.763260555494365001e-01
-1.500000000000277223e-01 7.133695402985371636e-01
-5.000000000002806366e-02 8.443250168900096053e-01
4.999999999997158107e-02 8.397977235574404231e-01
1.499999999999712119e-01 7.101652784195602308e-01
2.499999999999708566e-01 5.764249191465804500e-01
3.499999999999705014e-01 4.684892021197382128e-01
4.499999999999701461e-01 3.800424178688740495e-01
5.499999999999698463e-01 3.098931528233537791e-01
6.499999999999694911e-01 2.539733302743808485e-01
7.499999999999691358e-01 2.098928373651436363e-01
8.499999999999687805e-01 1.747454978720692775e-01
9.499999999999684253e-01 1.454083034569129129e-01
1.049999999999968070e+00 1.223399747839051255e-01
1.149999999999967715e+00 1.033923434285602683e-01
1.249999999999967359e+00 8.728097197206502456e-02
1.349999999999967004e+00 7.509538573324606170e-02
1.449999999999966649e+00 6.441820106583250050e-02
1.549999999999966294e+00 5.614394037917028873e-02
1.649999999999965938e+00 4.836918080470894998e-02
1.749999999999965583e+00 4.165871548054589368e-02
1.849999999999965228e+00 3.580021783996085311e-02
1.949999999999964873e+00 3.178475475468494488e-02
2.049999999999964295e+00 2.800814857895084220e-02
2.149999999999963940e+00 2.448383213246519557e-02
2.249999999999963585e+00 2.166062085931091258e-02
2.349999999999963229e+00 1.913912762130429851e-02
2.449999999999962874e+00 1.722966941410206121e-02
2.549999999999962519e+00 1.524724228612209243e-02
2.649999999999962164e+00 1.345496325238782973e-02
2.749999999999961808e+00 1.211960266370355754e-02
2.849999999999961453e+00 1.066629451352857361e-02
2.949999999999961098e+00 9.621978351821536962e-03
3.049999999999960743e+00 8.618505506196005514e-03
3.149999999999960387e+00 7.912308015877571668e-03
3.249999999999960032e+00 6.940744229232768611e-03
3.349999999999959677e+00 6.376607713627788221e-03
3.449999999999959321e+00 5.631285302260525399e-03
3.549999999999958966e+00 5.322456185229669859e-03
3.649999999999958611e+00 4.704218167478075273e-03
3.749999999999958256e+00 4.413984040597550632e-03
3.849999999999957900e+00 3.991615115188250004e-03
3.949999999999957545e+00 3.831867245260437045e-03
4.049999999999957190e+00 3.419326701196560327e-03
4.149999999999956835e+00 3.057353074374691802e-03
4.249999999999956479e+00 2.803582451846050802e-03
4.349999999999956124e+00 2.658922928546603517e-03
4.449999999999955769e+00 2.390091900772242390e-03
4.549999999999955413e+00 2.193105153124146490e-03
4.649999999999955058e+00 2.052930221739240370e-03
4.749999999999954703e+00 1.910987997902031032e-03
4.849999999999954348e+00 1.773439556485766674e-03
4.949999999999953992e+00 1.632391456893200971e-03
5.049999999999953637e+00 1.543649625612300048e-03
5.149999999999953282e+00 1.398179802216143819e-03
5.249999999999952927e+00 1.274874480603229582e-03
5.349999999999952571e+00 1.191455482716223665e-03
5.449999999999952216e+00 1.051301507368301814e-03
5.549999999999951861e+00 9.483794243950022761e-04
5.649999999999951505e+00 9.323969535219938341e-04
5.749999999999951150e+00 8.569831617628148037e-04
5.849999999999950795e+00 7.665019794122550183e-04
5.949999999999950440e+00 8.108589243613830311e-04
6.049999999999950084e+00 6.919753265520586696e-04
6.149999999999949729e+00 6.822307693545730288e-04
6.249999999999949374e+00 6.201240610801325975e-04
6.349999999999949019e+00 5.606717841569784991e-04
6.449999999999948663e+00 5.438161450763098238e-04
6.549999999999948308e+00 4.728450331577051008e-04
6.649999999999947953e+00 5.260733670966586837e-04
6.749999999999947597e+00 5.038948946220946773e-04
6.849999999999947242e+00 3.974382267441874030e-04
6.949999999999946887e+00 3.859054210574140590e-04
7.049999999999946532e+00 3.424356150072686194e-04
7.149999999999946176e+00 3.034015034520359377e-04
7.249999999999945821e+00 2.705773641896811604e-04
7.349999999999945466e+00 3.131600313408440268e-04
7.449999999999945111e+00 2.617059751998555362e-04
7.549999999999944755e+00 2.696902252906986414e-04
7.649999999999944400e+00 2.404146416242741030e-04
7.749999999999944045e+00 2.315432526344484787e-04
7.849999999999943689e+00 2.138004746547972844e-04
7.949999999999943334e+00 2.004933911700588209e-04
