-7.950000000000000178e+00 0.000000000000000000e+00
-7.850000000000000533e+00 0.000000000000000000e+00
-7.750000000000000888e+00 0.000000000000000000e+00
-7.650000000000001243e+00 0.000000000000000000e+00
-7.550000000000001599e+00 0.000000000000000000e+00
-7.450000000000001954e+00 0.000000000000000000e+00
-7.350000000000002309e+00 0.000000000000000000e+00
-7.250000000000002665e+00 0.000000000000000000e+00
-7.150000000000003020e+00 0.000000000000000000e+00
-7.050000000000003375e+00 0.000000000000000000e+00
-6.950000000000003730e+00 0.000000000000000000e+00
-6.850000000000004086e+00 0.000000000000000000e+00
-6.750000000000004441e+00 0.000000000000000000e+00
-6.650000000000004796e+00 0.000000000000000000e+00
-6.550000000000005151e+00 0.000000000000000000e+00
-6.450000000000005507e+00 0.000000000000000000e+00
-6.350000000000005862e+00 0.000000000000000000e+00
-6.250000000000006217e+00 0.000000000000000000e+00
-6.150000000000006573e+00 0.000000000000000000e+00
-6.050000000000006928e+00 0.000000000000000000e+00
-5.950000000000007283e+00 0.000000000000000000e+00
-5.850000000000007638e+00 0.000000000000000000e+00
-5.750000000000007994e+00 0.000000000000000000e+00
-5.650000000000008349e+00 0.000000000000000000e+00
-5.550000000000008704e+00 0.000000000000000000e+00
-5.450000000000009059e+00 0.000000000000000000e+00
-5.350000000000009415e+00 0.000000000000000000e+00
-5.250000000000009770e+00 0.000000000000000000e+00
-5.150000000000010125e+00 0.000000000000000000e+00
-5.050000000000010481e+00 1.774277797965122607e-06
-4.950000000000010836e+00 8.871388989825613036e-07
-4.850000000000011191e+00 1.774277797965122607e-06
-4.750000000000011546e+00 8.871388989825613036e-07
-4.650000000000011902e+00 2.661416696947683805e-06
-4.550000000000012257e+00 9.758527888808173810e-06
-4.450000000000012612e+00 1.419422238372097916e-05
-4.350000000000012967e+00 1.508136128270354227e-05
-4.250000000000013323e+00 3.282413926235476368e-05
-4.150000000000013678e+00 5.322833393895367779e-05
-4.050000000000014033e+00 9.403672329215149246e-05
-3.950000000000014388e+00 1.375065293422969863e-04
-3.850000000000014744e+00 2.084776412609018990e-04
-3.750000000000015099e+00 3.078371979469488040e-04
-3.650000000000015454e+00 4.701836164607574352e-04
-3.550000000000015810e+00 6.538213685501473912e-04
-3.450000000000016165e+00 9.723042332848863155e-04
-3.350000000000016520e+00 1.361758209938230234e-03
-3.250000000000016875e+00 1.922429994095208082e-03
-3.150000000000017231e+00 2.764324809229657103e-03
-3.050000000000017586e+00 3.718886264534892495e-03
-2.950000000000017941e+00 5.063788835392468365e-03
-2.850000000000018296e+00 6.966701773710086074e-03
-2.750000000000018652e+00 9.014218352561862574e-03
-2.650000000000019007e+00 1.204734624818327819e-02
-2.550000000000019362e+00 1.559678898301254842e-02
-2.450000000000019718e+00 2.014071442360128653e-02
-2.350000000000020073e+00 2.592042435047274551e-02
-2.250000000000020428e+00 3.253138342569087543e-02
-2.150000000000020783e+00 4.038256268168663454e-02
-2.050000000000021139e+00 4.972679670467007595e-02
-1.950000000000021272e+00 6.117887275163608196e-02
-1.850000000000021627e+00 7.348969925281600979e-02
-1.750000000000021982e+00 8.781876674918125125e-02
-1.650000000000022338e+00 1.038245267646237951e-01
-1.550000000000022693e+00 1.216205330782132860e-01
-1.450000000000023048e+00 1.411038775776673471e-01
-1.350000000000023404e+00 1.619055104810096513e-01
-1.250000000000023759e+00 1.843093162359151216e-01
-1.150000000000024114e+00 2.070165234942727139e-01
-1.050000000000024469e+00 2.308690270712170367e-01
-9.500000000000248246e-01 2.552937352380050262e-01
-8.500000000000251799e-01 2.769283915674918273e-01
-7.500000000000255351e-01 3.004712836686908584e-01
-6.500000000000258904e-01 3.221990895825718182e-01
-5.500000000000262457e-01 3.411155523255772204e-01
-4.500000000000266565e-01 3.580261940179837454e-01
-3.500000000000270117e-01 3.725060751271775938e-01
-2.500000000000273670e-01 3.843449437341005526e-01
-1.500000000000277223e-01 3.921118447946931873e-01
-5.000000000002806366e-02 3.948424583257617582e-01
4.999999999997158107e-02 3.950145632721643318e-01
1.499999999999712119e-01 3.910916350608631964e-01
2.499999999999708566e-01 3.826895425485992708e-01
3.499999999999705014e-01 3.719817760378790750e-01
4.499999999999701461e-01 3.586134799691100827e-01
5.499999999999698463e-01 3.409886914630226307e-01
6.499999999999694911e-01 3.223082076671467400e-01
7.499999999999691358e-01 3.006735513376586622e-01
8.499999999999687805e-01 2.780204595521392763e-01
9.499999999999684253e-01 2.539346384447637162e-01
1.049999999999968070e+00 2.311200873796291910e-01
1.149999999999967715e+00 2.070253948832624369e-01
1.249999999999967359e+00 1.838923609533932579e-01
1.349999999999967004e+00 1.614557310592255324e-01
1.449999999999966649e+00 1.415758354719259815e-01
1.549999999999966294e+00 1.218352206917670405e-01
1.649999999999965938e+00 1.042583376862262490e-01
1.749999999999965583e+00 8.736366449400323475e-02
1.849999999999965228e+00 7.354647614235090836e-02
1.949999999999964873e+00 6.099257358284974895e-02
2.049999999999964295e+00 4.991398301235538959e-02
2.149999999999963940e+00 4.036659418150495560e-02
2.249999999999963585e+00 3.258816031522576012e-02
2.349999999999963229e+00 2.574743226517114611e-02
2.449999999999962874e+00 2.025426820267105590e-02
2.549999999999962519e+00 1.566953437272912072e-02
2.649999999999962164e+00 1.195863235828502173e-02
2.749999999999961808e+00 9.209388910338029560e-03
2.849999999999961453e+00 6.949846134629417832e-03
2.949999999999961098e+00 5.083305891170085411e-03
3.049999999999960743e+00 3.799615904342305145e-03
3.149999999999960387e+00 2.719967864280529307e-03
3.249999999999960032e+00 1.879847326944044999e-03
3.349999999999959677e+00 1.414986543877183546e-03
3.449999999999959321e+00 9.519000386082874555e-04
3.549999999999958966e+00 6.751127021257288243e-04
3.649999999999958611e+00 4.604250885719492377e-04
3.749999999999958256e+00 2.900944199672975555e-04
3.849999999999957900e+00 1.845248909883727461e-04
3.949999999999957545e+00 1.525878906250005421e-04
4.049999999999957190e+00 1.002466955850294240e-04
4.149999999999956835e+00 3.992125045421525496e-05
4.249999999999956479e+00 3.814697265625013553e-05
4.349999999999956124e+00 1.951705577761634762e-05
4.449999999999955769e+00 1.508136128270354227e-05
4.549999999999955413e+00 1.064566678779073522e-05
4.649999999999955058e+00 2.661416696947683805e-06
4.749999999999954703e+00 2.661416696947683805e-06
4.849999999999954348e+00 4.435694494912806200e-06
4.949999999999953992e+00 1.774277797965122607e-06
5.049999999999953637e+00 8.871388989825613036e-07
5.149999999999953282e+00 0.000000000000000000e+00
5.249999999999952927e+00 0.000000000000000000e+00
5.349999999999952571e+00 0.000000000000000000e+00
5.449999999999952216e+00 0.000000000000000000e+00
5.549999999999951861e+00 0.000000000000000000e+00
5.649999999999951505e+00 0.000000000000000000e+00
5.749999999999951150e+00 0.000000000000000000e+00
5.849999999999950795e+00 0.000000000000000000e+00
5.949999999999950440e+00 0.000000000000000000e+00
6.049999999999950084e+00 0.000000000000000000e+00
6.149999999999949729e+00 0.000000000000000000e+00
6.249999999999949374e+00 0.000000000000000000e+00
6.349999999999949019e+00 0.000000000000000000e+00
6.449999999999948663e+00 0.000000000000000000e+00
6.549999999999948308e+00 0.000000000000000000e+00
6.649999999999947953e+00 0.000000000000000000e+00
6.749999999999947597e+00 0.000000000000000000e+00
6.849999999999947242e+00 0.000000000000000000e+00
6.949999999999946887e+00 0.000000000000000000e+00
7.049999999999946532e+00 0.000000000000000000e+00
7.149999999999946176e+00 0.000000000000000000e+00
7.249999999999945821e+00 0.000000000000000000e+00
7.349999999999945466e+00 0.000000000000000000e+00
7.449999999999945111e+00 0.000000000000000000e+00
7.549999999999944755e+00 0.000000000000000000e+00
7.649999999999944400e+00 0.000000000000000000e+00
7.749999999999944045e+00 0.000000000000000000e+00
7.849999999999943689e+00 0.000000000000000000e+00
7.949999999999943334e+00 0.000000000000000000e+00
