-7.950000000000000178e+00 0.000000000000000000e+00
-7.850000000000000533e+00 0.000000000000000000e+00
-7.750000000000000888e+00 0.000000000000000000e+00
-7.650000000000001243e+00 0.000000000000000000e+00
-7.550000000000001599e+00 0.000000000000000000e+00
-7.450000000000001954e+00 0.000000000000000000e+00
-7.350000000000002309e+00 0.000000000000000000e+00
-7.250000000000002665e+00 0.000000000000000000e+00
-7.150000000000003020e+00 0.000000000000000000e+00
-7.050000000000003375e+00 0.000000000000000000e+00
-6.950000000000003730e+00 0.000000000000000000e+00
-6.850000000000004086e+00 0.000000000000000000e+00
-6.750000000000004441e+00 0.000000000000000000e+00
-6.650000000000004796e+00 0.000000000000000000e+00
-6.550000000000005151e+00 0.000000000000000000e+00
-6.450000000000005507e+00 0.000000000000000000e+00
-6.350000000000005862e+00 0.000000000000000000e+00
-6.250000000000006217e+00 0.000000000000000000e+00
-6.150000000000006573e+00 0.000000000000000000e+00
-6.050000000000006928e+00 0.000000000000000000e+00
-5.950000000000007283e+00 0.000000000000000000e+00
-5.850000000000007638e+00 0.000000000000000000e+00
-5.750000000000007994e+00 1.773633309117332983e-06
-5.650000000000008349e+00 8.868166545586664913e-07
-5.550000000000008704e+00 0.000000000000000000e+00
-5.450000000000009059e+00 4.434083272793332668e-06
-5.350000000000009415e+00 4.434083272793332668e-06
-5.250000000000009770e+00 1.241543316382133215e-05
-5.150000000000010125e+00 8.868166545586665336e-06
-5.050000000000010481e+00 6.207716581910665227e-06
-4.950000000000010836e+00 1.152861650926266629e-05
-4.850000000000011191e+00 1.418906647293866386e-05
-4.750000000000011546e+00 2.128359970940799748e-05
-4.650000000000011902e+00 2.039678305484933163e-05
-4.550000000000012257e+00 2.305723301852532581e-05
-4.450000000000012612e+00 3.192539956411199792e-05
-4.350000000000012967e+00 5.498263258263732373e-05
-4.250000000000013323e+00 8.513439883763197638e-05
-4.150000000000013678e+00 1.365697648020346502e-04
-4.050000000000014033e+00 2.039678305484932824e-04
-3.950000000000014388e+00 2.616109130948065901e-04
-3.850000000000014744e+00 4.043883944787518472e-04
-3.750000000000015099e+00 5.382977093171103372e-04
-3.650000000000015454e+00 6.899433572466422528e-04
-3.550000000000015810e+00 9.701774200871807717e-04
-3.450000000000016165e+00 1.352395398201965485e-03
-3.350000000000016520e+00 1.923505323737746730e-03
-3.250000000000016875e+00 2.589504631311304733e-03
-3.150000000000017231e+00 3.284768888485298764e-03
-3.050000000000017586e+00 4.340967524064670395e-03
-2.950000000000017941e+00 5.867178986560134604e-03
-2.850000000000018296e+00 7.689587211678193535e-03
-2.750000000000018652e+00 9.880024348438097223e-03
-2.650000000000019007e+00 1.291293730702873510e-02
-2.550000000000019362e+00 1.608685411369423571e-02
-2.450000000000019718e+00 2.051650330321497240e-02
-2.350000000000020073e+00 2.614956269297185817e-02
-2.250000000000020428e+00 3.251867990601245428e-02
-2.150000000000020783e+00 3.985797453914032007e-02
-2.050000000000021139e+00 4.883787998320174295e-02
-1.950000000000021272e+00 5.945573578823303007e-02
-1.850000000000021627e+00 7.235625766209741183e-02
-1.750000000000021982e+00 8.571349011305945398e-02
-1.650000000000022338e+00 1.004000607292051955e-01
-1.550000000000022693e+00 1.180548066881590141e-01
-1.450000000000023048e+00 1.368996605975304481e-01
-1.350000000000023404e+00 1.566738983608794711e-01
-1.250000000000023759e+00 1.787822375590273904e-01
-1.150000000000024114e+00 2.010635060048146239e-01
-1.050000000000024469e+00 2.256833099686730293e-01
-9.500000000000248246e-01 2.500211062363816850e-01
-8.500000000000251799e-01 2.750071654785700703e-01
-7.500000000000255351e-01 2.986807360720121207e-01
-6.500000000000258904e-01 3.223995343148369219e-01
-5.500000000000262457e-01 3.439349899541393474e-01
-4.500000000000266565e-01 3.624809866509246525e-01
-3.500000000000270117e-01 3.797455332818732154e-01
-2.500000000000273670e-01 3.921254937795124462e-01
-1.500000000000277223e-01 4.005679883309111733e-01
-5.000000000002806366e-02 4.039937610674714241e-01
4.999999999997158107e-02 4.042136915978017386e-01
1.499999999999712119e-01 3.992750096485643274e-01
2.499999999999708566e-01 3.919073368824909087e-01
3.499999999999705014e-01 3.801933756924252839e-01
4.499999999999701461e-01 3.626423872820543903e-01
5.499999999999698463e-01 3.439456317539940633e-01
6.499999999999694911e-01 3.204981994074633800e-01
7.499999999999691358e-01 2.982346672947689958e-01
8.499999999999687805e-01 2.740494034916468591e-01
9.499999999999684253e-01 2.505257049128254421e-01
1.049999999999968070e+00 2.255689106202350414e-01
1.149999999999967715e+00 2.014217799332562453e-01
1.249999999999967359e+00 1.781295405012722766e-01
1.349999999999967004e+00 1.564486469306216598e-01
1.449999999999966649e+00 1.370335699123687856e-01
1.549999999999966294e+00 1.179865218057579573e-01
1.649999999999965938e+00 1.010394555371419145e-01
1.749999999999965583e+00 8.587577756084369129e-02
1.849999999999965228e+00 7.205562681620203414e-02
1.949999999999964873e+00 5.967832676852727336e-02
2.049999999999964295e+00 4.865430893570810156e-02
2.149999999999963940e+00 3.989078675535898816e-02
2.249999999999963585e+00 3.242822460724746614e-02
2.349999999999963229e+00 2.627815110788286890e-02
2.449999999999962874e+00 2.110091547856915439e-02
2.549999999999962519e+00 1.628195377769715152e-02
2.649999999999962164e+00 1.280297204186345988e-02
2.749999999999961808e+00 9.978460997094110163e-03
2.849999999999961453e+00 7.733041227751567132e-03
2.949999999999961098e+00 5.949652935434090149e-03
3.049999999999960743e+00 4.332099357519083628e-03
3.149999999999960387e+00 3.250183038957511067e-03
3.249999999999960032e+00 2.408594033781337115e-03
3.349999999999959677e+00 1.833936841627321207e-03
3.449999999999959321e+00 1.395849414275340383e-03
3.549999999999958966e+00 1.031367769251728770e-03
3.649999999999958611e+00 7.059060570286982382e-04
3.749999999999958256e+00 5.329768093897584505e-04
3.849999999999957900e+00 4.079356610969865106e-04
3.949999999999957545e+00 2.500822965855439882e-04
4.049999999999957190e+00 2.057414638576106412e-04
4.149999999999956835e+00 1.374565814565933161e-04
4.249999999999956479e+00 8.868166545586663981e-05
4.349999999999956124e+00 5.941671585543065301e-05
4.449999999999955769e+00 4.877491600072666274e-05
4.549999999999955413e+00 3.458584952778799549e-05
4.649999999999955058e+00 2.749131629131866186e-05
4.749999999999954703e+00 2.217041636396665995e-05
4.849999999999954348e+00 1.596269978205599896e-05
4.949999999999953992e+00 1.241543316382133045e-05
5.049999999999953637e+00 7.094533236469331930e-06
5.149999999999953282e+00 2.660449963675999262e-06
5.249999999999952927e+00 8.868166545586664913e-07
5.349999999999952571e+00 2.660449963675999262e-06
5.449999999999952216e+00 3.547266618234665965e-06
5.549999999999951861e+00 8.868166545586664913e-07
5.649999999999951505e+00 0.000000000000000000e+00
5.749999999999951150e+00 1.773633309117332983e-06
5.849999999999950795e+00 8.868166545586664913e-07
5.949999999999950440e+00 8.868166545586664913e-07
6.049999999999950084e+00 0.000000000000000000e+00
6.149999999999949729e+00 0.000000000000000000e+00
6.249999999999949374e+00 0.000000000000000000e+00
6.349999999999949019e+00 0.000000000000000000e+00
6.449999999999948663e+00 0.000000000000000000e+00
6.549999999999948308e+00 0.000000000000000000e+00
6.649999999999947953e+00 0.000000000000000000e+00
6.749999999999947597e+00 0.000000000000000000e+00
6.849999999999947242e+00 0.000000000000000000e+00
6.949999999999946887e+00 0.000000000000000000e+00
7.049999999999946532e+00 0.000000000000000000e+00
7.149999999999946176e+00 0.000000000000000000e+00
7.249999999999945821e+00 0.000000000000000000e+00
7.349999999999945466e+00 0.000000000000000000e+00
7.449999999999945111e+00 0.000000000000000000e+00
7.549999999999944755e+00 0.000000000000000000e+00
7.649999999999944400e+00 0.000000000000000000e+00
7.749999999999944045e+00 0.000000000000000000e+00
7.849999999999943689e+00 0.000000000000000000e+00
7.949999999999943334e+00 0.000000000000000000e+00
