-7.950000000000000178e+00 0.000000000000000000e+00
-7.850000000000000533e+00 0.000000000000000000e+00
-7.750000000000000888e+00 0.000000000000000000e+00
-7.650000000000001243e+00 0.000000000000000000e+00
-7.550000000000001599e+00 0.000000000000000000e+00
-7.450000000000001954e+00 0.000000000000000000e+00
-7.350000000000002309e+00 0.000000000000000000e+00
-7.250000000000002665e+00 0.000000000000000000e+00
-7.150000000000003020e+00 0.000000000000000000e+00
-7.050000000000003375e+00 0.000000000000000000e+00
-6.950000000000003730e+00 0.000000000000000000e+00
-6.850000000000004086e+00 0.000000000000000000e+00
-6.750000000000004441e+00 0.000000000000000000e+00
-6.650000000000004796e+00 0.000000000000000000e+00
-6.550000000000005151e+00 0.000000000000000000e+00
-6.450000000000005507e+00 0.000000000000000000e+00
-6.350000000000005862e+00 0.000000000000000000e+00
-6.250000000000006217e+00 0.000000000000000000e+00
-6.150000000000006573e+00 0.000000000000000000e+00
-6.050000000000006928e+00 1.552493073219484787e-04
-5.950000000000007283e+00 3.814697265625009487e-05
-5.850000000000007638e+00 2.129133357558146027e-05
-5.750000000000007994e+00 1.286351403524712265e-04
-5.650000000000008349e+00 7.806822311046530917e-05
-5.550000000000008704e+00 3.193700036337219719e-05
-5.450000000000009059e+00 1.339579737463665848e-04
-5.350000000000009415e+00 1.321836959484014654e-04
-5.250000000000009770e+00 9.758527888808163646e-05
-5.150000000000010125e+00 2.359789471293613722e-04
-5.050000000000010481e+00 6.458371184593064002e-04
-4.950000000000010836e+00 4.417951716933150906e-04
-4.850000000000011191e+00 6.493856740552360427e-04
-4.750000000000011546e+00 4.559893940770358835e-04
-4.650000000000011902e+00 6.094644236010194867e-04
-4.550000000000012257e+00 6.041415902071236134e-04
-4.450000000000012612e+00 8.481047874273293105e-04
-4.350000000000012967e+00 8.294748705486944046e-04
-4.250000000000013323e+00 8.472176485283457615e-04
-4.150000000000013678e+00 9.527871775072712214e-04
-4.050000000000014033e+00 8.445562318313973912e-04
-3.950000000000014388e+00 1.499264739280530608e-03
-3.850000000000014744e+00 1.325385515079946681e-03
-3.750000000000015099e+00 2.471568972565424405e-03
-3.650000000000015454e+00 2.168167469113382179e-03
-3.550000000000015810e+00 2.460923305777630490e-03
-3.450000000000016165e+00 3.844859988190436114e-03
-3.350000000000016520e+00 4.097694574400467110e-03
-3.250000000000016875e+00 3.864377043968053593e-03
-3.150000000000017231e+00 5.103710085846699558e-03
-3.050000000000017586e+00 5.118791447129402220e-03
-2.950000000000017941e+00 7.513179335483361615e-03
-2.850000000000018296e+00 6.958717523619250070e-03
-2.750000000000018652e+00 8.839451989462303663e-03
-2.650000000000019007e+00 1.003375050786268693e-02
-2.550000000000019362e+00 1.086264559472149664e-02
-2.450000000000019718e+00 1.246386843927408880e-02
-2.350000000000020073e+00 1.420969492436083975e-02
-2.250000000000020428e+00 1.762747087882064051e-02
-2.150000000000020783e+00 1.883573310319792277e-02
-2.050000000000021139e+00 2.449743260046771676e-02
-1.950000000000021272e+00 2.688761531073358829e-02
-1.850000000000021627e+00 3.218002752427414487e-02
-1.750000000000021982e+00 3.844737744641391064e-02
-1.650000000000022338e+00 4.273467525809836187e-02
-1.550000000000022693e+00 5.007804084055599014e-02
-1.450000000000023048e+00 5.329547708145011137e-02
-1.350000000000023404e+00 5.869371029641327897e-02
-1.250000000000023759e+00 7.551831348630819174e-02
-1.150000000000024114e+00 8.980498691985522308e-02
-1.050000000000024469e+00 9.571430993547166977e-02
-9.500000000000248246e-01 1.207444869081409355e-01
-8.500000000000251799e-01 1.446086210856097343e-01
-7.500000000000255351e-01 1.761254389367640227e-01
-6.500000000000258904e-01 2.206723852878784975e-01
-5.500000000000262457e-01 2.536635930624144830e-01
-4.500000000000266565e-01 3.099010881760250746e-01
-3.500000000000270117e-01 3.931781857512703926e-01
-2.500000000000273670e-01 5.090409219319569356e-01
-1.500000000000277223e-01 6.756431902312817206e-01
-5.000000000002806366e-02 1.143188783917717277e+00
4.999999999997158107e-02 1.121411137562542848e+00
1.499999999999712119e-01 6.615951920882883197e-01
2.499999999999708566e-01 5.065416071664265996e-01
3.499999999999705014e-01 4.065369887352856537e-01
4.499999999999701461e-01 3.221350269775141717e-01
5.499999999999698463e-01 2.661785732758915612e-01
6.499999999999694911e-01 2.215372549048929829e-01
7.499999999999691358e-01 1.950227618326572654e-01
8.499999999999687805e-01 1.759225705280692553e-01
9.499999999999684253e-01 1.569197479566539211e-01
1.049999999999968070e+00 1.319866533179844259e-01
1.149999999999967715e+00 1.178318911519047885e-01
1.249999999999967359e+00 9.837274388982164552e-02
1.349999999999967004e+00 9.557120115890871404e-02
1.449999999999966649e+00 8.054380865678513468e-02
1.549999999999966294e+00 7.237208585908504188e-02
1.649999999999965938e+00 6.178830923385381785e-02
1.749999999999965583e+00 5.524043481530296895e-02
1.849999999999965228e+00 5.300098189371631185e-02
1.949999999999964873e+00 4.702998526125649198e-02
2.049999999999964295e+00 4.613609851836521225e-02
2.149999999999963940e+00 4.018915243101707502e-02
2.249999999999963585e+00 3.497094554443633957e-02
2.349999999999963229e+00 3.147988632864404113e-02
2.449999999999962874e+00 2.800668864170764369e-02
2.549999999999962519e+00 2.453085049411127261e-02
2.649999999999962164e+00 2.165918187810468923e-02
2.749999999999961808e+00 2.027089332534490196e-02
2.849999999999961453e+00 1.926030241249052782e-02
2.949999999999961098e+00 2.024849830715483648e-02
3.049999999999960743e+00 1.668041168475560554e-02
3.149999999999960387e+00 1.648885953603198423e-02
3.249999999999960032e+00 1.374700658379462634e-02
3.349999999999959677e+00 1.215482277652773363e-02
3.449999999999959321e+00 1.181314157885188232e-02
3.549999999999958966e+00 9.864984556686152289e-03
3.649999999999958611e+00 9.365525356558965925e-03
3.749999999999958256e+00 9.493273358012458210e-03
3.849999999999957900e+00 7.711011309956467864e-03
3.949999999999957545e+00 6.443289823310372616e-03
4.049999999999957190e+00 6.637573242187558981e-03
4.149999999999956835e+00 5.428402922874312267e-03
4.249999999999956479e+00 5.392917366915008469e-03
4.349999999999956124e+00 5.321059116097424588e-03
4.449999999999955769e+00 4.489809967750760591e-03
4.549999999999955413e+00 3.491778706395368918e-03
4.649999999999955058e+00 3.855505654978220922e-03
4.749999999999954703e+00 3.890104072038542797e-03
4.849999999999954348e+00 3.469600233920807839e-03
4.949999999999953992e+00 2.559395723564691569e-03
5.049999999999953637e+00 2.271075581395360678e-03
5.149999999999953282e+00 2.098970634992741897e-03
5.249999999999952927e+00 2.232041469840127454e-03
5.349999999999952571e+00 1.886057299236926482e-03
5.449999999999952216e+00 1.724598019622099881e-03
5.549999999999951861e+00 1.452246377634452490e-03
5.649999999999951505e+00 1.277480014534887508e-03
5.749999999999951150e+00 1.657175463299426482e-03
5.849999999999950795e+00 1.682902491369923058e-03
5.949999999999950440e+00 1.321836959484018557e-03
6.049999999999950084e+00 1.264172931050151077e-03
6.149999999999949729e+00 6.715641465297980976e-04
6.249999999999949374e+00 7.035011468931705184e-04
6.349999999999949019e+00 6.644670353379385956e-04
6.449999999999948663e+00 3.539684206940415297e-04
6.549999999999948308e+00 2.980786700581402812e-04
6.649999999999947953e+00 3.317899482194775775e-04
6.749999999999947597e+00 3.007400867550884347e-04
6.849999999999947242e+00 9.226244549418635948e-05
6.949999999999946887e+00 9.847241778706427749e-05
7.049999999999946532e+00 1.091180845748550076e-04
7.149999999999946176e+00 1.241994458575585228e-04
7.249999999999945821e+00 1.703306686046516280e-04
7.349999999999945466e+00 3.051757812500017347e-04
7.449999999999945111e+00 1.951705577761632729e-04
7.549999999999944755e+00 4.027610601380830595e-04
7.649999999999944400e+00 3.140471702398279553e-04
7.749999999999944045e+00 2.643673918968036897e-04
7.849999999999943689e+00 1.738792242005817855e-04
7.949999999999943334e+00 2.679159474927331154e-04
