-7.950000000000000178e+00 0.000000000000000000e+00
-7.850000000000000533e+00 0.000000000000000000e+00
-7.750000000000000888e+00 0.000000000000000000e+00
-7.650000000000001243e+00 0.000000000000000000e+00
-7.550000000000001599e+00 0.000000000000000000e+00
-7.450000000000001954e+00 0.000000000000000000e+00
-7.350000000000002309e+00 0.000000000000000000e+00
-7.250000000000002665e+00 0.000000000000000000e+00
-7.150000000000003020e+00 0.000000000000000000e+00
-7.050000000000003375e+00 0.000000000000000000e+00
-6.950000000000003730e+00 0.000000000000000000e+00
-6.850000000000004086e+00 0.000000000000000000e+00
-6.750000000000004441e+00 0.000000000000000000e+00
-6.650000000000004796e+00 0.000000000000000000e+00
-6.550000000000005151e+00 0.000000000000000000e+00
-6.450000000000005507e+00 0.000000000000000000e+00
-6.350000000000005862e+00 0.000000000000000000e+00
-6.250000000000006217e+00 0.000000000000000000e+00
-6.150000000000006573e+00 0.000000000000000000e+00
-6.050000000000006928e+00 0.000000000000000000e+00
-5.950000000000007283e+00 0.000000000000000000e+00
-5.850000000000007638e+00 0.000000000000000000e+00
-5.750000000000007994e+00 0.000000000000000000e+00
-5.650000000000008349e+00 1.152861650926265748e-04
-5.550000000000008704e+00 7.183214901925194789e-05
-5.450000000000009059e+00 4.788809934616796300e-05
-5.350000000000009415e+00 3.103858290955331174e-05
-5.250000000000009770e+00 2.483086632764265074e-05
-5.150000000000010125e+00 3.547266618234664779e-05
-5.050000000000010481e+00 2.474218466218678280e-04
-4.950000000000010836e+00 1.551929145477665790e-04
-4.850000000000011191e+00 2.651581797130411451e-04
-4.750000000000011546e+00 1.596269978205599083e-04
-4.650000000000011902e+00 1.516456479295319156e-04
-4.550000000000012257e+00 1.374565814565932619e-04
-4.450000000000012612e+00 3.893125113512543650e-04
-4.350000000000012967e+00 2.500822965855438256e-04
-4.250000000000013323e+00 2.766867962223038013e-04
-4.150000000000013678e+00 3.343298787686170819e-04
-4.050000000000014033e+00 5.427317925899036123e-04
-3.950000000000014388e+00 6.260925581184182027e-04
-3.850000000000014744e+00 6.331870913548875296e-04
-3.750000000000015099e+00 9.240629540501300388e-04
-3.650000000000015454e+00 1.257506016164188509e-03
-3.550000000000015810e+00 1.453492496821653717e-03
-3.450000000000016165e+00 2.059188271885222660e-03
-3.350000000000016520e+00 2.131020420904474431e-03
-3.250000000000016875e+00 2.669318130221584769e-03
-3.150000000000017231e+00 3.759215798674185594e-03
-3.050000000000017586e+00 5.228670995277894321e-03
-2.950000000000017941e+00 6.307926863875791372e-03
-2.850000000000018296e+00 7.697568561569220931e-03
-2.750000000000018652e+00 1.010527577869600908e-02
-2.650000000000019007e+00 1.246952897974945226e-02
-2.550000000000019362e+00 1.523905739193619213e-02
-2.450000000000019718e+00 1.935477348574306256e-02
-2.350000000000020073e+00 2.509159042408328627e-02
-2.250000000000020428e+00 3.118845492417440107e-02
-2.150000000000020783e+00 3.701306671131594783e-02
-2.050000000000021139e+00 4.559745192744427827e-02
-1.950000000000021272e+00 5.871967796494910463e-02
-1.850000000000021627e+00 6.967718454867583011e-02
-1.750000000000021982e+00 8.282867553578032727e-02
-1.650000000000022338e+00 9.320886447738926939e-02
-1.550000000000022693e+00 1.113912663458053731e-01
-1.450000000000023048e+00 1.337798396067932938e-01
-1.350000000000023404e+00 1.525235964175454262e-01
-1.250000000000023759e+00 1.755737349028343997e-01
-1.150000000000024114e+00 1.969885834771174238e-01
-1.050000000000024469e+00 2.237598046449354450e-01
-9.500000000000248246e-01 2.468933038957524806e-01
-8.500000000000251799e-01 2.721675785506733058e-01
-7.500000000000255351e-01 3.030970830117143966e-01
-6.500000000000258904e-01 3.216120411255894984e-01
-5.500000000000262457e-01 3.474370289229907760e-01
-4.500000000000266565e-01 3.632028554077351146e-01
-3.500000000000270117e-01 3.866387591377581368e-01
-2.500000000000273670e-01 4.013758783032140287e-01
-1.500000000000277223e-01 4.164083074146395780e-01
-5.000000000002806366e-02 4.125160691177817140e-01
4.999999999997158107e-02 4.131235385261540216e-01
1.499999999999712119e-01 4.060822142889564113e-01
2.499999999999708566e-01 3.945766550127127736e-01
3.499999999999705014e-01 3.828618070059920386e-01
4.499999999999701461e-01 3.640320289797478459e-01
5.499999999999698463e-01 3.502154255017241313e-01
6.499999999999694911e-01 3.277310760420434899e-01
7.499999999999691358e-01 2.978622042998536612e-01
8.499999999999687805e-01 2.784551086314939194e-01
9.499999999999684253e-01 2.520696527084116401e-01
1.049999999999968070e+00 2.181409343216518526e-01
1.149999999999967715e+00 1.961948825712873934e-01
1.249999999999967359e+00 1.749476423447160478e-01
1.349999999999967004e+00 1.507880962245737033e-01
1.449999999999966649e+00 1.327254146045228622e-01
1.549999999999966294e+00 1.121361923356346546e-01
1.649999999999965938e+00 9.617615300354248609e-02
1.749999999999965583e+00 7.949247128133080098e-02
1.849999999999965228e+00 6.847643479840329062e-02
1.949999999999964873e+00 5.652569356157095132e-02
2.049999999999964295e+00 4.573224805893719158e-02
2.149999999999963940e+00 3.829629041046244547e-02
2.249999999999963585e+00 3.241580917408359852e-02
2.349999999999963229e+00 2.565826626634631208e-02
2.449999999999962874e+00 2.117629489420670696e-02
2.549999999999962519e+00 1.717409133218325556e-02
2.649999999999962164e+00 1.350710446558308839e-02
2.749999999999961808e+00 1.052296642299315778e-02
2.849999999999961453e+00 9.370104772066869397e-03
2.949999999999961098e+00 6.072920450417745517e-03
3.049999999999960743e+00 4.086451144206333132e-03
3.149999999999960387e+00 4.086451144206333132e-03
3.249999999999960032e+00 3.284768888485298764e-03
3.349999999999959677e+00 2.550484698510723652e-03
3.449999999999959321e+00 1.786935558935711862e-03
3.549999999999958966e+00 1.272581899291685883e-03
3.649999999999958611e+00 1.179466150563025914e-03
3.749999999999958256e+00 1.245090583000367079e-03
3.849999999999957900e+00 4.646919269887410170e-04
3.949999999999957545e+00 2.944231293134771726e-04
4.049999999999957190e+00 2.846681461133317940e-04
4.149999999999956835e+00 2.873285960770078458e-04
4.249999999999956479e+00 3.015176625499464995e-04
4.349999999999956124e+00 3.671420949872877728e-04
4.449999999999955769e+00 2.899890460406837891e-04
4.549999999999955413e+00 3.565002951325837825e-04
4.649999999999955058e+00 2.873285960770077915e-04
4.749999999999954703e+00 2.917626793498011208e-04
4.849999999999954348e+00 2.376668634217225036e-04
4.949999999999953992e+00 1.995337472756998718e-04
5.049999999999953637e+00 1.356829481474759031e-04
5.149999999999953282e+00 8.513439883763194928e-05
5.249999999999952927e+00 3.724629949146397273e-05
5.349999999999952571e+00 3.901993280058130444e-05
5.449999999999952216e+00 5.143536596440262642e-05
5.549999999999951861e+00 6.828488240101728446e-05
5.649999999999951505e+00 4.611446603705063129e-05
5.749999999999951150e+00 0.000000000000000000e+00
5.849999999999950795e+00 0.000000000000000000e+00
5.949999999999950440e+00 0.000000000000000000e+00
6.049999999999950084e+00 0.000000000000000000e+00
6.149999999999949729e+00 0.000000000000000000e+00
6.249999999999949374e+00 0.000000000000000000e+00
6.349999999999949019e+00 0.000000000000000000e+00
6.449999999999948663e+00 0.000000000000000000e+00
6.549999999999948308e+00 0.000000000000000000e+00
6.649999999999947953e+00 0.000000000000000000e+00
6.749999999999947597e+00 0.000000000000000000e+00
6.849999999999947242e+00 0.000000000000000000e+00
6.949999999999946887e+00 0.000000000000000000e+00
7.049999999999946532e+00 0.000000000000000000e+00
7.149999999999946176e+00 0.000000000000000000e+00
7.249999999999945821e+00 0.000000000000000000e+00
7.349999999999945466e+00 0.000000000000000000e+00
7.449999999999945111e+00 0.000000000000000000e+00
7.549999999999944755e+00 0.000000000000000000e+00
7.649999999999944400e+00 0.000000000000000000e+00
7.749999999999944045e+00 0.000000000000000000e+00
7.849999999999943689e+00 0.000000000000000000e+00
7.949999999999943334e+00 0.000000000000000000e+00
