-7.950000000000000178e+00 0.000000000000000000e+00
-7.850000000000000533e+00 0.000000000000000000e+00
-7.750000000000000888e+00 0.000000000000000000e+00
-7.650000000000001243e+00 0.000000000000000000e+00
-7.550000000000001599e+00 0.000000000000000000e+00
-7.450000000000001954e+00 0.000000000000000000e+00
-7.350000000000002309e+00 0.000000000000000000e+00
-7.250000000000002665e+00 0.000000000000000000e+00
-7.150000000000003020e+00 0.000000000000000000e+00
-7.050000000000003375e+00 0.000000000000000000e+00
-6.950000000000003730e+00 0.000000000000000000e+00
-6.850000000000004086e+00 0.000000000000000000e+00
-6.750000000000004441e+00 0.000000000000000000e+00
-6.650000000000004796e+00 0.000000000000000000e+00
-6.550000000000005151e+00 0.000000000000000000e+00
-6.450000000000005507e+00 0.000000000000000000e+00
-6.350000000000005862e+00 0.000000000000000000e+00
-6.250000000000006217e+00 0.000000000000000000e+00
-6.150000000000006573e+00 0.000000000000000000e+00
-6.050000000000006928e+00 0.000000000000000000e+00
-5.950000000000007283e+00 0.000000000000000000e+00
-5.850000000000007638e+00 0.000000000000000000e+00
-5.750000000000007994e+00 0.000000000000000000e+00
-5.650000000000008349e+00 0.000000000000000000e+00
-5.550000000000008704e+00 0.000000000000000000e+00
-5.450000000000009059e+00 0.000000000000000000e+00
-5.350000000000009415e+00 0.000000000000000000e+00
-5.250000000000009770e+00 0.000000000000000000e+00
-5.150000000000010125e+00 8.871388989825613036e-07
-5.050000000000010481e+00 1.774277797965122607e-06
-4.950000000000010836e+00 1.774277797965122607e-06
-4.850000000000011191e+00 2.661416696947683805e-06
-4.750000000000011546e+00 5.322833393895367610e-06
-4.650000000000011902e+00 1.153280568677329663e-05
-4.550000000000012257e+00 1.330708348473841945e-05
-4.450000000000012612e+00 1.951705577761634762e-05
-4.350000000000012967e+00 3.637269485828501609e-05
-4.250000000000013323e+00 5.500261173691879722e-05
-4.150000000000013678e+00 8.250391760537820261e-05
-4.050000000000014033e+00 1.188766124636632187e-04
-3.950000000000014388e+00 1.800891964934599339e-04
-3.850000000000014744e+00 2.767873364825591191e-04
-3.750000000000015099e+00 3.814697265625013010e-04
-3.650000000000015454e+00 5.571232285610483144e-04
-3.550000000000015810e+00 7.868922033975312130e-04
-3.450000000000016165e+00 1.156829124273258628e-03
-3.350000000000016520e+00 1.568461573401166553e-03
-3.250000000000016875e+00 2.190345941587940656e-03
-3.150000000000017231e+00 3.057080645893901945e-03
-3.050000000000017586e+00 4.005432128906261276e-03
-2.950000000000017941e+00 5.449694256449887086e-03
-2.850000000000018296e+00 7.374785667242068909e-03
-2.750000000000018652e+00 9.419640829396898341e-03
-2.650000000000019007e+00 1.244567161382645337e-02
-2.550000000000019362e+00 1.590196476426255362e-02
-2.450000000000019718e+00 2.049645712209329645e-02
-2.350000000000020073e+00 2.603752668513844432e-02
-2.250000000000020428e+00 3.279575081758767663e-02
-2.150000000000020783e+00 4.045175951580727569e-02
-2.050000000000021139e+00 4.971969959347821710e-02
-1.950000000000021272e+00 5.951460017714479966e-02
-1.850000000000021627e+00 7.233020871184593636e-02
-1.750000000000021982e+00 8.666548618050405606e-02
-1.650000000000022338e+00 1.022826793581921023e-01
-1.550000000000022693e+00 1.193485703579189872e-01
-1.450000000000023048e+00 1.385027863258505576e-01
-1.350000000000023404e+00 1.598810595135315982e-01
-1.250000000000023759e+00 1.810650492823357993e-01
-1.150000000000024114e+00 2.054045921148214271e-01
-1.050000000000024469e+00 2.289749855218892460e-01
-9.500000000000248246e-01 2.533730795217077336e-01
-8.500000000000251799e-01 2.778350475222519655e-01
-7.500000000000255351e-01 2.992638876271753734e-01
-6.500000000000258904e-01 3.227375828942542491e-01
-5.500000000000262457e-01 3.431142762649852518e-01
-4.500000000000266565e-01 3.610282720521407196e-01
-3.500000000000270117e-01 3.754682319108804678e-01
-2.500000000000273670e-01 3.872982291288137868e-01
-1.500000000000277223e-01 3.942711408748169610e-01
-5.000000000002806366e-02 3.990545938181311869e-01
4.999999999997158107e-02 3.985737645348825797e-01
1.499999999999712119e-01 3.940688732058487687e-01
2.499999999999708566e-01 3.865264182866987031e-01
3.499999999999705014e-01 3.757405835528682680e-01
4.499999999999701461e-01 3.601375845975622880e-01
5.499999999999698463e-01 3.418802660565004037e-01
6.499999999999694911e-01 3.215869637422737459e-01
7.499999999999691358e-01 2.999336774959073804e-01
8.499999999999687805e-01 2.767154782317360340e-01
9.499999999999684253e-01 2.536418826080993894e-01
1.049999999999968070e+00 2.285260932390041355e-01
1.149999999999967715e+00 2.040144454601157120e-01
1.249999999999967359e+00 1.817694375681279950e-01
1.349999999999967004e+00 1.596220149550287015e-01
1.449999999999966649e+00 1.391202349995423471e-01
1.549999999999966294e+00 1.195171267487257077e-01
1.649999999999965938e+00 1.022667108580104511e-01
1.749999999999965583e+00 8.609949156295315653e-02
1.849999999999965228e+00 7.281369941179136052e-02
1.949999999999964873e+00 6.045230599336937072e-02
2.049999999999964295e+00 4.950235056322747906e-02
2.149999999999963940e+00 4.029739734738431445e-02
2.249999999999963585e+00 3.275582956713346539e-02
2.349999999999963229e+00 2.618567888126853427e-02
2.449999999999962874e+00 2.071291901344504693e-02
2.549999999999962519e+00 1.611310382222040649e-02
2.649999999999962164e+00 1.256543536518910098e-02
2.749999999999961808e+00 9.524323219476840685e-03
2.849999999999961453e+00 7.254134776980438945e-03
2.949999999999961098e+00 5.426628645076340615e-03
3.049999999999960743e+00 4.169552825218037113e-03
3.149999999999960387e+00 3.016272256540704008e-03
3.249999999999960032e+00 2.173490302507271980e-03
3.349999999999959677e+00 1.589752906976747877e-03
3.449999999999959321e+00 1.179007596747822743e-03
3.549999999999958966e+00 8.010864257812522768e-04
3.649999999999958611e+00 5.411547283793622124e-04
3.749999999999958256e+00 3.823568654614838743e-04
3.849999999999957900e+00 2.554960029069776317e-04
3.949999999999957545e+00 1.685563908066866441e-04
4.049999999999957190e+00 1.304094181504364815e-04
4.149999999999956835e+00 7.451966751453515162e-05
4.249999999999956479e+00 5.766402843386648315e-05
4.349999999999956124e+00 4.258266715116294765e-05
4.449999999999955769e+00 2.040419467659890734e-05
4.549999999999955413e+00 1.241994458575585804e-05
4.649999999999955058e+00 7.984250090843050991e-06
4.749999999999954703e+00 5.322833393895367610e-06
4.849999999999954348e+00 3.548555595930245214e-06
4.949999999999953992e+00 2.661416696947683805e-06
5.049999999999953637e+00 2.661416696947683805e-06
5.149999999999953282e+00 8.871388989825613036e-07
5.249999999999952927e+00 0.000000000000000000e+00
5.349999999999952571e+00 0.000000000000000000e+00
5.449999999999952216e+00 0.000000000000000000e+00
5.549999999999951861e+00 0.000000000000000000e+00
5.649999999999951505e+00 0.000000000000000000e+00
5.749999999999951150e+00 0.000000000000000000e+00
5.849999999999950795e+00 0.000000000000000000e+00
5.949999999999950440e+00 0.000000000000000000e+00
6.049999999999950084e+00 0.000000000000000000e+00
6.149999999999949729e+00 0.000000000000000000e+00
6.249999999999949374e+00 0.000000000000000000e+00
6.349999999999949019e+00 0.000000000000000000e+00
6.449999999999948663e+00 0.000000000000000000e+00
6.549999999999948308e+00 0.000000000000000000e+00
6.649999999999947953e+00 0.000000000000000000e+00
6.749999999999947597e+00 0.000000000000000000e+00
6.849999999999947242e+00 0.000000000000000000e+00
6.949999999999946887e+00 0.000000000000000000e+00
7.049999999999946532e+00 0.000000000000000000e+00
7.149999999999946176e+00 0.000000000000000000e+00
7.249999999999945821e+00 0.000000000000000000e+00
7.349999999999945466e+00 0.000000000000000000e+00
7.449999999999945111e+00 0.000000000000000000e+00
7.549999999999944755e+00 0.000000000000000000e+00
7.649999999999944400e+00 0.000000000000000000e+00
7.749999999999944045e+00 0.000000000000000000e+00
7.849999999999943689e+00 0.000000000000000000e+00
7.949999999999943334e+00 0.000000000000000000e+00
