-7.950000000000000178e+00 0.000000000000000000e+00
-7.850000000000000533e+00 0.000000000000000000e+00
-7.750000000000000888e+00 0.000000000000000000e+00
-7.650000000000001243e+00 0.000000000000000000e+00
-7.550000000000001599e+00 0.000000000000000000e+00
-7.450000000000001954e+00 0.000000000000000000e+00
-7.350000000000002309e+00 0.000000000000000000e+00
-7.250000000000002665e+00 0.000000000000000000e+00
-7.150000000000003020e+00 0.000000000000000000e+00
-7.050000000000003375e+00 9.758527888808173810e-06
-6.950000000000003730e+00 1.064566678779073522e-05
-6.850000000000004086e+00 3.637269485828498899e-05
-6.750000000000004441e+00 2.155747524527621328e-04
-6.650000000000004796e+00 1.765406408975294782e-04
-6.550000000000005151e+00 1.605721407158434847e-04
-6.450000000000005507e+00 1.809763353924423446e-04
-6.350000000000005862e+00 1.676692519077039895e-04
-6.250000000000006217e+00 1.827506131904075182e-04
-6.150000000000006573e+00 1.729920853015993478e-04
-6.050000000000006928e+00 1.987191133720935931e-04
-5.950000000000007283e+00 2.430760583212216060e-04
-5.850000000000007638e+00 2.244461414425878926e-04
-5.750000000000007994e+00 2.696902252906984787e-04
-5.650000000000008349e+00 2.528345862100298035e-04
-5.550000000000008704e+00 3.468713095021811604e-04
-5.450000000000009059e+00 4.621993663699141674e-04
-5.350000000000009415e+00 3.566298373909894122e-04
-5.250000000000009770e+00 5.180891170058154159e-04
-5.150000000000010125e+00 6.999525912972409843e-04
-5.050000000000010481e+00 5.943830623183156327e-04
-4.950000000000010836e+00 8.037478424781997798e-04
-4.850000000000011191e+00 1.116907873819043915e-03
-4.750000000000011546e+00 1.320062681686050374e-03
-4.650000000000011902e+00 1.228687375090846412e-03
-4.550000000000012257e+00 1.382162404614830069e-03
-4.450000000000012612e+00 1.339579737463666119e-03
-4.350000000000012967e+00 1.948157022165703141e-03
-4.250000000000013323e+00 1.858555993368464108e-03
-4.150000000000013678e+00 1.961464105650440656e-03
-4.050000000000014033e+00 2.629479696584309870e-03
-3.950000000000014388e+00 3.524602845657717840e-03
-3.850000000000014744e+00 3.388870594113383480e-03
-3.750000000000015099e+00 3.725096236827775496e-03
-3.650000000000015454e+00 4.430371661518918425e-03
-3.550000000000015810e+00 4.283993743186794920e-03
-3.450000000000016165e+00 4.975962084393199467e-03
-3.350000000000016520e+00 6.198439487191180659e-03
-3.250000000000016875e+00 6.899279217387412240e-03
-3.150000000000017231e+00 7.906181867732628779e-03
-3.050000000000017586e+00 8.744528127271160300e-03
-2.950000000000017941e+00 1.017725744912801461e-02
-2.850000000000018296e+00 1.120279001635186497e-02
-2.750000000000018652e+00 1.237913619640275756e-02
-2.650000000000019007e+00 1.478416975154451043e-02
-2.550000000000019362e+00 1.712355502816155853e-02
-2.450000000000019718e+00 2.047516578851771296e-02
-2.350000000000020073e+00 2.307536990143563282e-02
-2.250000000000020428e+00 2.553629320721328977e-02
-2.150000000000020783e+00 3.032595612282019265e-02
-2.050000000000021139e+00 3.543853759765676348e-02
-1.950000000000021272e+00 4.182061483693738646e-02
-1.850000000000021627e+00 4.762605179187934940e-02
-1.750000000000021982e+00 5.638566128043308312e-02
-1.650000000000022338e+00 6.608031516851410603e-02
-1.550000000000022693e+00 7.700986640397851357e-02
-1.450000000000023048e+00 9.278851886128129667e-02
-1.350000000000023404e+00 1.106075907862441032e-01
-1.250000000000023759e+00 1.302692502043935052e-01
-1.150000000000024114e+00 1.519668933957080970e-01
-1.050000000000024469e+00 1.756135807480879163e-01
-9.500000000000248246e-01 2.073279092478153840e-01
-8.500000000000251799e-01 2.410533816315367506e-01
-7.500000000000255351e-01 2.758860033611871820e-01
-6.500000000000258904e-01 3.171308650526838413e-01
-5.500000000000262457e-01 3.654187224632060027e-01
-4.500000000000266565e-01 4.066041458484730420e-01
-3.500000000000270117e-01 4.482579785724031818e-01
-2.500000000000273670e-01 4.859950930573245231e-01
-1.500000000000277223e-01 5.129037901412631939e-01
-5.000000000002806366e-02 5.259074721225498461e-01
4.999999999997158107e-02 5.296254712481853755e-01
1.499999999999712119e-01 5.178948335869387742e-01
2.499999999999708566e-01 4.854264370230769732e-01
3.499999999999705014e-01 4.383335557094854562e-01
4.499999999999701461e-01 3.999115699945486324e-01
5.499999999999698463e-01 3.615472483080454658e-01
6.499999999999694911e-01 3.139220836550643545e-01
7.499999999999691358e-01 2.792216456213617581e-01
8.499999999999687805e-01 2.420984312545381711e-01
9.499999999999684253e-01 2.080571374227789261e-01
1.049999999999968070e+00 1.758965780568632620e-01
1.149999999999967715e+00 1.484254349109699334e-01
1.249999999999967359e+00 1.285428779069736349e-01
1.349999999999967004e+00 1.091420373251249520e-01
1.449999999999966649e+00 9.286658708439179954e-02
1.549999999999966294e+00 7.533139960710366623e-02
1.649999999999965938e+00 6.492526032203882469e-02
1.749999999999965583e+00 5.716723065043660679e-02
1.849999999999965228e+00 4.835350568904496493e-02
1.949999999999964873e+00 4.007649976153765392e-02
2.049999999999964295e+00 3.465874250545107615e-02
2.149999999999963940e+00 2.879031868868136418e-02
2.249999999999963585e+00 2.481416214344147469e-02
2.349999999999963229e+00 2.256792645121760005e-02
2.449999999999962874e+00 2.000853072765287899e-02
2.549999999999962519e+00 1.662320868913538460e-02
2.649999999999962164e+00 1.525080481240934614e-02
2.749999999999961808e+00 1.239510469658444344e-02
2.849999999999961453e+00 1.073970351108296389e-02
2.949999999999961098e+00 9.629005609556786499e-03
3.049999999999960743e+00 8.795982183412152586e-03
3.149999999999960387e+00 7.818355116733354676e-03
3.249999999999960032e+00 6.888633550599620493e-03
3.349999999999959677e+00 6.057384402252950426e-03
3.449999999999959321e+00 4.902329555777643066e-03
3.549999999999958966e+00 4.551909690679530746e-03
3.649999999999958611e+00 4.276896631994934334e-03
3.749999999999958256e+00 3.615978152252923104e-03
3.849999999999957900e+00 3.591138263081411919e-03
3.949999999999957545e+00 3.059742062590854652e-03
4.049999999999957190e+00 2.513264500817593422e-03
4.149999999999956835e+00 2.253332803415703574e-03
4.249999999999956479e+00 1.922429994095208516e-03
4.349999999999956124e+00 1.708629519440412262e-03
4.449999999999955769e+00 1.712178075036342121e-03
4.549999999999955413e+00 1.590640045875731535e-03
4.649999999999955058e+00 1.189653263535613405e-03
4.749999999999954703e+00 1.101826512536339953e-03
4.849999999999954348e+00 1.224251680595933329e-03
4.949999999999953992e+00 8.738318154978218753e-04
5.049999999999953637e+00 8.702832599018922328e-04
5.149999999999953282e+00 7.726979810138100407e-04
5.249999999999952927e+00 4.355851994004372946e-04
5.349999999999952571e+00 3.184828647347393580e-04
5.449999999999952216e+00 2.608188363008729629e-04
5.549999999999951861e+00 3.246928370276172624e-04
5.649999999999951505e+00 3.069500590479660139e-04
5.749999999999951150e+00 3.504198650981114535e-04
5.849999999999950795e+00 4.533279773800884347e-04
5.949999999999950440e+00 2.945301144622101508e-04
6.049999999999950084e+00 2.129133357558146027e-04
6.149999999999949729e+00 2.546088640079948958e-04
6.249999999999949374e+00 1.880734465843028765e-04
6.349999999999949019e+00 1.188766124636631645e-04
6.449999999999948663e+00 1.091180845748549941e-04
6.549999999999948308e+00 1.064566678779073014e-04
6.649999999999947953e+00 9.669813998909913095e-05
6.749999999999947597e+00 1.286351403524712807e-04
6.849999999999947242e+00 1.055695289789247281e-04
6.949999999999946887e+00 4.435694494912805353e-05
7.049999999999946532e+00 3.637269485828500254e-05
7.149999999999946176e+00 0.000000000000000000e+00
7.249999999999945821e+00 0.000000000000000000e+00
7.349999999999945466e+00 0.000000000000000000e+00
7.449999999999945111e+00 0.000000000000000000e+00
7.549999999999944755e+00 0.000000000000000000e+00
7.649999999999944400e+00 0.000000000000000000e+00
7.749999999999944045e+00 0.000000000000000000e+00
7.849999999999943689e+00 0.000000000000000000e+00
7.949999999999943334e+00 0.000000000000000000e+00
