-7.950000000000000178e+00 2.217847247456403015e-05
-7.850000000000000533e+00 2.750130586845939861e-05
-7.750000000000000888e+00 2.483988917151171608e-05
-7.650000000000001243e+00 3.725983375726756903e-05
-7.550000000000001599e+00 4.524408384811062680e-05
-7.450000000000001954e+00 4.879263944404086566e-05
-7.350000000000002309e+00 5.588975063590135694e-05
-7.250000000000002665e+00 7.097111191860491276e-05
-7.150000000000003020e+00 7.806822311046539048e-05
-7.050000000000003375e+00 1.020209733829945435e-04
-6.950000000000003730e+00 1.029081122819771032e-04
-6.850000000000004086e+00 1.073438067768899289e-04
-6.750000000000004441e+00 1.215380291606108843e-04
-6.650000000000004796e+00 1.570235851199133542e-04
-6.550000000000005151e+00 1.587978629178784737e-04
-6.450000000000005507e+00 1.907348632812506776e-04
-6.350000000000005862e+00 2.191233080486926156e-04
-6.250000000000006217e+00 2.182361691497100424e-04
-6.150000000000006573e+00 2.528345862100299119e-04
-6.050000000000006928e+00 3.113857535428789887e-04
-5.950000000000007283e+00 3.300156704215128104e-04
-5.850000000000007638e+00 3.796954487645362629e-04
-5.750000000000007994e+00 4.391337549963678045e-04
-5.650000000000008349e+00 4.719578942587225275e-04
-5.550000000000008704e+00 5.766402843386646011e-04
-5.450000000000009059e+00 6.272072015806706268e-04
-5.350000000000009415e+00 6.813226744186067288e-04
-5.250000000000009770e+00 7.345510083575602575e-04
-5.150000000000010125e+00 8.995588435683163917e-04
-5.050000000000010481e+00 9.740785110828514620e-04
-4.950000000000010836e+00 1.124892123909886424e-03
-4.850000000000011191e+00 1.197637513626456564e-03
-4.750000000000011546e+00 1.351112543150439355e-03
-4.650000000000011902e+00 1.588865768077765521e-03
-4.550000000000012257e+00 1.768067825672242502e-03
-4.450000000000012612e+00 1.956141272256545216e-03
-4.350000000000012967e+00 2.279946970385179471e-03
-4.250000000000013323e+00 2.494641569284620011e-03
-4.150000000000013678e+00 2.764324809229657103e-03
-4.050000000000014033e+00 3.182174215996104102e-03
-3.950000000000014388e+00 3.583167983681882426e-03
-3.850000000000014744e+00 4.056914126429896073e-03
-3.750000000000015099e+00 4.594520299213332437e-03
-3.650000000000015454e+00 4.981312859169735249e-03
-3.550000000000015810e+00 5.723883044346453515e-03
-3.450000000000016165e+00 6.491216279892411505e-03
-3.350000000000016520e+00 7.168117230507435947e-03
-3.250000000000016875e+00 8.261079339399627491e-03
-3.150000000000017231e+00 9.385964477963866515e-03
-3.050000000000017586e+00 1.041684083461860005e-02
-2.950000000000017941e+00 1.180350878718497420e-02
-2.850000000000018296e+00 1.330271065835456935e-02
-2.750000000000018652e+00 1.502558329759835255e-02
-2.650000000000019007e+00 1.700748652465372546e-02
-2.550000000000019362e+00 1.924575193747807625e-02
-2.450000000000019718e+00 2.193294455991592201e-02
-2.350000000000020073e+00 2.496166470242506749e-02
-2.250000000000020428e+00 2.786526333344936657e-02
-2.150000000000020783e+00 3.166067405970363069e-02
-2.050000000000021139e+00 3.625789070234226863e-02
-1.950000000000021272e+00 4.085512131567223260e-02
-1.850000000000021627e+00 4.713702869817010255e-02
-1.750000000000021982e+00 5.383241964639612354e-02
-1.650000000000022338e+00 6.144694936207902025e-02
-1.550000000000022693e+00 6.992569207228338524e-02
-1.450000000000023048e+00 8.092638905330773458e-02
-1.350000000000023404e+00 9.238327101808782582e-02
-1.250000000000023759e+00 1.066977461273670158e-01
-1.150000000000024114e+00 1.230976752277844755e-01
-1.050000000000024469e+00 1.424467194715547114e-01
-9.500000000000248246e-01 1.657681202325255454e-01
-8.500000000000251799e-01 1.927083771081619101e-01
-7.500000000000255351e-01 2.238107963133071920e-01
-6.500000000000258904e-01 2.624110829762457131e-01
-5.500000000000262457e-01 3.087763008322997327e-01
-4.500000000000266565e-01 3.659933160412653930e-01
-3.500000000000270117e-01 4.364912895421982908e-01
-2.500000000000273670e-01 5.231953488014470244e-01
-1.500000000000277223e-01 6.374144750601027365e-01
-5.000000000002806366e-02 7.886596914395120894e-01
4.999999999997158107e-02 7.875722896657664229e-01
1.499999999999712119e-01 6.339915648765821476e-01
2.499999999999708566e-01 5.199062149726856319e-01
3.499999999999705014e-01 4.320086535244415105e-01
4.499999999999701461e-01 3.617981828802358524e-01
5.499999999999698463e-01 3.054599520968417359e-01
6.499999999999694911e-01 2.593974302243282071e-01
7.499999999999691358e-01 2.209286985762283217e-01
8.499999999999687805e-01 1.884611961366101651e-01
9.499999999999684253e-01 1.614135814835054306e-01
1.049999999999968070e+00 1.385654867885062203e-01
1.149999999999967715e+00 1.197983777210857997e-01
1.249999999999967359e+00 1.034601152521661405e-01
1.349999999999967004e+00 9.023979674588722411e-02
1.449999999999966649e+00 7.882742540366079187e-02
1.549999999999966294e+00 6.827543908653445348e-02
1.649999999999965938e+00 5.954218530716118285e-02
1.749999999999965583e+00 5.186020509377294030e-02
1.849999999999965228e+00 4.563499077666203357e-02
1.949999999999964873e+00 3.970890293145844241e-02
2.049999999999964295e+00 3.491117892695842079e-02
2.149999999999963940e+00 3.093048190703870035e-02
2.249999999999963585e+00 2.706690119247600126e-02
2.349999999999963229e+00 2.353693360135037868e-02
2.449999999999962874e+00 2.087722132874401601e-02
2.549999999999962519e+00 1.832314145322752261e-02
2.649999999999962164e+00 1.609642980212692975e-02
2.749999999999961808e+00 1.441170413553939655e-02
2.849999999999961453e+00 1.277137034062929798e-02
2.949999999999961098e+00 1.114341457823098819e-02
3.049999999999960743e+00 1.004423551170025714e-02
3.149999999999960387e+00 8.798706468220049426e-03
3.249999999999960032e+00 7.838787252792599192e-03
3.349999999999959677e+00 6.968490022199373343e-03
3.449999999999959321e+00 5.932318773533390779e-03
3.549999999999958966e+00 5.442618101295010336e-03
3.649999999999958611e+00 4.711601677842049141e-03
3.749999999999958256e+00 4.266250965207136515e-03
3.849999999999957900e+00 3.834221306748286998e-03
3.949999999999957545e+00 3.319680745338401007e-03
4.049999999999957190e+00 2.951518102260638522e-03
4.149999999999956835e+00 2.664965252543610198e-03
4.249999999999956479e+00 2.334956567467759425e-03
4.349999999999956124e+00 2.081227857013086095e-03
4.449999999999955769e+00 1.848797465479655368e-03
4.549999999999955413e+00 1.618148337089851067e-03
4.649999999999955058e+00 1.469989155614102438e-03
4.749999999999954703e+00 1.321843944829676149e-03
4.849999999999954348e+00 1.093849247791158288e-03
4.949999999999953992e+00 1.005128372547240984e-03
5.049999999999953637e+00 9.288344272347408758e-04
5.149999999999953282e+00 8.001992868822697036e-04
5.249999999999952927e+00 6.786612577216590090e-04
5.349999999999952571e+00 6.236586459847403337e-04
5.449999999999952216e+00 5.642203397529087922e-04
5.549999999999951861e+00 4.870392555414261105e-04
5.649999999999951505e+00 4.258266715116294223e-04
5.749999999999951150e+00 3.433227539062511926e-04
5.849999999999950795e+00 3.637269485828500525e-04
5.949999999999950440e+00 3.175957258357569473e-04
6.049999999999950084e+00 2.608188363008730171e-04
6.149999999999949729e+00 2.546088640079951127e-04
6.249999999999949374e+00 2.129133357558147112e-04
6.349999999999949019e+00 2.004933911700588480e-04
6.449999999999948663e+00 1.676692519077040708e-04
6.549999999999948308e+00 1.401679460392446790e-04
6.649999999999947953e+00 1.295222792514539624e-04
6.749999999999947597e+00 1.153280568677329663e-04
6.849999999999947242e+00 1.029081122819770896e-04
6.949999999999946887e+00 1.002466955850294240e-04
7.049999999999946532e+00 7.984250090843050991e-05
7.149999999999946176e+00 6.653541742369208708e-05
7.249999999999945821e+00 6.121258402979672878e-05
7.349999999999945466e+00 4.790550054505830595e-05
7.449999999999945111e+00 4.169552825218037439e-05
7.549999999999944755e+00 3.193700036337220396e-05
7.649999999999944400e+00 3.992125045421525496e-05
7.749999999999944045e+00 3.016272256540708115e-05
7.849999999999943689e+00 1.774277797965122480e-05
7.949999999999943334e+00 1.951705577761634762e-05
