-7.950000000000000178e+00 2.776744753815416382e-04
-7.850000000000000533e+00 3.122728924418615619e-04
-7.750000000000000888e+00 3.690497819767454921e-04
-7.650000000000001243e+00 3.459841706031989124e-04
-7.550000000000001599e+00 3.637339339285113309e-04
-7.450000000000001954e+00 3.725983375726756768e-04
-7.350000000000002309e+00 3.921153933502920718e-04
-7.250000000000002665e+00 4.196166992187514095e-04
-7.150000000000003020e+00 4.320436291501686052e-04
-7.050000000000003375e+00 4.897006722383737218e-04
-6.950000000000003730e+00 4.914819353820001468e-04
-6.850000000000004086e+00 5.713384069817531051e-04
-6.750000000000004441e+00 6.139420301698999150e-04
-6.650000000000004796e+00 5.784145621366297476e-04
-6.550000000000005151e+00 6.618405453692968341e-04
-6.450000000000005507e+00 6.591581726353651707e-04
-6.350000000000005862e+00 7.390006735437956806e-04
-6.250000000000006217e+00 7.789778067633010544e-04
-6.150000000000006573e+00 8.659034481722694852e-04
-6.050000000000006928e+00 8.384021423038100392e-04
-5.950000000000007283e+00 9.102673784670586681e-04
-5.850000000000007638e+00 1.019392448387574941e-03
-5.750000000000007994e+00 1.030052085866688160e-03
-5.650000000000008349e+00 1.115238376205997728e-03
-5.550000000000008704e+00 1.161355628261768113e-03
-5.450000000000009059e+00 1.306043092943860945e-03
-5.350000000000009415e+00 1.329066792243439746e-03
-5.250000000000009770e+00 1.416027360380714461e-03
-5.150000000000010125e+00 1.453315135520627001e-03
-5.050000000000010481e+00 1.660060411057531207e-03
-4.950000000000010836e+00 1.744345591806535645e-03
-4.850000000000011191e+00 1.807374365708264933e-03
-4.750000000000011546e+00 1.952837203758759667e-03
-4.650000000000011902e+00 2.027482607495197965e-03
-4.550000000000012257e+00 2.290969845838679818e-03
-4.450000000000012612e+00 2.490520215344464890e-03
-4.350000000000012967e+00 2.692878693806085612e-03
-4.250000000000013323e+00 2.744416574095009335e-03
-4.150000000000013678e+00 3.098461833591324710e-03
-4.050000000000014033e+00 3.266138070844689517e-03
-3.950000000000014388e+00 3.610452743834842784e-03
-3.850000000000014744e+00 3.829750685525067956e-03
-3.750000000000015099e+00 4.266223023824492269e-03
-3.650000000000015454e+00 4.554647946178745806e-03
-3.550000000000015810e+00 5.169477115247636534e-03
-3.450000000000016165e+00 5.581256256634436509e-03
-3.350000000000016520e+00 6.292071060434976243e-03
-3.250000000000016875e+00 6.891169231074663684e-03
-3.150000000000017231e+00 7.506242887241698289e-03
-3.050000000000017586e+00 8.309117561512247702e-03
-2.950000000000017941e+00 9.387291693639509410e-03
-2.850000000000018296e+00 1.017998871928157273e-02
-2.750000000000018652e+00 1.129709218277914935e-02
-2.650000000000019007e+00 1.258481271405349072e-02
-2.550000000000019362e+00 1.397615386286725839e-02
-2.450000000000019718e+00 1.541453432936408866e-02
-2.350000000000020073e+00 1.750549975822902546e-02
-2.250000000000020428e+00 1.974819388020263022e-02
-2.150000000000020783e+00 2.215417744235431349e-02
-2.050000000000021139e+00 2.481202462766912004e-02
-1.950000000000021272e+00 2.835698975592950907e-02
-1.850000000000021627e+00 3.210323761941968196e-02
-1.750000000000021982e+00 3.694353730572520755e-02
-1.650000000000022338e+00 4.224116058712908128e-02
-1.550000000000022693e+00 4.879448357529597713e-02
-1.450000000000023048e+00 5.628398258898763273e-02
-1.350000000000023404e+00 6.566810293569655399e-02
-1.250000000000023759e+00 7.619075778639125551e-02
-1.150000000000024114e+00 8.905946193346370166e-02
-1.050000000000024469e+00 1.051545645199138401e-01
-9.500000000000248246e-01 1.241270217937389952e-01
-8.500000000000251799e-01 1.488994325261615570e-01
-7.500000000000255351e-01 1.812050984774983831e-01
-6.500000000000258904e-01 2.201079344317187769e-01
-5.500000000000262457e-01 2.695509933809722147e-01
-4.500000000000266565e-01 3.396162875862968611e-01
-3.500000000000270117e-01 4.327677929495267195e-01
-2.500000000000273670e-01 5.641933274212360683e-01
-1.500000000000277223e-01 7.654152272756558073e-01
-5.000000000002806366e-02 1.117982052333456711e+00
4.999999999997158107e-02 1.116956121601531127e+00
1.499999999999712119e-01 7.702557574783679417e-01
2.499999999999708566e-01 5.640428141782724003e-01
3.499999999999705014e-01 4.305672623739648097e-01
4.499999999999701461e-01 3.362406472368658084e-01
5.499999999999698463e-01 2.686531110203628780e-01
6.499999999999694911e-01 2.185813500055570624e-01
7.499999999999691358e-01 1.787707264705794830e-01
8.499999999999687805e-01 1.490929824837442796e-01
9.499999999999684253e-01 1.244875843807373150e-01
1.049999999999968070e+00 1.049789529299893220e-01
1.149999999999967715e+00 8.969759421565862145e-02
1.249999999999967359e+00 7.546087298893547346e-02
1.349999999999967004e+00 6.524405054198287313e-02
1.449999999999966649e+00 5.607255014651199576e-02
1.549999999999966294e+00 4.826954183419644717e-02
1.649999999999965938e+00 4.247548400733671542e-02
1.749999999999965583e+00 3.716532901581651172e-02
1.849999999999965228e+00 3.223753088975779557e-02
1.949999999999964873e+00 2.833893962274076223e-02
2.049999999999964295e+00 2.499912012586084573e-02
2.149999999999963940e+00 2.218893652236484521e-02
2.249999999999963585e+00 1.953760666455201661e-02
2.349999999999963229e+00 1.731159354801755160e-02
2.449999999999962874e+00 1.549893127564367333e-02
2.549999999999962519e+00 1.373171566214208446e-02
2.649999999999962164e+00 1.245179077662573325e-02
2.749999999999961808e+00 1.124319325565671136e-02
2.849999999999961453e+00 1.018422882409797045e-02
2.949999999999961098e+00 8.872723190846970934e-03
3.049999999999960743e+00 8.083197512135126273e-03
3.149999999999960387e+00 7.521345204561385653e-03
3.249999999999960032e+00 6.761681878551514813e-03
3.349999999999959677e+00 6.285036817354068030e-03
3.449999999999959321e+00 5.578629766665794965e-03
3.549999999999958966e+00 5.103067434045847200e-03
3.649999999999958611e+00 4.649704529937445652e-03
3.749999999999958256e+00 4.242368068391220472e-03
3.849999999999957900e+00 3.738452217732137622e-03
3.949999999999957545e+00 3.571677090069077295e-03
4.049999999999957190e+00 3.268079996938525345e-03
4.149999999999956835e+00 2.908621094554717911e-03
4.249999999999956479e+00 2.763975541946593183e-03
4.349999999999956124e+00 2.611220003025722068e-03
4.449999999999955769e+00 2.458750863276963801e-03
4.549999999999955413e+00 2.261645364752626168e-03
4.649999999999955058e+00 2.056688337705009448e-03
4.749999999999954703e+00 1.896919511740213522e-03
4.849999999999954348e+00 1.828630772555540083e-03
4.949999999999953992e+00 1.660053425711869712e-03
5.049999999999953637e+00 1.569523345941681086e-03
5.149999999999953282e+00 1.473684403468919577e-03
5.249999999999952927e+00 1.361897916851455802e-03
5.349999999999952571e+00 1.322877775987545568e-03
5.449999999999952216e+00 1.245689706430401717e-03
5.549999999999951861e+00 1.110802681711084861e-03
5.649999999999951505e+00 9.883356015775240314e-04
5.749999999999951150e+00 1.017632141280932351e-03
5.849999999999950795e+00 9.084791299777709647e-04
5.949999999999950440e+00 9.129357805096676663e-04
6.049999999999950084e+00 8.579122127357651558e-04
6.149999999999949729e+00 8.428378367987229055e-04
6.249999999999949374e+00 7.824844502852636770e-04
6.349999999999949019e+00 7.106401701589988833e-04
6.449999999999948663e+00 6.786612577216590090e-04
6.549999999999948308e+00 6.254538798196893155e-04
6.649999999999947953e+00 6.165964615211861396e-04
6.749999999999947597e+00 5.686839756304667721e-04
6.849999999999947242e+00 4.941922494985768154e-04
6.949999999999946887e+00 4.799491296952268027e-04
7.049999999999946532e+00 4.586508107739840912e-04
7.149999999999946176e+00 4.480051439861933204e-04
7.249999999999945821e+00 4.169552825218037439e-04
7.349999999999945466e+00 3.859054210574140590e-04
7.449999999999945111e+00 3.655012263808151991e-04
7.549999999999944755e+00 3.788083098655535812e-04
7.649999999999944400e+00 3.379999205123558614e-04
7.749999999999944045e+00 3.610655318859023869e-04
7.849999999999943689e+00 3.034015034520359377e-04
7.949999999999943334e+00 2.945301144622103134e-04
