-7.950000000000000178e+00 1.250865847565411503e-04
-7.850000000000000533e+00 1.241994458575585770e-04
-7.750000000000000888e+00 1.295222792514539624e-04
-7.650000000000001243e+00 1.534750295239831154e-04
-7.550000000000001599e+00 1.401679460392446790e-04
-7.450000000000001954e+00 1.419422238372097984e-04
-7.350000000000002309e+00 1.845248909883727461e-04
-7.250000000000002665e+00 1.756535019985471218e-04
-7.150000000000003020e+00 1.685633761523479225e-04
-7.050000000000003375e+00 2.217847247456403083e-04
-6.950000000000003730e+00 2.138004746547972573e-04
-6.850000000000004086e+00 2.767943218282203433e-04
-6.750000000000004441e+00 2.918686977652627020e-04
-6.650000000000004796e+00 2.954172533611928867e-04
-6.550000000000005151e+00 2.821101698764545045e-04
-6.450000000000005507e+00 3.087243368459312689e-04
-6.350000000000005862e+00 3.504268504437729487e-04
-6.250000000000006217e+00 3.681696284234241973e-04
-6.150000000000006573e+00 4.595519203642892212e-04
-6.050000000000006928e+00 5.216446579474072042e-04
-5.950000000000007283e+00 5.047890188667385290e-04
-5.850000000000007638e+00 5.722115751894132300e-04
-5.750000000000007994e+00 5.819770884238825975e-04
-5.650000000000008349e+00 6.964180063926328143e-04
-5.550000000000008704e+00 7.514206181295514896e-04
-5.450000000000009059e+00 8.525684233048858810e-04
-5.350000000000009415e+00 8.667766163799293933e-04
-5.250000000000009770e+00 1.029102078856754081e-03
-5.150000000000010125e+00 1.045950732591761478e-03
-5.050000000000010481e+00 1.108937594419523096e-03
-4.950000000000010836e+00 1.273100202805264218e-03
-4.850000000000011191e+00 1.381331148481136639e-03
-4.750000000000011546e+00 1.611966306179618384e-03
-4.650000000000011902e+00 1.683845513034189570e-03
-4.550000000000012257e+00 1.903848974636202993e-03
-4.450000000000012612e+00 2.106116643604227096e-03
-4.350000000000012967e+00 2.329682631493492934e-03
-4.250000000000013323e+00 2.494795246889168570e-03
-4.150000000000013678e+00 2.846039382775310440e-03
-4.050000000000014033e+00 3.188523895202207466e-03
-3.950000000000014388e+00 3.529171261720188274e-03
-3.850000000000014744e+00 3.933769467767189720e-03
-3.750000000000015099e+00 4.453632862570974620e-03
-3.650000000000015454e+00 5.005510096540408821e-03
-3.550000000000015810e+00 5.383361414050372683e-03
-3.450000000000016165e+00 6.197831762118646837e-03
-3.350000000000016520e+00 6.797663394052768510e-03
-3.250000000000016875e+00 7.622751467526189297e-03
-3.150000000000017231e+00 8.640327726041844431e-03
-3.050000000000017586e+00 9.695163818314769810e-03
-2.950000000000017941e+00 1.074928740533024132e-02
-2.850000000000018296e+00 1.197450306362744799e-02
-2.750000000000018652e+00 1.362996013189421776e-02
-2.650000000000019007e+00 1.535993686767552283e-02
-2.550000000000019362e+00 1.730931632533197484e-02
-2.450000000000019718e+00 1.981377929061639565e-02
-2.350000000000020073e+00 2.197614193748527803e-02
-2.250000000000020428e+00 2.510791688453528972e-02
-2.150000000000020783e+00 2.838094250620204484e-02
-2.050000000000021139e+00 3.245668912453480298e-02
-1.950000000000021272e+00 3.672650261602924959e-02
-1.850000000000021627e+00 4.198164801046688072e-02
-1.750000000000021982e+00 4.852601578549602113e-02
-1.650000000000022338e+00 5.501985855535712622e-02
-1.550000000000022693e+00 6.345013693736412108e-02
-1.450000000000023048e+00 7.266353543611091259e-02
-1.350000000000023404e+00 8.429959850244839181e-02
-1.250000000000023759e+00 9.815682685543142272e-02
-1.150000000000024114e+00 1.143295925149439840e-01
-1.050000000000024469e+00 1.327043277312247305e-01
-9.500000000000248246e-01 1.546204026813675636e-01
-8.500000000000251799e-01 1.816533271525463955e-01
-7.500000000000255351e-01 2.130242840009480276e-01
-6.500000000000258904e-01 2.527123426609529933e-01
-5.500000000000262457e-01 3.019894786947133758e-01
-4.500000000000266565e-01 3.616354802090931408e-01
-3.500000000000270117e-01 4.380262633684993689e-01
-2.500000000000273670e-01 5.391280560719637904e-01
-1.500000000000277223e-01 6.724910949137022920e-01
-5.000000000002806366e-02 8.624898564398602030e-01
4.999999999997158107e-02 8.603544642125893205e-01
1.499999999999712119e-01 6.696063776720004856e-01
2.499999999999708566e-01 5.351411560650974897e-01
3.499999999999705014e-01 4.354445843922747361e-01
4.499999999999701461e-01 3.594950026501810836e-01
5.499999999999698463e-01 2.988611125963460680e-01
6.499999999999694911e-01 2.512900913575881190e-01
7.499999999999691358e-01 2.117072599446247483e-01
8.499999999999687805e-01 1.798575065485618629e-01
9.499999999999684253e-01 1.539046422528388969e-01
1.049999999999968070e+00 1.310882330857594535e-01
1.149999999999967715e+00 1.126467808330677556e-01
1.249999999999967359e+00 9.717100597829202158e-02
1.349999999999967004e+00 8.347175121743882764e-02
1.449999999999966649e+00 7.280345190970635705e-02
1.549999999999966294e+00 6.331230908212143182e-02
1.649999999999965938e+00 5.491766993367826893e-02
1.749999999999965583e+00 4.794741261902653318e-02
1.849999999999965228e+00 4.180051799746987984e-02
1.949999999999964873e+00 3.641585730912645646e-02
2.049999999999964295e+00 3.225900384232058271e-02
2.149999999999963940e+00 2.814946212167854581e-02
2.249999999999963585e+00 2.482311037123357406e-02
2.349999999999963229e+00 2.180411382988492811e-02
2.449999999999962874e+00 1.923807504259633303e-02
2.549999999999962519e+00 1.707402892742307735e-02
2.649999999999962164e+00 1.507695352959140603e-02
2.749999999999961808e+00 1.333984475588993399e-02
2.849999999999961453e+00 1.182616924851016479e-02
2.949999999999961098e+00 1.042551663392990782e-02
3.049999999999960743e+00 9.406941470984690745e-03
3.149999999999960387e+00 8.432618472803680987e-03
3.249999999999960032e+00 7.350316001390603746e-03
3.349999999999959677e+00 6.630776500859126427e-03
3.449999999999959321e+00 5.984967323782458201e-03
3.549999999999958966e+00 5.301772576726621056e-03
3.649999999999958611e+00 4.790808512295303967e-03
3.749999999999958256e+00 4.360518204906111035e-03
3.849999999999957900e+00 3.761664521364572241e-03
3.949999999999957545e+00 3.415589541267775517e-03
4.049999999999957190e+00 3.072273772707185928e-03
4.149999999999956835e+00 2.711222211512606586e-03
4.249999999999956479e+00 2.484917968124118314e-03
4.349999999999956124e+00 2.201075432523666876e-03
4.449999999999955769e+00 2.041383445361145011e-03
4.549999999999955413e+00 1.833771986962242067e-03
4.649999999999955058e+00 1.665194640118571913e-03
4.749999999999954703e+00 1.500179819562154609e-03
4.849999999999954348e+00 1.334263889415431958e-03
4.949999999999953992e+00 1.159532453044174235e-03
5.049999999999953637e+00 1.047738981081049181e-03
5.149999999999953282e+00 9.900539966101987339e-04
5.249999999999952927e+00 9.004459824672990734e-04
5.349999999999952571e+00 8.011143671638974988e-04
5.449999999999952216e+00 7.540820348264992094e-04
5.549999999999951861e+00 6.556235877307576513e-04
5.649999999999951505e+00 6.210111999791151707e-04
5.749999999999951150e+00 5.597986159493184826e-04
5.849999999999950795e+00 5.447172546666149539e-04
5.949999999999950440e+00 4.790689761419055078e-04
6.049999999999950084e+00 4.382466160973851770e-04
6.149999999999949729e+00 3.983323509888312547e-04
6.249999999999949374e+00 3.619596561305462386e-04
6.349999999999949019e+00 3.619666414762075170e-04
6.449999999999948663e+00 3.140471702398267085e-04
6.549999999999948308e+00 2.803428774241506364e-04
6.649999999999947953e+00 2.874330032703498357e-04
6.749999999999947597e+00 2.386403638263089565e-04
6.849999999999947242e+00 2.146876135537798306e-04
6.949999999999946887e+00 1.969448355741286092e-04
7.049999999999946532e+00 1.703376539503130419e-04
7.149999999999946176e+00 1.729920853015994291e-04
7.249999999999945821e+00 1.588048482635397792e-04
7.349999999999945466e+00 1.579107240188959004e-04
7.449999999999945111e+00 1.463779183321226105e-04
7.549999999999944755e+00 1.534750295239831154e-04
7.649999999999944400e+00 1.410550849382272522e-04
7.749999999999944045e+00 1.250865847565411503e-04
7.849999999999943689e+00 1.197637513626457649e-04
7.949999999999943334e+00 1.055695289789247823e-04
