-7.950000000000000178e+00 3.635948283690532720e-05
-7.850000000000000533e+00 6.739806574645865926e-05
-7.750000000000000888e+00 7.183214901925198854e-05
-7.650000000000001243e+00 8.158713221939731296e-05
-7.550000000000001599e+00 8.956848211042530566e-05
-7.450000000000001954e+00 1.090784485107159816e-04
-7.350000000000002309e+00 1.206070650199786513e-04
-7.250000000000002665e+00 1.206070650199786513e-04
-7.150000000000003020e+00 1.321356815292413210e-04
-7.050000000000003375e+00 1.773633309117332796e-04
-6.950000000000003730e+00 1.906655807301133217e-04
-6.850000000000004086e+00 1.853446808027613265e-04
-6.750000000000004441e+00 2.243646136033426513e-04
-6.650000000000004796e+00 2.616109130948066444e-04
-6.550000000000005151e+00 3.024044792045052737e-04
-6.450000000000005507e+00 3.281221621867065836e-04
-6.350000000000005862e+00 3.618211950599358861e-04
-6.250000000000006217e+00 4.052752111333105130e-04
-6.150000000000006573e+00 4.105961110606625082e-04
-6.050000000000006928e+00 4.646919269887411254e-04
-5.950000000000007283e+00 5.187877429168197968e-04
-5.850000000000007638e+00 6.003748751362170556e-04
-5.750000000000007994e+00 6.181112082273903727e-04
-5.650000000000008349e+00 6.961510738285529680e-04
-5.550000000000008704e+00 8.327208386305874014e-04
-5.450000000000009059e+00 8.894771045223420162e-04
-5.350000000000009415e+00 9.817060365964434820e-04
-5.250000000000009770e+00 1.085463585179807441e-03
-5.150000000000010125e+00 1.276129165909920329e-03
-5.050000000000010481e+00 1.357716298129317805e-03
-4.950000000000010836e+00 1.461480829520985132e-03
-4.850000000000011191e+00 1.628202360578014530e-03
-4.750000000000011546e+00 1.841038357672094335e-03
-4.650000000000011902e+00 2.005986255420006293e-03
-4.550000000000012257e+00 2.210840902623057835e-03
-4.450000000000012612e+00 2.377562433680087232e-03
-4.350000000000012967e+00 2.710118679139586657e-03
-4.250000000000013323e+00 2.921174060116245655e-03
-4.150000000000013678e+00 3.283023186409396096e-03
-4.050000000000014033e+00 3.687390632463237190e-03
-3.950000000000014388e+00 4.124605208777266246e-03
-3.850000000000014744e+00 4.419943085978516803e-03
-3.750000000000015099e+00 4.971570976347221629e-03
-3.650000000000015454e+00 5.434489270026845315e-03
-3.550000000000015810e+00 6.099580812520933627e-03
-3.450000000000016165e+00 6.808161285129914544e-03
-3.350000000000016520e+00 7.458190910113113303e-03
-3.250000000000016875e+00 8.384956210976741986e-03
-3.150000000000017231e+00 9.295758812058312406e-03
-3.050000000000017586e+00 1.024380771263134864e-02
-2.950000000000017941e+00 1.153235231170508975e-02
-2.850000000000018296e+00 1.282355037793420430e-02
-2.750000000000018652e+00 1.437550047183678084e-02
-2.650000000000019007e+00 1.598613408672292999e-02
-2.550000000000019362e+00 1.821645004170486387e-02
-2.450000000000019718e+00 2.014353056329414721e-02
-2.350000000000020073e+00 2.263568088123660976e-02
-2.250000000000020428e+00 2.552512506042136503e-02
-2.150000000000020783e+00 2.883286738822567891e-02
-2.050000000000021139e+00 3.285740895401233902e-02
-1.950000000000021272e+00 3.729979478587887309e-02
-1.850000000000021627e+00 4.228645561097042760e-02
-1.750000000000021982e+00 4.770273371694168374e-02
-1.650000000000022338e+00 5.435151240254191413e-02
-1.550000000000022693e+00 6.208442095693589291e-02
-1.450000000000023048e+00 7.132671938862127081e-02
-1.350000000000023404e+00 8.207203937642584823e-02
-1.250000000000023759e+00 9.509103157596937583e-02
-1.150000000000024114e+00 1.094808817188699795e-01
-1.050000000000024469e+00 1.281696628798474902e-01
-9.500000000000248246e-01 1.495610631838462379e-01
-8.500000000000251799e-01 1.756125104373440216e-01
-7.500000000000255351e-01 2.080438563599033563e-01
-6.500000000000258904e-01 2.471064820504541570e-01
-5.500000000000262457e-01 2.965617609954313560e-01
-4.500000000000266565e-01 3.588506874591518292e-01
-3.500000000000270117e-01 4.396452709360921252e-01
-2.500000000000273670e-01 5.456201404681838563e-01
-1.500000000000277223e-01 6.884871624029997861e-01
-5.000000000002806366e-02 8.929757428635596295e-01
4.999999999997158107e-02 8.913562061680859738e-01
1.499999999999712119e-01 6.837109634201798958e-01
2.499999999999708566e-01 5.398474947404384716e-01
3.499999999999705014e-01 4.346418653366883045e-01
4.499999999999701461e-01 3.546747725749596070e-01
5.499999999999698463e-01 2.925184566237333250e-01
6.499999999999694911e-01 2.420666541229390956e-01
7.499999999999691358e-01 2.032790672858509340e-01
8.499999999999687805e-01 1.715116048799492088e-01
9.499999999999684253e-01 1.448493294872849058e-01
1.049999999999968070e+00 1.241661325842465802e-01
1.149999999999967715e+00 1.071687342333781101e-01
1.249999999999967359e+00 9.163324266333726376e-02
1.349999999999967004e+00 7.925791176760405010e-02
1.449999999999966649e+00 6.899149372168610073e-02
1.549999999999966294e+00 6.046280338458819015e-02
1.649999999999965938e+00 5.251454502211076736e-02
1.749999999999965583e+00 4.577630957933295081e-02
1.849999999999965228e+00 4.018034286728484200e-02
1.949999999999964873e+00 3.605567481323265766e-02
2.049999999999964295e+00 3.126551021380474110e-02
2.149999999999963940e+00 2.778468501657880424e-02
2.249999999999963585e+00 2.462318364307704288e-02
2.349999999999963229e+00 2.198911472917197685e-02
2.449999999999962874e+00 1.966390939215226577e-02
2.549999999999962519e+00 1.738911993108462409e-02
2.649999999999962164e+00 1.547183628954532271e-02
2.749999999999961808e+00 1.381235094776711581e-02
2.849999999999961453e+00 1.249375234175463013e-02
2.949999999999961098e+00 1.104282253558040196e-02
3.049999999999960743e+00 1.000697180339775449e-02
3.149999999999960387e+00 9.006656582672188313e-03
3.249999999999960032e+00 8.019608697723480673e-03
3.349999999999959677e+00 7.267539294999608018e-03
3.449999999999959321e+00 6.399359755803281369e-03
3.549999999999958966e+00 5.700527283586141053e-03
3.649999999999958611e+00 5.362622206966075403e-03
3.749999999999958256e+00 4.801260281822135843e-03
3.849999999999957900e+00 4.209739607614898169e-03
3.949999999999957545e+00 3.961423961530168361e-03
4.049999999999957190e+00 3.442622252996741395e-03
4.149999999999956835e+00 3.121608589663111416e-03
4.249999999999956479e+00 2.797920510749198758e-03
4.349999999999956124e+00 2.554031965128957665e-03
4.449999999999955769e+00 2.397952233926632908e-03
4.549999999999955413e+00 2.154971453385862157e-03
4.649999999999955058e+00 1.883612539899214098e-03
4.749999999999954703e+00 1.677857110424996016e-03
4.849999999999954348e+00 1.591835894932805591e-03
4.949999999999953992e+00 1.465021113330916211e-03
5.049999999999953637e+00 1.261060265590726540e-03
5.149999999999953282e+00 1.168824350708321707e-03
5.249999999999952927e+00 9.852533032146779286e-04
5.349999999999952571e+00 9.533279036505660662e-04
5.449999999999952216e+00 9.063336037672603063e-04
5.549999999999951861e+00 7.768513893933915067e-04
5.649999999999951505e+00 6.855092739738489777e-04
5.749999999999951150e+00 6.198848415365075960e-04
5.849999999999950795e+00 5.994880584816583355e-04
5.949999999999950440e+00 4.895227933163837693e-04
6.049999999999950084e+00 4.584842104068304644e-04
6.149999999999949729e+00 4.221247275699251643e-04
6.249999999999949374e+00 3.627080117144945519e-04
6.349999999999949019e+00 3.582739284417012227e-04
6.449999999999948663e+00 2.944231293134772810e-04
6.549999999999948308e+00 2.624977297493653102e-04
6.649999999999947953e+00 2.341195968034879757e-04
6.749999999999947597e+00 2.208173469851079608e-04
6.849999999999947242e+00 1.942128473483479851e-04
6.949999999999946887e+00 1.498720146204146381e-04
7.049999999999946532e+00 1.330224981837999868e-04
7.149999999999946176e+00 1.472115646567386405e-04
7.249999999999945821e+00 1.401170314202693137e-04
7.349999999999945466e+00 1.188334317108613196e-04
7.449999999999945111e+00 9.843664865601199133e-05
7.549999999999944755e+00 7.626623229204531782e-05
7.649999999999944400e+00 6.828488240101732512e-05
7.749999999999944045e+00 7.094533236469332269e-05
7.849999999999943689e+00 6.385079912822399584e-05
7.949999999999943334e+00 3.192539956411199792e-05
