-7.950000000000000178e+00 0.000000000000000000e+00
-7.850000000000000533e+00 0.000000000000000000e+00
-7.750000000000000888e+00 0.000000000000000000e+00
-7.650000000000001243e+00 0.000000000000000000e+00
-7.550000000000001599e+00 0.000000000000000000e+00
-7.450000000000001954e+00 0.000000000000000000e+00
-7.350000000000002309e+00 1.774277797965122607e-06
-7.250000000000002665e+00 1.685563908066866170e-05
-7.150000000000003020e+00 1.508136128270354227e-05
-7.050000000000003375e+00 2.306561137354658987e-05
-6.950000000000003730e+00 2.838844476744195833e-05
-6.850000000000004086e+00 6.387400072674440793e-05
-6.750000000000004441e+00 5.056691724200598509e-05
-6.650000000000004796e+00 5.322833393895367779e-05
-6.550000000000005151e+00 8.250391760537814840e-05
-6.450000000000005507e+00 8.871388989825610707e-05
-6.350000000000005862e+00 1.126666401707852600e-04
-6.250000000000006217e+00 1.419422238372097713e-04
-6.150000000000006573e+00 1.224251680595934576e-04
-6.050000000000006928e+00 1.153280568677329663e-04
-5.950000000000007283e+00 1.517007517260179417e-04
-5.850000000000007638e+00 2.519474473110472844e-04
-5.750000000000007994e+00 2.599316974018903896e-04
-5.650000000000008349e+00 2.084776412609018448e-04
-5.550000000000008704e+00 2.395275027252915026e-04
-5.450000000000009059e+00 3.096114757449137879e-04
-5.350000000000009415e+00 3.424356150072685109e-04
-5.250000000000009770e+00 3.983253656431698137e-04
-5.150000000000010125e+00 5.349447560864840912e-04
-5.050000000000010481e+00 5.127662836119201931e-04
-4.950000000000010836e+00 6.325300349745657412e-04
-4.850000000000011191e+00 6.369657294694784991e-04
-4.750000000000011546e+00 7.327767305595951110e-04
-4.650000000000011902e+00 8.303620094476766526e-04
-4.550000000000012257e+00 9.048816769622117229e-04
-4.450000000000012612e+00 1.328934070675875457e-03
-4.350000000000012967e+00 1.474424850109015087e-03
-4.250000000000013323e+00 1.619915629542154935e-03
-4.150000000000013678e+00 1.939285633175876324e-03
-4.050000000000014033e+00 2.349143804505819319e-03
-3.950000000000014388e+00 2.727952114371372250e-03
-3.850000000000014744e+00 3.164424452670792226e-03
-3.750000000000015099e+00 3.658560819404080115e-03
-3.650000000000015454e+00 4.323027854742022072e-03
-3.550000000000015810e+00 4.814502804778367229e-03
-3.450000000000016165e+00 5.656397619912827308e-03
-3.350000000000016520e+00 6.386512933775483590e-03
-3.250000000000016875e+00 7.936344590298037571e-03
-3.150000000000017231e+00 8.859856184138894392e-03
-3.050000000000017586e+00 9.852564612100394095e-03
-2.950000000000017941e+00 1.116819159929154787e-02
-2.850000000000018296e+00 1.311901003815422670e-02
-2.750000000000018652e+00 1.477707264035265332e-02
-2.650000000000019007e+00 1.677845799645733688e-02
-2.550000000000019362e+00 1.933075660883019908e-02
-2.450000000000019718e+00 2.188571663790000316e-02
-2.350000000000020073e+00 2.500844556231866106e-02
-2.250000000000020428e+00 2.886040266170099289e-02
-2.150000000000020783e+00 3.326327301735149816e-02
-2.050000000000021139e+00 3.829778626907759387e-02
-1.950000000000021272e+00 4.361795824627608120e-02
-1.850000000000021627e+00 5.047021910201747452e-02
-1.750000000000021982e+00 5.805791810501535755e-02
-1.650000000000022338e+00 6.781112316042914312e-02
-1.550000000000022693e+00 7.827137791833162217e-02
-1.450000000000023048e+00 8.881591087163759335e-02
-1.350000000000023404e+00 1.018169314362263322e-01
-1.250000000000023759e+00 1.180719774822830276e-01
-1.150000000000024114e+00 1.361909023551020059e-01
-1.050000000000024469e+00 1.576490180436915245e-01
-9.500000000000248246e-01 1.842463293740873587e-01
-8.500000000000251799e-01 2.124236350835715936e-01
-7.500000000000255351e-01 2.465589656386226458e-01
-6.500000000000258904e-01 2.868554758471065780e-01
-5.500000000000262457e-01 3.329139532044836369e-01
-4.500000000000266565e-01 3.849100512127524576e-01
-3.500000000000270117e-01 4.490005138308509336e-01
-2.500000000000273670e-01 5.102610033611940654e-01
-1.500000000000277223e-01 5.802243254905534720e-01
-5.000000000002806366e-02 6.244615066883174581e-01
4.999999999997158107e-02 6.210336019826494525e-01
1.499999999999712119e-01 5.775504888490199384e-01
2.499999999999708566e-01 5.088451296784181066e-01
3.499999999999705014e-01 4.457189870435144252e-01
4.499999999999701461e-01 3.839900881745073047e-01
5.499999999999698463e-01 3.331144465956537015e-01
6.499999999999694911e-01 2.862823841183637641e-01
7.499999999999691358e-01 2.472757738690004592e-01
8.499999999999687805e-01 2.126658240029936642e-01
9.499999999999684253e-01 1.818173430686731429e-01
1.049999999999968070e+00 1.570005195085352467e-01
1.149999999999967715e+00 1.344503358352983069e-01
1.249999999999967359e+00 1.163260881290854171e-01
1.349999999999967004e+00 1.013210207916950822e-01
1.449999999999966649e+00 8.750383244004258931e-02
1.549999999999966294e+00 7.587255433548301120e-02
1.649999999999965938e+00 6.585320761037474768e-02
1.749999999999965583e+00 5.883061608602910275e-02
1.849999999999965228e+00 5.091822424600367381e-02
1.949999999999964873e+00 4.425847253134149173e-02
2.049999999999964295e+00 3.863135049509504315e-02
2.149999999999963940e+00 3.288890040198085007e-02
2.249999999999963585e+00 2.888790396756945114e-02
2.349999999999963229e+00 2.508207809093421226e-02
2.449999999999962874e+00 2.218202103016019000e-02
2.549999999999962519e+00 1.953834711119211906e-02
2.649999999999962164e+00 1.679620077443698747e-02
2.749999999999961808e+00 1.470787580623201390e-02
2.849999999999961453e+00 1.285907834075233208e-02
2.949999999999961098e+00 1.163127810456045241e-02
3.049999999999960743e+00 1.016661178234022286e-02
3.149999999999960387e+00 8.500564930050951568e-03
3.249999999999960032e+00 7.757142532703558205e-03
3.349999999999959677e+00 6.674833075944819685e-03
3.449999999999959321e+00 5.929636400799459875e-03
3.549999999999958966e+00 5.134759947311075094e-03
3.649999999999958611e+00 4.372707633085047042e-03
3.749999999999958256e+00 3.737516181413528486e-03
3.849999999999957900e+00 3.364917843840852917e-03
3.949999999999957545e+00 3.055306368095938533e-03
4.049999999999957190e+00 2.672949502634454008e-03
4.149999999999956835e+00 2.207201580668609765e-03
4.249999999999956479e+00 1.934849938680963674e-03
4.349999999999956124e+00 1.584430073582852438e-03
4.449999999999955769e+00 1.396356626998549941e-03
4.549999999999955413e+00 1.149732013081398259e-03
4.649999999999955058e+00 9.519000386082872387e-04
4.749999999999954703e+00 8.019735646802347417e-04
4.849999999999954348e+00 6.795483966206413654e-04
4.949999999999953992e+00 6.014801735101762189e-04
5.049999999999953637e+00 5.447032839752922887e-04
5.149999999999953282e+00 5.056691724200596070e-04
5.249999999999952927e+00 4.755064498546525496e-04
5.349999999999952571e+00 3.442098928052337117e-04
5.449999999999952216e+00 2.945301144622102050e-04
5.549999999999951861e+00 2.421889194222391411e-04
5.649999999999951505e+00 2.927558366642451669e-04
5.749999999999951150e+00 3.016272256540706827e-04
5.849999999999950795e+00 2.599316974018903896e-04
5.949999999999950440e+00 1.410550849382272251e-04
6.049999999999950084e+00 1.295222792514539082e-04
6.149999999999949729e+00 1.250865847565410961e-04
6.249999999999949374e+00 1.357322515443318397e-04
6.349999999999949019e+00 1.241994458575585228e-04
6.449999999999948663e+00 8.693961210029097408e-05
6.549999999999948308e+00 7.718108421148277656e-05
6.649999999999947953e+00 4.701836164607574623e-05
6.749999999999947597e+00 9.226244549418631882e-05
6.849999999999947242e+00 6.298686182776184821e-05
6.949999999999946887e+00 5.234119503997111808e-05
7.049999999999946532e+00 1.862991687863378790e-05
7.149999999999946176e+00 3.193700036337219041e-05
7.249999999999945821e+00 7.984250090843050991e-06
7.349999999999945466e+00 1.064566678779073522e-05
7.449999999999945111e+00 4.435694494912806200e-06
7.549999999999944755e+00 8.871388989825612401e-06
7.649999999999944400e+00 0.000000000000000000e+00
7.749999999999944045e+00 0.000000000000000000e+00
7.849999999999943689e+00 0.000000000000000000e+00
7.949999999999943334e+00 0.000000000000000000e+00
