-7.950000000000000178e+00 0.000000000000000000e+00
-7.850000000000000533e+00 0.000000000000000000e+00
-7.750000000000000888e+00 0.000000000000000000e+00
-7.650000000000001243e+00 0.000000000000000000e+00
-7.550000000000001599e+00 0.000000000000000000e+00
-7.450000000000001954e+00 0.000000000000000000e+00
-7.350000000000002309e+00 0.000000000000000000e+00
-7.250000000000002665e+00 0.000000000000000000e+00
-7.150000000000003020e+00 0.000000000000000000e+00
-7.050000000000003375e+00 0.000000000000000000e+00
-6.950000000000003730e+00 0.000000000000000000e+00
-6.850000000000004086e+00 0.000000000000000000e+00
-6.750000000000004441e+00 0.000000000000000000e+00
-6.650000000000004796e+00 0.000000000000000000e+00
-6.550000000000005151e+00 0.000000000000000000e+00
-6.450000000000005507e+00 1.419422238372098033e-07
-6.350000000000005862e+00 0.000000000000000000e+00
-6.250000000000006217e+00 0.000000000000000000e+00
-6.150000000000006573e+00 0.000000000000000000e+00
-6.050000000000006928e+00 2.838844476744196066e-07
-5.950000000000007283e+00 2.838844476744196066e-07
-5.850000000000007638e+00 4.258266715116293834e-07
-5.750000000000007994e+00 4.258266715116293834e-07
-5.650000000000008349e+00 1.419422238372098086e-06
-5.550000000000008704e+00 1.277480014534888362e-06
-5.450000000000009059e+00 2.696902252906986024e-06
-5.350000000000009415e+00 3.832440043604665086e-06
-5.250000000000009770e+00 5.251862281976762324e-06
-5.150000000000010125e+00 6.671284520348861257e-06
-5.050000000000010481e+00 9.794013444767476876e-06
-4.950000000000010836e+00 1.391033793604656141e-05
-4.850000000000011191e+00 2.214298691860473048e-05
-4.750000000000011546e+00 2.810456031976754057e-05
-4.650000000000011902e+00 4.698287609011643978e-05
-4.550000000000012257e+00 5.819631177325601220e-05
-4.450000000000012612e+00 8.516533430232586820e-05
-4.350000000000012967e+00 1.142634901889538540e-04
-4.250000000000013323e+00 1.584075218023260688e-04
-4.150000000000013678e+00 2.218556958575588806e-04
-4.050000000000014033e+00 2.860135810319778486e-04
-3.950000000000014388e+00 4.201489825581417991e-04
-3.850000000000014744e+00 5.396643350290726560e-04
-3.750000000000015099e+00 7.483194040697696168e-04
-3.650000000000015454e+00 9.876339934593047522e-04
-3.550000000000015810e+00 1.315662472747101660e-03
-3.450000000000016165e+00 1.735811455305249747e-03
-3.350000000000016520e+00 2.279592114825609514e-03
-3.250000000000016875e+00 3.028053461119229774e-03
-3.150000000000017231e+00 3.909372728924474100e-03
-3.050000000000017586e+00 5.065208257630794166e-03
-2.950000000000017941e+00 6.493430913880698235e-03
-2.850000000000018296e+00 8.348331894985227056e-03
-2.750000000000018652e+00 1.061443949854611393e-02
-2.650000000000019007e+00 1.333192337390929835e-02
-2.550000000000019362e+00 1.675500204396720288e-02
-2.450000000000019718e+00 2.100162949672853413e-02
-2.350000000000020073e+00 2.605874704760028152e-02
-2.250000000000020428e+00 3.210534384084158532e-02
-2.150000000000020783e+00 3.921977198401314924e-02
-2.050000000000021139e+00 4.775163517442300443e-02
-1.950000000000021272e+00 5.755430709484708751e-02
-1.850000000000021627e+00 6.926042423692548022e-02
-1.750000000000021982e+00 8.240711300872698153e-02
-1.650000000000022338e+00 9.762317746185232570e-02
-1.550000000000022693e+00 1.144853458848188177e-01
-1.450000000000023048e+00 1.333019167878019551e-01
-1.350000000000023404e+00 1.535186057867157228e-01
-1.250000000000023759e+00 1.755778467932589404e-01
-1.150000000000024114e+00 1.995513206304702358e-01
-1.050000000000024469e+00 2.240315282067791847e-01
-9.500000000000248246e-01 2.495631018350495389e-01
-8.500000000000251799e-01 2.744522449582242896e-01
-7.500000000000255351e-01 3.002026934956439908e-01
-6.500000000000258904e-01 3.239252134811027029e-01
-5.500000000000262457e-01 3.458772881086423778e-01
-4.500000000000266565e-01 3.654360749000644670e-01
-3.500000000000270117e-01 3.825455066769534729e-01
-2.500000000000273670e-01 3.950895087663427452e-01
-1.500000000000277223e-01 4.041855922965019721e-01
-5.000000000002806366e-02 4.088667048964299555e-01
4.999999999997158107e-02 4.086716762808779713e-01
1.499999999999712119e-01 4.042200842568952623e-01
2.499999999999708566e-01 3.956599745639451382e-01
3.499999999999705014e-01 3.820914335028979814e-01
4.499999999999701461e-01 3.652748285337854561e-01
5.499999999999698463e-01 3.460356956304446729e-01
6.499999999999694911e-01 3.232914414516702695e-01
7.499999999999691358e-01 2.997907771620683670e-01
8.499999999999687805e-01 2.751016306322796590e-01
9.499999999999684253e-01 2.495066088299624785e-01
1.049999999999968070e+00 2.238076853197880078e-01
1.149999999999967715e+00 1.993724734284349209e-01
1.249999999999967359e+00 1.760838708212385251e-01
1.349999999999967004e+00 1.536244946856984983e-01
1.449999999999966649e+00 1.333541515261739419e-01
1.549999999999966294e+00 1.144495764444118380e-01
1.649999999999965938e+00 9.742644553961390952e-02
1.749999999999965583e+00 8.241364235102331681e-02
1.849999999999965228e+00 6.923175190771037324e-02
1.949999999999964873e+00 5.776069108830647614e-02
2.049999999999964295e+00 4.771217523619628031e-02
2.149999999999963940e+00 3.928918173146957182e-02
2.249999999999963585e+00 3.199817746184445422e-02
2.349999999999963229e+00 2.592716660610319690e-02
2.449999999999962874e+00 2.092185796693202954e-02
2.549999999999962519e+00 1.684470952943230987e-02
2.649999999999962164e+00 1.333391056504301675e-02
2.749999999999961808e+00 1.054432003997053668e-02
2.849999999999961453e+00 8.330731059229413982e-03
2.949999999999961098e+00 6.552336936773137110e-03
3.049999999999960743e+00 5.085789880087188304e-03
3.149999999999960387e+00 3.891204124273311797e-03
3.249999999999960032e+00 3.021240234375043368e-03
3.349999999999959677e+00 2.324020030886656506e-03
3.449999999999959321e+00 1.740211664244203232e-03
3.549999999999958966e+00 1.335250499636636817e-03
3.649999999999958611e+00 9.798271711482580641e-04
3.749999999999958256e+00 7.457644440406999316e-04
3.849999999999957900e+00 5.507358284883748061e-04
3.949999999999957545e+00 3.984318223110486614e-04
4.049999999999957190e+00 2.979367278343036246e-04
4.149999999999956835e+00 2.295205759447682074e-04
4.249999999999956479e+00 1.589752906976749178e-04
4.349999999999956124e+00 1.070244367732561504e-04
4.449999999999955769e+00 8.261037427325608809e-05
4.549999999999955413e+00 5.748660065406995765e-05
4.649999999999955058e+00 4.286655159883735863e-05
4.749999999999954703e+00 3.065952034883732069e-05
4.849999999999954348e+00 2.171716024709310385e-05
4.949999999999953992e+00 1.291674236918609250e-05
5.049999999999953637e+00 8.516533430232588515e-06
5.149999999999953282e+00 7.522937863372119600e-06
5.249999999999952927e+00 4.967977834302342877e-06
5.349999999999952571e+00 2.980786700581405895e-06
5.449999999999952216e+00 1.561364462209307810e-06
5.549999999999951861e+00 1.561364462209307810e-06
5.649999999999951505e+00 1.277480014534888362e-06
5.749999999999951150e+00 5.677688953488392131e-07
5.849999999999950795e+00 0.000000000000000000e+00
5.949999999999950440e+00 4.258266715116293834e-07
6.049999999999950084e+00 0.000000000000000000e+00
6.149999999999949729e+00 0.000000000000000000e+00
6.249999999999949374e+00 0.000000000000000000e+00
6.349999999999949019e+00 0.000000000000000000e+00
6.449999999999948663e+00 1.419422238372098033e-07
6.549999999999948308e+00 0.000000000000000000e+00
6.649999999999947953e+00 0.000000000000000000e+00
6.749999999999947597e+00 0.000000000000000000e+00
6.849999999999947242e+00 0.000000000000000000e+00
6.949999999999946887e+00 0.000000000000000000e+00
7.049999999999946532e+00 0.000000000000000000e+00
7.149999999999946176e+00 0.000000000000000000e+00
7.249999999999945821e+00 0.000000000000000000e+00
7.349999999999945466e+00 0.000000000000000000e+00
7.449999999999945111e+00 0.000000000000000000e+00
7.549999999999944755e+00 0.000000000000000000e+00
7.649999999999944400e+00 0.000000000000000000e+00
7.749999999999944045e+00 0.000000000000000000e+00
7.849999999999943689e+00 0.000000000000000000e+00
7.949999999999943334e+00 0.000000000000000000e+00
