-7.950000000000000178e+00 1.419422238372098033e-07
-7.850000000000000533e+00 1.419422238372098033e-07
-7.750000000000000888e+00 0.000000000000000000e+00
-7.650000000000001243e+00 2.838844476744196066e-07
-7.550000000000001599e+00 2.838844476744196066e-07
-7.450000000000001954e+00 0.000000000000000000e+00
-7.350000000000002309e+00 5.677688953488392131e-07
-7.250000000000002665e+00 4.258266715116293834e-07
-7.150000000000003020e+00 2.838844476744196066e-07
-7.050000000000003375e+00 4.258266715116293834e-07
-6.950000000000003730e+00 8.516533430232587667e-07
-6.850000000000004086e+00 5.677688953488392131e-07
-6.750000000000004441e+00 5.677688953488392131e-07
-6.650000000000004796e+00 5.677688953488392131e-07
-6.550000000000005151e+00 4.258266715116293834e-07
-6.450000000000005507e+00 9.935955668604687024e-07
-6.350000000000005862e+00 8.516533430232587667e-07
-6.250000000000006217e+00 1.277480014534888362e-06
-6.150000000000006573e+00 9.935955668604684906e-07
-6.050000000000006928e+00 1.703306686046517533e-06
-5.950000000000007283e+00 1.419422238372097874e-06
-5.850000000000007638e+00 1.419422238372098086e-06
-5.750000000000007994e+00 3.406613372093035067e-06
-5.650000000000008349e+00 4.258266715116294257e-06
-5.550000000000008704e+00 3.548555595930245214e-06
-5.450000000000009059e+00 5.251862281976762324e-06
-5.350000000000009415e+00 6.387400072674440962e-06
-5.250000000000009770e+00 7.664880087209330171e-06
-5.150000000000010125e+00 7.948764534883747925e-06
-5.050000000000010481e+00 1.149732013081399356e-05
-4.950000000000010836e+00 1.717500908430238591e-05
-4.850000000000011191e+00 2.100744912790704930e-05
-4.750000000000011546e+00 2.881427143895358835e-05
-4.650000000000011902e+00 3.676303597383733288e-05
-4.550000000000012257e+00 5.152502725290715772e-05
-4.450000000000012612e+00 6.898392078488395460e-05
-4.350000000000012967e+00 9.495934774709333830e-05
-4.250000000000013323e+00 1.277480014534887616e-04
-4.150000000000013678e+00 1.761502997819773173e-04
-4.050000000000014033e+00 2.498183139534892495e-04
-3.950000000000014388e+00 3.318609193313969358e-04
-3.850000000000014744e+00 4.682673964389561742e-04
-3.750000000000015099e+00 6.215649981831420593e-04
-3.650000000000015454e+00 8.454078851744205834e-04
-3.550000000000015810e+00 1.133124772892446551e-03
-3.450000000000016165e+00 1.525311137354664216e-03
-3.350000000000016520e+00 2.016999000726767393e-03
-3.250000000000016875e+00 2.691934275072711130e-03
-3.150000000000017231e+00 3.537626044694821507e-03
-3.050000000000017586e+00 4.610567314680243979e-03
-2.950000000000017941e+00 6.077540198037702755e-03
-2.850000000000018296e+00 7.784821266351544047e-03
-2.750000000000018652e+00 1.012289357739789078e-02
-2.650000000000019007e+00 1.283583641925358995e-02
-2.550000000000019362e+00 1.629723837209223411e-02
-2.450000000000019718e+00 2.055153070494077083e-02
-2.350000000000020073e+00 2.570800781249855949e-02
-2.250000000000020428e+00 3.198256493487765945e-02
-2.150000000000020783e+00 3.936341751453646676e-02
-2.050000000000021139e+00 4.836979355923427815e-02
-1.950000000000021272e+00 5.858154408641255695e-02
-1.850000000000021627e+00 7.036927800719688930e-02
-1.750000000000021982e+00 8.403845498728798602e-02
-1.650000000000022338e+00 9.987140258052054631e-02
-1.550000000000022693e+00 1.167856637996354391e-01
-1.450000000000023048e+00 1.357853412890242528e-01
-1.350000000000023404e+00 1.568915810870706029e-01
-1.250000000000023759e+00 1.791367686421510008e-01
-1.150000000000024114e+00 2.022986168434607324e-01
-1.050000000000024469e+00 2.266383005005152551e-01
-9.500000000000248246e-01 2.516777716152951427e-01
-8.500000000000251799e-01 2.760427198705284191e-01
-7.500000000000255351e-01 3.003862359676182647e-01
-6.500000000000258904e-01 3.234345248015743080e-01
-5.500000000000262457e-01 3.441463261597092482e-01
-4.500000000000266565e-01 3.627956812994195257e-01
-3.500000000000270117e-01 3.787382082894527047e-01
-2.500000000000273670e-01 3.908913160239133600e-01
-1.500000000000277223e-01 3.990840770062630272e-01
-5.000000000002806366e-02 4.035498531937315447e-01
4.999999999997158107e-02 4.039602126334660426e-01
1.499999999999712119e-01 3.989949361720380727e-01
2.499999999999708566e-01 3.910366559198803493e-01
3.499999999999705014e-01 3.788866843262078676e-01
4.499999999999701461e-01 3.632491855869241504e-01
5.499999999999698463e-01 3.446726401021105168e-01
6.499999999999694911e-01 3.233937996775415602e-01
7.499999999999691358e-01 3.006662946811806680e-01
8.499999999999687805e-01 2.762363257108761405e-01
9.499999999999684253e-01 2.511836651458412284e-01
1.049999999999968070e+00 2.272591636111663815e-01
1.149999999999967715e+00 2.022733488923068590e-01
1.249999999999967359e+00 1.790409576410608716e-01
1.349999999999967004e+00 1.569785927879380205e-01
1.449999999999966649e+00 1.361853333581423131e-01
1.549999999999966294e+00 1.169770019173681092e-01
1.649999999999965938e+00 9.951526954091305388e-02
1.749999999999965583e+00 8.427322966082531619e-02
1.849999999999965228e+00 7.049986597078239381e-02
1.949999999999964873e+00 5.866159838300142454e-02
2.049999999999964295e+00 4.825964639353653995e-02
2.149999999999963940e+00 3.939194790152777265e-02
2.249999999999963585e+00 3.187979764716417086e-02
2.349999999999963229e+00 2.565123092296368174e-02
2.449999999999962874e+00 2.046934615733903701e-02
2.549999999999962519e+00 1.626984352289165270e-02
2.649999999999962164e+00 1.275918650072619710e-02
2.749999999999961808e+00 1.004865779433103748e-02
2.849999999999961453e+00 7.828681413517241811e-03
2.949999999999961098e+00 5.983716388081313647e-03
3.049999999999960743e+00 4.599353878997105606e-03
3.149999999999960387e+00 3.522154342296565654e-03
3.249999999999960032e+00 2.699315270712245897e-03
3.349999999999959677e+00 1.996417378270371086e-03
3.449999999999959321e+00 1.510123319404082327e-03
3.549999999999958966e+00 1.120349972747097800e-03
3.649999999999958611e+00 8.217035337936065553e-04
3.749999999999958256e+00 6.106354469476769995e-04
3.849999999999957900e+00 4.394531250000025045e-04
3.949999999999957545e+00 3.305834393168620390e-04
4.049999999999957190e+00 2.370435138081403354e-04
4.149999999999956835e+00 1.794149709302331045e-04
4.249999999999956479e+00 1.236316769622096737e-04
4.349999999999956124e+00 9.510128997093053702e-05
4.449999999999955769e+00 6.827420966569790683e-05
4.549999999999955413e+00 5.351221838662808877e-05
4.649999999999955058e+00 3.562749818313965509e-05
4.749999999999954703e+00 2.384629360465124716e-05
4.849999999999954348e+00 1.816860465116285482e-05
4.949999999999953992e+00 1.845248909883727596e-05
5.049999999999953637e+00 9.794013444767476876e-06
5.149999999999953282e+00 7.380995639534909029e-06
5.249999999999952927e+00 5.535746729651181772e-06
5.349999999999952571e+00 5.109920058139552600e-06
5.449999999999952216e+00 4.116324491279084533e-06
5.549999999999951861e+00 3.264671148255825343e-06
5.649999999999951505e+00 3.406613372093035491e-06
5.749999999999951150e+00 1.419422238372098086e-06
5.849999999999950795e+00 1.419422238372098086e-06
5.949999999999950440e+00 1.277480014534888362e-06
6.049999999999950084e+00 1.987191133720937405e-06
6.149999999999949729e+00 8.516533430232588726e-07
6.249999999999949374e+00 8.516533430232587667e-07
6.349999999999949019e+00 8.516533430232587667e-07
6.449999999999948663e+00 8.516533430232588726e-07
6.549999999999948308e+00 1.277480014534888362e-06
6.649999999999947953e+00 4.258266715116293834e-07
6.749999999999947597e+00 4.258266715116293834e-07
6.849999999999947242e+00 1.419422238372098033e-07
6.949999999999946887e+00 8.516533430232587667e-07
7.049999999999946532e+00 4.258266715116293834e-07
7.149999999999946176e+00 2.838844476744196066e-07
7.249999999999945821e+00 0.000000000000000000e+00
7.349999999999945466e+00 1.419422238372098033e-07
7.449999999999945111e+00 2.838844476744196066e-07
7.549999999999944755e+00 0.000000000000000000e+00
7.649999999999944400e+00 2.838844476744196066e-07
7.749999999999944045e+00 1.419422238372098033e-07
7.849999999999943689e+00 1.419422238372098033e-07
7.949999999999943334e+00 0.000000000000000000e+00
