-7.950000000000000178e+00 4.788809934616799688e-05
-7.850000000000000533e+00 6.739806574645865926e-05
-7.750000000000000888e+00 6.473761578278266170e-05
-7.650000000000001243e+00 6.917169905557599098e-05
-7.550000000000001599e+00 8.956848211042530566e-05
-7.450000000000001954e+00 1.073048152015986499e-04
-7.350000000000002309e+00 1.152861650926266426e-04
-7.250000000000002665e+00 1.321356815292413210e-04
-7.150000000000003020e+00 1.525324645840906356e-04
-7.050000000000003375e+00 1.622874477842359601e-04
-6.950000000000003730e+00 1.764765142571746409e-04
-6.850000000000004086e+00 2.013073805848173119e-04
-6.750000000000004441e+00 2.376668634217226391e-04
-6.650000000000004796e+00 2.554031965128959834e-04
-6.550000000000005151e+00 2.820076961496559590e-04
-6.450000000000005507e+00 3.130462790592092640e-04
-6.350000000000005862e+00 3.582739284417012227e-04
-6.250000000000006217e+00 3.964070445877238545e-04
-6.150000000000006573e+00 4.496160438612438058e-04
-6.050000000000006928e+00 4.575973937522717985e-04
-5.950000000000007283e+00 5.515999591354903793e-04
-5.850000000000007638e+00 6.181112082273903727e-04
-5.750000000000007994e+00 7.351710066291342657e-04
-5.650000000000008349e+00 7.493600731020729194e-04
-5.550000000000008704e+00 8.016822557210341507e-04
-5.450000000000009059e+00 9.160816041591021003e-04
-5.350000000000009415e+00 1.006536902924085909e-03
-5.250000000000009770e+00 1.152861650926265830e-03
-5.150000000000010125e+00 1.235342582608525393e-03
-5.050000000000010481e+00 1.325790898565205617e-03
-4.950000000000010836e+00 1.520890562568112322e-03
-4.850000000000011191e+00 1.622874477842358842e-03
-4.750000000000011546e+00 1.860562289688992262e-03
-4.650000000000011902e+00 2.023722588511179393e-03
-4.550000000000012257e+00 2.231244668486211113e-03
-4.450000000000012612e+00 2.428997799644489961e-03
-4.350000000000012967e+00 2.717220195184359352e-03
-4.250000000000013323e+00 3.075501106434364376e-03
-4.150000000000013678e+00 3.424927816755389369e-03
-4.050000000000014033e+00 3.814233345298340475e-03
-3.950000000000014388e+00 4.125492025431824750e-03
-3.850000000000014744e+00 4.537903666651426152e-03
-3.750000000000015099e+00 5.200348724798445690e-03
-3.650000000000015454e+00 5.772331501372178486e-03
-3.550000000000015810e+00 6.190036111285917436e-03
-3.450000000000016165e+00 7.013860852137704383e-03
-3.350000000000016520e+00 7.742845090609838145e-03
-3.250000000000016875e+00 8.517992674777149359e-03
-3.150000000000017231e+00 9.518342809544234548e-03
-3.050000000000017586e+00 1.071292674008457804e-02
-2.950000000000017941e+00 1.178151986040286078e-02
-2.850000000000018296e+00 1.314907493543196818e-02
-2.750000000000018652e+00 1.463713233335649927e-02
-2.650000000000019007e+00 1.636559385555780635e-02
-2.550000000000019362e+00 1.800189627376808446e-02
-2.450000000000019718e+00 2.021445494723393688e-02
-2.350000000000020073e+00 2.295497677372757006e-02
-2.250000000000020428e+00 2.573784234977428628e-02
-2.150000000000020783e+00 2.853222955952197312e-02
-2.050000000000021139e+00 3.248939400798708799e-02
-1.950000000000021272e+00 3.674172176344592256e-02
-1.850000000000021627e+00 4.185870273990778545e-02
-1.750000000000021982e+00 4.730082421941068926e-02
-1.650000000000022338e+00 5.374794638401092506e-02
-1.550000000000022693e+00 6.142370065243987765e-02
-1.450000000000023048e+00 6.981265102976587367e-02
-1.350000000000023404e+00 8.071209556244768324e-02
-1.250000000000023759e+00 9.256584559194275252e-02
-1.150000000000024114e+00 1.075363092624802563e-01
-1.050000000000024469e+00 1.243047273634566852e-01
-9.500000000000248246e-01 1.461392287511694144e-01
-8.500000000000251799e-01 1.714701200158173511e-01
-7.500000000000255351e-01 2.026941383826822152e-01
-6.500000000000258904e-01 2.417077028620920054e-01
-5.500000000000262457e-01 2.904030567450041067e-01
-4.500000000000266565e-01 3.544487530357883220e-01
-3.500000000000270117e-01 4.361495933056042107e-01
-2.500000000000273670e-01 5.486115127001760516e-01
-1.500000000000277223e-01 7.017090121665726654e-01
-5.000000000002806366e-02 9.330247391066575080e-01
4.999999999997158107e-02 9.302782818931050191e-01
1.499999999999712119e-01 6.926219066494339049e-01
2.499999999999708566e-01 5.387219219043628549e-01
3.499999999999705014e-01 4.271990785016926973e-01
4.499999999999701461e-01 3.456628300064014669e-01
5.499999999999698463e-01 2.834783523892875357e-01
6.499999999999694911e-01 2.347821675521864493e-01
7.499999999999691358e-01 1.969039867545190892e-01
8.499999999999687805e-01 1.654214927554877590e-01
9.499999999999684253e-01 1.413184934169885443e-01
1.049999999999968070e+00 1.211993956999493083e-01
1.149999999999967715e+00 1.036271306726776475e-01
1.249999999999967359e+00 8.966426529192653150e-02
1.349999999999967004e+00 7.778555870555441121e-02
1.449999999999966649e+00 6.748269738309994881e-02
1.549999999999966294e+00 5.893808624306968308e-02
1.649999999999965938e+00 5.159828186493572999e-02
1.749999999999965583e+00 4.552424416518917327e-02
1.849999999999965228e+00 4.001858611293165890e-02
1.949999999999964873e+00 3.546032057726671016e-02
2.049999999999964295e+00 3.140127695565186894e-02
2.149999999999963940e+00 2.801606735252728728e-02
2.249999999999963585e+00 2.473394494838893065e-02
2.349999999999963229e+00 2.180820413164200056e-02
2.449999999999962874e+00 1.958926317138665399e-02
2.549999999999962519e+00 1.759474967000938805e-02
2.649999999999962164e+00 1.582107446404215287e-02
2.749999999999961808e+00 1.406869682340099875e-02
2.849999999999961453e+00 1.264805843964783919e-02
2.949999999999961098e+00 1.114303980035383571e-02
3.049999999999960743e+00 9.906761521432626283e-03
3.149999999999960387e+00 9.204353851364036748e-03
3.249999999999960032e+00 8.084290451039834874e-03
3.349999999999959677e+00 7.392608374525593863e-03
3.449999999999959321e+00 6.555397590155784618e-03
3.549999999999958966e+00 5.843304764970086093e-03
3.649999999999958611e+00 5.461051872813782807e-03
3.749999999999958256e+00 4.877533496922484800e-03
3.849999999999957900e+00 4.364953470587576261e-03
3.949999999999957545e+00 4.043046007791083543e-03
4.049999999999957190e+00 3.592501250425459564e-03
4.149999999999956835e+00 3.183685755482217918e-03
4.249999999999956479e+00 2.930056192278439591e-03
4.349999999999956124e+00 2.586865129772539761e-03
4.449999999999955769e+00 2.358052467279796692e-03
4.549999999999955413e+00 2.216168785358713957e-03
4.649999999999955058e+00 2.015741238620151563e-03
4.749999999999954703e+00 1.750583058907110310e-03
4.849999999999954348e+00 1.600704061478392358e-03
4.949999999999953992e+00 1.527098279150022712e-03
5.049999999999953637e+00 1.291205049037417920e-03
5.149999999999953282e+00 1.167057700207508068e-03
5.249999999999952927e+00 1.078369051943337898e-03
5.349999999999952571e+00 9.409124704867447442e-04
5.449999999999952216e+00 7.990218057573582073e-04
5.549999999999951861e+00 8.132108722302968610e-04
5.649999999999951505e+00 6.890565405920836412e-04
5.749999999999951150e+00 6.420552579004742966e-04
5.849999999999950795e+00 6.092430416818036057e-04
5.949999999999950440e+00 5.489395091718143275e-04
6.049999999999950084e+00 4.842018933890317742e-04
6.149999999999949729e+00 3.884256946966958618e-04
6.249999999999949374e+00 3.955202279331651886e-04
6.349999999999949019e+00 3.210276289502372567e-04
6.449999999999948663e+00 2.899890460406839517e-04
6.549999999999948308e+00 2.642713630584826419e-04
6.649999999999947953e+00 2.624977297493653102e-04
6.749999999999947597e+00 2.163832637123146315e-04
6.849999999999947242e+00 1.977601139665826485e-04
6.949999999999946887e+00 1.658347144024706235e-04
7.049999999999946532e+00 1.560797312023252991e-04
7.149999999999946176e+00 1.277015982564479917e-04
7.249999999999945821e+00 1.108520818198333133e-04
7.349999999999945466e+00 9.134211541954266448e-05
7.449999999999945111e+00 9.134211541954263738e-05
7.549999999999944755e+00 9.400256538321866205e-05
7.649999999999944400e+00 8.158713221939731296e-05
7.749999999999944045e+00 7.360578232836932026e-05
7.849999999999943689e+00 4.434083272793332668e-05
7.949999999999943334e+00 5.054854930984398767e-05
