-7.950000000000000178e+00 0.000000000000000000e+00
-7.850000000000000533e+00 0.000000000000000000e+00
-7.750000000000000888e+00 0.000000000000000000e+00
-7.650000000000001243e+00 0.000000000000000000e+00
-7.550000000000001599e+00 0.000000000000000000e+00
-7.450000000000001954e+00 0.000000000000000000e+00
-7.350000000000002309e+00 0.000000000000000000e+00
-7.250000000000002665e+00 0.000000000000000000e+00
-7.150000000000003020e+00 0.000000000000000000e+00
-7.050000000000003375e+00 0.000000000000000000e+00
-6.950000000000003730e+00 0.000000000000000000e+00
-6.850000000000004086e+00 0.000000000000000000e+00
-6.750000000000004441e+00 0.000000000000000000e+00
-6.650000000000004796e+00 0.000000000000000000e+00
-6.550000000000005151e+00 0.000000000000000000e+00
-6.450000000000005507e+00 0.000000000000000000e+00
-6.350000000000005862e+00 0.000000000000000000e+00
-6.250000000000006217e+00 0.000000000000000000e+00
-6.150000000000006573e+00 0.000000000000000000e+00
-6.050000000000006928e+00 0.000000000000000000e+00
-5.950000000000007283e+00 0.000000000000000000e+00
-5.850000000000007638e+00 0.000000000000000000e+00
-5.750000000000007994e+00 0.000000000000000000e+00
-5.650000000000008349e+00 0.000000000000000000e+00
-5.550000000000008704e+00 0.000000000000000000e+00
-5.450000000000009059e+00 0.000000000000000000e+00
-5.350000000000009415e+00 0.000000000000000000e+00
-5.250000000000009770e+00 0.000000000000000000e+00
-5.150000000000010125e+00 0.000000000000000000e+00
-5.050000000000010481e+00 0.000000000000000000e+00
-4.950000000000010836e+00 0.000000000000000000e+00
-4.850000000000011191e+00 0.000000000000000000e+00
-4.750000000000011546e+00 0.000000000000000000e+00
-4.650000000000011902e+00 0.000000000000000000e+00
-4.550000000000012257e+00 0.000000000000000000e+00
-4.450000000000012612e+00 0.000000000000000000e+00
-4.350000000000012967e+00 0.000000000000000000e+00
-4.250000000000013323e+00 0.000000000000000000e+00
-4.150000000000013678e+00 0.000000000000000000e+00
-4.050000000000014033e+00 0.000000000000000000e+00
-3.950000000000014388e+00 5.411547283793616975e-05
-3.850000000000014744e+00 4.107453102289277368e-04
-3.750000000000015099e+00 4.657479219658472794e-04
-3.650000000000015454e+00 7.043882857921569948e-04
-3.550000000000015810e+00 7.851179255995684517e-04
-3.450000000000016165e+00 1.201186069222389893e-03
-3.350000000000016520e+00 2.243574275526907628e-03
-3.250000000000016875e+00 1.838151798691870561e-03
-3.150000000000017231e+00 3.432340400163548001e-03
-3.050000000000017586e+00 3.801390182140290674e-03
-2.950000000000017941e+00 4.401983216751484754e-03
-2.850000000000018296e+00 5.081531613372134576e-03
-2.750000000000018652e+00 8.962764296420882432e-03
-2.650000000000019007e+00 1.183798146802339871e-02
-2.550000000000019362e+00 1.311812289925524608e-02
-2.450000000000019718e+00 1.569614853969860530e-02
-2.350000000000020073e+00 2.074929170830333569e-02
-2.250000000000020428e+00 2.736646075581434037e-02
-2.150000000000020783e+00 3.710902014444094482e-02
-2.050000000000021139e+00 4.393555397211169888e-02
-1.950000000000021272e+00 4.897716433502954242e-02
-1.850000000000021627e+00 5.955452142759858070e-02
-1.750000000000021982e+00 7.576609766760503129e-02
-1.650000000000022338e+00 9.182331173918859002e-02
-1.550000000000022693e+00 1.076720481695110643e-01
-1.450000000000023048e+00 1.296544629473989629e-01
-1.350000000000023404e+00 1.555225461028307277e-01
-1.250000000000023759e+00 1.841380984284115840e-01
-1.150000000000024114e+00 2.119570000227069539e-01
-1.050000000000024469e+00 2.391531301099166507e-01
-9.500000000000248246e-01 2.701426661291742581e-01
-8.500000000000251799e-01 3.019297400186178315e-01
-7.500000000000255351e-01 3.232627691224511657e-01
-6.500000000000258904e-01 3.391390068586456197e-01
-5.500000000000262457e-01 3.600337893463810834e-01
-4.500000000000266565e-01 3.841426760651329153e-01
-3.500000000000270117e-01 3.946011565452391956e-01
-2.500000000000273670e-01 3.947155974632076680e-01
-1.500000000000277223e-01 4.089302240416065048e-01
-5.000000000002806366e-02 4.206732816474387793e-01
4.999999999997158107e-02 4.291356996048335537e-01
1.499999999999712119e-01 4.077875891397171881e-01
2.499999999999708566e-01 3.856117780818477669e-01
3.499999999999705014e-01 3.663094099177849894e-01
4.499999999999701461e-01 3.590455166129139508e-01
5.499999999999698463e-01 3.313641215479610769e-01
6.499999999999694911e-01 3.069376391033749041e-01
7.499999999999691358e-01 2.857545364734691007e-01
8.499999999999687805e-01 2.629568410474155127e-01
9.499999999999684253e-01 2.280284083166740361e-01
1.049999999999968070e+00 2.049947339434913807e-01
1.149999999999967715e+00 1.899692624114236172e-01
1.249999999999967359e+00 1.629292687704352871e-01
1.349999999999967004e+00 1.392932270848440957e-01
1.449999999999966649e+00 1.261413929074281792e-01
1.549999999999966294e+00 1.065631245457827475e-01
1.649999999999965938e+00 9.641070698582683562e-02
1.749999999999965583e+00 8.223688879678325847e-02
1.849999999999965228e+00 6.696922834529418778e-02
1.949999999999964873e+00 6.252643673918985290e-02
2.049999999999964295e+00 5.269605059956444099e-02
2.149999999999963940e+00 4.247177478879055057e-02
2.249999999999963585e+00 3.373256949491325318e-02
2.349999999999963229e+00 3.023546795512397495e-02
2.449999999999962874e+00 2.385250357694437134e-02
2.549999999999962519e+00 1.868048379587597396e-02
2.649999999999962164e+00 1.724864161291810374e-02
2.749999999999961808e+00 1.301255337027631444e-02
2.849999999999961453e+00 1.220969266669709452e-02
2.949999999999961098e+00 1.054808150890274368e-02
3.049999999999960743e+00 7.167195164880159342e-03
3.149999999999960387e+00 5.410660144894665138e-03
3.249999999999960032e+00 5.217263864916469804e-03
3.349999999999959677e+00 3.920266794603955926e-03
3.449999999999959321e+00 3.438550372456421894e-03
3.549999999999958966e+00 3.288623898528368963e-03
3.649999999999958611e+00 3.552991290425180568e-03
3.749999999999958256e+00 1.886944438135915560e-03
3.849999999999957900e+00 6.742255632267467932e-04
3.949999999999957545e+00 7.931021756904097679e-04
4.049999999999957190e+00 6.325300349745660664e-04
4.149999999999956835e+00 3.930025322492741572e-04
4.249999999999956479e+00 3.779211709665706285e-04
4.349999999999956124e+00 4.071967546329951127e-04
4.449999999999955769e+00 6.316428960755857700e-04
4.549999999999955413e+00 2.475117528161342555e-04
4.649999999999955058e+00 2.785616142805238862e-04
4.749999999999954703e+00 2.590445585029075453e-04
4.849999999999954348e+00 2.359789471293609656e-04
4.949999999999953992e+00 2.625931140988386515e-04
5.049999999999953637e+00 2.856587254723849060e-04
5.149999999999953282e+00 0.000000000000000000e+00
5.249999999999952927e+00 0.000000000000000000e+00
5.349999999999952571e+00 0.000000000000000000e+00
5.449999999999952216e+00 0.000000000000000000e+00
5.549999999999951861e+00 0.000000000000000000e+00
5.649999999999951505e+00 0.000000000000000000e+00
5.749999999999951150e+00 0.000000000000000000e+00
5.849999999999950795e+00 0.000000000000000000e+00
5.949999999999950440e+00 0.000000000000000000e+00
6.049999999999950084e+00 0.000000000000000000e+00
6.149999999999949729e+00 0.000000000000000000e+00
6.249999999999949374e+00 0.000000000000000000e+00
6.349999999999949019e+00 0.000000000000000000e+00
6.449999999999948663e+00 0.000000000000000000e+00
6.549999999999948308e+00 0.000000000000000000e+00
6.649999999999947953e+00 0.000000000000000000e+00
6.749999999999947597e+00 0.000000000000000000e+00
6.849999999999947242e+00 0.000000000000000000e+00
6.949999999999946887e+00 0.000000000000000000e+00
7.049999999999946532e+00 0.000000000000000000e+00
7.149999999999946176e+00 0.000000000000000000e+00
7.249999999999945821e+00 0.000000000000000000e+00
7.349999999999945466e+00 0.000000000000000000e+00
7.449999999999945111e+00 0.000000000000000000e+00
7.549999999999944755e+00 0.000000000000000000e+00
7.649999999999944400e+00 0.000000000000000000e+00
7.749999999999944045e+00 0.000000000000000000e+00
7.849999999999943689e+00 0.000000000000000000e+00
7.949999999999943334e+00 0.000000000000000000e+00
