-7.950000000000000178e+00 3.992125045421525496e-05
-7.850000000000000533e+00 4.879263944404087244e-05
-7.750000000000000888e+00 9.669813998909914450e-05
-7.650000000000001243e+00 1.144409179687503930e-04
-7.550000000000001599e+00 1.046823900799422362e-04
-7.450000000000001954e+00 8.871388989825613417e-05
-7.350000000000002309e+00 1.179894735646806319e-04
-7.250000000000002665e+00 1.410550849382272522e-04
-7.150000000000003020e+00 1.428293627361923446e-04
-7.050000000000003375e+00 1.685563908066866441e-04
-6.950000000000003730e+00 1.951705577761634355e-04
-6.850000000000004086e+00 2.537217251090124852e-04
-6.750000000000004441e+00 2.696902252906985872e-04
-6.650000000000004796e+00 3.628398096838673708e-04
-6.550000000000005151e+00 3.601783929869197595e-04
-6.450000000000005507e+00 3.796954487645361545e-04
-6.350000000000005862e+00 4.258266715116292597e-04
-6.250000000000006217e+00 4.222781159156990208e-04
-6.150000000000006573e+00 4.905878111373561867e-04
-6.050000000000006928e+00 4.905878111373561867e-04
-5.950000000000007283e+00 5.269605059956411486e-04
-5.850000000000007638e+00 6.050287291061065120e-04
-5.750000000000007994e+00 6.733384243277635694e-04
-5.650000000000008349e+00 7.398738417514555887e-04
-5.550000000000008704e+00 8.711703988008744808e-04
-5.450000000000009059e+00 8.418948151344499966e-04
-5.350000000000009415e+00 9.208501771438978249e-04
-5.250000000000009770e+00 1.049485317496369214e-03
-5.150000000000010125e+00 1.117795012718026055e-03
-5.050000000000010481e+00 1.394582349200584794e-03
-4.950000000000010836e+00 1.469989155614102438e-03
-4.850000000000011191e+00 1.668708268986195814e-03
-4.750000000000011546e+00 1.807996061472118927e-03
-4.650000000000011902e+00 1.996076493402082919e-03
-4.550000000000012257e+00 2.278186663278537315e-03
-4.450000000000012612e+00 2.340286386207316143e-03
-4.350000000000012967e+00 2.692501485140376578e-03
-4.250000000000013323e+00 3.135169825041352228e-03
-4.150000000000013678e+00 3.390721710713621821e-03
-4.050000000000014033e+00 3.774915722084022564e-03
-3.950000000000014388e+00 3.940796725502440992e-03
-3.850000000000014744e+00 4.406467808666015944e-03
-3.750000000000015099e+00 4.946784295566029194e-03
-3.650000000000015454e+00 5.431141178373528194e-03
-3.550000000000015810e+00 6.279245965800867371e-03
-3.450000000000016165e+00 6.985443456119299482e-03
-3.350000000000016520e+00 7.495555308379940607e-03
-3.250000000000016875e+00 8.181334633330452494e-03
-3.150000000000017231e+00 9.288463023223718362e-03
-3.050000000000017586e+00 1.044192521088825598e-02
-2.950000000000017941e+00 1.176560630162686721e-02
-2.850000000000018296e+00 1.318687965659922148e-02
-2.750000000000018652e+00 1.468796058575170226e-02
-2.650000000000019007e+00 1.626271595559370189e-02
-2.550000000000019362e+00 1.838296395347072815e-02
-2.450000000000019718e+00 2.077316761977358178e-02
-2.350000000000020073e+00 2.292382981265982805e-02
-2.250000000000020428e+00 2.521915851419117421e-02
-2.150000000000020783e+00 2.863381201914038179e-02
-2.050000000000021139e+00 3.227317012332164836e-02
-1.950000000000021272e+00 3.590580133963111598e-02
-1.850000000000021627e+00 4.091268056392118047e-02
-1.750000000000021982e+00 4.688286689628443082e-02
-1.650000000000022338e+00 5.290139182062372769e-02
-1.550000000000022693e+00 6.029971111739861056e-02
-1.450000000000023048e+00 6.993482890440833044e-02
-1.350000000000023404e+00 7.949573437911242046e-02
-1.250000000000023759e+00 9.073474341271720034e-02
-1.150000000000024114e+00 1.069101704889266063e-01
-1.050000000000024469e+00 1.237587962825507232e-01
-9.500000000000248246e-01 1.453767716065983984e-01
-8.500000000000251799e-01 1.707543577603864993e-01
-7.500000000000255351e-01 1.999779704550910531e-01
-6.500000000000258904e-01 2.388048617312818755e-01
-5.500000000000262457e-01 2.857703652667379357e-01
-4.500000000000266565e-01 3.474596781818805047e-01
-3.500000000000270117e-01 4.281256395782491175e-01
-2.500000000000273670e-01 5.341433553201492268e-01
-1.500000000000277223e-01 6.875555446745598154e-01
-5.000000000002806366e-02 9.265053174015935866e-01
4.999999999997158107e-02 9.316349012077691505e-01
1.499999999999712119e-01 7.002133472654283874e-01
2.499999999999708566e-01 5.462059366072189448e-01
3.499999999999705014e-01 4.365186092290797015e-01
4.499999999999701461e-01 3.541502701976378953e-01
5.499999999999698463e-01 2.921115013950976169e-01
6.499999999999694911e-01 2.432021018983294147e-01
7.499999999999691358e-01 2.035549075104429173e-01
8.499999999999687805e-01 1.717754266917327355e-01
9.499999999999684253e-01 1.446345437033590142e-01
1.049999999999968070e+00 1.242799938783757246e-01
1.149999999999967715e+00 1.074677407796099382e-01
1.249999999999967359e+00 9.107826874164767772e-02
1.349999999999967004e+00 7.921179404867277618e-02
1.449999999999966649e+00 6.919072892853186940e-02
1.549999999999966294e+00 5.948345950618663669e-02
1.649999999999965938e+00 5.155186495093837251e-02
1.749999999999965583e+00 4.479115403543373203e-02
1.849999999999965228e+00 3.995913896908248608e-02
1.949999999999964873e+00 3.523084231510991565e-02
2.049999999999964295e+00 3.075917329004146383e-02
2.149999999999963940e+00 2.783037153187126883e-02
2.249999999999963585e+00 2.417332653247564189e-02
2.349999999999963229e+00 2.152882834271954010e-02
2.449999999999962874e+00 1.917237786665199062e-02
2.549999999999962519e+00 1.683119735619999918e-02
2.649999999999962164e+00 1.533552308458934962e-02
2.749999999999961808e+00 1.391255229062130297e-02
2.849999999999961453e+00 1.208510902682815788e-02
2.949999999999961098e+00 1.058672444110092883e-02
3.049999999999960743e+00 9.660474591760850882e-03
3.149999999999960387e+00 8.523777233683386620e-03
3.249999999999960032e+00 7.543502720998965932e-03
3.349999999999959677e+00 7.064468671585361070e-03
3.449999999999959321e+00 6.501065617274815779e-03
3.549999999999958966e+00 5.859706105384384495e-03
3.649999999999958611e+00 5.300738745568750118e-03
3.749999999999958256e+00 4.875785242264776484e-03
3.849999999999957900e+00 4.305375886255968093e-03
3.949999999999957545e+00 4.007311186889147767e-03
4.049999999999957190e+00 3.739409210087736232e-03
4.149999999999956835e+00 3.285159167080357531e-03
4.249999999999956479e+00 3.081166117733997230e-03
4.349999999999956124e+00 2.617115634763842770e-03
4.449999999999955769e+00 2.269371157054001376e-03
4.549999999999955413e+00 2.065273327522722767e-03
4.649999999999955058e+00 1.901152631210949098e-03
4.749999999999954703e+00 1.627026711425337861e-03
4.849999999999954348e+00 1.493082708370294023e-03
4.949999999999953992e+00 1.382260199454086666e-03
5.049999999999953637e+00 1.250865847565410093e-03
5.149999999999953282e+00 1.140860624091572526e-03
5.249999999999952927e+00 9.811756222747119397e-04
5.349999999999952571e+00 9.208501771438978249e-04
5.449999999999952216e+00 8.241520371547987481e-04
5.549999999999951861e+00 7.647137309229673149e-04
5.649999999999951505e+00 7.585037586300893021e-04
5.749999999999951150e+00 5.846245344295075436e-04
5.849999999999950795e+00 5.340576171875016263e-04
5.949999999999950440e+00 4.932492278343039065e-04
6.049999999999950084e+00 4.834906999454957090e-04
6.149999999999949729e+00 4.329237827034897916e-04
6.249999999999949374e+00 4.267138104106117788e-04
6.349999999999949019e+00 2.971915311591579248e-04
6.449999999999948663e+00 3.158214480377916382e-04
6.549999999999948308e+00 3.211442814316870778e-04
6.649999999999947953e+00 2.759001975835764916e-04
6.749999999999947597e+00 2.271075581395356666e-04
6.849999999999947242e+00 1.933962799781983161e-04
6.949999999999946887e+00 1.756535019985471218e-04
7.049999999999946532e+00 1.499264739280528494e-04
7.149999999999946176e+00 1.446036405341574911e-04
7.249999999999945821e+00 1.738792242005819753e-04
7.349999999999945466e+00 1.295222792514539353e-04
7.449999999999945111e+00 1.162151957667155260e-04
7.549999999999944755e+00 1.188766124636632052e-04
7.649999999999944400e+00 1.286351403524713891e-04
7.749999999999944045e+00 1.179894735646806454e-04
7.849999999999943689e+00 1.250865847565410961e-04
7.949999999999943334e+00 1.011338344840119837e-04
