-7.950000000000000178e+00 5.941671585543065301e-05
-7.850000000000000533e+00 7.360578232836932026e-05
-7.750000000000000888e+00 1.002102819651292959e-04
-7.650000000000001243e+00 1.152861650926266426e-04
-7.550000000000001599e+00 9.045529876498397152e-05
-7.450000000000001954e+00 1.135125317835092838e-04
-7.350000000000002309e+00 1.285884149110066304e-04
-7.250000000000002665e+00 1.445511146930626429e-04
-7.150000000000003020e+00 1.401170314202693137e-04
-7.050000000000003375e+00 1.782501475662919455e-04
-6.950000000000003730e+00 1.614006311296772942e-04
-6.850000000000004086e+00 1.720424309843812845e-04
-6.750000000000004441e+00 1.880051307664372699e-04
-6.650000000000004796e+00 1.986469306211412602e-04
-6.550000000000005151e+00 2.385536800762812779e-04
-6.450000000000005507e+00 2.545163798583372633e-04
-6.350000000000005862e+00 2.926494960043598409e-04
-6.250000000000006217e+00 3.813311614602264807e-04
-6.150000000000006573e+00 4.682391936069757888e-04
-6.050000000000006928e+00 4.682391936069757888e-04
-5.950000000000007283e+00 5.241086428441716835e-04
-5.850000000000007638e+00 5.134668429894676932e-04
-5.750000000000007994e+00 5.187877429168197968e-04
-5.650000000000008349e+00 5.932803418997477287e-04
-5.550000000000008704e+00 6.535838744097370069e-04
-5.450000000000009059e+00 7.759645727388327866e-04
-5.350000000000009415e+00 9.364783872139513608e-04
-5.250000000000009770e+00 1.172371617326556370e-03
-5.150000000000010125e+00 1.234448783145663305e-03
-5.050000000000010481e+00 1.394075780966222942e-03
-4.950000000000010836e+00 1.519116929258994882e-03
-4.850000000000011191e+00 1.529758729113698873e-03
-4.750000000000011546e+00 1.669875760533968186e-03
-4.650000000000011902e+00 1.974940689702149241e-03
-4.550000000000012257e+00 2.105302737922273067e-03
-4.450000000000012612e+00 2.328780534871057080e-03
-4.350000000000012967e+00 2.466237116327650233e-03
-4.250000000000013323e+00 2.653355430439529108e-03
-4.150000000000013678e+00 2.978817142662559207e-03
-4.050000000000014033e+00 3.336211237258005294e-03
-3.950000000000014388e+00 3.685610016345815948e-03
-3.850000000000014744e+00 4.072276043350001214e-03
-3.750000000000015099e+00 4.690387251577391586e-03
-3.650000000000015454e+00 5.195886710292438836e-03
-3.550000000000015810e+00 5.869867367757024453e-03
-3.450000000000016165e+00 6.541208523682845964e-03
-3.350000000000016520e+00 7.225097786130256147e-03
-3.250000000000016875e+00 8.287434310208502755e-03
-3.150000000000017231e+00 9.301086694793968962e-03
-3.050000000000017586e+00 1.056043617235031054e-02
-2.950000000000017941e+00 1.181262128858714781e-02
-2.850000000000018296e+00 1.337350239431005054e-02
-2.750000000000018652e+00 1.471882420770047675e-02
-2.650000000000019007e+00 1.688454220306565001e-02
-2.550000000000019362e+00 1.888267978195247443e-02
-2.450000000000019718e+00 2.103888020959986810e-02
-2.350000000000020073e+00 2.389086162223574838e-02
-2.250000000000020428e+00 2.608303049545503821e-02
-2.150000000000020783e+00 2.929747552151479306e-02
-2.050000000000021139e+00 3.268681196434682079e-02
-1.950000000000021272e+00 3.706222568177339194e-02
-1.850000000000021627e+00 4.205974477377704551e-02
-1.750000000000021982e+00 4.730774418243957613e-02
-1.650000000000022338e+00 5.457183397013742887e-02
-1.550000000000022693e+00 6.232460861415507064e-02
-1.450000000000023048e+00 7.233565837760176642e-02
-1.350000000000023404e+00 8.325094690232455463e-02
-1.250000000000023759e+00 9.581283050469727169e-02
-1.150000000000024114e+00 1.123104971965092763e-01
-1.050000000000024469e+00 1.312548281929739602e-01
-9.500000000000248246e-01 1.518728754945399273e-01
-8.500000000000251799e-01 1.770488042773141757e-01
-7.500000000000255351e-01 2.086931667556314041e-01
-6.500000000000258904e-01 2.506301188453888273e-01
-5.500000000000262457e-01 2.976521684088903608e-01
-4.500000000000266565e-01 3.568485906279571518e-01
-3.500000000000270117e-01 4.310637207401357140e-01
-2.500000000000273670e-01 5.243479646331621336e-01
-1.500000000000277223e-01 6.644351934275838367e-01
-5.000000000002806366e-02 8.643295259412839826e-01
4.999999999997158107e-02 8.663015338514987729e-01
1.499999999999712119e-01 6.758162631973905210e-01
2.499999999999708566e-01 5.396220058946981091e-01
3.499999999999705014e-01 4.436416997156489295e-01
4.499999999999701461e-01 3.628857730654768132e-01
5.499999999999698463e-01 3.009253458355912736e-01
6.499999999999694911e-01 2.533737200903444231e-01
7.499999999999691358e-01 2.117439487206711768e-01
8.499999999999687805e-01 1.821847296127037108e-01
9.499999999999684253e-01 1.548133779680404554e-01
1.049999999999968070e+00 1.307277937534507273e-01
1.149999999999967715e+00 1.127271474023691794e-01
1.249999999999967359e+00 9.777344945456858949e-02
1.349999999999967004e+00 8.416574366975573818e-02
1.449999999999966649e+00 7.287146322435444912e-02
1.549999999999966294e+00 6.339336932187263074e-02
1.649999999999965938e+00 5.498238120154001068e-02
1.749999999999965583e+00 4.741407838728695784e-02
1.849999999999965228e+00 4.142117393722005020e-02
1.949999999999964873e+00 3.659727539087739845e-02
2.049999999999964295e+00 3.144936057363054149e-02
2.149999999999963940e+00 2.834102630255248140e-02
2.249999999999963585e+00 2.478647661525700333e-02
2.349999999999963229e+00 2.251343983907358112e-02
2.449999999999962874e+00 1.945202305698746220e-02
2.549999999999962519e+00 1.749107591512566798e-02
2.649999999999962164e+00 1.537143048894771061e-02
2.749999999999961808e+00 1.360225919433635973e-02
2.849999999999961453e+00 1.229063641381917746e-02
2.949999999999961098e+00 1.104640471624015671e-02
3.049999999999960743e+00 9.929839702876062241e-03
3.149999999999960387e+00 8.841708684924275488e-03
3.249999999999960032e+00 7.558436106119760522e-03
3.349999999999959677e+00 6.916380848219287093e-03
3.449999999999959321e+00 6.251233443258770103e-03
3.549999999999958966e+00 5.733283637338383067e-03
3.649999999999958611e+00 5.356386559150949807e-03
3.749999999999958256e+00 4.734735067113629223e-03
3.849999999999957900e+00 4.218621739777092539e-03
3.949999999999957545e+00 3.715796696642328836e-03
4.049999999999957190e+00 3.321163285363722042e-03
4.149999999999956835e+00 3.130497704633608720e-03
4.249999999999956479e+00 2.818422035928601788e-03
4.349999999999956124e+00 2.548780893284642059e-03
4.449999999999955769e+00 2.319989179216810395e-03
4.549999999999955413e+00 1.870352186930655455e-03
4.649999999999955058e+00 1.705411271991047299e-03
4.749999999999954703e+00 1.553821486527944386e-03
4.849999999999954348e+00 1.450846012474585160e-03
4.949999999999953992e+00 1.254866514625423320e-03
5.049999999999953637e+00 1.136982744843853185e-03
5.149999999999953282e+00 1.052651368961136751e-03
5.249999999999952927e+00 8.912507378314594563e-04
5.349999999999952571e+00 8.096636056120621976e-04
5.449999999999952216e+00 8.034558890301514824e-04
5.549999999999951861e+00 6.784147407373796509e-04
5.649999999999951505e+00 5.986012418270996154e-04
5.749999999999951150e+00 5.232218261896130719e-04
5.849999999999950795e+00 5.081459430621158065e-04
5.949999999999950440e+00 4.558237604431544668e-04
6.049999999999950084e+00 3.635948283690531636e-04
6.149999999999949729e+00 3.343298787686171903e-04
6.249999999999949374e+00 2.527427465492199316e-04
6.349999999999949019e+00 2.624977297493652018e-04
6.449999999999948663e+00 2.793472461859798531e-04
6.549999999999948308e+00 2.119491804395212480e-04
6.649999999999947953e+00 2.208173469851079337e-04
6.749999999999947597e+00 1.844578641482026336e-04
6.849999999999947242e+00 1.711556143298226186e-04
6.949999999999946887e+00 1.720424309843812574e-04
7.049999999999946532e+00 1.516456479295319427e-04
7.149999999999946176e+00 1.454379313476212817e-04
7.249999999999945821e+00 1.365697648020346231e-04
7.349999999999945466e+00 9.843664865601196422e-05
7.449999999999945111e+00 8.424758218307331053e-05
7.549999999999944755e+00 7.715304894660397013e-05
7.649999999999944400e+00 5.941671585543065301e-05
7.749999999999944045e+00 7.360578232836930670e-05
7.849999999999943689e+00 8.513439883763196283e-05
7.949999999999943334e+00 6.207716581910663702e-05
