-7.950000000000000178e+00 1.774277797965122607e-06
-7.850000000000000533e+00 0.000000000000000000e+00
-7.750000000000000888e+00 4.435694494912806200e-06
-7.650000000000001243e+00 3.548555595930245214e-06
-7.550000000000001599e+00 3.548555595930245214e-06
-7.450000000000001954e+00 3.548555595930245214e-06
-7.350000000000002309e+00 2.661416696947683805e-06
-7.250000000000002665e+00 2.661416696947683805e-06
-7.150000000000003020e+00 2.661416696947683805e-06
-7.050000000000003375e+00 3.548555595930245214e-06
-6.950000000000003730e+00 7.097111191860489582e-06
-6.850000000000004086e+00 7.097111191860490429e-06
-6.750000000000004441e+00 7.097111191860490429e-06
-6.650000000000004796e+00 5.322833393895367610e-06
-6.550000000000005151e+00 3.548555595930245214e-06
-6.450000000000005507e+00 1.064566678779073522e-05
-6.350000000000005862e+00 2.661416696947683805e-06
-6.250000000000006217e+00 5.322833393895367610e-06
-6.150000000000006573e+00 1.330708348473841945e-05
-6.050000000000006928e+00 7.984250090843050991e-06
-5.950000000000007283e+00 1.685563908066866509e-05
-5.850000000000007638e+00 1.153280568677329663e-05
-5.750000000000007994e+00 1.596850018168610198e-05
-5.650000000000008349e+00 1.774277797965122480e-05
-5.550000000000008704e+00 2.483988917151171608e-05
-5.450000000000009059e+00 2.927558366642451804e-05
-5.350000000000009415e+00 1.862991687863378790e-05
-5.250000000000009770e+00 3.193700036337220396e-05
-5.150000000000010125e+00 3.459841706031988311e-05
-5.050000000000010481e+00 4.346980605014550737e-05
-4.950000000000010836e+00 3.104986146438964425e-05
-4.850000000000011191e+00 4.080838935319782145e-05
-4.750000000000011546e+00 5.145405614098855159e-05
-4.650000000000011902e+00 6.121258402979672878e-05
-4.550000000000012257e+00 8.516533430232588176e-05
-4.450000000000012612e+00 1.037952511809596629e-04
-4.350000000000012967e+00 1.224251680595934576e-04
-4.250000000000013323e+00 1.366193904433144401e-04
-4.150000000000013678e+00 1.765406408975296951e-04
-4.050000000000014033e+00 2.377532249273264103e-04
-3.950000000000014388e+00 3.273542537245650906e-04
-3.850000000000014744e+00 4.063096157340130273e-04
-3.750000000000015099e+00 5.322833393895365882e-04
-3.650000000000015454e+00 6.830969522165718753e-04
-3.550000000000015810e+00 9.483514830123571625e-04
-3.450000000000016165e+00 1.271270042242009062e-03
-3.350000000000016520e+00 1.761857853379364489e-03
-3.250000000000016875e+00 2.318100928387090316e-03
-3.150000000000017231e+00 3.113864520774447045e-03
-3.050000000000017586e+00 4.329237827034898567e-03
-2.950000000000017941e+00 5.470098451126486488e-03
-2.850000000000018296e+00 7.160098053688286612e-03
-2.750000000000018652e+00 9.599737011236021342e-03
-2.650000000000019007e+00 1.227978362506237410e-02
-2.550000000000019362e+00 1.602438993232215003e-02
-2.450000000000019718e+00 2.056210540061800818e-02
-2.350000000000020073e+00 2.532426701035645628e-02
-2.250000000000020428e+00 3.199643866960438093e-02
-2.150000000000020783e+00 3.921686216842354411e-02
-2.050000000000021139e+00 4.838900521569568236e-02
-1.950000000000021272e+00 5.948979521470159487e-02
-1.850000000000021627e+00 7.148388518756232379e-02
-1.750000000000021982e+00 8.512454686900840228e-02
-1.650000000000022338e+00 1.007843296991933479e-01
-1.550000000000022693e+00 1.183213682930822075e-01
-1.450000000000023048e+00 1.365991189702016328e-01
-1.350000000000023404e+00 1.580546151541681044e-01
-1.250000000000023759e+00 1.807086150346234321e-01
-1.150000000000024114e+00 2.044148734148028557e-01
-1.050000000000024469e+00 2.276651703422882811e-01
-9.500000000000248246e-01 2.518903700516446076e-01
-8.500000000000251799e-01 2.768049185975829385e-01
-7.500000000000255351e-01 3.013113972206815094e-01
-6.500000000000258904e-01 3.232069981226923239e-01
-5.500000000000262457e-01 3.440236844459358956e-01
-4.500000000000266565e-01 3.622146142618328790e-01
-3.500000000000270117e-01 3.777832313457941127e-01
-2.500000000000273670e-01 3.897444552673201001e-01
-1.500000000000277223e-01 3.978583324175996028e-01
-5.000000000002806366e-02 4.023339341922759216e-01
4.999999999997158107e-02 4.023668211996491717e-01
1.499999999999712119e-01 3.973979911531758669e-01
2.499999999999708566e-01 3.892842606951549822e-01
3.499999999999705014e-01 3.769075134869676602e-01
4.499999999999701461e-01 3.618154646254018170e-01
5.499999999999698463e-01 3.434968846028906286e-01
6.499999999999694911e-01 3.215471053599304740e-01
7.499999999999691358e-01 3.004294414481796238e-01
8.499999999999687805e-01 2.756133373786449070e-01
9.499999999999684253e-01 2.514317471822531402e-01
1.049999999999968070e+00 2.277538982028778913e-01
1.149999999999967715e+00 2.040768874649819264e-01
1.249999999999967359e+00 1.805118168913081300e-01
1.349999999999967004e+00 1.580875021615414100e-01
1.449999999999966649e+00 1.372325291587295215e-01
1.549999999999966294e+00 1.181199877630131484e-01
1.649999999999965938e+00 1.007506184210320566e-01
1.749999999999965583e+00 8.576152656916918859e-02
1.849999999999965228e+00 7.137033839383824518e-02
1.949999999999964873e+00 5.925380928222656607e-02
2.049999999999964295e+00 4.862941985731995820e-02
2.149999999999963940e+00 3.990883749497560473e-02
2.249999999999963585e+00 3.219693206077443859e-02
2.349999999999963229e+00 2.535621099606548759e-02
2.449999999999962874e+00 2.000941786655186655e-02
2.549999999999962519e+00 1.590994901435340003e-02
2.649999999999962164e+00 1.217776265167937882e-02
2.749999999999961808e+00 9.568680164425970650e-03
2.849999999999961453e+00 7.219536359920119238e-03
2.949999999999961098e+00 5.552602368731866453e-03
3.049999999999960743e+00 4.227223838997564570e-03
3.149999999999960387e+00 3.140478687743923809e-03
3.249999999999960032e+00 2.364225165788522848e-03
3.349999999999959677e+00 1.805327659429509929e-03
3.449999999999959321e+00 1.320949820585032297e-03
3.549999999999958966e+00 1.033516817314682895e-03
3.649999999999958611e+00 7.088239802870660664e-04
3.749999999999958256e+00 5.535746729651181298e-04
3.849999999999957900e+00 4.169552825218037981e-04
3.949999999999957545e+00 3.335642260174429951e-04
4.049999999999957190e+00 2.634802529978206827e-04
4.149999999999956835e+00 2.084776412609018990e-04
4.249999999999956479e+00 1.437165016351749178e-04
4.349999999999956124e+00 1.179894735646806454e-04
4.449999999999955769e+00 8.427819540334332204e-05
4.549999999999955413e+00 7.629394531250027105e-05
4.649999999999955058e+00 6.830969522165722006e-05
4.749999999999954703e+00 4.879263944404087244e-05
4.849999999999954348e+00 4.435694494912806709e-05
4.949999999999953992e+00 3.725983375726756903e-05
5.049999999999953637e+00 3.016272256540708453e-05
5.149999999999953282e+00 3.282413926235477046e-05
5.249999999999952927e+00 3.016272256540708453e-05
5.349999999999952571e+00 3.903411155523269524e-05
5.449999999999952216e+00 2.129133357558147044e-05
5.549999999999951861e+00 1.862991687863378790e-05
5.649999999999951505e+00 1.508136128270354227e-05
5.749999999999951150e+00 1.508136128270354057e-05
5.849999999999950795e+00 1.774277797965122480e-05
5.949999999999950440e+00 1.862991687863378790e-05
6.049999999999950084e+00 9.758527888808173810e-06
6.149999999999949729e+00 6.209972292877929019e-06
6.249999999999949374e+00 7.097111191860490429e-06
6.349999999999949019e+00 1.153280568677329663e-05
6.449999999999948663e+00 7.097111191860489582e-06
6.549999999999948308e+00 3.548555595930245214e-06
6.649999999999947953e+00 5.322833393895367610e-06
6.749999999999947597e+00 7.984250090843050991e-06
6.849999999999947242e+00 7.097111191860490429e-06
6.949999999999946887e+00 6.209972292877929019e-06
7.049999999999946532e+00 4.435694494912806200e-06
7.149999999999946176e+00 1.774277797965122607e-06
7.249999999999945821e+00 1.774277797965122607e-06
7.349999999999945466e+00 3.548555595930245214e-06
7.449999999999945111e+00 3.548555595930245214e-06
7.549999999999944755e+00 4.435694494912806200e-06
7.649999999999944400e+00 1.774277797965122607e-06
7.749999999999944045e+00 4.435694494912806200e-06
7.849999999999943689e+00 2.661416696947683805e-06
7.949999999999943334e+00 1.774277797965122607e-06
