-7.950000000000000178e+00 0.000000000000000000e+00
-7.850000000000000533e+00 0.000000000000000000e+00
-7.750000000000000888e+00 0.000000000000000000e+00
-7.650000000000001243e+00 0.000000000000000000e+00
-7.550000000000001599e+00 0.000000000000000000e+00
-7.450000000000001954e+00 0.000000000000000000e+00
-7.350000000000002309e+00 0.000000000000000000e+00
-7.250000000000002665e+00 0.000000000000000000e+00
-7.150000000000003020e+00 0.000000000000000000e+00
-7.050000000000003375e+00 0.000000000000000000e+00
-6.950000000000003730e+00 0.000000000000000000e+00
-6.850000000000004086e+00 0.000000000000000000e+00
-6.750000000000004441e+00 0.000000000000000000e+00
-6.650000000000004796e+00 0.000000000000000000e+00
-6.550000000000005151e+00 0.000000000000000000e+00
-6.450000000000005507e+00 0.000000000000000000e+00
-6.350000000000005862e+00 0.000000000000000000e+00
-6.250000000000006217e+00 0.000000000000000000e+00
-6.150000000000006573e+00 0.000000000000000000e+00
-6.050000000000006928e+00 0.000000000000000000e+00
-5.950000000000007283e+00 0.000000000000000000e+00
-5.850000000000007638e+00 0.000000000000000000e+00
-5.750000000000007994e+00 0.000000000000000000e+00
-5.650000000000008349e+00 0.000000000000000000e+00
-5.550000000000008704e+00 0.000000000000000000e+00
-5.450000000000009059e+00 0.000000000000000000e+00
-5.350000000000009415e+00 0.000000000000000000e+00
-5.250000000000009770e+00 0.000000000000000000e+00
-5.150000000000010125e+00 0.000000000000000000e+00
-5.050000000000010481e+00 0.000000000000000000e+00
-4.950000000000010836e+00 0.000000000000000000e+00
-4.850000000000011191e+00 0.000000000000000000e+00
-4.750000000000011546e+00 2.661416696947683805e-06
-4.650000000000011902e+00 6.209972292877929019e-06
-4.550000000000012257e+00 9.758527888808173810e-06
-4.450000000000012612e+00 3.104986146438964425e-05
-4.350000000000012967e+00 3.992125045421525496e-05
-4.250000000000013323e+00 3.637269485828501609e-05
-4.150000000000013678e+00 5.855116733284904964e-05
-4.050000000000014033e+00 1.401679460392446790e-04
-3.950000000000014388e+00 2.342046693313961443e-04
-3.850000000000014744e+00 2.812230309774718770e-04
-3.750000000000015099e+00 3.796954487645361545e-04
-3.650000000000015454e+00 5.810759788335772506e-04
-3.550000000000015810e+00 7.673751476199149263e-04
-3.450000000000016165e+00 1.053921011991281863e-03
-3.350000000000016520e+00 1.457569211028346412e-03
-3.250000000000016875e+00 2.049290856649713458e-03
-3.150000000000017231e+00 2.696902252906982836e-03
-3.050000000000017586e+00 3.881232683048704488e-03
-2.950000000000017941e+00 5.314849143804537684e-03
-2.850000000000018296e+00 7.088239802870698394e-03
-2.750000000000018652e+00 9.729252305141815327e-03
-2.650000000000019007e+00 1.264705214389549859e-02
-2.550000000000019362e+00 1.578042673510194130e-02
-2.450000000000019718e+00 2.025160678597410710e-02
-2.350000000000020073e+00 2.559395723564716202e-02
-2.250000000000020428e+00 3.250033356422648428e-02
-2.150000000000020783e+00 4.010932390080000631e-02
-2.050000000000021139e+00 4.914660786473547260e-02
-1.950000000000021272e+00 6.029971810274428745e-02
-1.850000000000021627e+00 7.303548413653704330e-02
-1.750000000000021982e+00 8.758988491324379289e-02
-1.650000000000022338e+00 1.031423169513062121e-01
-1.550000000000022693e+00 1.197885912518143747e-01
-1.450000000000023048e+00 1.397075209506687676e-01
-1.350000000000023404e+00 1.617875210074451175e-01
-1.250000000000023759e+00 1.841505183729971740e-01
-1.150000000000024114e+00 2.057789647301920266e-01
-1.050000000000024469e+00 2.314181660496872905e-01
-9.500000000000248246e-01 2.537980190543202008e-01
-8.500000000000251799e-01 2.764715150345156136e-01
-7.500000000000255351e-01 2.984903025072626614e-01
-6.500000000000258904e-01 3.228502495344251488e-01
-5.500000000000262457e-01 3.436297039652941310e-01
-4.500000000000266565e-01 3.603123509606616093e-01
-3.500000000000270117e-01 3.751870088799030833e-01
-2.500000000000273670e-01 3.842074372047584729e-01
-1.500000000000277223e-01 3.916540811228183538e-01
-5.000000000002806366e-02 3.964295498160417264e-01
4.999999999997158107e-02 3.953330461368991244e-01
1.499999999999712119e-01 3.928845427757071129e-01
2.499999999999708566e-01 3.852116784384067016e-01
3.499999999999705014e-01 3.746139171511605470e-01
4.499999999999701461e-01 3.588698631109162873e-01
5.499999999999698463e-01 3.430610479310464700e-01
6.499999999999694911e-01 3.220873100813000933e-01
7.499999999999691358e-01 3.008846903956165497e-01
8.499999999999687805e-01 2.763207014216887969e-01
9.499999999999684253e-01 2.532462186591531439e-01
1.049999999999968070e+00 2.306117567905119903e-01
1.149999999999967715e+00 2.059288912041200570e-01
1.249999999999967359e+00 1.822609125181642864e-01
1.349999999999967004e+00 1.596122564271398314e-01
1.449999999999966649e+00 1.405760299327726837e-01
1.549999999999966294e+00 1.212257562681660628e-01
1.649999999999965938e+00 1.032860334529413504e-01
1.749999999999965583e+00 8.737342302189203547e-02
1.849999999999965228e+00 7.268151571584299808e-02
1.949999999999964873e+00 6.039464196493544990e-02
2.049999999999964295e+00 4.974986231604362069e-02
2.149999999999963940e+00 4.053248915561469268e-02
2.249999999999963585e+00 3.256065900935729840e-02
2.349999999999963229e+00 2.562500709711154623e-02
2.449999999999962874e+00 2.020813697992396296e-02
2.549999999999962519e+00 1.580171806867752132e-02
2.649999999999962164e+00 1.222033833348487933e-02
2.749999999999961808e+00 9.397462356922334226e-03
2.849999999999961453e+00 7.095336914062558981e-03
2.949999999999961098e+00 5.305090615915728294e-03
3.049999999999960743e+00 3.883006960846670068e-03
3.149999999999960387e+00 2.845054449037070186e-03
3.249999999999960032e+00 2.070582190225295216e-03
3.349999999999959677e+00 1.367081043332125457e-03
3.449999999999959321e+00 9.572228720021826783e-04
3.549999999999958966e+00 7.079368413880834932e-04
3.649999999999958611e+00 5.163148392078504862e-04
3.749999999999958256e+00 3.149343091388091733e-04
3.849999999999957900e+00 2.120261968568321379e-04
3.949999999999957545e+00 2.075905023619193258e-04
4.049999999999957190e+00 1.073438067768899017e-04
4.149999999999956835e+00 9.847241778706429104e-05
4.249999999999956479e+00 6.564827852470952736e-05
4.349999999999956124e+00 2.483988917151171269e-05
4.449999999999955769e+00 2.661416696947683890e-05
4.549999999999955413e+00 3.637269485828501609e-05
4.649999999999955058e+00 8.871388989825613036e-07
4.749999999999954703e+00 0.000000000000000000e+00
4.849999999999954348e+00 0.000000000000000000e+00
4.949999999999953992e+00 0.000000000000000000e+00
5.049999999999953637e+00 0.000000000000000000e+00
5.149999999999953282e+00 0.000000000000000000e+00
5.249999999999952927e+00 0.000000000000000000e+00
5.349999999999952571e+00 0.000000000000000000e+00
5.449999999999952216e+00 0.000000000000000000e+00
5.549999999999951861e+00 0.000000000000000000e+00
5.649999999999951505e+00 0.000000000000000000e+00
5.749999999999951150e+00 0.000000000000000000e+00
5.849999999999950795e+00 0.000000000000000000e+00
5.949999999999950440e+00 0.000000000000000000e+00
6.049999999999950084e+00 0.000000000000000000e+00
6.149999999999949729e+00 0.000000000000000000e+00
6.249999999999949374e+00 0.000000000000000000e+00
6.349999999999949019e+00 0.000000000000000000e+00
6.449999999999948663e+00 0.000000000000000000e+00
6.549999999999948308e+00 0.000000000000000000e+00
6.649999999999947953e+00 0.000000000000000000e+00
6.749999999999947597e+00 0.000000000000000000e+00
6.849999999999947242e+00 0.000000000000000000e+00
6.949999999999946887e+00 0.000000000000000000e+00
7.049999999999946532e+00 0.000000000000000000e+00
7.149999999999946176e+00 0.000000000000000000e+00
7.249999999999945821e+00 0.000000000000000000e+00
7.349999999999945466e+00 0.000000000000000000e+00
7.449999999999945111e+00 0.000000000000000000e+00
7.549999999999944755e+00 0.000000000000000000e+00
7.649999999999944400e+00 0.000000000000000000e+00
7.749999999999944045e+00 0.000000000000000000e+00
7.849999999999943689e+00 0.000000000000000000e+00
7.949999999999943334e+00 0.000000000000000000e+00
