-7.950000000000000178e+00 0.000000000000000000e+00
-7.850000000000000533e+00 0.000000000000000000e+00
-7.750000000000000888e+00 0.000000000000000000e+00
-7.650000000000001243e+00 0.000000000000000000e+00
-7.550000000000001599e+00 0.000000000000000000e+00
-7.450000000000001954e+00 0.000000000000000000e+00
-7.350000000000002309e+00 0.000000000000000000e+00
-7.250000000000002665e+00 0.000000000000000000e+00
-7.150000000000003020e+00 0.000000000000000000e+00
-7.050000000000003375e+00 0.000000000000000000e+00
-6.950000000000003730e+00 0.000000000000000000e+00
-6.850000000000004086e+00 0.000000000000000000e+00
-6.750000000000004441e+00 0.000000000000000000e+00
-6.650000000000004796e+00 0.000000000000000000e+00
-6.550000000000005151e+00 0.000000000000000000e+00
-6.450000000000005507e+00 0.000000000000000000e+00
-6.350000000000005862e+00 0.000000000000000000e+00
-6.250000000000006217e+00 0.000000000000000000e+00
-6.150000000000006573e+00 0.000000000000000000e+00
-6.050000000000006928e+00 0.000000000000000000e+00
-5.950000000000007283e+00 0.000000000000000000e+00
-5.850000000000007638e+00 0.000000000000000000e+00
-5.750000000000007994e+00 6.919683412063968491e-05
-5.650000000000008349e+00 2.217847247456401999e-05
-5.550000000000008704e+00 1.419422238372098086e-05
-5.450000000000009059e+00 9.758527888808173810e-06
-5.350000000000009415e+00 9.758527888808173810e-06
-5.250000000000009770e+00 7.097111191860490429e-06
-5.150000000000010125e+00 6.209972292877929019e-06
-5.050000000000010481e+00 5.322833393895367610e-06
-4.950000000000010836e+00 5.322833393895367610e-06
-4.850000000000011191e+00 5.322833393895367610e-06
-4.750000000000011546e+00 7.451966751453508386e-05
-4.650000000000011902e+00 1.073438067768898611e-04
-4.550000000000012257e+00 3.158214480377916382e-04
-4.450000000000012612e+00 5.127662836119198679e-04
-4.350000000000012967e+00 6.422885628633741555e-04
-4.250000000000013323e+00 8.197163426598857734e-04
-4.150000000000013678e+00 9.660942609920080857e-04
-4.050000000000014033e+00 1.159490540970206348e-03
-3.950000000000014388e+00 1.257075819858287889e-03
-3.850000000000014744e+00 1.373291015625003469e-03
-3.750000000000015099e+00 1.631448435228928170e-03
-3.650000000000015454e+00 2.406807832939686798e-03
-3.550000000000015810e+00 2.799810365188963070e-03
-3.450000000000016165e+00 3.020707951035620994e-03
-3.350000000000016520e+00 4.234313964843772551e-03
-3.250000000000016875e+00 4.260040992914264357e-03
-3.150000000000017231e+00 5.610266397165736101e-03
-3.050000000000017586e+00 7.038560024527674291e-03
-2.950000000000017941e+00 8.080948230832198098e-03
-2.850000000000018296e+00 1.029613406159168160e-02
-2.750000000000018652e+00 1.197193944176976055e-02
-2.650000000000019007e+00 1.527741897937882377e-02
-2.550000000000019362e+00 1.787496167559979310e-02
-2.450000000000019718e+00 2.190612083257660256e-02
-2.350000000000020073e+00 2.516990484193348809e-02
-2.250000000000020428e+00 2.932881200036379504e-02
-2.150000000000020783e+00 3.654657408248599554e-02
-2.050000000000021139e+00 4.265896109647591972e-02
-1.950000000000021272e+00 5.109121633130524892e-02
-1.850000000000021627e+00 6.360697191815092855e-02
-1.750000000000021982e+00 7.383834484011614352e-02
-1.650000000000022338e+00 8.783296097156492732e-02
-1.550000000000022693e+00 1.030917500340641918e-01
-1.450000000000023048e+00 1.180400404819197946e-01
-1.350000000000023404e+00 1.394192008084998435e-01
-1.250000000000023759e+00 1.597018574559374848e-01
-1.150000000000024114e+00 1.843031062636223405e-01
-1.050000000000024469e+00 2.092139665470529319e-01
-9.500000000000248246e-01 2.416770402775217375e-01
-8.500000000000251799e-01 2.663705515307007721e-01
-7.500000000000255351e-01 2.971879826035566108e-01
-6.500000000000258904e-01 3.303572188976155455e-01
-5.500000000000262457e-01 3.555404308230353250e-01
-4.500000000000266565e-01 3.804628239121534694e-01
-3.500000000000270117e-01 4.046630859374985567e-01
-2.500000000000273670e-01 4.142486217410057403e-01
-1.500000000000277223e-01 4.270766502202944515e-01
-5.000000000002806366e-02 4.319834154705670670e-01
4.999999999997158107e-02 4.344798243323040321e-01
1.499999999999712119e-01 4.313544339911891123e-01
2.499999999999708566e-01 4.175230514171506813e-01
3.499999999999705014e-01 4.009814595067211496e-01
4.499999999999701461e-01 3.804601624954557781e-01
5.499999999999698463e-01 3.568489606990329355e-01
6.499999999999694911e-01 3.271014191383497249e-01
7.499999999999691358e-01 2.939454899277752498e-01
8.499999999999687805e-01 2.660547300826627826e-01
9.499999999999684253e-01 2.370417395303378860e-01
1.049999999999968070e+00 2.108924333439277932e-01
1.149999999999967715e+00 1.896667480468709477e-01
1.249999999999967359e+00 1.631909747456356807e-01
1.349999999999967004e+00 1.405653842659850272e-01
1.449999999999966649e+00 1.194310742755243099e-01
1.549999999999966294e+00 1.020475875499619600e-01
1.649999999999965938e+00 8.433763370957389482e-02
1.749999999999965583e+00 7.239230843477473254e-02
1.849999999999965228e+00 6.289193796557104865e-02
1.949999999999964873e+00 5.247604015261703170e-02
2.049999999999964295e+00 4.345295041106531780e-02
2.149999999999963940e+00 3.591493118641040511e-02
2.249999999999963585e+00 3.019377242687180246e-02
2.349999999999963229e+00 2.597276554551271321e-02
2.449999999999962874e+00 2.222282941951338187e-02
2.549999999999962519e+00 1.742961794831054609e-02
2.649999999999962164e+00 1.508934553279452084e-02
2.749999999999961808e+00 1.271536183911715565e-02
2.849999999999961453e+00 9.966118391170161739e-03
2.949999999999961098e+00 8.949457212936134942e-03
3.049999999999960743e+00 6.986218829487703987e-03
3.149999999999960387e+00 5.433725756268202069e-03
3.249999999999960032e+00 4.466744356377205447e-03
3.349999999999959677e+00 3.730419070221673537e-03
3.449999999999959321e+00 3.231847008993473432e-03
3.549999999999958966e+00 2.282608387082127842e-03
3.649999999999958611e+00 2.240025719930966493e-03
3.749999999999958256e+00 1.778713492460033815e-03
3.849999999999957900e+00 1.403453738190410093e-03
3.949999999999957545e+00 1.198524652525438921e-03
4.049999999999957190e+00 8.818160655886650347e-04
4.149999999999956835e+00 7.310024527616297476e-04
4.249999999999956479e+00 6.094644236010190530e-04
4.349999999999956124e+00 3.930025322492743741e-04
4.449999999999955769e+00 4.728450331577046671e-04
4.549999999999955413e+00 4.595379496729663392e-04
4.649999999999955058e+00 4.621993663699139505e-04
4.749999999999954703e+00 3.734854764716578164e-04
4.849999999999954348e+00 7.008397301962225817e-05
4.949999999999953992e+00 0.000000000000000000e+00
5.049999999999953637e+00 0.000000000000000000e+00
5.149999999999953282e+00 0.000000000000000000e+00
5.249999999999952927e+00 0.000000000000000000e+00
5.349999999999952571e+00 0.000000000000000000e+00
5.449999999999952216e+00 0.000000000000000000e+00
5.549999999999951861e+00 0.000000000000000000e+00
5.649999999999951505e+00 0.000000000000000000e+00
5.749999999999951150e+00 0.000000000000000000e+00
5.849999999999950795e+00 0.000000000000000000e+00
5.949999999999950440e+00 0.000000000000000000e+00
6.049999999999950084e+00 0.000000000000000000e+00
6.149999999999949729e+00 0.000000000000000000e+00
6.249999999999949374e+00 0.000000000000000000e+00
6.349999999999949019e+00 0.000000000000000000e+00
6.449999999999948663e+00 0.000000000000000000e+00
6.549999999999948308e+00 0.000000000000000000e+00
6.649999999999947953e+00 0.000000000000000000e+00
6.749999999999947597e+00 0.000000000000000000e+00
6.849999999999947242e+00 0.000000000000000000e+00
6.949999999999946887e+00 0.000000000000000000e+00
7.049999999999946532e+00 0.000000000000000000e+00
7.149999999999946176e+00 0.000000000000000000e+00
7.249999999999945821e+00 0.000000000000000000e+00
7.349999999999945466e+00 0.000000000000000000e+00
7.449999999999945111e+00 0.000000000000000000e+00
7.549999999999944755e+00 0.000000000000000000e+00
7.649999999999944400e+00 0.000000000000000000e+00
7.749999999999944045e+00 0.000000000000000000e+00
7.849999999999943689e+00 0.000000000000000000e+00
7.949999999999943334e+00 0.000000000000000000e+00
