-7.950000000000000178e+00 0.000000000000000000e+00
-7.850000000000000533e+00 0.000000000000000000e+00
-7.750000000000000888e+00 0.000000000000000000e+00
-7.650000000000001243e+00 0.000000000000000000e+00
-7.550000000000001599e+00 0.000000000000000000e+00
-7.450000000000001954e+00 0.000000000000000000e+00
-7.350000000000002309e+00 0.000000000000000000e+00
-7.250000000000002665e+00 0.000000000000000000e+00
-7.150000000000003020e+00 0.000000000000000000e+00
-7.050000000000003375e+00 0.000000000000000000e+00
-6.950000000000003730e+00 0.000000000000000000e+00
-6.850000000000004086e+00 0.000000000000000000e+00
-6.750000000000004441e+00 0.000000000000000000e+00
-6.650000000000004796e+00 0.000000000000000000e+00
-6.550000000000005151e+00 0.000000000000000000e+00
-6.450000000000005507e+00 0.000000000000000000e+00
-6.350000000000005862e+00 0.000000000000000000e+00
-6.250000000000006217e+00 0.000000000000000000e+00
-6.150000000000006573e+00 0.000000000000000000e+00
-6.050000000000006928e+00 0.000000000000000000e+00
-5.950000000000007283e+00 0.000000000000000000e+00
-5.850000000000007638e+00 0.000000000000000000e+00
-5.750000000000007994e+00 0.000000000000000000e+00
-5.650000000000008349e+00 0.000000000000000000e+00
-5.550000000000008704e+00 0.000000000000000000e+00
-5.450000000000009059e+00 0.000000000000000000e+00
-5.350000000000009415e+00 0.000000000000000000e+00
-5.250000000000009770e+00 0.000000000000000000e+00
-5.150000000000010125e+00 0.000000000000000000e+00
-5.050000000000010481e+00 0.000000000000000000e+00
-4.950000000000010836e+00 0.000000000000000000e+00
-4.850000000000011191e+00 0.000000000000000000e+00
-4.750000000000011546e+00 0.000000000000000000e+00
-4.650000000000011902e+00 1.233123069585758411e-04
-4.550000000000012257e+00 2.306561137354656344e-04
-4.450000000000012612e+00 2.670288085937506505e-04
-4.350000000000012967e+00 2.696902252906985872e-04
-4.250000000000013323e+00 2.475117528161343097e-04
-4.150000000000013678e+00 2.936429755632274691e-04
-4.050000000000014033e+00 6.981783134992764882e-04
-3.950000000000014388e+00 6.786612577216584669e-04
-3.850000000000014744e+00 8.489919263263112333e-04
-3.750000000000015099e+00 1.228687375090848147e-03
-3.650000000000015454e+00 1.115133596021079202e-03
-3.550000000000015810e+00 1.534750295239831371e-03
-3.450000000000016165e+00 2.154860385628644230e-03
-3.350000000000016520e+00 2.791826115098122729e-03
-3.250000000000016875e+00 2.803358920784899434e-03
-3.150000000000017231e+00 3.705579181050169292e-03
-3.050000000000017586e+00 5.542843840843064002e-03
-2.950000000000017941e+00 6.682817326035666965e-03
-2.850000000000018296e+00 9.752317916515367002e-03
-2.750000000000018652e+00 9.912890057231211680e-03
-2.650000000000019007e+00 1.262398653252195038e-02
-2.550000000000019362e+00 1.762656278388467779e-02
-2.450000000000019718e+00 2.168522324672994550e-02
-2.350000000000020073e+00 2.545733784520384096e-02
-2.250000000000020428e+00 3.132664880087254744e-02
-2.150000000000020783e+00 4.029651020848530607e-02
-2.050000000000021139e+00 4.699440889580368957e-02
-1.950000000000021272e+00 5.509930987690833670e-02
-1.850000000000021627e+00 6.542028382767114958e-02
-1.750000000000021982e+00 7.972362429596607791e-02
-1.650000000000022338e+00 9.584027667378108850e-02
-1.550000000000022693e+00 1.126657530318837946e-01
-1.450000000000023048e+00 1.321854702261958114e-01
-1.350000000000023404e+00 1.458101494367694817e-01
-1.250000000000023759e+00 1.683239604151487434e-01
-1.150000000000024114e+00 1.931585267532666128e-01
-1.050000000000024469e+00 2.283806024595713136e-01
-9.500000000000248246e-01 2.516759828079541683e-01
-8.500000000000251799e-01 2.732396680255230192e-01
-7.500000000000255351e-01 3.034369890079897658e-01
-6.500000000000258904e-01 3.343972494435821785e-01
-5.500000000000262457e-01 3.478365166242706197e-01
-4.500000000000266565e-01 3.706555033839004087e-01
-3.500000000000270117e-01 3.904041024141519656e-01
-2.500000000000273670e-01 4.003666722497267738e-01
-1.500000000000277223e-01 4.090473263762713918e-01
-5.000000000002806366e-02 4.154498078102282221e-01
4.999999999997158107e-02 4.173340908316678921e-01
1.499999999999712119e-01 4.103008536405339801e-01
2.499999999999708566e-01 3.966903686523436390e-01
3.499999999999705014e-01 3.863179406454386733e-01
4.499999999999701461e-01 3.718389466751426120e-01
5.499999999999698463e-01 3.463381390238882140e-01
6.499999999999694911e-01 3.244816979696545367e-01
7.499999999999691358e-01 2.915440049282290724e-01
8.499999999999687805e-01 2.706323668014118944e-01
9.499999999999684253e-01 2.503195474314089397e-01
1.049999999999968070e+00 2.173286260560463035e-01
1.149999999999967715e+00 1.935062852016669332e-01
1.249999999999967359e+00 1.686655088912566713e-01
1.349999999999967004e+00 1.483269624931830566e-01
1.449999999999966649e+00 1.241267004678389407e-01
1.549999999999966294e+00 1.075753500295218434e-01
1.649999999999965938e+00 9.287634561228066965e-02
1.749999999999965583e+00 7.914964542832411687e-02
1.849999999999965228e+00 7.130645042242000908e-02
1.949999999999964873e+00 5.862036416696998070e-02
2.049999999999964295e+00 4.899934280750430776e-02
2.149999999999963940e+00 3.913968108421205655e-02
2.249999999999963585e+00 3.141979838526571395e-02
2.349999999999963229e+00 2.796084381813266143e-02
2.449999999999962874e+00 2.188837805459695196e-02
2.549999999999962519e+00 1.791931862054892133e-02
2.649999999999962164e+00 1.352798107058519189e-02
2.749999999999961808e+00 1.099697379178791665e-02
2.849999999999961453e+00 8.214019065679584522e-03
2.949999999999961098e+00 6.740481354469537480e-03
3.049999999999960743e+00 6.119484125181743998e-03
3.149999999999960387e+00 3.669206486191881837e-03
3.249999999999960032e+00 3.246928370276182599e-03
3.349999999999959677e+00 2.768760503724583197e-03
3.449999999999959321e+00 2.096309218295795262e-03
3.549999999999958966e+00 1.527653184047975121e-03
3.649999999999958611e+00 1.108923623728204008e-03
3.749999999999958256e+00 1.304981320403350532e-03
3.849999999999957900e+00 1.004241233648261013e-03
3.949999999999957545e+00 6.511599518531998882e-04
4.049999999999957190e+00 1.030855400617739946e-03
4.149999999999956835e+00 6.041415902071243724e-04
4.249999999999956479e+00 5.668817564498597646e-04
4.349999999999956124e+00 6.387400072674435372e-05
4.449999999999955769e+00 1.162151957667153769e-04
4.549999999999955413e+00 2.217847247456402677e-05
4.649999999999955058e+00 0.000000000000000000e+00
4.749999999999954703e+00 0.000000000000000000e+00
4.849999999999954348e+00 0.000000000000000000e+00
4.949999999999953992e+00 0.000000000000000000e+00
5.049999999999953637e+00 0.000000000000000000e+00
5.149999999999953282e+00 0.000000000000000000e+00
5.249999999999952927e+00 0.000000000000000000e+00
5.349999999999952571e+00 0.000000000000000000e+00
5.449999999999952216e+00 0.000000000000000000e+00
5.549999999999951861e+00 0.000000000000000000e+00
5.649999999999951505e+00 0.000000000000000000e+00
5.749999999999951150e+00 0.000000000000000000e+00
5.849999999999950795e+00 0.000000000000000000e+00
5.949999999999950440e+00 0.000000000000000000e+00
6.049999999999950084e+00 0.000000000000000000e+00
6.149999999999949729e+00 0.000000000000000000e+00
6.249999999999949374e+00 0.000000000000000000e+00
6.349999999999949019e+00 0.000000000000000000e+00
6.449999999999948663e+00 0.000000000000000000e+00
6.549999999999948308e+00 0.000000000000000000e+00
6.649999999999947953e+00 0.000000000000000000e+00
6.749999999999947597e+00 0.000000000000000000e+00
6.849999999999947242e+00 0.000000000000000000e+00
6.949999999999946887e+00 0.000000000000000000e+00
7.049999999999946532e+00 0.000000000000000000e+00
7.149999999999946176e+00 0.000000000000000000e+00
7.249999999999945821e+00 0.000000000000000000e+00
7.349999999999945466e+00 0.000000000000000000e+00
7.449999999999945111e+00 0.000000000000000000e+00
7.549999999999944755e+00 0.000000000000000000e+00
7.649999999999944400e+00 0.000000000000000000e+00
7.749999999999944045e+00 0.000000000000000000e+00
7.849999999999943689e+00 0.000000000000000000e+00
7.949999999999943334e+00 0.000000000000000000e+00
