-7.950000000000000178e+00 2.217847247456403015e-05
-7.850000000000000533e+00 2.661416696947683551e-05
-7.750000000000000888e+00 4.169552825218037439e-05
-7.650000000000001243e+00 4.524408384811062680e-05
-7.550000000000001599e+00 5.588975063590135694e-05
-7.450000000000001954e+00 4.701836164607574623e-05
-7.350000000000002309e+00 6.032544513081416229e-05
-7.250000000000002665e+00 6.209972292877928850e-05
-7.150000000000003020e+00 8.605247320130844147e-05
-7.050000000000003375e+00 9.492386219113405218e-05
-6.950000000000003730e+00 1.206508902616283381e-04
-6.850000000000004086e+00 1.206508902616283246e-04
-6.750000000000004441e+00 1.446036405341574640e-04
-6.650000000000004796e+00 1.632335574127912587e-04
-6.550000000000005151e+00 1.605721407158435931e-04
-6.450000000000005507e+00 2.075905023619193258e-04
-6.350000000000005862e+00 2.279946970385182399e-04
-6.250000000000006217e+00 2.448503361191869151e-04
-6.150000000000006573e+00 2.670288085937509216e-04
-6.050000000000006928e+00 3.016272256540708453e-04
-5.950000000000007283e+00 3.175957258357568931e-04
-5.850000000000007638e+00 3.779211709665711164e-04
-5.750000000000007994e+00 4.453437272892457090e-04
-5.650000000000008349e+00 4.462308661882282822e-04
-5.550000000000008704e+00 5.358318949854668813e-04
-5.450000000000009059e+00 6.050287291061066204e-04
-5.350000000000009415e+00 6.786612577216590090e-04
-5.250000000000009770e+00 7.283410360646824615e-04
-5.150000000000010125e+00 9.084302325581420159e-04
-5.050000000000010481e+00 9.873855945675897357e-04
-4.950000000000010836e+00 1.065453817678055099e-03
-4.850000000000011191e+00 1.210057458212212373e-03
-4.750000000000011546e+00 1.309417014898259062e-03
-4.650000000000011902e+00 1.551605934320497877e-03
-4.550000000000012257e+00 1.816860465116283165e-03
-4.450000000000012612e+00 1.997836800508725509e-03
-4.350000000000012967e+00 2.294148178114561922e-03
-4.250000000000013323e+00 2.506174374971393247e-03
-4.150000000000013678e+00 2.743033475654075778e-03
-4.050000000000014033e+00 3.134268715451045580e-03
-3.950000000000014388e+00 3.586716539277812719e-03
-3.850000000000014744e+00 3.977078610867125323e-03
-3.750000000000015099e+00 4.551050493163186564e-03
-3.650000000000015454e+00 4.972441470179909083e-03
-3.550000000000015810e+00 5.799268894722988191e-03
-3.450000000000016165e+00 6.533791961697912876e-03
-3.350000000000016520e+00 7.195625521721557213e-03
-3.250000000000016875e+00 8.306337393939058900e-03
-3.150000000000017231e+00 9.303488501741133399e-03
-3.050000000000017586e+00 1.041418640326731426e-02
-2.950000000000017941e+00 1.191266179848813646e-02
-2.850000000000018296e+00 1.326723208774092770e-02
-2.750000000000018652e+00 1.506819390613216118e-02
-2.650000000000019007e+00 1.704385921951201074e-02
-2.550000000000019362e+00 1.922182712858819253e-02
-2.450000000000019718e+00 2.175109505631581466e-02
-2.350000000000020073e+00 2.499448884168742335e-02
-2.250000000000020428e+00 2.802587040089351764e-02
-2.150000000000020783e+00 3.168726028529045974e-02
-2.050000000000021139e+00 3.645127999697481136e-02
-1.950000000000021272e+00 4.106533132265713371e-02
-1.850000000000021627e+00 4.711746973031852304e-02
-1.750000000000021982e+00 5.394345171568216968e-02
-1.650000000000022338e+00 6.132633339854569321e-02
-1.550000000000022693e+00 7.017760459286609409e-02
-1.450000000000023048e+00 8.097523757551705614e-02
-1.350000000000023404e+00 9.283418905121475218e-02
-1.250000000000023759e+00 1.064423409339536331e-01
-1.150000000000024114e+00 1.237189309148617050e-01
-1.050000000000024469e+00 1.427355076318833627e-01
-9.500000000000248246e-01 1.650515984013196102e-01
-8.500000000000251799e-01 1.927513230132874567e-01
-7.500000000000255351e-01 2.234938362539265477e-01
-6.500000000000258904e-01 2.621753485162146013e-01
-5.500000000000262457e-01 3.083669735472401863e-01
-4.500000000000266565e-01 3.653743934596391796e-01
-3.500000000000270117e-01 4.353529855546189320e-01
-2.500000000000273670e-01 5.234193059686935712e-01
-1.500000000000277223e-01 6.363513543478760415e-01
-5.000000000002806366e-02 7.884413574755234633e-01
4.999999999997158107e-02 7.874708624467645635e-01
1.499999999999712119e-01 6.346282022948059875e-01
2.499999999999708566e-01 5.196687202055475518e-01
3.499999999999705014e-01 4.321689951487507342e-01
4.499999999999701461e-01 3.614407287720568518e-01
5.499999999999698463e-01 3.057613348353976912e-01
6.499999999999694911e-01 2.595017144497053230e-01
7.499999999999691358e-01 2.210155543641806331e-01
8.499999999999687805e-01 1.887312565852206914e-01
9.499999999999684253e-01 1.615378857095479126e-01
1.049999999999968070e+00 1.391884538852704023e-01
1.149999999999967715e+00 1.202172679443557768e-01
1.249999999999967359e+00 1.035923967429538128e-01
1.349999999999967004e+00 9.067814115682379383e-02
1.449999999999966649e+00 7.859762150209606557e-02
1.549999999999966294e+00 6.813701747691053301e-02
1.649999999999965938e+00 5.987487636497097060e-02
1.749999999999965583e+00 5.191537535380574137e-02
1.849999999999965228e+00 4.561462849405939490e-02
1.949999999999964873e+00 3.984643740218338920e-02
2.049999999999964295e+00 3.538847362530236906e-02
2.149999999999963940e+00 3.108576614108895381e-02
2.249999999999963585e+00 2.707840605678012852e-02
2.349999999999963229e+00 2.351029149299825594e-02
2.449999999999962874e+00 2.090739802200074215e-02
2.549999999999962519e+00 1.848993753692756981e-02
2.649999999999962164e+00 1.607513148320569019e-02
2.749999999999961808e+00 1.448892713182485005e-02
2.849999999999961453e+00 1.264982532612302438e-02
2.949999999999961098e+00 1.091094925996924717e-02
3.049999999999960743e+00 1.002561956551294847e-02
3.149999999999960387e+00 8.802227082433333738e-03
3.249999999999960032e+00 7.837005989648971466e-03
3.349999999999959677e+00 6.825667644808840542e-03
3.449999999999959321e+00 5.947400134816094308e-03
3.549999999999958966e+00 5.392058169398666022e-03
3.649999999999958611e+00 4.629097760236669176e-03
3.749999999999958256e+00 4.167778547420070666e-03
3.849999999999957900e+00 3.743733139052065392e-03
3.949999999999957545e+00 3.322342162035348077e-03
4.049999999999957190e+00 2.970155004484933189e-03
4.149999999999956835e+00 2.563838403405259425e-03
4.249999999999956479e+00 2.349157775197141876e-03
4.349999999999956124e+00 2.068814897772991782e-03
4.449999999999955769e+00 1.850571743277620515e-03
4.549999999999955413e+00 1.587091490279800158e-03
4.649999999999955058e+00 1.415873682776166119e-03
4.749999999999954703e+00 1.322731083728658722e-03
4.849999999999954348e+00 1.101833497882001448e-03
4.949999999999953992e+00 9.811756222747119397e-04
5.049999999999953637e+00 9.421415107194793664e-04
5.149999999999953282e+00 8.010864257812522768e-04
5.249999999999952927e+00 6.440628406613391936e-04
5.349999999999952571e+00 6.520470907521822446e-04
5.449999999999952216e+00 5.260733670966586837e-04
5.549999999999951861e+00 5.021206168241296392e-04
5.649999999999951505e+00 4.009867823401176961e-04
5.749999999999951150e+00 3.575169762899721481e-04
5.849999999999950795e+00 3.495327261991290971e-04
5.949999999999950440e+00 3.158214480377918550e-04
6.049999999999950084e+00 2.519474473110473929e-04
6.149999999999949729e+00 2.350918082303787176e-04
6.249999999999949374e+00 2.004933911700588480e-04
6.349999999999949019e+00 1.996062522710762748e-04
6.449999999999948663e+00 1.517007517260179688e-04
6.549999999999948308e+00 1.410550849382272522e-04
6.649999999999947953e+00 1.277480014534888159e-04
6.749999999999947597e+00 1.250865847565411503e-04
6.849999999999947242e+00 1.029081122819771032e-04
6.949999999999946887e+00 9.847241778706430459e-05
7.049999999999946532e+00 7.540680641351769778e-05
7.149999999999946176e+00 7.984250090843050991e-05
7.249999999999945821e+00 6.121258402979671523e-05
7.349999999999945466e+00 4.790550054505830595e-05
7.449999999999945111e+00 5.322833393895367779e-05
7.549999999999944755e+00 2.927558366642452482e-05
7.649999999999944400e+00 3.548555595930244960e-05
7.749999999999944045e+00 3.459841706031988989e-05
7.849999999999943689e+00 1.951705577761634762e-05
7.949999999999943334e+00 2.217847247456403354e-05
