-7.950000000000000178e+00 0.000000000000000000e+00
-7.850000000000000533e+00 0.000000000000000000e+00
-7.750000000000000888e+00 0.000000000000000000e+00
-7.650000000000001243e+00 0.000000000000000000e+00
-7.550000000000001599e+00 0.000000000000000000e+00
-7.450000000000001954e+00 0.000000000000000000e+00
-7.350000000000002309e+00 0.000000000000000000e+00
-7.250000000000002665e+00 0.000000000000000000e+00
-7.150000000000003020e+00 0.000000000000000000e+00
-7.050000000000003375e+00 0.000000000000000000e+00
-6.950000000000003730e+00 0.000000000000000000e+00
-6.850000000000004086e+00 0.000000000000000000e+00
-6.750000000000004441e+00 0.000000000000000000e+00
-6.650000000000004796e+00 0.000000000000000000e+00
-6.550000000000005151e+00 0.000000000000000000e+00
-6.450000000000005507e+00 0.000000000000000000e+00
-6.350000000000005862e+00 0.000000000000000000e+00
-6.250000000000006217e+00 0.000000000000000000e+00
-6.150000000000006573e+00 0.000000000000000000e+00
-6.050000000000006928e+00 1.569665478568838836e-04
-5.950000000000007283e+00 1.259279649473305787e-04
-5.850000000000007638e+00 1.764765142571745324e-04
-5.750000000000007994e+00 1.347961314929172372e-04
-5.650000000000008349e+00 1.073048152015985957e-04
-5.550000000000008704e+00 9.134211541954259672e-05
-5.450000000000009059e+00 7.892668225572127474e-05
-5.350000000000009415e+00 1.028707319288052664e-04
-5.250000000000009770e+00 1.064179985470399298e-04
-5.150000000000010125e+00 2.474218466218678280e-04
-5.050000000000010481e+00 4.513896771703609749e-04
-4.950000000000010836e+00 4.052752111333103504e-04
-4.850000000000011191e+00 7.582282396476594695e-04
-4.750000000000011546e+00 6.083562250272448856e-04
-4.650000000000011902e+00 8.380417385579393965e-04
-4.550000000000012257e+00 1.042009569106432543e-03
-4.450000000000012612e+00 1.316035915365060347e-03
-4.350000000000012967e+00 1.159069367508176436e-03
-4.250000000000013323e+00 1.441077063657832287e-03
-4.150000000000013678e+00 1.290318232382858983e-03
-4.050000000000014033e+00 1.397623047584457823e-03
-3.950000000000014388e+00 1.923505323737746513e-03
-3.850000000000014744e+00 2.092887304758459660e-03
-3.750000000000015099e+00 3.337977887758818932e-03
-3.650000000000015454e+00 3.011629358881229464e-03
-3.550000000000015810e+00 2.698583079822020579e-03
-3.450000000000016165e+00 3.866520613875786168e-03
-3.350000000000016520e+00 4.361364307119519439e-03
-3.250000000000016875e+00 4.029694878314578517e-03
-3.150000000000017231e+00 4.513009955049052113e-03
-3.050000000000017586e+00 5.222463278695984798e-03
-2.950000000000017941e+00 7.063494653559777500e-03
-2.850000000000018296e+00 7.357030966218702783e-03
-2.750000000000018652e+00 9.738133683708752319e-03
-2.650000000000019007e+00 1.183102098846726923e-02
-2.550000000000019362e+00 1.332708068470772264e-02
-2.450000000000019718e+00 1.411546069061038466e-02
-2.350000000000020073e+00 1.702687976752655097e-02
-2.250000000000020428e+00 2.000214964357099195e-02
-2.150000000000020783e+00 2.237615782782460122e-02
-2.050000000000021139e+00 2.707539928033119575e-02
-1.950000000000021272e+00 3.031405370277957118e-02
-1.850000000000021627e+00 3.634085968716049136e-02
-1.750000000000021982e+00 4.369966428668841524e-02
-1.650000000000022338e+00 5.061417374228255328e-02
-1.550000000000022693e+00 5.363023718443669929e-02
-1.450000000000023048e+00 5.740984976616559515e-02
-1.350000000000023404e+00 6.661411982382996200e-02
-1.250000000000023759e+00 7.957139796358639328e-02
-1.150000000000024114e+00 9.381101298583438552e-02
-1.050000000000024469e+00 1.059497593534332455e-01
-9.500000000000248246e-01 1.191260812068659358e-01
-8.500000000000251799e-01 1.467406650131682921e-01
-7.500000000000255351e-01 1.771185695150759576e-01
-6.500000000000258904e-01 2.157332271045242500e-01
-5.500000000000262457e-01 2.569675410915389646e-01
-4.500000000000266565e-01 3.179938291749899726e-01
-3.500000000000270117e-01 4.081600257105892915e-01
-2.500000000000273670e-01 5.125622900018185213e-01
-1.500000000000277223e-01 6.706533213766734391e-01
-5.000000000002806366e-02 1.138612280920840103e+00
4.999999999997158107e-02 1.112851143922558572e+00
1.499999999999712119e-01 6.470489224822861818e-01
2.499999999999708566e-01 5.016074438680554470e-01
3.499999999999705014e-01 4.032390800944424258e-01
4.499999999999701461e-01 3.236951734471473774e-01
5.499999999999698463e-01 2.633481869210874127e-01
6.499999999999694911e-01 2.223036516981495847e-01
7.499999999999691358e-01 1.839089246390316901e-01
8.499999999999687805e-01 1.748350166295874475e-01
9.499999999999684253e-01 1.456410123615154983e-01
1.049999999999968070e+00 1.246137026652746754e-01
1.149999999999967715e+00 1.087698363149296049e-01
1.249999999999967359e+00 9.581876589175510051e-02
1.349999999999967004e+00 9.190879126180609426e-02
1.449999999999966649e+00 8.013009245595836827e-02
1.549999999999966294e+00 6.932068425354312446e-02
1.649999999999965938e+00 6.202484363648899657e-02
1.749999999999965583e+00 5.209249710543185918e-02
1.849999999999965228e+00 5.143447914774927632e-02
1.949999999999964873e+00 4.681061711088047028e-02
2.049999999999964295e+00 4.465831309026654233e-02
2.149999999999963940e+00 3.855435405693896644e-02
2.249999999999963585e+00 3.664769824963781675e-02
2.349999999999963229e+00 3.152012435297932985e-02
2.449999999999962874e+00 2.815288151561996452e-02
2.549999999999962519e+00 2.712062692971364125e-02
2.649999999999962164e+00 2.497807789229984296e-02
2.749999999999961808e+00 2.077101968307338772e-02
2.849999999999961453e+00 2.070450843398146529e-02
2.949999999999961098e+00 1.858679026289537448e-02
3.049999999999960743e+00 1.421567097257554584e-02
3.149999999999960387e+00 1.577735510125338053e-02
3.249999999999960032e+00 1.397179639257187939e-02
3.349999999999959677e+00 1.269921449328016358e-02
3.449999999999959321e+00 1.095839340038145746e-02
3.549999999999958966e+00 9.579393502542733405e-03
3.649999999999958611e+00 8.924035994823876355e-03
3.749999999999958256e+00 8.223450837722513090e-03
3.849999999999957900e+00 6.291964164093735712e-03
3.949999999999957545e+00 5.272125011351269652e-03
4.049999999999957190e+00 5.728835588448995958e-03
4.149999999999956835e+00 5.202066495641141826e-03
4.249999999999956479e+00 5.124026630039971858e-03
4.349999999999956124e+00 5.759874171358545306e-03
4.449999999999955769e+00 4.983909598619704062e-03
4.549999999999955413e+00 2.967288526153296496e-03
4.649999999999955058e+00 3.324675637940439216e-03
4.749999999999954703e+00 3.588947000998926086e-03
4.849999999999954348e+00 3.397394603614249491e-03
4.949999999999953992e+00 2.887475027243016461e-03
5.049999999999953637e+00 2.359819117780610331e-03
5.149999999999953282e+00 2.063622355158015610e-03
5.249999999999952927e+00 1.819747775154382553e-03
5.349999999999952571e+00 1.425114363875776193e-03
5.449999999999952216e+00 1.035801852524521937e-03
5.549999999999951861e+00 9.684037867780633316e-04
5.649999999999951505e+00 7.316237400108994938e-04
5.749999999999951150e+00 8.540044383399953819e-04
5.849999999999950795e+00 9.950082864148231988e-04
5.949999999999950440e+00 9.311574872865992572e-04
6.049999999999950084e+00 8.823825712858727978e-04
6.149999999999949729e+00 1.018065519433348620e-03
6.249999999999949374e+00 6.349607246640049697e-04
6.349999999999949019e+00 7.972481724482407672e-04
6.449999999999948663e+00 5.081459430621156981e-04
6.549999999999948308e+00 3.706893616055223820e-04
6.649999999999947953e+00 1.747028809480572278e-04
6.749999999999947597e+00 9.666301534689460541e-05
6.849999999999947242e+00 1.099652651652745932e-04
6.949999999999946887e+00 1.241543316382132469e-04
7.049999999999946532e+00 1.498720146204145568e-04
7.149999999999946176e+00 1.880051307664371886e-04
7.249999999999945821e+00 3.094990124409744379e-04
7.349999999999945466e+00 3.387639620414104112e-04
7.449999999999945111e+00 1.596269978205598812e-04
7.549999999999944755e+00 3.485189452415557356e-04
7.649999999999944400e+00 0.000000000000000000e+00
7.749999999999944045e+00 0.000000000000000000e+00
7.849999999999943689e+00 0.000000000000000000e+00
7.949999999999943334e+00 0.000000000000000000e+00
