-7.950000000000000178e+00 0.000000000000000000e+00
-7.850000000000000533e+00 0.000000000000000000e+00
-7.750000000000000888e+00 0.000000000000000000e+00
-7.650000000000001243e+00 0.000000000000000000e+00
-7.550000000000001599e+00 0.000000000000000000e+00
-7.450000000000001954e+00 0.000000000000000000e+00
-7.350000000000002309e+00 0.000000000000000000e+00
-7.250000000000002665e+00 0.000000000000000000e+00
-7.150000000000003020e+00 0.000000000000000000e+00
-7.050000000000003375e+00 0.000000000000000000e+00
-6.950000000000003730e+00 0.000000000000000000e+00
-6.850000000000004086e+00 0.000000000000000000e+00
-6.750000000000004441e+00 0.000000000000000000e+00
-6.650000000000004796e+00 0.000000000000000000e+00
-6.550000000000005151e+00 0.000000000000000000e+00
-6.450000000000005507e+00 0.000000000000000000e+00
-6.350000000000005862e+00 0.000000000000000000e+00
-6.250000000000006217e+00 0.000000000000000000e+00
-6.150000000000006573e+00 0.000000000000000000e+00
-6.050000000000006928e+00 0.000000000000000000e+00
-5.950000000000007283e+00 0.000000000000000000e+00
-5.850000000000007638e+00 0.000000000000000000e+00
-5.750000000000007994e+00 0.000000000000000000e+00
-5.650000000000008349e+00 0.000000000000000000e+00
-5.550000000000008704e+00 0.000000000000000000e+00
-5.450000000000009059e+00 0.000000000000000000e+00
-5.350000000000009415e+00 0.000000000000000000e+00
-5.250000000000009770e+00 0.000000000000000000e+00
-5.150000000000010125e+00 0.000000000000000000e+00
-5.050000000000010481e+00 0.000000000000000000e+00
-4.950000000000010836e+00 8.868166545586664913e-07
-4.850000000000011191e+00 1.773633309117332983e-06
-4.750000000000011546e+00 5.320899927351999371e-06
-4.650000000000011902e+00 7.094533236469331930e-06
-4.550000000000012257e+00 1.418906647293866386e-05
-4.450000000000012612e+00 1.507588312749732972e-05
-4.350000000000012967e+00 3.458584952778799549e-05
-4.250000000000013323e+00 4.966173265528532859e-05
-4.150000000000013678e+00 8.868166545586665336e-05
-4.050000000000014033e+00 1.143993484380679767e-04
-3.950000000000014388e+00 1.747028809480573092e-04
-3.850000000000014744e+00 2.633845464039239761e-04
-3.750000000000015099e+00 3.839916114239025325e-04
-3.650000000000015454e+00 5.852989920087196818e-04
-3.550000000000015810e+00 7.635491395750115731e-04
-3.450000000000016165e+00 1.148427567653472446e-03
-3.350000000000016520e+00 1.559023678714134900e-03
-3.250000000000016875e+00 2.218815269705782297e-03
-3.150000000000017231e+00 2.971722609426089880e-03
-3.050000000000017586e+00 4.038563044860165284e-03
-2.950000000000017941e+00 5.563887690701070990e-03
-2.850000000000018296e+00 7.312690133490760275e-03
-2.750000000000018652e+00 9.465880970759201624e-03
-2.650000000000019007e+00 1.246332126316749070e-02
-2.550000000000019362e+00 1.579597825099897379e-02
-2.450000000000019718e+00 2.028770460633882652e-02
-2.350000000000020073e+00 2.605822057755230806e-02
-2.250000000000020428e+00 3.292129466718210495e-02
-2.150000000000020783e+00 4.058782464584213129e-02
-2.050000000000021139e+00 4.947638797448401793e-02
-1.950000000000021272e+00 6.016075502860721014e-02
-1.850000000000021627e+00 7.251765829322708024e-02
-1.750000000000021982e+00 8.709603727751633051e-02
-1.650000000000022338e+00 1.022038458045774478e-01
-1.550000000000022693e+00 1.188112612944975388e-01
-1.450000000000023048e+00 1.388364681710865522e-01
-1.350000000000023404e+00 1.600934633808577534e-01
-1.250000000000023759e+00 1.810879608608800539e-01
-1.150000000000024114e+00 2.056323854091010317e-01
-1.050000000000024469e+00 2.285557091127887741e-01
-9.500000000000248246e-01 2.532615342921390456e-01
-8.500000000000251799e-01 2.772259807482756466e-01
-7.500000000000255351e-01 2.998309372729744959e-01
-6.500000000000258904e-01 3.218044803396282738e-01
-5.500000000000262457e-01 3.430925141323085681e-01
-4.500000000000266565e-01 3.607720909575900525e-01
-3.500000000000270117e-01 3.757318011033403682e-01
-2.500000000000273670e-01 3.877348645227922663e-01
-1.500000000000277223e-01 3.946733180280594944e-01
-5.000000000002806366e-02 3.988422431211399721e-01
4.999999999997158107e-02 3.983128135783682855e-01
1.499999999999712119e-01 3.941704929849249028e-01
2.499999999999708566e-01 3.873402311115137220e-01
3.499999999999705014e-01 3.757681605861775687e-01
4.499999999999701461e-01 3.600112022679788359e-01
5.499999999999698463e-01 3.419547283645098523e-01
6.499999999999694911e-01 3.212218417975830076e-01
7.499999999999691358e-01 2.999595256878855309e-01
8.499999999999687805e-01 2.767976483041239000e-01
9.499999999999684253e-01 2.528305413980234118e-01
1.049999999999968070e+00 2.284306679644959037e-01
1.149999999999967715e+00 2.042294414615891118e-01
1.249999999999967359e+00 1.812103415592090927e-01
1.349999999999967004e+00 1.596722254699423638e-01
1.449999999999966649e+00 1.388683935706505612e-01
1.549999999999966294e+00 1.196980779490562086e-01
1.649999999999965938e+00 1.019315930916279839e-01
1.749999999999965583e+00 8.641141482019709663e-02
1.849999999999965228e+00 7.291761260443302417e-02
1.949999999999964873e+00 6.066358007174198902e-02
2.049999999999964295e+00 4.979830242008884134e-02
2.149999999999963940e+00 4.063837319515197638e-02
2.249999999999963585e+00 3.263041880448684651e-02
2.349999999999963229e+00 2.630918969079242345e-02
2.449999999999962874e+00 2.063178946830760557e-02
2.549999999999962519e+00 1.590328306620058044e-02
2.649999999999962164e+00 1.247218942971307920e-02
2.749999999999961808e+00 9.636149768434465468e-03
2.849999999999961453e+00 7.227555734653128353e-03
2.949999999999961098e+00 5.469885125317852301e-03
3.049999999999960743e+00 4.134339243552501847e-03
3.149999999999960387e+00 3.045328391754459092e-03
3.249999999999960032e+00 2.121265437704329161e-03
3.349999999999959677e+00 1.583854545041777327e-03
3.449999999999959321e+00 1.151974834271707110e-03
3.549999999999958966e+00 8.327208386305874014e-04
3.649999999999958611e+00 5.746571921540156915e-04
3.749999999999958256e+00 3.910861446603718593e-04
3.849999999999957900e+00 2.412141300399573297e-04
3.949999999999957545e+00 1.578533645114426579e-04
4.049999999999957190e+00 1.126257151289506450e-04
4.149999999999956835e+00 7.892668225572131539e-05
4.249999999999956479e+00 4.877491600072666274e-05
4.349999999999956124e+00 3.192539956411199114e-05
4.449999999999955769e+00 9.754983200145331192e-06
4.549999999999955413e+00 9.754983200145331192e-06
4.649999999999955058e+00 7.981349891027999480e-06
4.749999999999954703e+00 5.320899927351998524e-06
4.849999999999954348e+00 3.547266618234665965e-06
4.949999999999953992e+00 1.773633309117332983e-06
5.049999999999953637e+00 0.000000000000000000e+00
5.149999999999953282e+00 0.000000000000000000e+00
5.249999999999952927e+00 0.000000000000000000e+00
5.349999999999952571e+00 0.000000000000000000e+00
5.449999999999952216e+00 0.000000000000000000e+00
5.549999999999951861e+00 0.000000000000000000e+00
5.649999999999951505e+00 0.000000000000000000e+00
5.749999999999951150e+00 0.000000000000000000e+00
5.849999999999950795e+00 0.000000000000000000e+00
5.949999999999950440e+00 0.000000000000000000e+00
6.049999999999950084e+00 0.000000000000000000e+00
6.149999999999949729e+00 0.000000000000000000e+00
6.249999999999949374e+00 0.000000000000000000e+00
6.349999999999949019e+00 0.000000000000000000e+00
6.449999999999948663e+00 0.000000000000000000e+00
6.549999999999948308e+00 0.000000000000000000e+00
6.649999999999947953e+00 0.000000000000000000e+00
6.749999999999947597e+00 0.000000000000000000e+00
6.849999999999947242e+00 0.000000000000000000e+00
6.949999999999946887e+00 0.000000000000000000e+00
7.049999999999946532e+00 0.000000000000000000e+00
7.149999999999946176e+00 0.000000000000000000e+00
7.249999999999945821e+00 0.000000000000000000e+00
7.349999999999945466e+00 0.000000000000000000e+00
7.449999999999945111e+00 0.000000000000000000e+00
7.549999999999944755e+00 0.000000000000000000e+00
7.649999999999944400e+00 0.000000000000000000e+00
7.749999999999944045e+00 0.000000000000000000e+00
7.849999999999943689e+00 0.000000000000000000e+00
7.949999999999943334e+00 0.000000000000000000e+00
