-7.950000000000000178e+00 0.000000000000000000e+00
-7.850000000000000533e+00 0.000000000000000000e+00
-7.750000000000000888e+00 0.000000000000000000e+00
-7.650000000000001243e+00 0.000000000000000000e+00
-7.550000000000001599e+00 0.000000000000000000e+00
-7.450000000000001954e+00 0.000000000000000000e+00
-7.350000000000002309e+00 0.000000000000000000e+00
-7.250000000000002665e+00 0.000000000000000000e+00
-7.150000000000003020e+00 0.000000000000000000e+00
-7.050000000000003375e+00 0.000000000000000000e+00
-6.950000000000003730e+00 0.000000000000000000e+00
-6.850000000000004086e+00 0.000000000000000000e+00
-6.750000000000004441e+00 0.000000000000000000e+00
-6.650000000000004796e+00 0.000000000000000000e+00
-6.550000000000005151e+00 0.000000000000000000e+00
-6.450000000000005507e+00 0.000000000000000000e+00
-6.350000000000005862e+00 0.000000000000000000e+00
-6.250000000000006217e+00 0.000000000000000000e+00
-6.150000000000006573e+00 0.000000000000000000e+00
-6.050000000000006928e+00 0.000000000000000000e+00
-5.950000000000007283e+00 0.000000000000000000e+00
-5.850000000000007638e+00 0.000000000000000000e+00
-5.750000000000007994e+00 0.000000000000000000e+00
-5.650000000000008349e+00 0.000000000000000000e+00
-5.550000000000008704e+00 0.000000000000000000e+00
-5.450000000000009059e+00 0.000000000000000000e+00
-5.350000000000009415e+00 0.000000000000000000e+00
-5.250000000000009770e+00 1.419422238372098033e-07
-5.150000000000010125e+00 2.838844476744196066e-07
-5.050000000000010481e+00 1.703306686046517533e-06
-4.950000000000010836e+00 1.419422238372098086e-06
-4.850000000000011191e+00 3.406613372093035067e-06
-4.750000000000011546e+00 2.980786700581405895e-06
-4.650000000000011902e+00 6.671284520348860410e-06
-4.550000000000012257e+00 1.135537790697678469e-05
-4.450000000000012612e+00 1.320062681686051194e-05
-4.350000000000012967e+00 2.526571584302334610e-05
-4.250000000000013323e+00 4.286655159883735863e-05
-4.150000000000013678e+00 7.054528524709326241e-05
-4.050000000000014033e+00 1.003531522529072960e-04
-3.950000000000014388e+00 1.507426417151167420e-04
-3.850000000000014744e+00 2.269656159156984137e-04
-3.750000000000015099e+00 3.332803415697690314e-04
-3.650000000000015454e+00 4.887070766715143066e-04
-3.550000000000015810e+00 7.131177325581418425e-04
-3.450000000000016165e+00 9.985635446947698120e-04
-3.350000000000016520e+00 1.440287745276173838e-03
-3.250000000000016875e+00 2.003088662790720401e-03
-3.150000000000017231e+00 2.757795466933177404e-03
-3.050000000000017586e+00 3.802916061046570078e-03
-2.950000000000017941e+00 5.161728969840090157e-03
-2.850000000000018296e+00 6.951762354651017106e-03
-2.750000000000018652e+00 9.225676780522953924e-03
-2.650000000000019007e+00 1.210355536882217267e-02
-2.550000000000019362e+00 1.576467114825506194e-02
-2.450000000000019718e+00 2.013351085574022203e-02
-2.350000000000020073e+00 2.573015079941716465e-02
-2.250000000000020428e+00 3.221463935319629490e-02
-2.150000000000020783e+00 4.027127997819959782e-02
-2.050000000000021139e+00 4.977388603743236606e-02
-1.950000000000021272e+00 6.072799327762405663e-02
-1.850000000000021627e+00 7.331159724746282025e-02
-1.750000000000021982e+00 8.760006926781124803e-02
-1.650000000000022338e+00 1.036727550417946286e-01
-1.550000000000022693e+00 1.215652820675957313e-01
-1.450000000000023048e+00 1.408105184865681703e-01
-1.350000000000023404e+00 1.617052654887516927e-01
-1.250000000000023759e+00 1.839023323946405164e-01
-1.150000000000024114e+00 2.069033600563426889e-01
-1.050000000000024469e+00 2.304613690043808560e-01
-9.500000000000248246e-01 2.546264648437689959e-01
-8.500000000000251799e-01 2.779539596202876828e-01
-7.500000000000255351e-01 3.007021881813269903e-01
-6.500000000000258904e-01 3.215911155523240028e-01
-5.500000000000262457e-01 3.413276140079889442e-01
-4.500000000000266565e-01 3.586298033248480621e-01
-3.500000000000270117e-01 3.726040152616191259e-01
-2.500000000000273670e-01 3.842574718386536081e-01
-1.500000000000277223e-01 3.916848825853835314e-01
-5.000000000002806366e-02 3.952298896257171457e-01
4.999999999997158107e-02 3.954253440679414977e-01
1.499999999999712119e-01 3.912461391715024162e-01
2.499999999999708566e-01 3.844082144803684375e-01
3.499999999999705014e-01 3.730182026707764553e-01
4.499999999999701461e-01 3.585528706395268994e-01
5.499999999999698463e-01 3.412880121275382872e-01
6.499999999999694911e-01 3.218707417332839493e-01
7.499999999999691358e-01 3.007217762082164958e-01
8.499999999999687805e-01 2.778980343840957157e-01
9.499999999999684253e-01 2.542843840843213021e-01
1.049999999999968070e+00 2.305483795875933606e-01
1.149999999999967715e+00 2.071555913881013011e-01
1.249999999999967359e+00 1.840158861737107021e-01
1.349999999999967004e+00 1.616853935774146822e-01
1.449999999999966649e+00 1.407115847565536537e-01
1.549999999999966294e+00 1.215072276980463245e-01
1.649999999999965938e+00 1.035961062409225530e-01
1.749999999999965583e+00 8.756387400073270544e-02
1.849999999999965228e+00 7.322245753089301479e-02
1.949999999999964873e+00 6.067959097929549739e-02
2.049999999999964295e+00 4.991199582122603229e-02
2.149999999999963940e+00 4.033714117006007710e-02
2.249999999999963585e+00 3.223422738008584199e-02
2.349999999999963229e+00 2.579572810682994460e-02
2.449999999999962874e+00 2.022023755450474969e-02
2.549999999999962519e+00 1.574479923691785369e-02
2.649999999999962164e+00 1.208652230196170796e-02
2.749999999999961808e+00 9.217586073764235874e-03
2.849999999999961453e+00 6.911876589752764810e-03
2.949999999999961098e+00 5.173936001090088596e-03
3.049999999999960743e+00 3.790567087572733248e-03
3.149999999999960387e+00 2.795268214026201768e-03
3.249999999999960032e+00 1.983358693677347503e-03
3.349999999999959677e+00 1.425241869549429691e-03
3.449999999999959321e+00 9.987054869186071191e-04
3.549999999999958966e+00 7.099950036337232540e-04
3.649999999999958611e+00 4.793388898982585411e-04
3.749999999999958256e+00 3.273187681686061433e-04
3.849999999999957900e+00 2.342046693313961443e-04
3.949999999999957545e+00 1.540073128633725834e-04
4.049999999999957190e+00 1.007789789244189327e-04
4.149999999999956835e+00 6.571924963662812672e-05
4.249999999999956479e+00 3.875022710755827071e-05
4.349999999999956124e+00 2.867232921511637947e-05
4.449999999999955769e+00 1.618141351744192038e-05
4.549999999999955413e+00 9.652071220930266306e-06
4.649999999999955058e+00 5.535746729651181772e-06
4.749999999999954703e+00 4.116324491279084533e-06
4.849999999999954348e+00 1.987191133720936981e-06
4.949999999999953992e+00 7.097111191860490429e-07
5.049999999999953637e+00 8.516533430232588726e-07
5.149999999999953282e+00 2.838844476744196066e-07
5.249999999999952927e+00 1.419422238372098033e-07
5.349999999999952571e+00 1.419422238372098033e-07
5.449999999999952216e+00 0.000000000000000000e+00
5.549999999999951861e+00 1.419422238372098033e-07
5.649999999999951505e+00 0.000000000000000000e+00
5.749999999999951150e+00 0.000000000000000000e+00
5.849999999999950795e+00 0.000000000000000000e+00
5.949999999999950440e+00 0.000000000000000000e+00
6.049999999999950084e+00 0.000000000000000000e+00
6.149999999999949729e+00 0.000000000000000000e+00
6.249999999999949374e+00 0.000000000000000000e+00
6.349999999999949019e+00 0.000000000000000000e+00
6.449999999999948663e+00 0.000000000000000000e+00
6.549999999999948308e+00 0.000000000000000000e+00
6.649999999999947953e+00 0.000000000000000000e+00
6.749999999999947597e+00 0.000000000000000000e+00
6.849999999999947242e+00 0.000000000000000000e+00
6.949999999999946887e+00 0.000000000000000000e+00
7.049999999999946532e+00 0.000000000000000000e+00
7.149999999999946176e+00 0.000000000000000000e+00
7.249999999999945821e+00 0.000000000000000000e+00
7.349999999999945466e+00 0.000000000000000000e+00
7.449999999999945111e+00 0.000000000000000000e+00
7.549999999999944755e+00 0.000000000000000000e+00
7.649999999999944400e+00 0.000000000000000000e+00
7.749999999999944045e+00 0.000000000000000000e+00
7.849999999999943689e+00 0.000000000000000000e+00
7.949999999999943334e+00 0.000000000000000000e+00
