-7.950000000000000178e+00 0.000000000000000000e+00
-7.850000000000000533e+00 0.000000000000000000e+00
-7.750000000000000888e+00 0.000000000000000000e+00
-7.650000000000001243e+00 0.000000000000000000e+00
-7.550000000000001599e+00 0.000000000000000000e+00
-7.450000000000001954e+00 0.000000000000000000e+00
-7.350000000000002309e+00 0.000000000000000000e+00
-7.250000000000002665e+00 0.000000000000000000e+00
-7.150000000000003020e+00 0.000000000000000000e+00
-7.050000000000003375e+00 0.000000000000000000e+00
-6.950000000000003730e+00 0.000000000000000000e+00
-6.850000000000004086e+00 0.000000000000000000e+00
-6.750000000000004441e+00 0.000000000000000000e+00
-6.650000000000004796e+00 0.000000000000000000e+00
-6.550000000000005151e+00 0.000000000000000000e+00
-6.450000000000005507e+00 0.000000000000000000e+00
-6.350000000000005862e+00 0.000000000000000000e+00
-6.250000000000006217e+00 0.000000000000000000e+00
-6.150000000000006573e+00 0.000000000000000000e+00
-6.050000000000006928e+00 0.000000000000000000e+00
-5.950000000000007283e+00 0.000000000000000000e+00
-5.850000000000007638e+00 0.000000000000000000e+00
-5.750000000000007994e+00 0.000000000000000000e+00
-5.650000000000008349e+00 0.000000000000000000e+00
-5.550000000000008704e+00 8.605247320130831950e-05
-5.450000000000009059e+00 9.403672329215135694e-05
-5.350000000000009415e+00 6.830969522165712519e-05
-5.250000000000009770e+00 1.366193904433142504e-04
-5.150000000000010125e+00 2.537217251090121599e-04
-5.050000000000010481e+00 1.658949741097387616e-04
-4.950000000000010836e+00 2.448503361191869693e-04
-4.850000000000011191e+00 2.971915311591590090e-04
-4.750000000000011546e+00 5.988187568132295833e-04
-4.650000000000011902e+00 6.414014239643931001e-04
-4.550000000000012257e+00 9.048816769622159513e-04
-4.450000000000012612e+00 7.593908975290724174e-04
-4.350000000000012967e+00 8.427819540334325699e-04
-4.250000000000013323e+00 1.159490540970210684e-03
-4.150000000000013678e+00 1.887831577034899001e-03
-4.050000000000014033e+00 1.289012820221661828e-03
-3.950000000000014388e+00 1.139086346293608464e-03
-3.850000000000014744e+00 1.541847406431691523e-03
-3.750000000000015099e+00 1.446923544240558569e-03
-3.650000000000015454e+00 1.899364382721667899e-03
-3.550000000000015810e+00 2.539878667787080595e-03
-3.450000000000016165e+00 2.758114836936789716e-03
-3.350000000000016520e+00 2.962156783702778965e-03
-3.250000000000016875e+00 3.841311432594505387e-03
-3.150000000000017231e+00 3.945106683775465375e-03
-3.050000000000017586e+00 4.269799520803082421e-03
-2.950000000000017941e+00 5.935846373092353717e-03
-2.850000000000018296e+00 6.329736044240613646e-03
-2.750000000000018652e+00 7.343735805777689037e-03
-2.650000000000019007e+00 7.506082224291498427e-03
-2.550000000000019362e+00 9.459562079851118258e-03
-2.450000000000019718e+00 1.098598584306272399e-02
-2.350000000000020073e+00 1.095933674936494170e-02
-2.250000000000020428e+00 1.267545455935426869e-02
-2.150000000000020783e+00 1.482231672420077084e-02
-2.050000000000021139e+00 1.846490904342321104e-02
-1.950000000000021272e+00 2.098858869462180698e-02
-1.850000000000021627e+00 2.783728702407588240e-02
-1.750000000000021982e+00 3.129889602256022418e-02
-1.650000000000022338e+00 3.561862679415020438e-02
-1.550000000000022693e+00 4.191032763126517624e-02
-1.450000000000023048e+00 4.902444115446520645e-02
-1.350000000000023404e+00 5.548524323934825309e-02
-1.250000000000023759e+00 7.317693738617775390e-02
-1.150000000000024114e+00 8.112570192106073608e-02
-1.050000000000024469e+00 9.002404735979305239e-02
-9.500000000000248246e-01 1.100318655821870550e-01
-8.500000000000251799e-01 1.408730258742539043e-01
-7.500000000000255351e-01 1.728023982401634406e-01
-6.500000000000258904e-01 2.090525002820922407e-01
-5.500000000000262457e-01 2.417115339143965924e-01
-4.500000000000266565e-01 2.933195959711787926e-01
-3.500000000000270117e-01 3.716742811218707865e-01
-2.500000000000273670e-01 4.951294034724946225e-01
-1.500000000000277223e-01 6.734886441862082407e-01
-5.000000000002806366e-02 1.139229378231369161e+00
4.999999999997158107e-02 1.122758519931109866e+00
1.499999999999712119e-01 6.908400332484565531e-01
2.499999999999708566e-01 5.187430780812803954e-01
3.499999999999705014e-01 4.092225398014940341e-01
4.499999999999701461e-01 3.269875929307995976e-01
5.499999999999698463e-01 2.674992995654156824e-01
6.499999999999694911e-01 2.329807948594610212e-01
7.499999999999691358e-01 1.996662773463388774e-01
8.499999999999687805e-01 1.798864398502912909e-01
9.499999999999684253e-01 1.576332451331884654e-01
1.049999999999968070e+00 1.426227082701456150e-01
1.149999999999967715e+00 1.248553279030756580e-01
1.249999999999967359e+00 1.030386753777299547e-01
1.349999999999967004e+00 9.440779183902267557e-02
1.449999999999966649e+00 8.837321459035399340e-02
1.549999999999966294e+00 7.909682922977914754e-02
1.649999999999965938e+00 7.183707823488753863e-02
1.749999999999965583e+00 6.313820632685895884e-02
1.849999999999965228e+00 5.719691138415108900e-02
1.949999999999964873e+00 4.935399579207277315e-02
2.049999999999964295e+00 4.776175610204082267e-02
2.149999999999963940e+00 4.827545842197143722e-02
2.249999999999963585e+00 4.128343477023919961e-02
2.349999999999963229e+00 3.684228472036496504e-02
2.449999999999962874e+00 3.330753216746137196e-02
2.549999999999962519e+00 3.043348853392994005e-02
2.649999999999962164e+00 2.821103095833706748e-02
2.749999999999961808e+00 2.386048782703521082e-02
2.849999999999961453e+00 2.357394196266384551e-02
2.949999999999961098e+00 2.038201620412454992e-02
3.049999999999960743e+00 1.790956009266012061e-02
3.149999999999960387e+00 1.555658133338622649e-02
3.249999999999960032e+00 1.276948429730075801e-02
3.349999999999959677e+00 1.302529464076249491e-02
3.449999999999959321e+00 1.291408095248925206e-02
3.549999999999958966e+00 1.170668491097397353e-02
3.649999999999958611e+00 1.044162484102482275e-02
3.749999999999958256e+00 8.011751396711562154e-03
3.849999999999957900e+00 7.784643838572023397e-03
3.949999999999957545e+00 7.963845896166504498e-03
4.049999999999957190e+00 7.437772529069838767e-03
4.149999999999956835e+00 6.823872410973902403e-03
4.249999999999956479e+00 5.577442257903389780e-03
4.349999999999956124e+00 4.989269167877946956e-03
4.449999999999955769e+00 4.497794217841599197e-03
4.549999999999955413e+00 4.509327023528381106e-03
4.649999999999955058e+00 3.480245900708597417e-03
4.749999999999954703e+00 3.206119980922983361e-03
4.849999999999954348e+00 3.138697424600310395e-03
4.949999999999953992e+00 3.128051757812518648e-03
5.049999999999953637e+00 3.017159395439700676e-03
5.149999999999953282e+00 2.391726471656988907e-03
5.249999999999952927e+00 2.430760583212220396e-03
5.349999999999952571e+00 2.554072890170800032e-03
5.449999999999952216e+00 2.033322356468035379e-03
5.549999999999951861e+00 1.804440520530534511e-03
5.649999999999951505e+00 1.369742460029075995e-03
5.749999999999951150e+00 2.020902411882282389e-03
5.849999999999950795e+00 1.668708268986202319e-03
5.949999999999950440e+00 1.326272653978931640e-03
6.049999999999950084e+00 1.074325206667885602e-03
6.149999999999949729e+00 5.038948946220942436e-04
6.249999999999949374e+00 5.562360896620653075e-04
6.349999999999949019e+00 5.021206168241289887e-04
6.449999999999948663e+00 3.619526707848845807e-04
6.549999999999948308e+00 3.379999205123554820e-04
6.649999999999947953e+00 3.131600313408437557e-04
6.749999999999947597e+00 5.872859511264562392e-04
6.849999999999947242e+00 1.605721407158434305e-04
6.949999999999946887e+00 6.387400072674438082e-05
7.049999999999946532e+00 6.919683412063973912e-05
7.149999999999946176e+00 7.718108421148277656e-05
7.249999999999945821e+00 8.427819540334325428e-05
7.349999999999945466e+00 8.960102879723861257e-05
7.449999999999945111e+00 1.002466955850293292e-04
7.549999999999944755e+00 1.383936682412793969e-04
7.649999999999944400e+00 3.814697265625034694e-04
7.749999999999944045e+00 2.963043922601762189e-04
7.849999999999943689e+00 1.996062522710760037e-04
7.949999999999943334e+00 4.834906999454979316e-04
