-7.950000000000000178e+00 1.454907794331400373e-04
-7.850000000000000533e+00 1.534750295239830883e-04
-7.750000000000000888e+00 1.738792242005820024e-04
-7.650000000000001243e+00 1.712178075036343097e-04
-7.550000000000001599e+00 1.942834188771809436e-04
-7.450000000000001954e+00 2.209045711923190135e-04
-7.350000000000002309e+00 2.262204192405530933e-04
-7.250000000000002665e+00 2.386403638263089565e-04
-7.150000000000003020e+00 2.572702807049427783e-04
-7.050000000000003375e+00 2.608188363008729629e-04
-6.950000000000003730e+00 2.812230309774719312e-04
-6.850000000000004086e+00 3.007470721007495505e-04
-6.750000000000004441e+00 3.042956276966797893e-04
-6.650000000000004796e+00 3.459981412945214692e-04
-6.550000000000005151e+00 3.566368227366509074e-04
-6.450000000000005507e+00 3.859263770943980026e-04
-6.350000000000005862e+00 3.681696284234241973e-04
-6.250000000000006217e+00 4.524687798637513003e-04
-6.150000000000006573e+00 4.923830449723052768e-04
-6.050000000000006928e+00 5.021415728611134744e-04
-5.950000000000007283e+00 5.509761243791219155e-04
-5.850000000000007638e+00 5.775972766942600667e-04
-5.750000000000007994e+00 6.387679486500889760e-04
-5.650000000000008349e+00 6.672052908371598357e-04
-5.550000000000008704e+00 7.257913848983151960e-04
-5.450000000000009059e+00 8.331212209838824868e-04
-5.350000000000009415e+00 8.393242079310990044e-04
-5.250000000000009770e+00 8.952139585670002529e-04
-5.150000000000010125e+00 1.045203300606004472e-03
-5.050000000000010481e+00 1.078865681347712657e-03
-4.950000000000010836e+00 1.232354681563018221e-03
-4.850000000000011191e+00 1.312190197125787236e-03
-4.750000000000011546e+00 1.449780550616019481e-03
-4.650000000000011902e+00 1.565967805000089731e-03
-4.550000000000012257e+00 1.954667364322015474e-03
-4.450000000000012612e+00 2.028257980863599867e-03
-4.350000000000012967e+00 2.232397722468846581e-03
-4.250000000000013323e+00 2.610242054633143093e-03
-4.150000000000013678e+00 2.886274973784283548e-03
-4.050000000000014033e+00 3.232259144387481485e-03
-3.950000000000014388e+00 3.614699833996900483e-03
-3.850000000000014744e+00 4.089416939791831393e-03
-3.750000000000015099e+00 4.705112291722719775e-03
-3.650000000000015454e+00 5.099937999189592744e-03
-3.550000000000015810e+00 5.870889643788094678e-03
-3.450000000000016165e+00 6.672974973998919632e-03
-3.350000000000016520e+00 7.635618474234268441e-03
-3.250000000000016875e+00 8.640893539040409715e-03
-3.150000000000017231e+00 9.716043016496334409e-03
-3.050000000000017586e+00 1.115500326668305078e-02
-2.950000000000017941e+00 1.245763052559856372e-02
-2.850000000000018296e+00 1.446548431178559108e-02
-2.750000000000018652e+00 1.658673819943783795e-02
-2.650000000000019007e+00 1.866254542821780410e-02
-2.550000000000019362e+00 2.145654398581661737e-02
-2.450000000000019718e+00 2.455996541482749485e-02
-2.350000000000020073e+00 2.802566782586934230e-02
-2.250000000000020428e+00 3.191322224674155578e-02
-2.150000000000020783e+00 3.690566276154976649e-02
-2.050000000000021139e+00 4.173392669728090421e-02
-1.950000000000021272e+00 4.773495333073870389e-02
-1.850000000000021627e+00 5.505204702816432483e-02
-1.750000000000021982e+00 6.321772051652213564e-02
-1.650000000000022338e+00 7.195258092539731642e-02
-1.550000000000022693e+00 8.293568182070115702e-02
-1.450000000000023048e+00 9.424882632780927361e-02
-1.350000000000023404e+00 1.077584010125763742e-01
-1.250000000000023759e+00 1.240577551061628897e-01
-1.150000000000024114e+00 1.424519025980365283e-01
-1.050000000000024469e+00 1.642166260637368258e-01
-9.500000000000248246e-01 1.876135593673435298e-01
-8.500000000000251799e-01 2.166041060040594934e-01
-7.500000000000255351e-01 2.500697654412549764e-01
-6.500000000000258904e-01 2.880446610924842221e-01
-5.500000000000262457e-01 3.337413813687548081e-01
-4.500000000000266565e-01 3.879462456751198163e-01
-3.500000000000270117e-01 4.551268505801269182e-01
-2.500000000000273670e-01 5.358067966385064995e-01
-1.500000000000277223e-01 6.340324850314660310e-01
-5.000000000002806366e-02 7.451850655008551705e-01
4.999999999997158107e-02 7.301357250426638856e-01
1.499999999999712119e-01 6.048117712552119052e-01
2.499999999999708566e-01 4.983994952489838592e-01
3.499999999999705014e-01 4.151358374787909034e-01
4.499999999999701461e-01 3.491715558870546188e-01
5.499999999999698463e-01 2.959062345428239982e-01
6.499999999999694911e-01 2.501559157092955732e-01
7.499999999999691358e-01 2.136741516638552829e-01
8.499999999999687805e-01 1.823401472940017198e-01
9.499999999999684253e-01 1.565589827946327062e-01
1.049999999999968070e+00 1.335204675769067761e-01
1.149999999999967715e+00 1.138927359826337748e-01
1.249999999999967359e+00 9.799718376568891665e-02
1.349999999999967004e+00 8.466427545804142141e-02
1.449999999999966649e+00 7.220109856798866133e-02
1.549999999999966294e+00 6.254157398323856309e-02
1.649999999999965938e+00 5.415723821964565921e-02
1.749999999999965583e+00 4.590906779902802215e-02
1.849999999999965228e+00 3.976356326125796842e-02
1.949999999999964873e+00 3.425827962403556193e-02
2.049999999999964295e+00 2.948757493655336515e-02
2.149999999999963940e+00 2.545188927558804382e-02
2.249999999999963585e+00 2.222685297861428169e-02
2.349999999999963229e+00 1.875675678515148492e-02
2.449999999999962874e+00 1.649270846149135383e-02
2.549999999999962519e+00 1.435355113290923829e-02
2.649999999999962164e+00 1.245229372151334703e-02
2.749999999999961808e+00 1.065116425482623939e-02
2.849999999999961453e+00 9.160854728683453380e-03
2.949999999999961098e+00 7.917763570839033566e-03
3.049999999999960743e+00 7.061625635901220763e-03
3.149999999999960387e+00 6.158399485860721612e-03
3.249999999999960032e+00 5.361636989043791664e-03
3.349999999999959677e+00 4.693572500690284394e-03
3.449999999999959321e+00 4.134605140874651752e-03
3.549999999999958966e+00 3.525937046679015942e-03
3.649999999999958611e+00 3.108129551986535746e-03
3.749999999999958256e+00 2.707114828263774021e-03
3.849999999999957900e+00 2.458687995166012295e-03
3.949999999999957545e+00 2.113500153968199662e-03
4.049999999999957190e+00 1.914788025941767564e-03
4.149999999999956835e+00 1.690216148277276986e-03
4.249999999999956479e+00 1.637008770375307076e-03
4.349999999999956124e+00 1.361995711690713699e-03
4.449999999999955769e+00 1.150779814930590235e-03
4.549999999999955413e+00 1.089581201592116320e-03
4.649999999999955058e+00 1.000825399619892624e-03
4.749999999999954703e+00 9.138718168282791883e-04
4.849999999999954348e+00 8.331212209838823783e-04
4.949999999999953992e+00 7.053732195303937793e-04
5.049999999999953637e+00 6.761255772466144088e-04
5.149999999999953282e+00 6.343392395008373881e-04
5.249999999999952927e+00 5.465404298842091576e-04
5.349999999999952571e+00 4.853208605087511911e-04
5.449999999999952216e+00 4.950933590888819454e-04
5.549999999999951861e+00 4.294031684902047206e-04
5.649999999999951505e+00 4.125475294095360453e-04
5.749999999999951150e+00 3.983672777171376467e-04
5.849999999999950795e+00 3.344862916447319603e-04
5.949999999999950440e+00 3.575449176726172617e-04
6.049999999999950084e+00 2.759071829292378784e-04
6.149999999999949729e+00 2.874539593073336709e-04
6.249999999999949374e+00 2.989727943027844581e-04
6.349999999999949019e+00 2.546158493536563368e-04
6.449999999999948663e+00 2.448573214648481935e-04
6.549999999999948308e+00 2.226718636446228545e-04
6.649999999999947953e+00 2.138004746547972573e-04
6.749999999999947597e+00 1.836377520893901728e-04
6.849999999999947242e+00 1.809903060837650640e-04
6.949999999999946887e+00 1.481591814757490084e-04
7.049999999999946532e+00 1.454907794331400644e-04
7.149999999999946176e+00 1.472650572311051567e-04
7.249999999999945821e+00 1.357392368899931452e-04
7.349999999999945466e+00 1.481521961300877300e-04
7.449999999999945111e+00 1.233123069585760037e-04
7.549999999999944755e+00 1.108923623728201542e-04
7.649999999999944400e+00 1.135537790697678333e-04
7.749999999999944045e+00 9.847241778706430459e-05
7.849999999999943689e+00 8.871388989825612062e-05
7.949999999999943334e+00 8.605247320130844147e-05
