-7.950000000000000178e+00 1.774277797965122607e-06
-7.850000000000000533e+00 1.774277797965122607e-06
-7.750000000000000888e+00 8.871388989825613036e-07
-7.650000000000001243e+00 1.774277797965122607e-06
-7.550000000000001599e+00 2.661416696947683805e-06
-7.450000000000001954e+00 8.871388989825613036e-07
-7.350000000000002309e+00 1.774277797965122607e-06
-7.250000000000002665e+00 6.209972292877929019e-06
-7.150000000000003020e+00 6.209972292877929019e-06
-7.050000000000003375e+00 6.209972292877929019e-06
-6.950000000000003730e+00 8.871388989825612401e-06
-6.850000000000004086e+00 1.064566678779073522e-05
-6.750000000000004441e+00 7.984250090843050991e-06
-6.650000000000004796e+00 8.871388989825612401e-06
-6.550000000000005151e+00 7.984250090843050991e-06
-6.450000000000005507e+00 1.241994458575585804e-05
-6.350000000000005862e+00 1.419422238372097916e-05
-6.250000000000006217e+00 2.750130586845939861e-05
-6.150000000000006573e+00 2.040419467659891072e-05
-6.050000000000006928e+00 3.992125045421525496e-05
-5.950000000000007283e+00 3.016272256540708115e-05
-5.850000000000007638e+00 3.992125045421525496e-05
-5.750000000000007994e+00 4.080838935319781467e-05
-5.650000000000008349e+00 5.588975063590135694e-05
-5.550000000000008704e+00 4.346980605014550737e-05
-5.450000000000009059e+00 7.185825081758745892e-05
-5.350000000000009415e+00 5.855116733284904964e-05
-5.250000000000009770e+00 9.048816769622124005e-05
-5.150000000000010125e+00 9.314958439316891920e-05
-5.050000000000010481e+00 9.758527888808173133e-05
-4.950000000000010836e+00 1.073438067768899017e-04
-4.850000000000011191e+00 1.419422238372097984e-04
-4.750000000000011546e+00 1.721049464026168829e-04
-4.650000000000011902e+00 2.058162245639542063e-04
-4.550000000000012257e+00 2.404146416242741030e-04
-4.450000000000012612e+00 2.617059751998555362e-04
-4.350000000000012967e+00 3.397741983103208996e-04
-4.250000000000013323e+00 3.805825876635187820e-04
-4.150000000000013678e+00 4.231652548146817025e-04
-4.050000000000014033e+00 5.384933116824146011e-04
-3.950000000000014388e+00 5.908345067223855565e-04
-3.850000000000014744e+00 7.664880087209324615e-04
-3.750000000000015099e+00 9.643199831940432645e-04
-3.650000000000015454e+00 1.171023346656979800e-03
-3.550000000000015810e+00 1.528540322946951189e-03
-3.450000000000016165e+00 1.847910326580673012e-03
-3.350000000000016520e+00 2.289705498273987561e-03
-3.250000000000016875e+00 2.924896949945500479e-03
-3.150000000000017231e+00 3.747274709302333973e-03
-3.050000000000017586e+00 4.824261332667174017e-03
-2.950000000000017941e+00 6.134565486464433649e-03
-2.850000000000018296e+00 7.868922033975361136e-03
-2.750000000000018652e+00 9.733687999636728844e-03
-2.650000000000019007e+00 1.263197078261279332e-02
-2.550000000000019362e+00 1.594277315361575242e-02
-2.450000000000019718e+00 1.997393231059256188e-02
-2.350000000000020073e+00 2.478134498952478532e-02
-2.250000000000020428e+00 3.092477487963343763e-02
-2.150000000000020783e+00 3.798551337663573502e-02
-2.050000000000021139e+00 4.658012900067021178e-02
-1.950000000000021272e+00 5.648236640576802248e-02
-1.850000000000021627e+00 6.826535224739957441e-02
-1.750000000000021982e+00 8.094079283606141206e-02
-1.650000000000022338e+00 9.671856513981097470e-02
-1.550000000000022693e+00 1.136230038452686192e-01
-1.450000000000023048e+00 1.333459526862503797e-01
-1.350000000000023404e+00 1.530758868728934741e-01
-1.250000000000023759e+00 1.761362312958109910e-01
-1.150000000000024114e+00 1.993296325828849413e-01
-1.050000000000024469e+00 2.248979396292638544e-01
-9.500000000000248246e-01 2.500013789072300652e-01
-8.500000000000251799e-01 2.759857401265391474e-01
-7.500000000000255351e-01 2.997983643651025432e-01
-6.500000000000258904e-01 3.239364637994082141e-01
-5.500000000000262457e-01 3.469143392314496532e-01
-4.500000000000266565e-01 3.680107327656625960e-01
-3.500000000000270117e-01 3.836652416598748117e-01
-2.500000000000273670e-01 3.979473466773610357e-01
-1.500000000000277223e-01 4.051959700166150036e-01
-5.000000000002806366e-02 4.110468745864666595e-01
4.999999999997158107e-02 4.089832498005196992e-01
1.499999999999712119e-01 4.061169738713636956e-01
2.499999999999708566e-01 3.963688751036272828e-01
3.499999999999705014e-01 3.824878826047029001e-01
4.499999999999701461e-01 3.671846667437966838e-01
5.499999999999698463e-01 3.473925839368035562e-01
6.499999999999694911e-01 3.245141728416331972e-01
7.499999999999691358e-01 3.009587280742804238e-01
8.499999999999687805e-01 2.754081777765732819e-01
9.499999999999684253e-01 2.500580999139995764e-01
1.049999999999968070e+00 2.236620363921047461e-01
1.149999999999967715e+00 1.993385668399857980e-01
1.249999999999967359e+00 1.757547825252854801e-01
1.349999999999967004e+00 1.533207791210865478e-01
1.449999999999966649e+00 1.324303764450807941e-01
1.549999999999966294e+00 1.135085908686825074e-01
1.649999999999965938e+00 9.655091684394023765e-02
1.749999999999965583e+00 8.167358353731223042e-02
1.849999999999965228e+00 6.838601012300685178e-02
1.949999999999964873e+00 5.686561739547416061e-02
2.049999999999964295e+00 4.658900038966003881e-02
2.149999999999963940e+00 3.792785633354752578e-02
2.249999999999963585e+00 3.078460693359419062e-02
2.349999999999963229e+00 2.472722951668684943e-02
2.449999999999962874e+00 1.986126567042177660e-02
2.549999999999962519e+00 1.592946607013101534e-02
2.649999999999962164e+00 1.259027525436061390e-02
2.749999999999961808e+00 9.904025653587045924e-03
2.849999999999961453e+00 7.899971895439752284e-03
2.949999999999961098e+00 6.192229514898301562e-03
3.049999999999960743e+00 4.844672512689435565e-03
3.149999999999960387e+00 3.697594930959310737e-03
3.249999999999960032e+00 3.043773562409163563e-03
3.349999999999959677e+00 2.354466637899714325e-03
3.449999999999959321e+00 1.805327659429509929e-03
3.549999999999958966e+00 1.484183377997823176e-03
3.649999999999958611e+00 1.251752986464392666e-03
3.749999999999958256e+00 9.341572606286363155e-04
3.849999999999957900e+00 7.966507312863395189e-04
3.949999999999957545e+00 6.387400072674438625e-04
4.049999999999957190e+00 5.012334779251469575e-04
4.149999999999956835e+00 4.311495049055247535e-04
4.249999999999956479e+00 3.779211709665711164e-04
4.349999999999956124e+00 3.282413926235476639e-04
4.449999999999955769e+00 2.581574196039253515e-04
4.549999999999955413e+00 2.625931140988381094e-04
4.649999999999955058e+00 2.049290856649716331e-04
4.749999999999954703e+00 1.463779183321225834e-04
4.849999999999954348e+00 1.454907794331400373e-04
4.949999999999953992e+00 1.321836959484016280e-04
5.049999999999953637e+00 1.241994458575585770e-04
5.149999999999953282e+00 8.871388989825612062e-05
5.249999999999952927e+00 9.226244549418637303e-05
5.349999999999952571e+00 6.476113962572698120e-05
5.449999999999952216e+00 6.209972292877928850e-05
5.549999999999951861e+00 5.943830623183160258e-05
5.649999999999951505e+00 5.411547283793623751e-05
5.749999999999951150e+00 2.838844476744195833e-05
5.849999999999950795e+00 3.992125045421525496e-05
5.949999999999950440e+00 3.725983375726757581e-05
6.049999999999950084e+00 2.129133357558147044e-05
6.149999999999949729e+00 2.750130586845939861e-05
6.249999999999949374e+00 2.838844476744196172e-05
6.349999999999949019e+00 1.508136128270354227e-05
6.449999999999948663e+00 1.596850018168610198e-05
6.549999999999948308e+00 1.064566678779073522e-05
6.649999999999947953e+00 1.153280568677329663e-05
6.749999999999947597e+00 1.064566678779073522e-05
6.849999999999947242e+00 4.435694494912806200e-06
6.949999999999946887e+00 4.435694494912806200e-06
7.049999999999946532e+00 5.322833393895367610e-06
7.149999999999946176e+00 3.548555595930245214e-06
7.249999999999945821e+00 2.661416696947683805e-06
7.349999999999945466e+00 8.871388989825612401e-06
7.449999999999945111e+00 2.661416696947683805e-06
7.549999999999944755e+00 3.548555595930245214e-06
7.649999999999944400e+00 2.661416696947683805e-06
7.749999999999944045e+00 2.661416696947683805e-06
7.849999999999943689e+00 8.871388989825613036e-07
7.949999999999943334e+00 2.661416696947683805e-06
