-7.950000000000000178e+00 0.000000000000000000e+00
-7.850000000000000533e+00 0.000000000000000000e+00
-7.750000000000000888e+00 0.000000000000000000e+00
-7.650000000000001243e+00 0.000000000000000000e+00
-7.550000000000001599e+00 0.000000000000000000e+00
-7.450000000000001954e+00 1.774277797965122607e-06
-7.350000000000002309e+00 8.871388989825613036e-07
-7.250000000000002665e+00 0.000000000000000000e+00
-7.150000000000003020e+00 0.000000000000000000e+00
-7.050000000000003375e+00 8.871388989825613036e-07
-6.950000000000003730e+00 0.000000000000000000e+00
-6.850000000000004086e+00 8.871388989825613036e-07
-6.750000000000004441e+00 8.871388989825613036e-07
-6.650000000000004796e+00 0.000000000000000000e+00
-6.550000000000005151e+00 0.000000000000000000e+00
-6.450000000000005507e+00 0.000000000000000000e+00
-6.350000000000005862e+00 0.000000000000000000e+00
-6.250000000000006217e+00 8.871388989825613036e-07
-6.150000000000006573e+00 0.000000000000000000e+00
-6.050000000000006928e+00 2.661416696947683805e-06
-5.950000000000007283e+00 2.661416696947683805e-06
-5.850000000000007638e+00 2.661416696947683805e-06
-5.750000000000007994e+00 1.774277797965122607e-06
-5.650000000000008349e+00 0.000000000000000000e+00
-5.550000000000008704e+00 3.548555595930245214e-06
-5.450000000000009059e+00 1.774277797965122607e-06
-5.350000000000009415e+00 1.774277797965122607e-06
-5.250000000000009770e+00 1.774277797965122607e-06
-5.150000000000010125e+00 2.661416696947683805e-06
-5.050000000000010481e+00 5.322833393895367610e-06
-4.950000000000010836e+00 3.548555595930245214e-06
-4.850000000000011191e+00 6.209972292877929019e-06
-4.750000000000011546e+00 6.209972292877929019e-06
-4.650000000000011902e+00 1.153280568677329663e-05
-4.550000000000012257e+00 1.241994458575585634e-05
-4.450000000000012612e+00 1.951705577761634762e-05
-4.350000000000012967e+00 2.217847247456403015e-05
-4.250000000000013323e+00 4.967977834302343215e-05
-4.150000000000013678e+00 8.782675099927356090e-05
-4.050000000000014033e+00 1.037952511809596629e-04
-3.950000000000014388e+00 1.783149186954948145e-04
-3.850000000000014744e+00 2.679159474927334948e-04
-3.750000000000015099e+00 3.708240597747106387e-04
-3.650000000000015454e+00 5.180891170058156327e-04
-3.550000000000015810e+00 7.283410360646823531e-04
-3.450000000000016165e+00 1.080535178960758628e-03
-3.350000000000016520e+00 1.531201739643898909e-03
-3.250000000000016875e+00 2.037758050962940656e-03
-3.150000000000017231e+00 2.930219783339395919e-03
-3.050000000000017586e+00 4.023174906885912741e-03
-2.950000000000017941e+00 5.390255950218055328e-03
-2.850000000000018296e+00 7.255909054778403658e-03
-2.750000000000018652e+00 9.245761605196313113e-03
-2.650000000000019007e+00 1.241905744685697574e-02
-2.550000000000019362e+00 1.601906709892825242e-02
-2.450000000000019718e+00 2.025071964707512301e-02
-2.350000000000020073e+00 2.590268157249309144e-02
-2.250000000000020428e+00 3.257219181504406730e-02
-2.150000000000020783e+00 3.968083581259142234e-02
-2.050000000000021139e+00 4.887248194494986375e-02
-1.950000000000021272e+00 6.020301996275526091e-02
-1.850000000000021627e+00 7.240827693495641149e-02
-1.750000000000021982e+00 8.682250976562393141e-02
-1.650000000000022338e+00 1.028433511423491042e-01
-1.550000000000022693e+00 1.202117565066289778e-01
-1.450000000000023048e+00 1.397793792014863645e-01
-1.350000000000023404e+00 1.616118675054465104e-01
-1.250000000000023759e+00 1.836084765057188484e-01
-1.150000000000024114e+00 2.060096208439275156e-01
-1.050000000000024469e+00 2.291692689407664463e-01
-9.500000000000248246e-01 2.546541080918384159e-01
-8.500000000000251799e-01 2.779805383016850096e-01
-7.500000000000255351e-01 3.004668479741957610e-01
-6.500000000000258904e-01 3.230179187863326251e-01
-5.500000000000262457e-01 3.426662711209990109e-01
-4.500000000000266565e-01 3.590943092523587454e-01
-3.500000000000270117e-01 3.746910982353719444e-01
-2.500000000000273670e-01 3.845773741256337530e-01
-1.500000000000277223e-01 3.933511778365719191e-01
-5.000000000002806366e-02 3.959921903388433639e-01
4.999999999997158107e-02 3.969671559888249823e-01
1.499999999999712119e-01 3.937193404796497376e-01
2.499999999999708566e-01 3.836662824763789059e-01
3.499999999999705014e-01 3.737338753633695498e-01
4.499999999999701461e-01 3.583411283271224490e-01
5.499999999999698463e-01 3.416700141374416910e-01
6.499999999999694911e-01 3.223614360010854663e-01
7.499999999999691358e-01 3.005502390307000504e-01
8.499999999999687805e-01 2.771484020144392435e-01
9.499999999999684253e-01 2.538432631381684623e-01
1.049999999999968070e+00 2.298461559206902149e-01
1.149999999999967715e+00 2.061009961505227694e-01
1.249999999999967359e+00 1.832678151685095957e-01
1.349999999999967004e+00 1.611159568609152881e-01
1.449999999999966649e+00 1.401422190111702992e-01
1.549999999999966294e+00 1.209906644599356845e-01
1.649999999999965938e+00 1.034093457598999899e-01
1.749999999999965583e+00 8.744173271711375151e-02
1.849999999999965228e+00 7.234883862872455718e-02
1.949999999999964873e+00 6.035205929778433842e-02
2.049999999999964295e+00 4.931161569994622906e-02
2.149999999999963940e+00 3.991947617641773000e-02
2.249999999999963585e+00 3.246928370276209314e-02
2.349999999999963229e+00 2.601712249046184838e-02
2.449999999999962874e+00 2.034830492596320650e-02
2.549999999999962519e+00 1.619472060092680410e-02
2.649999999999962164e+00 1.231348791787804930e-02
2.749999999999961808e+00 9.372622467750823042e-03
2.849999999999961453e+00 7.127273914425930751e-03
2.949999999999961098e+00 5.242103754087966243e-03
3.049999999999960743e+00 3.910508266715126587e-03
3.149999999999960387e+00 2.775857614916430339e-03
3.249999999999960032e+00 2.086550690406981535e-03
3.349999999999959677e+00 1.563138740007271113e-03
3.449999999999959321e+00 1.091180845748549507e-03
3.549999999999958966e+00 7.593908975290719838e-04
3.649999999999958611e+00 5.535746729651181298e-04
3.749999999999958256e+00 3.859054210574141674e-04
3.849999999999957900e+00 2.448503361191869151e-04
3.949999999999957545e+00 1.667821130087214975e-04
4.049999999999957190e+00 1.188766124636632187e-04
4.149999999999956835e+00 6.653541742369208708e-05
4.249999999999956479e+00 5.056691724200599187e-05
4.349999999999956124e+00 2.572702807049427579e-05
4.449999999999955769e+00 8.871388989825612401e-06
4.549999999999955413e+00 1.241994458575585804e-05
4.649999999999955058e+00 9.758527888808173810e-06
4.749999999999954703e+00 7.097111191860489582e-06
4.849999999999954348e+00 3.548555595930245214e-06
4.949999999999953992e+00 5.322833393895367610e-06
5.049999999999953637e+00 1.774277797965122607e-06
5.149999999999953282e+00 3.548555595930245214e-06
5.249999999999952927e+00 4.435694494912806200e-06
5.349999999999952571e+00 3.548555595930245214e-06
5.449999999999952216e+00 4.435694494912806200e-06
5.549999999999951861e+00 0.000000000000000000e+00
5.649999999999951505e+00 0.000000000000000000e+00
5.749999999999951150e+00 8.871388989825613036e-07
5.849999999999950795e+00 2.661416696947683805e-06
5.949999999999950440e+00 8.871388989825613036e-07
6.049999999999950084e+00 0.000000000000000000e+00
6.149999999999949729e+00 8.871388989825613036e-07
6.249999999999949374e+00 8.871388989825613036e-07
6.349999999999949019e+00 8.871388989825613036e-07
6.449999999999948663e+00 0.000000000000000000e+00
6.549999999999948308e+00 0.000000000000000000e+00
6.649999999999947953e+00 0.000000000000000000e+00
6.749999999999947597e+00 0.000000000000000000e+00
6.849999999999947242e+00 0.000000000000000000e+00
6.949999999999946887e+00 0.000000000000000000e+00
7.049999999999946532e+00 8.871388989825613036e-07
7.149999999999946176e+00 0.000000000000000000e+00
7.249999999999945821e+00 8.871388989825613036e-07
7.349999999999945466e+00 8.871388989825613036e-07
7.449999999999945111e+00 2.661416696947683805e-06
7.549999999999944755e+00 0.000000000000000000e+00
7.649999999999944400e+00 0.000000000000000000e+00
7.749999999999944045e+00 0.000000000000000000e+00
7.849999999999943689e+00 0.000000000000000000e+00
7.949999999999943334e+00 0.000000000000000000e+00
