-7.950000000000000178e+00 0.000000000000000000e+00
-7.850000000000000533e+00 0.000000000000000000e+00
-7.750000000000000888e+00 0.000000000000000000e+00
-7.650000000000001243e+00 0.000000000000000000e+00
-7.550000000000001599e+00 0.000000000000000000e+00
-7.450000000000001954e+00 0.000000000000000000e+00
-7.350000000000002309e+00 0.000000000000000000e+00
-7.250000000000002665e+00 0.000000000000000000e+00
-7.150000000000003020e+00 0.000000000000000000e+00
-7.050000000000003375e+00 0.000000000000000000e+00
-6.950000000000003730e+00 0.000000000000000000e+00
-6.850000000000004086e+00 0.000000000000000000e+00
-6.750000000000004441e+00 0.000000000000000000e+00
-6.650000000000004796e+00 0.000000000000000000e+00
-6.550000000000005151e+00 0.000000000000000000e+00
-6.450000000000005507e+00 0.000000000000000000e+00
-6.350000000000005862e+00 0.000000000000000000e+00
-6.250000000000006217e+00 0.000000000000000000e+00
-6.150000000000006573e+00 0.000000000000000000e+00
-6.050000000000006928e+00 0.000000000000000000e+00
-5.950000000000007283e+00 1.773633309117332983e-06
-5.850000000000007638e+00 1.773633309117332983e-06
-5.750000000000007994e+00 8.868166545586664913e-07
-5.650000000000008349e+00 0.000000000000000000e+00
-5.550000000000008704e+00 8.868166545586664913e-07
-5.450000000000009059e+00 8.868166545586664913e-07
-5.350000000000009415e+00 8.868166545586664913e-07
-5.250000000000009770e+00 0.000000000000000000e+00
-5.150000000000010125e+00 8.868166545586664913e-07
-5.050000000000010481e+00 2.660449963675999262e-06
-4.950000000000010836e+00 1.773633309117332983e-06
-4.850000000000011191e+00 3.547266618234665965e-06
-4.750000000000011546e+00 5.320899927351998524e-06
-4.650000000000011902e+00 6.207716581910665227e-06
-4.550000000000012257e+00 9.754983200145331192e-06
-4.450000000000012612e+00 1.064179985470399874e-05
-4.350000000000012967e+00 2.039678305484932824e-05
-4.250000000000013323e+00 4.522764938249199931e-05
-4.150000000000013678e+00 6.562443243734132755e-05
-4.050000000000014033e+00 9.754983200145332547e-05
-3.950000000000014388e+00 1.525324645840906356e-04
-3.850000000000014744e+00 2.172700803668732973e-04
-3.750000000000015099e+00 3.263485288775892518e-04
-3.650000000000015454e+00 4.921832432800597127e-04
-3.550000000000015810e+00 7.032456070650222948e-04
-3.450000000000016165e+00 1.100539468307304598e-03
-3.350000000000016520e+00 1.523551012531788266e-03
-3.250000000000016875e+00 2.080471871594630640e-03
-3.150000000000017231e+00 2.958420359607709729e-03
-3.050000000000017586e+00 4.006637645296053096e-03
-2.950000000000017941e+00 5.301389960951705463e-03
-2.850000000000018296e+00 7.198290785052690807e-03
-2.750000000000018652e+00 9.222893207410126637e-03
-2.650000000000019007e+00 1.223186211632767972e-02
-2.550000000000019362e+00 1.592013258263719894e-02
-2.450000000000019718e+00 2.040121713812233922e-02
-2.350000000000020073e+00 2.575226883172956199e-02
-2.250000000000020428e+00 3.247788633990274926e-02
-2.150000000000020783e+00 3.993778803805059924e-02
-2.050000000000021139e+00 4.963867542226826218e-02
-1.950000000000021272e+00 6.019534087813500911e-02
-1.850000000000021627e+00 7.294155665410610723e-02
-1.750000000000021982e+00 8.689206944696788171e-02
-1.650000000000022338e+00 1.028122020296046990e-01
-1.550000000000022693e+00 1.199836329118240952e-01
-1.450000000000023048e+00 1.405985728636945931e-01
-1.350000000000023404e+00 1.619806092217586091e-01
-1.250000000000023759e+00 1.844445618983846791e-01
-1.150000000000024114e+00 2.056980098415381875e-01
-1.050000000000024469e+00 2.295116974664030418e-01
-9.500000000000248246e-01 2.548515965537624939e-01
-8.500000000000251799e-01 2.774840443947522717e-01
-7.500000000000255351e-01 2.998256163730471657e-01
-6.500000000000258904e-01 3.230167587064100010e-01
-5.500000000000262457e-01 3.422092447443682017e-01
-4.500000000000266565e-01 3.584619335724645861e-01
-3.500000000000270117e-01 3.745008995868130408e-01
-2.500000000000273670e-01 3.841051239556836361e-01
-1.500000000000277223e-01 3.912537530080812953e-01
-5.000000000002806366e-02 3.959334844941873599e-01
4.999999999997158107e-02 3.969542104635843116e-01
1.499999999999712119e-01 3.930442358336352360e-01
2.499999999999708566e-01 3.842035606043397444e-01
3.499999999999705014e-01 3.737728231134204160e-01
4.499999999999701461e-01 3.587226576689050983e-01
5.499999999999698463e-01 3.421249971621850294e-01
6.499999999999694911e-01 3.216989491577358362e-01
7.499999999999691358e-01 3.005616741963309524e-01
8.499999999999687805e-01 2.784347118484390982e-01
9.499999999999684253e-01 2.534858989057421907e-01
1.049999999999968070e+00 2.301759231406673711e-01
1.149999999999967715e+00 2.064704271476589525e-01
1.249999999999967359e+00 1.834655163117518417e-01
1.349999999999967004e+00 1.617278664752094253e-01
1.449999999999966649e+00 1.404256436160555843e-01
1.549999999999966294e+00 1.211524572625323759e-01
1.649999999999965938e+00 1.037797189997281821e-01
1.749999999999965583e+00 8.697099612922358502e-02
1.849999999999965228e+00 7.217091298129466037e-02
1.949999999999964873e+00 6.029909842671837827e-02
2.049999999999964295e+00 4.942938669179240685e-02
2.149999999999963940e+00 4.016303946830850069e-02
2.249999999999963585e+00 3.239009149110143315e-02
2.349999999999963229e+00 2.576025018162059199e-02
2.449999999999962874e+00 2.024868467353824544e-02
2.549999999999962519e+00 1.591037759943705193e-02
2.649999999999962164e+00 1.218929491690886463e-02
2.749999999999961808e+00 9.323990306029813352e-03
2.849999999999961453e+00 7.145081785779171940e-03
2.949999999999961098e+00 5.288974527787884683e-03
3.049999999999960743e+00 3.980919962313851299e-03
3.149999999999960387e+00 2.859983710951698090e-03
3.249999999999960032e+00 2.121265437704329161e-03
3.349999999999959677e+00 1.624648111151476282e-03
3.449999999999959321e+00 1.075708601979661954e-03
3.549999999999958966e+00 7.431523565201622042e-04
3.649999999999958611e+00 5.108063930257917499e-04
3.749999999999958256e+00 3.219144456047959226e-04
3.849999999999957900e+00 2.296855135306946193e-04
3.949999999999957545e+00 1.418906647293866454e-04
4.049999999999957190e+00 1.019839152742466548e-04
4.149999999999956835e+00 6.739806574645865926e-05
4.249999999999956479e+00 3.635948283690532720e-05
4.349999999999956124e+00 1.507588312749732972e-05
4.449999999999955769e+00 8.868166545586665336e-06
4.549999999999955413e+00 1.507588312749733141e-05
4.649999999999955058e+00 5.320899927351999371e-06
4.749999999999954703e+00 7.094533236469331930e-06
4.849999999999954348e+00 5.320899927351999371e-06
4.949999999999953992e+00 8.868166545586664913e-07
5.049999999999953637e+00 2.660449963675999262e-06
5.149999999999953282e+00 0.000000000000000000e+00
5.249999999999952927e+00 0.000000000000000000e+00
5.349999999999952571e+00 8.868166545586664913e-07
5.449999999999952216e+00 1.773633309117332983e-06
5.549999999999951861e+00 1.773633309117332983e-06
5.649999999999951505e+00 3.547266618234665965e-06
5.749999999999951150e+00 0.000000000000000000e+00
5.849999999999950795e+00 2.660449963675999262e-06
5.949999999999950440e+00 8.868166545586664913e-07
6.049999999999950084e+00 0.000000000000000000e+00
6.149999999999949729e+00 0.000000000000000000e+00
6.249999999999949374e+00 0.000000000000000000e+00
6.349999999999949019e+00 0.000000000000000000e+00
6.449999999999948663e+00 0.000000000000000000e+00
6.549999999999948308e+00 0.000000000000000000e+00
6.649999999999947953e+00 0.000000000000000000e+00
6.749999999999947597e+00 0.000000000000000000e+00
6.849999999999947242e+00 0.000000000000000000e+00
6.949999999999946887e+00 0.000000000000000000e+00
7.049999999999946532e+00 0.000000000000000000e+00
7.149999999999946176e+00 0.000000000000000000e+00
7.249999999999945821e+00 0.000000000000000000e+00
7.349999999999945466e+00 0.000000000000000000e+00
7.449999999999945111e+00 0.000000000000000000e+00
7.549999999999944755e+00 0.000000000000000000e+00
7.649999999999944400e+00 0.000000000000000000e+00
7.749999999999944045e+00 0.000000000000000000e+00
7.849999999999943689e+00 0.000000000000000000e+00
7.949999999999943334e+00 0.000000000000000000e+00
