-7.950000000000000178e+00 2.838844476744196066e-07
-7.850000000000000533e+00 2.838844476744196066e-07
-7.750000000000000888e+00 1.419422238372098033e-07
-7.650000000000001243e+00 0.000000000000000000e+00
-7.550000000000001599e+00 1.419422238372098033e-07
-7.450000000000001954e+00 1.419422238372098033e-07
-7.350000000000002309e+00 1.419422238372098033e-07
-7.250000000000002665e+00 0.000000000000000000e+00
-7.150000000000003020e+00 8.516533430232587667e-07
-7.050000000000003375e+00 7.097111191860490429e-07
-6.950000000000003730e+00 4.258266715116293834e-07
-6.850000000000004086e+00 9.935955668604687024e-07
-6.750000000000004441e+00 2.838844476744196066e-07
-6.650000000000004796e+00 2.838844476744196066e-07
-6.550000000000005151e+00 7.097111191860490429e-07
-6.450000000000005507e+00 2.838844476744196066e-07
-6.350000000000005862e+00 1.135537790697678426e-06
-6.250000000000006217e+00 5.677688953488392131e-07
-6.150000000000006573e+00 2.271075581395356853e-06
-6.050000000000006928e+00 1.845248909883727257e-06
-5.950000000000007283e+00 1.703306686046517533e-06
-5.850000000000007638e+00 3.122728924418615619e-06
-5.750000000000007994e+00 2.554960029069776724e-06
-5.650000000000008349e+00 3.832440043604665086e-06
-5.550000000000008704e+00 3.832440043604664239e-06
-5.450000000000009059e+00 5.535746729651182619e-06
-5.350000000000009415e+00 6.245457848837231239e-06
-5.250000000000009770e+00 7.806822311046539048e-06
-5.150000000000010125e+00 9.226244549418637981e-06
-5.050000000000010481e+00 1.476199127906981975e-05
-4.950000000000010836e+00 1.916220021802332373e-05
-4.850000000000011191e+00 1.972996911337216602e-05
-4.750000000000011546e+00 2.640125363372102727e-05
-4.650000000000011902e+00 4.087936046511642080e-05
-4.550000000000012257e+00 5.109920058139552092e-05
-4.450000000000012612e+00 7.764239643895374013e-05
-4.350000000000012967e+00 1.002112100290700972e-04
-4.250000000000013323e+00 1.328579215116283219e-04
-4.150000000000013678e+00 1.839571220930238428e-04
-4.050000000000014033e+00 2.461278161337218120e-04
-3.950000000000014388e+00 3.548555595930250246e-04
-3.850000000000014744e+00 4.475438317587234274e-04
-3.750000000000015099e+00 6.205714026162815599e-04
-3.650000000000015454e+00 8.303620094476764357e-04
-3.550000000000015810e+00 1.144480150799423749e-03
-3.450000000000016165e+00 1.529995230741292098e-03
-3.350000000000016520e+00 2.037864507630837013e-03
-3.250000000000016875e+00 2.701160519622130239e-03
-3.150000000000017231e+00 3.531948355741333125e-03
-3.050000000000017586e+00 4.611418968023267388e-03
-2.950000000000017941e+00 6.036235010901076087e-03
-2.850000000000018296e+00 7.842875635900959513e-03
-2.750000000000018652e+00 1.008258198582812765e-02
-2.650000000000019007e+00 1.280787268350235854e-02
-2.550000000000019362e+00 1.632108466569688263e-02
-2.450000000000019718e+00 2.045500999273148351e-02
-2.350000000000020073e+00 2.558196311773112616e-02
-2.250000000000020428e+00 3.196780182594328307e-02
-2.150000000000020783e+00 3.945071198219640696e-02
-2.050000000000021139e+00 4.827355784912790854e-02
-1.950000000000021272e+00 5.864399866490087321e-02
-1.850000000000021627e+00 7.049830237100959685e-02
-1.750000000000021982e+00 8.414718384840255694e-02
-1.650000000000022338e+00 9.941732717115477069e-02
-1.550000000000022693e+00 1.169361259098689182e-01
-1.450000000000023048e+00 1.361522630552990110e-01
-1.350000000000023404e+00 1.568860486933067455e-01
-1.250000000000023759e+00 1.789995127470112024e-01
-1.150000000000024114e+00 2.022681059712676532e-01
-1.050000000000024469e+00 2.267715943075963025e-01
-9.500000000000248246e-01 2.513984214951960894e-01
-8.500000000000251799e-01 2.759907779578465448e-01
-7.500000000000255351e-01 3.002105126121633050e-01
-6.500000000000258904e-01 3.233701042674028692e-01
-5.500000000000262457e-01 3.444496544567385854e-01
-4.500000000000266565e-01 3.633499813306778625e-01
-3.500000000000270117e-01 3.788117365967106354e-01
-2.500000000000273670e-01 3.910754173235408970e-01
-1.500000000000277223e-01 3.988913094073943677e-01
-5.000000000002806366e-02 4.040154303938491842e-01
4.999999999997158107e-02 4.036346105838471421e-01
1.499999999999712119e-01 3.991664012607777368e-01
2.499999999999708566e-01 3.908918815574984329e-01
3.499999999999705014e-01 3.788211137247267102e-01
4.499999999999701461e-01 3.629552455944634604e-01
5.499999999999698463e-01 3.442962182657366976e-01
6.499999999999694911e-01 3.234768392314518737e-01
7.499999999999691358e-01 3.005713297451574340e-01
8.499999999999687805e-01 2.762581904016235823e-01
9.499999999999684253e-01 2.517520062807063197e-01
1.049999999999968070e+00 2.269008992028910543e-01
1.149999999999967715e+00 2.024489392467808402e-01
1.249999999999967359e+00 1.793486962059271383e-01
1.349999999999967004e+00 1.567449581228126110e-01
1.449999999999966649e+00 1.359407680241259964e-01
1.549999999999966294e+00 1.166924088762297945e-01
1.649999999999965938e+00 9.991767686314681485e-02
1.749999999999965583e+00 8.396918718205542698e-02
1.849999999999965228e+00 7.041881584331605159e-02
1.949999999999964873e+00 5.862611282704210947e-02
2.049999999999964295e+00 4.827071788699582866e-02
2.149999999999963940e+00 3.935972701671668766e-02
2.249999999999963585e+00 3.185098337572520033e-02
2.349999999999963229e+00 2.568572288335611853e-02
2.449999999999962874e+00 2.058062886082739906e-02
2.549999999999962519e+00 1.625962368277537526e-02
2.649999999999962164e+00 1.280162722565351963e-02
2.749999999999961808e+00 1.006242619004324435e-02
2.849999999999961453e+00 7.768781795057941135e-03
2.949999999999961098e+00 6.042622410973750788e-03
3.049999999999960743e+00 4.582746638808153465e-03
3.149999999999960387e+00 3.542877906976798184e-03
3.249999999999960032e+00 2.654319585755850110e-03
3.349999999999959677e+00 2.031619049781999836e-03
3.449999999999959321e+00 1.507710301598849841e-03
3.549999999999958966e+00 1.128156795058144271e-03
3.649999999999958611e+00 8.307878361191880319e-04
3.749999999999958256e+00 6.221327670784909626e-04
3.849999999999957900e+00 4.665640897529095728e-04
3.949999999999957545e+00 3.278865370639550466e-04
4.049999999999957190e+00 2.438567405523264428e-04
4.149999999999956835e+00 1.721759175145354281e-04
4.249999999999956479e+00 1.186636991279073664e-04
4.349999999999956124e+00 9.907567223837241267e-05
4.449999999999955769e+00 6.685478742732579773e-05
4.549999999999955413e+00 5.081531613372110995e-05
4.649999999999955058e+00 3.619526707848849060e-05
4.749999999999954703e+00 2.668513808139544503e-05
4.849999999999954348e+00 2.228492914244193935e-05
4.949999999999953992e+00 1.376839571220935084e-05
5.049999999999953637e+00 9.368186773255846858e-06
5.149999999999953282e+00 7.948764534883749619e-06
5.249999999999952927e+00 7.380995639534909877e-06
5.349999999999952571e+00 5.677688953488392343e-06
5.449999999999952216e+00 4.826035610465134000e-06
5.549999999999951861e+00 4.258266715116295104e-06
5.649999999999951505e+00 2.554960029069776724e-06
5.749999999999951150e+00 2.838844476744196172e-06
5.849999999999950795e+00 1.987191133720936981e-06
5.949999999999950440e+00 1.561364462209307810e-06
6.049999999999950084e+00 1.561364462209307810e-06
6.149999999999949729e+00 8.516533430232587667e-07
6.249999999999949374e+00 1.419422238372097874e-06
6.349999999999949019e+00 8.516533430232587667e-07
6.449999999999948663e+00 1.135537790697678426e-06
6.549999999999948308e+00 2.838844476744196066e-07
6.649999999999947953e+00 5.677688953488392131e-07
6.749999999999947597e+00 2.838844476744196066e-07
6.849999999999947242e+00 4.258266715116293834e-07
6.949999999999946887e+00 2.838844476744196066e-07
7.049999999999946532e+00 1.419422238372098033e-07
7.149999999999946176e+00 2.838844476744196066e-07
7.249999999999945821e+00 2.838844476744196066e-07
7.349999999999945466e+00 0.000000000000000000e+00
7.449999999999945111e+00 2.838844476744196066e-07
7.549999999999944755e+00 1.419422238372098033e-07
7.649999999999944400e+00 2.838844476744196066e-07
7.749999999999944045e+00 1.419422238372098033e-07
7.849999999999943689e+00 0.000000000000000000e+00
7.949999999999943334e+00 1.419422238372098033e-07
