-7.950000000000000178e+00 0.000000000000000000e+00
-7.850000000000000533e+00 0.000000000000000000e+00
-7.750000000000000888e+00 0.000000000000000000e+00
-7.650000000000001243e+00 0.000000000000000000e+00
-7.550000000000001599e+00 0.000000000000000000e+00
-7.450000000000001954e+00 0.000000000000000000e+00
-7.350000000000002309e+00 0.000000000000000000e+00
-7.250000000000002665e+00 0.000000000000000000e+00
-7.150000000000003020e+00 0.000000000000000000e+00
-7.050000000000003375e+00 0.000000000000000000e+00
-6.950000000000003730e+00 0.000000000000000000e+00
-6.850000000000004086e+00 0.000000000000000000e+00
-6.750000000000004441e+00 0.000000000000000000e+00
-6.650000000000004796e+00 0.000000000000000000e+00
-6.550000000000005151e+00 3.547266618234665965e-06
-6.450000000000005507e+00 7.981349891027999480e-06
-6.350000000000005862e+00 4.434083272793332668e-06
-6.250000000000006217e+00 1.773633309117332983e-06
-6.150000000000006573e+00 8.868166545586664913e-07
-6.050000000000006928e+00 0.000000000000000000e+00
-5.950000000000007283e+00 1.773633309117332983e-06
-5.850000000000007638e+00 8.868166545586664913e-07
-5.750000000000007994e+00 2.660449963675999262e-06
-5.650000000000008349e+00 5.320899927351998524e-06
-5.550000000000008704e+00 1.773633309117332983e-06
-5.450000000000009059e+00 2.660449963675999262e-06
-5.350000000000009415e+00 2.660449963675999262e-06
-5.250000000000009770e+00 2.660449963675999262e-06
-5.150000000000010125e+00 7.094533236469331930e-06
-5.050000000000010481e+00 7.981349891027999480e-06
-4.950000000000010836e+00 9.754983200145331192e-06
-4.850000000000011191e+00 7.981349891027999480e-06
-4.750000000000011546e+00 5.320899927351998524e-06
-4.650000000000011902e+00 5.320899927351998524e-06
-4.550000000000012257e+00 1.418906647293866386e-05
-4.450000000000012612e+00 2.039678305484933163e-05
-4.350000000000012967e+00 3.458584952778799549e-05
-4.250000000000013323e+00 5.320899927351999879e-05
-4.150000000000013678e+00 7.094533236469332269e-05
-4.050000000000014033e+00 1.028707319288053206e-04
-3.950000000000014388e+00 1.631742644387946259e-04
-3.850000000000014744e+00 2.589504631311306468e-04
-3.750000000000015099e+00 3.290089788412652494e-04
-3.650000000000015454e+00 5.081459430621158065e-04
-3.550000000000015810e+00 7.440391731747208158e-04
-3.450000000000016165e+00 1.071274518706868571e-03
-3.350000000000016520e+00 1.544834612241196246e-03
-3.250000000000016875e+00 2.101755471304038621e-03
-3.150000000000017231e+00 2.873285960770077807e-03
-3.050000000000017586e+00 3.834595214311671812e-03
-2.950000000000017941e+00 5.246407328369067855e-03
-2.850000000000018296e+00 6.930472155375974261e-03
-2.750000000000018652e+00 9.151947875045434236e-03
-2.650000000000019007e+00 1.178401970577555406e-02
-2.550000000000019362e+00 1.568867343579738449e-02
-2.450000000000019718e+00 1.977512458000389717e-02
-2.350000000000020073e+00 2.542769393616108042e-02
-2.250000000000020428e+00 3.222869085997176475e-02
-2.150000000000020783e+00 4.034661051580216984e-02
-2.050000000000021139e+00 4.937795132582802060e-02
-1.950000000000021272e+00 6.070171318788799425e-02
-1.850000000000021627e+00 7.334949231520304647e-02
-1.750000000000021982e+00 8.723438067562749865e-02
-1.650000000000022338e+00 1.034294264211775283e-01
-1.550000000000022693e+00 1.216996231383950938e-01
-1.450000000000023048e+00 1.411696827892303108e-01
-1.350000000000023404e+00 1.610654144342540395e-01
-1.250000000000023759e+00 1.830380706842546779e-01
-1.150000000000024114e+00 2.076951209476045335e-01
-1.050000000000024469e+00 2.300916755584844209e-01
-9.500000000000248246e-01 2.540029130153499404e-01
-8.500000000000251799e-01 2.788790069923727799e-01
-7.500000000000255351e-01 2.996420453255537186e-01
-6.500000000000258904e-01 3.217690076734460725e-01
-5.500000000000262457e-01 3.426375771885199484e-01
-4.500000000000266565e-01 3.597691013212843125e-01
-3.500000000000270117e-01 3.742579118234636848e-01
-2.500000000000273670e-01 3.834737104976376765e-01
-1.500000000000277223e-01 3.912298089584079208e-01
-5.000000000002806366e-02 3.945917308958401537e-01
4.999999999997158107e-02 3.946156749455131951e-01
1.499999999999712119e-01 3.916031587699775329e-01
2.499999999999708566e-01 3.832617613171982462e-01
3.499999999999705014e-01 3.731520514552290058e-01
4.499999999999701461e-01 3.596458338063006077e-01
5.499999999999698463e-01 3.405562185002706799e-01
6.499999999999694911e-01 3.225086127633478017e-01
7.499999999999691358e-01 3.012542780035409873e-01
8.499999999999687805e-01 2.801090216922454967e-01
9.499999999999684253e-01 2.543487715106277358e-01
1.049999999999968070e+00 2.313793333409036590e-01
1.149999999999967715e+00 2.068721550921739372e-01
1.249999999999967359e+00 1.831294127996741794e-01
1.349999999999967004e+00 1.611789269660375834e-01
1.449999999999966649e+00 1.409550731588271044e-01
1.549999999999966294e+00 1.208340900835458281e-01
1.649999999999965938e+00 1.030046412436439740e-01
1.749999999999965583e+00 8.790392724981931083e-02
1.849999999999965228e+00 7.294421710406975845e-02
1.949999999999964873e+00 6.083207523610811851e-02
2.049999999999964295e+00 4.968567670495988020e-02
2.149999999999963940e+00 4.023309798401865367e-02
2.249999999999963585e+00 3.244773457364775321e-02
2.349999999999963229e+00 2.560860453369105671e-02
2.449999999999962874e+00 1.990814707818769347e-02
2.549999999999962519e+00 1.545189338903020862e-02
2.649999999999962164e+00 1.186826728795862748e-02
2.749999999999961808e+00 9.210477774246305857e-03
2.849999999999961453e+00 6.885244505993483657e-03
2.949999999999961098e+00 5.179009262622609466e-03
3.049999999999960743e+00 3.900219646749013627e-03
3.149999999999960387e+00 2.820963778151116576e-03
3.249999999999960032e+00 2.067169621776250490e-03
3.349999999999959677e+00 1.641497627588090879e-03
3.449999999999959321e+00 1.173258433981115307e-03
3.549999999999958966e+00 7.582282396476594695e-04
3.649999999999958611e+00 5.507131424809317676e-04
3.749999999999958256e+00 3.396507786959692397e-04
3.849999999999957900e+00 2.385536800762812779e-04
3.949999999999957545e+00 1.401170314202693137e-04
4.049999999999957190e+00 8.336076552851465823e-05
4.149999999999956835e+00 6.119034916454798472e-05
4.249999999999956479e+00 4.168038276425732911e-05
4.349999999999956124e+00 2.039678305484933163e-05
4.449999999999955769e+00 1.330224981837999631e-05
4.549999999999955413e+00 9.754983200145331192e-06
4.649999999999955058e+00 1.241543316382133215e-05
4.749999999999954703e+00 8.868166545586665336e-06
4.849999999999954348e+00 7.981349891027999480e-06
4.949999999999953992e+00 6.207716581910666074e-06
5.049999999999953637e+00 5.320899927351999371e-06
5.149999999999953282e+00 7.981349891027997786e-06
5.249999999999952927e+00 6.207716581910665227e-06
5.349999999999952571e+00 4.434083272793332668e-06
5.449999999999952216e+00 3.547266618234665965e-06
5.549999999999951861e+00 3.547266618234665965e-06
5.649999999999951505e+00 1.773633309117332983e-06
5.749999999999951150e+00 1.773633309117332983e-06
5.849999999999950795e+00 1.773633309117332983e-06
5.949999999999950440e+00 1.773633309117332983e-06
6.049999999999950084e+00 0.000000000000000000e+00
6.149999999999949729e+00 0.000000000000000000e+00
6.249999999999949374e+00 8.868166545586664913e-07
6.349999999999949019e+00 1.773633309117332983e-06
6.449999999999948663e+00 8.868166545586664913e-07
6.549999999999948308e+00 0.000000000000000000e+00
6.649999999999947953e+00 1.773633309117332983e-06
6.749999999999947597e+00 8.868166545586664913e-07
6.849999999999947242e+00 0.000000000000000000e+00
6.949999999999946887e+00 0.000000000000000000e+00
7.049999999999946532e+00 0.000000000000000000e+00
7.149999999999946176e+00 0.000000000000000000e+00
7.249999999999945821e+00 0.000000000000000000e+00
7.349999999999945466e+00 0.000000000000000000e+00
7.449999999999945111e+00 0.000000000000000000e+00
7.549999999999944755e+00 0.000000000000000000e+00
7.649999999999944400e+00 0.000000000000000000e+00
7.749999999999944045e+00 0.000000000000000000e+00
7.849999999999943689e+00 0.000000000000000000e+00
7.949999999999943334e+00 0.000000000000000000e+00
