-7.950000000000000178e+00 0.000000000000000000e+00
-7.850000000000000533e+00 0.000000000000000000e+00
-7.750000000000000888e+00 0.000000000000000000e+00
-7.650000000000001243e+00 0.000000000000000000e+00
-7.550000000000001599e+00 0.000000000000000000e+00
-7.450000000000001954e+00 0.000000000000000000e+00
-7.350000000000002309e+00 0.000000000000000000e+00
-7.250000000000002665e+00 0.000000000000000000e+00
-7.150000000000003020e+00 0.000000000000000000e+00
-7.050000000000003375e+00 0.000000000000000000e+00
-6.950000000000003730e+00 0.000000000000000000e+00
-6.850000000000004086e+00 0.000000000000000000e+00
-6.750000000000004441e+00 0.000000000000000000e+00
-6.650000000000004796e+00 0.000000000000000000e+00
-6.550000000000005151e+00 0.000000000000000000e+00
-6.450000000000005507e+00 0.000000000000000000e+00
-6.350000000000005862e+00 0.000000000000000000e+00
-6.250000000000006217e+00 0.000000000000000000e+00
-6.150000000000006573e+00 0.000000000000000000e+00
-6.050000000000006928e+00 0.000000000000000000e+00
-5.950000000000007283e+00 0.000000000000000000e+00
-5.850000000000007638e+00 0.000000000000000000e+00
-5.750000000000007994e+00 0.000000000000000000e+00
-5.650000000000008349e+00 0.000000000000000000e+00
-5.550000000000008704e+00 3.193700036337217686e-05
-5.450000000000009059e+00 6.564827852470947315e-05
-5.350000000000009415e+00 4.258266715116291377e-05
-5.250000000000009770e+00 2.750130586845939861e-05
-5.150000000000010125e+00 3.459841706031988989e-05
-5.050000000000010481e+00 4.879263944404086566e-05
-4.950000000000010836e+00 6.032544513081413519e-05
-4.850000000000011191e+00 1.428293627361922362e-04
-4.750000000000011546e+00 9.669813998909911740e-05
-4.650000000000011902e+00 6.476113962572695409e-05
-4.550000000000012257e+00 8.516533430232584110e-05
-4.450000000000012612e+00 1.064566678779073014e-04
-4.350000000000012967e+00 1.286351403524713349e-04
-4.250000000000013323e+00 1.916220021802331696e-04
-4.150000000000013678e+00 3.734854764716579248e-04
-4.050000000000014033e+00 4.453437272892452753e-04
-3.950000000000014388e+00 5.109920058139548298e-04
-3.850000000000014744e+00 7.753593977107575436e-04
-3.750000000000015099e+00 1.174571902252910093e-03
-3.650000000000015454e+00 1.697096713753639460e-03
-3.550000000000015810e+00 1.855894576671517689e-03
-3.450000000000016165e+00 2.027999523074133868e-03
-3.350000000000016520e+00 2.994980922965128321e-03
-3.250000000000016875e+00 3.441211789153357688e-03
-3.150000000000017231e+00 4.218345464662085799e-03
-3.050000000000017586e+00 5.590749341388123392e-03
-2.950000000000017941e+00 7.313573083212273306e-03
-2.850000000000018296e+00 9.546501691951404800e-03
-2.750000000000018652e+00 1.142102618550158016e-02
-2.650000000000019007e+00 1.478416975154451043e-02
-2.550000000000019362e+00 1.776406931322697252e-02
-2.450000000000019718e+00 2.145722854969142612e-02
-2.350000000000020073e+00 2.621850302053089013e-02
-2.250000000000020428e+00 3.183497938998955390e-02
-2.150000000000020783e+00 3.672045330668657903e-02
-2.050000000000021139e+00 4.579765852107626350e-02
-1.950000000000021272e+00 5.557570346566202690e-02
-1.850000000000021627e+00 6.710229918014196104e-02
-1.750000000000021982e+00 7.866171903388391451e-02
-1.650000000000022338e+00 9.192888126816724237e-02
-1.550000000000022693e+00 1.118486981059205465e-01
-1.450000000000023048e+00 1.264164059661124773e-01
-1.350000000000023404e+00 1.473209469817367834e-01
-1.250000000000023759e+00 1.712311145871141527e-01
-1.150000000000024114e+00 1.936899229537567546e-01
-1.050000000000024469e+00 2.235128713208535678e-01
-9.500000000000248246e-01 2.507001300190730420e-01
-8.500000000000251799e-01 2.728280355763941234e-01
-7.500000000000255351e-01 3.019306271575177281e-01
-6.500000000000258904e-01 3.259712041810456928e-01
-5.500000000000262457e-01 3.501430777616241774e-01
-4.500000000000266565e-01 3.700052305709458089e-01
-3.500000000000270117e-01 3.902914357739807882e-01
-2.500000000000273670e-01 4.037537685660417264e-01
-1.500000000000277223e-01 4.122720762740730294e-01
-5.000000000002806366e-02 4.173953034156976938e-01
4.999999999997158107e-02 4.183392192042149071e-01
1.499999999999712119e-01 4.087465862895164337e-01
2.499999999999708566e-01 4.014871286791412697e-01
3.499999999999705014e-01 3.847468176553399122e-01
4.499999999999701461e-01 3.651995991551573728e-01
5.499999999999698463e-01 3.452434096225432403e-01
6.499999999999694911e-01 3.224270842796104763e-01
7.499999999999691358e-01 2.990536357081167163e-01
8.499999999999687805e-01 2.749349904614779572e-01
9.499999999999684253e-01 2.491210227788838993e-01
1.049999999999968070e+00 2.255124823991601080e-01
1.149999999999967715e+00 2.004126615302466441e-01
1.249999999999967359e+00 1.689768946447996467e-01
1.349999999999967004e+00 1.470299654228707231e-01
1.449999999999966649e+00 1.276521904523953976e-01
1.549999999999966294e+00 1.090648562409133882e-01
1.649999999999965938e+00 9.338733761809436817e-02
1.749999999999965583e+00 7.796797641487973607e-02
1.849999999999965228e+00 6.711738054142471488e-02
1.949999999999964873e+00 5.436564600744986375e-02
2.049999999999964295e+00 4.456897114598540321e-02
2.149999999999963940e+00 3.854441088299474794e-02
2.249999999999963585e+00 3.222975620003679098e-02
2.349999999999963229e+00 2.578114354333247912e-02
2.449999999999962874e+00 2.057008965070885459e-02
2.549999999999962519e+00 1.798141834347770363e-02
2.649999999999962164e+00 1.327337220657719141e-02
2.749999999999961808e+00 1.201984494231481473e-02
2.849999999999961453e+00 9.538517441860563592e-03
2.949999999999961098e+00 6.650880325672290858e-03
3.049999999999960743e+00 5.265169365461517918e-03
3.149999999999960387e+00 4.261815270712229937e-03
3.249999999999960032e+00 3.223862758902628321e-03
3.349999999999959677e+00 3.104099007539984183e-03
3.449999999999959321e+00 2.404146416242739729e-03
3.549999999999958966e+00 1.699758130450585228e-03
3.649999999999958611e+00 1.579107240188959167e-03
3.749999999999958256e+00 1.318288403888085228e-03
3.849999999999957900e+00 9.226244549418626461e-04
3.949999999999957545e+00 5.970444790152631357e-04
4.049999999999957190e+00 4.763935887536348518e-04
4.149999999999956835e+00 5.411547283793621040e-04
4.249999999999956479e+00 2.386403638263087938e-04
4.349999999999956124e+00 1.543621684229656073e-04
4.449999999999955769e+00 1.188766124636631645e-04
4.549999999999955413e+00 1.499264739280527410e-04
4.649999999999955058e+00 1.037952511809595951e-04
4.749999999999954703e+00 3.725983375726756226e-05
4.849999999999954348e+00 3.193700036337221074e-05
4.949999999999953992e+00 4.346980605014550059e-05
5.049999999999953637e+00 5.943830623183158225e-05
5.149999999999953282e+00 2.306561137354659326e-05
5.249999999999952927e+00 6.209972292877929019e-06
5.349999999999952571e+00 8.871388989825612401e-06
5.449999999999952216e+00 1.419422238372098086e-05
5.549999999999951861e+00 0.000000000000000000e+00
5.649999999999951505e+00 0.000000000000000000e+00
5.749999999999951150e+00 0.000000000000000000e+00
5.849999999999950795e+00 0.000000000000000000e+00
5.949999999999950440e+00 0.000000000000000000e+00
6.049999999999950084e+00 0.000000000000000000e+00
6.149999999999949729e+00 0.000000000000000000e+00
6.249999999999949374e+00 0.000000000000000000e+00
6.349999999999949019e+00 0.000000000000000000e+00
6.449999999999948663e+00 0.000000000000000000e+00
6.549999999999948308e+00 0.000000000000000000e+00
6.649999999999947953e+00 0.000000000000000000e+00
6.749999999999947597e+00 0.000000000000000000e+00
6.849999999999947242e+00 0.000000000000000000e+00
6.949999999999946887e+00 0.000000000000000000e+00
7.049999999999946532e+00 0.000000000000000000e+00
7.149999999999946176e+00 0.000000000000000000e+00
7.249999999999945821e+00 0.000000000000000000e+00
7.349999999999945466e+00 0.000000000000000000e+00
7.449999999999945111e+00 0.000000000000000000e+00
7.549999999999944755e+00 0.000000000000000000e+00
7.649999999999944400e+00 0.000000000000000000e+00
7.749999999999944045e+00 0.000000000000000000e+00
7.849999999999943689e+00 0.000000000000000000e+00
7.949999999999943334e+00 0.000000000000000000e+00
