-7.950000000000000178e+00 1.543621684229656615e-04
-7.850000000000000533e+00 1.676692519077040708e-04
-7.750000000000000888e+00 1.792020575944773878e-04
-7.650000000000001243e+00 1.712178075036343097e-04
-7.550000000000001599e+00 1.969448355741286092e-04
-7.450000000000001954e+00 2.288818359375008132e-04
-7.350000000000002309e+00 2.368660860283438641e-04
-7.250000000000002665e+00 2.794487531795067847e-04
-7.150000000000003020e+00 2.705843495353424388e-04
-7.050000000000003375e+00 2.847715865734021701e-04
-6.950000000000003730e+00 3.007400867550882721e-04
-6.850000000000004086e+00 3.042886423510185109e-04
-6.750000000000004441e+00 3.859193917487367242e-04
-6.650000000000004796e+00 3.947768100472397374e-04
-6.550000000000005151e+00 4.364863089907426415e-04
-6.450000000000005507e+00 4.462518222252121716e-04
-6.350000000000005862e+00 5.056971138027049374e-04
-6.250000000000006217e+00 5.651074786518913654e-04
-6.150000000000006573e+00 6.103795038826470652e-04
-6.050000000000006928e+00 6.449779209429668805e-04
-5.950000000000007283e+00 6.760138117160339544e-04
-5.850000000000007638e+00 7.620942262999872655e-04
-5.750000000000007994e+00 7.860469765725164185e-04
-5.650000000000008349e+00 8.215465032231413639e-04
-5.550000000000008704e+00 9.679314069009250631e-04
-5.450000000000009059e+00 1.081506142007676542e-03
-5.350000000000009415e+00 1.187061700295278469e-03
-5.250000000000009770e+00 1.271332910352960567e-03
-5.150000000000010125e+00 1.408874366423563647e-03
-5.050000000000010481e+00 1.503812199306020243e-03
-4.950000000000010836e+00 1.621829614253345649e-03
-4.850000000000011191e+00 1.706107809656689026e-03
-4.750000000000011546e+00 1.862230285186296762e-03
-4.650000000000011902e+00 2.041390430706806289e-03
-4.550000000000012257e+00 2.248163647626355392e-03
-4.450000000000012612e+00 2.540137125576537053e-03
-4.350000000000012967e+00 2.729963893921820862e-03
-4.250000000000013323e+00 3.000569199494146702e-03
-4.150000000000013678e+00 3.223220107101785505e-03
-4.050000000000014033e+00 3.617207573089300295e-03
-3.950000000000014388e+00 3.932211735684724638e-03
-3.850000000000014744e+00 4.514139926688982840e-03
-3.750000000000015099e+00 4.795586488727619258e-03
-3.650000000000015454e+00 5.289736826152234908e-03
-3.550000000000015810e+00 5.855689531629147682e-03
-3.450000000000016165e+00 6.493598282762907438e-03
-3.350000000000016520e+00 7.134175435939275542e-03
-3.250000000000016875e+00 7.727748198160890904e-03
-3.150000000000017231e+00 8.883110399845295380e-03
-3.050000000000017586e+00 9.582092028095626907e-03
-2.950000000000017941e+00 1.068839614720086366e-02
-2.850000000000018296e+00 1.197337143763032088e-02
-2.750000000000018652e+00 1.317733767442591172e-02
-2.650000000000019007e+00 1.487461600716676394e-02
-2.550000000000019362e+00 1.674520076576397828e-02
-2.450000000000019718e+00 1.854879605946951893e-02
-2.350000000000020073e+00 2.053623168028862259e-02
-2.250000000000020428e+00 2.331509997918510685e-02
-2.150000000000020783e+00 2.622301555382807250e-02
-2.050000000000021139e+00 2.954669191688476942e-02
-1.950000000000021272e+00 3.341533700705190402e-02
-1.850000000000021627e+00 3.766828088877435116e-02
-1.750000000000021982e+00 4.257668070993169546e-02
-1.650000000000022338e+00 4.917353637225970603e-02
-1.550000000000022693e+00 5.595967394597142069e-02
-1.450000000000023048e+00 6.386795141740229942e-02
-1.350000000000023404e+00 7.397212119487545090e-02
-1.250000000000023759e+00 8.568548409630066809e-02
-1.150000000000024114e+00 9.921787291999727143e-02
-1.050000000000024469e+00 1.165165715199232843e-01
-9.500000000000248246e-01 1.362893188901243557e-01
-8.500000000000251799e-01 1.621724345094191777e-01
-7.500000000000255351e-01 1.937319188518729085e-01
-6.500000000000258904e-01 2.334196072885578732e-01
-5.500000000000262457e-01 2.832947657497261185e-01
-4.500000000000266565e-01 3.491397166815298214e-01
-3.500000000000270117e-01 4.371477164446804231e-01
-2.500000000000273670e-01 5.584328481509707176e-01
-1.500000000000277223e-01 7.361922572327490588e-01
-5.000000000002806366e-02 1.015232884606654284e+00
4.999999999997158107e-02 1.008704492317152424e+00
1.499999999999712119e-01 7.262083820929082778e-01
2.499999999999708566e-01 5.491394604590560391e-01
3.499999999999705014e-01 4.284337911167507840e-01
4.499999999999701461e-01 3.399609934386443877e-01
5.499999999999698463e-01 2.750602377091853623e-01
6.499999999999694911e-01 2.249619952489779195e-01
7.499999999999691358e-01 1.872396757261682865e-01
8.499999999999687805e-01 1.573674178040488647e-01
9.499999999999684253e-01 1.325571115714135606e-01
1.049999999999968070e+00 1.129519077168982533e-01
1.149999999999967715e+00 9.591513862323330919e-02
1.249999999999967359e+00 8.280355400751784889e-02
1.349999999999967004e+00 7.104051831309532439e-02
1.449999999999966649e+00 6.186997490998046717e-02
1.549999999999966294e+00 5.382324090219720719e-02
1.649999999999965938e+00 4.705851341293731949e-02
1.749999999999965583e+00 4.161315007079736950e-02
1.849999999999965228e+00 3.628731297826758018e-02
1.949999999999964873e+00 3.191418622444280873e-02
2.049999999999964295e+00 2.795939785158077506e-02
2.149999999999963940e+00 2.537911594448882466e-02
2.249999999999963585e+00 2.240166823913347302e-02
2.349999999999963229e+00 2.009912367553402107e-02
2.449999999999962874e+00 1.783389482845712873e-02
2.549999999999962519e+00 1.574176284686675670e-02
2.649999999999962164e+00 1.426953838064102219e-02
2.749999999999961808e+00 1.268136416178370328e-02
2.849999999999961453e+00 1.133546967184222154e-02
2.949999999999961098e+00 1.034247484470860942e-02
3.049999999999960743e+00 9.175698588213671708e-03
3.149999999999960387e+00 8.380039776011226349e-03
3.249999999999960032e+00 7.569069086119251805e-03
3.349999999999959677e+00 6.876038972372331207e-03
3.449999999999959321e+00 6.157302786591899169e-03
3.549999999999958966e+00 5.565574155624863038e-03
3.649999999999958611e+00 5.127215773996892691e-03
3.749999999999958256e+00 4.577238554047326213e-03
3.849999999999957900e+00 4.173471604134014294e-03
3.949999999999957545e+00 3.722881882253144606e-03
4.049999999999957190e+00 3.524854318101516924e-03
4.149999999999956835e+00 3.252537602842177876e-03
4.249999999999956479e+00 2.883529732939400271e-03
4.349999999999956124e+00 2.716726663893695264e-03
4.449999999999955769e+00 2.431005070310359503e-03
4.549999999999955413e+00 2.186944078250897643e-03
4.649999999999955058e+00 2.049437548908600738e-03
4.749999999999954703e+00 1.939411369397779769e-03
4.849999999999954348e+00 1.732728961971827068e-03
4.949999999999953992e+00 1.575656479432285036e-03
5.049999999999953637e+00 1.514485807476456019e-03
5.149999999999953282e+00 1.272303873399878481e-03
5.249999999999952927e+00 1.199488630226695773e-03
5.349999999999952571e+00 1.109880616083795896e-03
5.449999999999952216e+00 1.057539421043824941e-03
5.549999999999951861e+00 8.765491149600601476e-04
5.649999999999951505e+00 8.419437125540790538e-04
5.749999999999951150e+00 8.002481843018986523e-04
5.849999999999950795e+00 7.088379509783886232e-04
5.949999999999950440e+00 6.777950748596602709e-04
6.049999999999950084e+00 6.121887084089184953e-04
6.149999999999949729e+00 5.562849870816947984e-04
6.249999999999949374e+00 5.181170583884607463e-04
6.349999999999949019e+00 5.021415728611133659e-04
6.449999999999948663e+00 4.373734478897252690e-04
6.549999999999948308e+00 4.018948772760841046e-04
6.649999999999947953e+00 4.169692532131263549e-04
6.749999999999947597e+00 3.770480027589110999e-04
6.849999999999947242e+00 3.220593617133148730e-04
6.949999999999946887e+00 2.661626257317522377e-04
7.049999999999946532e+00 3.140541555854879869e-04
7.149999999999946176e+00 2.865458643713672624e-04
7.249999999999945821e+00 2.501731695130823005e-04
7.349999999999945466e+00 2.510603084120648738e-04
7.449999999999945111e+00 1.942904042228421949e-04
7.549999999999944755e+00 1.960576966751460359e-04
7.649999999999944400e+00 2.049290856649716602e-04
7.749999999999944045e+00 1.747663630995645485e-04
7.849999999999943689e+00 1.694435297056692174e-04
7.949999999999943334e+00 1.517007517260179688e-04
