-7.950000000000000178e+00 2.217041636396666334e-05
-7.850000000000000533e+00 3.192539956411199114e-05
-7.750000000000000888e+00 3.369903287322932963e-05
-7.650000000000001243e+00 3.901993280058131122e-05
-7.550000000000001599e+00 3.192539956411199792e-05
-7.450000000000001954e+00 2.571768298220133015e-05
-7.350000000000002309e+00 2.749131629131866186e-05
-7.250000000000002665e+00 2.749131629131866186e-05
-7.150000000000003020e+00 5.143536596440264675e-05
-7.050000000000003375e+00 5.320899927351999202e-05
-6.950000000000003730e+00 6.119034916454798472e-05
-6.850000000000004086e+00 7.360578232836932026e-05
-6.750000000000004441e+00 6.917169905557599098e-05
-6.650000000000004796e+00 8.336076552851464467e-05
-6.550000000000005151e+00 1.002102819651293230e-04
-6.450000000000005507e+00 1.383433981111519277e-04
-6.350000000000005862e+00 1.596269978205599625e-04
-6.250000000000006217e+00 1.534192812386493015e-04
-6.150000000000006573e+00 1.720424309843812845e-04
-6.050000000000006928e+00 1.809105975299679430e-04
-5.950000000000007283e+00 2.474218466218678822e-04
-5.850000000000007638e+00 2.385536800762812237e-04
-5.750000000000007994e+00 2.811208794950972390e-04
-5.650000000000008349e+00 3.103858290955332664e-04
-5.550000000000008704e+00 3.786707114965504831e-04
-5.450000000000009059e+00 4.247851775336011076e-04
-5.350000000000009415e+00 5.728835588448983598e-04
-5.250000000000009770e+00 5.205613762259370201e-04
-5.150000000000010125e+00 5.808649087359262983e-04
-5.050000000000010481e+00 7.298501067017821621e-04
-4.950000000000010836e+00 8.504571717217607185e-04
-4.850000000000011191e+00 9.453465537595380193e-04
-4.750000000000011546e+00 1.007423719578644629e-03
-4.650000000000011902e+00 1.203410200236109838e-03
-4.550000000000012257e+00 1.364810831365787132e-03
-4.450000000000012612e+00 1.614893127951331012e-03
-4.350000000000012967e+00 1.794030092172181406e-03
-4.250000000000013323e+00 2.104429886884321733e-03
-4.150000000000013678e+00 2.199319268922098926e-03
-4.050000000000014033e+00 2.638293512928638687e-03
-3.950000000000014388e+00 2.906105159797052299e-03
-3.850000000000014744e+00 3.390307053186083532e-03
-3.750000000000015099e+00 3.798242714283070476e-03
-3.650000000000015454e+00 4.389749422873700548e-03
-3.550000000000015810e+00 4.997218831246387147e-03
-3.450000000000016165e+00 5.785591854340736695e-03
-3.350000000000016520e+00 6.483523544286710905e-03
-3.250000000000016875e+00 7.211593034871071825e-03
-3.150000000000017231e+00 8.263371552794256808e-03
-3.050000000000017586e+00 9.187434506844387172e-03
-2.950000000000017941e+00 1.047424038665052855e-02
-2.850000000000018296e+00 1.186122163438028260e-02
-2.750000000000018652e+00 1.363134259092090364e-02
-2.650000000000019007e+00 1.548491508949800290e-02
-2.550000000000019362e+00 1.828102705289667493e-02
-2.450000000000019718e+00 2.088296806579682113e-02
-2.350000000000020073e+00 2.439388218400303718e-02
-2.250000000000020428e+00 2.811496486653133897e-02
-2.150000000000020783e+00 3.126588728545313944e-02
-2.050000000000021139e+00 3.631906634244490284e-02
-1.950000000000021272e+00 4.227848124388772222e-02
-1.850000000000021627e+00 4.875947701156878311e-02
-1.750000000000021982e+00 5.613250559161134939e-02
-1.650000000000022338e+00 6.522157327788274950e-02
-1.550000000000022693e+00 7.596000123389159975e-02
-1.450000000000023048e+00 8.729999114244840763e-02
-1.350000000000023404e+00 1.014478031839290140e-01
-1.250000000000023759e+00 1.190442636419725142e-01
-1.150000000000024114e+00 1.386300912716735556e-01
-1.050000000000024469e+00 1.605467942787365820e-01
-9.500000000000248246e-01 1.869241710926140276e-01
-8.500000000000251799e-01 2.165678123529722610e-01
-7.500000000000255351e-01 2.540264730105661339e-01
-6.500000000000258904e-01 2.950056631133965990e-01
-5.500000000000262457e-01 3.413158363187707156e-01
-4.500000000000266565e-01 3.930668531497307217e-01
-3.500000000000270117e-01 4.500768184327745836e-01
-2.500000000000273670e-01 5.084669497426422824e-01
-1.500000000000277223e-01 5.620916914569386025e-01
-5.000000000002806366e-02 5.944068923289801409e-01
4.999999999997158107e-02 5.939200299856275400e-01
1.499999999999712119e-01 5.643195145493556941e-01
2.499999999999708566e-01 5.141986901793451636e-01
3.499999999999705014e-01 4.547128445217089032e-01
4.499999999999701461e-01 3.968332193441079792e-01
5.499999999999698463e-01 3.440936114275638946e-01
6.499999999999694911e-01 2.975362118942003753e-01
7.499999999999691358e-01 2.582724673588933095e-01
8.499999999999687805e-01 2.211465375169668346e-01
9.499999999999684253e-01 1.884515417012878891e-01
1.049999999999968070e+00 1.616507832543459533e-01
1.149999999999967715e+00 1.397123287994170016e-01
1.249999999999967359e+00 1.195851380075536596e-01
1.349999999999967004e+00 1.018415008988948767e-01
1.449999999999966649e+00 8.697475986289929240e-02
1.549999999999966294e+00 7.604356450086091623e-02
1.649999999999965938e+00 6.504161932509033850e-02
1.749999999999965583e+00 5.632231228692013980e-02
1.849999999999965228e+00 4.818558094551984861e-02
1.949999999999964873e+00 4.200178048204879222e-02
2.049999999999964295e+00 3.596095301859416477e-02
2.149999999999963940e+00 3.183277959477358310e-02
2.249999999999963585e+00 2.726651176079268601e-02
2.349999999999963229e+00 2.393185070697795638e-02
2.449999999999962874e+00 2.048292996089120729e-02
2.549999999999962519e+00 1.808321107646364972e-02
2.649999999999962164e+00 1.546173914873831025e-02
2.749999999999961808e+00 1.324208594203607307e-02
2.849999999999961453e+00 1.180623201898934119e-02
2.949999999999961098e+00 1.022681854002866278e-02
3.049999999999960743e+00 9.089891657651238271e-03
3.149999999999960387e+00 7.978696423872621429e-03
3.249999999999960032e+00 7.049312569895139179e-03
3.349999999999959677e+00 6.391294612212609222e-03
3.449999999999959321e+00 5.476979658554321194e-03
3.549999999999958966e+00 4.779948750879513958e-03
3.649999999999958611e+00 4.183121142361531132e-03
3.749999999999958256e+00 3.697138632855078658e-03
3.849999999999957900e+00 3.275020888093457296e-03
3.949999999999957545e+00 2.849341911096993883e-03
4.049999999999957190e+00 2.490188148809037959e-03
4.149999999999956835e+00 2.150530387304764972e-03
4.249999999999956479e+00 1.821549339696714549e-03
4.349999999999956124e+00 1.653026244097353589e-03
4.449999999999955769e+00 1.473002463221944258e-03
4.549999999999955413e+00 1.359489931438435028e-03
4.649999999999955058e+00 1.140446217762444616e-03
4.749999999999954703e+00 9.834796699055607053e-04
4.849999999999954348e+00 8.681935048129340356e-04
4.949999999999953992e+00 7.777382060479502267e-04
5.049999999999953637e+00 6.571311410279716703e-04
5.149999999999953282e+00 6.323002747003290264e-04
5.249999999999952927e+00 5.108063930257917499e-04
5.349999999999952571e+00 4.859755266981491059e-04
5.449999999999952216e+00 3.662552783327292154e-04
5.549999999999951861e+00 3.440848619687625690e-04
5.649999999999951505e+00 2.953099459680358927e-04
5.749999999999951150e+00 2.500822965855438798e-04
5.849999999999950795e+00 2.323459634943705627e-04
5.949999999999950440e+00 2.154964470577559656e-04
6.049999999999950084e+00 1.933260306937892921e-04
6.149999999999949729e+00 1.551929145477666332e-04
6.249999999999949374e+00 1.480983813112973064e-04
6.349999999999949019e+00 1.472115646567386134e-04
6.449999999999948663e+00 1.339093148383586527e-04
6.549999999999948308e+00 8.336076552851465823e-05
6.649999999999947953e+00 7.981349891027998125e-05
6.749999999999947597e+00 7.981349891027998125e-05
6.849999999999947242e+00 6.207716581910665058e-05
6.949999999999946887e+00 4.522764938249199254e-05
7.049999999999946532e+00 3.369903287322932963e-05
7.149999999999946176e+00 5.054854930984399445e-05
7.249999999999945821e+00 4.256719941881599497e-05
7.349999999999945466e+00 3.192539956411199792e-05
7.449999999999945111e+00 2.749131629131866186e-05
7.549999999999944755e+00 3.813311614602265891e-05
7.649999999999944400e+00 1.862314974573199653e-05
7.749999999999944045e+00 3.015176625499465943e-05
7.849999999999943689e+00 2.483086632764266430e-05
7.949999999999943334e+00 2.039678305484932824e-05
