-7.950000000000000178e+00 4.079356610969864293e-05
-7.850000000000000533e+00 3.458584952778798194e-05
-7.750000000000000888e+00 3.458584952778798194e-05
-7.650000000000001243e+00 2.571768298220131999e-05
-7.550000000000001599e+00 2.483086632764265413e-05
-7.450000000000001954e+00 5.320899927351997846e-05
-7.350000000000002309e+00 1.959864806574651813e-04
-7.250000000000002665e+00 4.966173265528531504e-05
-7.150000000000003020e+00 6.030353250998931209e-05
-7.050000000000003375e+00 1.170597984017439472e-04
-6.950000000000003730e+00 2.066282805121692258e-04
-6.850000000000004086e+00 1.534192812386492473e-04
-6.750000000000004441e+00 2.039678305484932011e-04
-6.650000000000004796e+00 1.809105975299678888e-04
-6.550000000000005151e+00 2.101755471304038892e-04
-6.450000000000005507e+00 3.316694288049411386e-04
-6.350000000000005862e+00 4.966173265528529878e-04
-6.250000000000006217e+00 4.833150767344730541e-04
-6.150000000000006573e+00 5.303163594260822903e-04
-6.050000000000006928e+00 5.179009262622609683e-04
-5.950000000000007283e+00 5.223350095350543518e-04
-5.850000000000007638e+00 6.580179576825301736e-04
-5.750000000000007994e+00 7.112269569560502333e-04
-5.650000000000008349e+00 7.378314565928102090e-04
-5.550000000000008704e+00 7.830591059753021135e-04
-5.450000000000009059e+00 9.373652038685100808e-04
-5.350000000000009415e+00 1.020725969397024563e-03
-5.250000000000009770e+00 8.096636056120621976e-04
-5.150000000000010125e+00 9.843664865601194254e-04
-5.050000000000010481e+00 1.074821785325103234e-03
-4.950000000000010836e+00 1.433982530421362960e-03
-4.850000000000011191e+00 1.567005028605162730e-03
-4.750000000000011546e+00 1.903995357337455972e-03
-4.650000000000011902e+00 1.784275108972035919e-03
-4.550000000000012257e+00 2.036131038866697239e-03
-4.450000000000012612e+00 2.021941972393758585e-03
-4.350000000000012967e+00 2.355385034507816947e-03
-4.250000000000013323e+00 2.767754778877596408e-03
-4.150000000000013678e+00 3.102084657646214140e-03
-4.050000000000014033e+00 3.158840923537968755e-03
-3.950000000000014388e+00 3.746800365510363946e-03
-3.850000000000014744e+00 3.626193300490385824e-03
-3.750000000000015099e+00 4.453593239193628928e-03
-3.650000000000015454e+00 4.668202869596817933e-03
-3.550000000000015810e+00 4.762212417788340424e-03
-3.450000000000016165e+00 5.551472257537248475e-03
-3.350000000000016520e+00 6.182920629624538006e-03
-3.250000000000016875e+00 6.637843607796525824e-03
-3.150000000000017231e+00 7.383726242363407299e-03
-3.050000000000017586e+00 8.094331729380430801e-03
-2.950000000000017941e+00 9.037171454958971631e-03
-2.850000000000018296e+00 1.044358585819768828e-02
-2.750000000000018652e+00 1.137907268663254645e-02
-2.650000000000019007e+00 1.321506945670941797e-02
-2.550000000000019362e+00 1.471800721912899963e-02
-2.450000000000019718e+00 1.738296807696919355e-02
-2.350000000000020073e+00 1.851652924574432452e-02
-2.250000000000020428e+00 2.238763058186743482e-02
-2.150000000000020783e+00 2.450718523153744971e-02
-2.050000000000021139e+00 2.873772662508900649e-02
-1.950000000000021272e+00 3.124410790635420015e-02
-1.850000000000021627e+00 3.525515868649831130e-02
-1.750000000000021982e+00 3.998888124640813391e-02
-1.650000000000022338e+00 4.641791095469367107e-02
-1.550000000000022693e+00 5.338883451857270868e-02
-1.450000000000023048e+00 6.215867614043611017e-02
-1.350000000000023404e+00 7.055479786189017277e-02
-1.250000000000023759e+00 8.028910496664792840e-02
-1.150000000000024114e+00 9.400491160680907177e-02
-1.050000000000024469e+00 1.074966957909737758e-01
-9.500000000000248246e-01 1.263983408802787090e-01
-8.500000000000251799e-01 1.520477669113122210e-01
-7.500000000000255351e-01 1.775462316096300119e-01
-6.500000000000258904e-01 2.142544009791771398e-01
-5.500000000000262457e-01 2.675377252642799353e-01
-4.500000000000266565e-01 3.249104404558846859e-01
-3.500000000000270117e-01 4.097827535494579232e-01
-2.500000000000273670e-01 5.188575989310895142e-01
-1.500000000000277223e-01 6.955072309717202916e-01
-5.000000000002806366e-02 1.009557840366448467e+00
4.999999999997158107e-02 1.005505109203543634e+00
1.499999999999712119e-01 7.389835501348158697e-01
2.499999999999708566e-01 5.507206769310898364e-01
3.499999999999705014e-01 4.363812130570359216e-01
4.499999999999701461e-01 3.640799519931367523e-01
5.499999999999698463e-01 2.926048269796407419e-01
6.499999999999694911e-01 2.477732913637904211e-01
7.499999999999691358e-01 2.045138093469452967e-01
8.499999999999687805e-01 1.669380609597163612e-01
9.499999999999684253e-01 1.437658490196639105e-01
1.049999999999968070e+00 1.231319228120151266e-01
1.149999999999967715e+00 1.079295880089478493e-01
1.249999999999967359e+00 9.315236657540457155e-02
1.349999999999967004e+00 8.216968696774347436e-02
1.449999999999966649e+00 7.040170677264173671e-02
1.549999999999966294e+00 6.187763207183234054e-02
1.649999999999965938e+00 5.633531427598115204e-02
1.749999999999965583e+00 4.928241952542609244e-02
1.849999999999965228e+00 4.309064469487247639e-02
1.949999999999964873e+00 3.825401648899235535e-02
2.049999999999964295e+00 3.354001337973193386e-02
2.149999999999963940e+00 3.008849502895626082e-02
2.249999999999963585e+00 2.630510474793480713e-02
2.349999999999963229e+00 2.441615035968325992e-02
2.449999999999962874e+00 2.254301901504769667e-02
2.549999999999962519e+00 1.962046235888720291e-02
2.649999999999962164e+00 1.836294237710638100e-02
2.749999999999961808e+00 1.706309261138906283e-02
2.849999999999961453e+00 1.556126511548977867e-02
2.949999999999961098e+00 1.432171189947411410e-02
3.049999999999960743e+00 1.157952816460432188e-02
3.149999999999960387e+00 1.142510335896995168e-02
3.249999999999960032e+00 9.191163326478520024e-03
3.349999999999959677e+00 8.110133824571501629e-03
3.449999999999959321e+00 7.896341182739827907e-03
3.549999999999958966e+00 6.708083676522554224e-03
3.649999999999958611e+00 6.464076423161152843e-03
3.749999999999958256e+00 5.898329294402544776e-03
3.849999999999957900e+00 5.391977933074458031e-03
3.949999999999957545e+00 4.393387465999881378e-03
4.049999999999957190e+00 4.349905518693292575e-03
4.149999999999956835e+00 3.896735225405510792e-03
4.249999999999956479e+00 3.478150781645516706e-03
4.349999999999956124e+00 3.324731500406867893e-03
4.449999999999955769e+00 3.357543716625538584e-03
4.549999999999955413e+00 3.008110023496209789e-03
4.649999999999955058e+00 2.580636464765717966e-03
4.749999999999954703e+00 2.226796619596810561e-03
4.849999999999954348e+00 2.104415921267714564e-03
4.949999999999953992e+00 1.740821092898661455e-03
5.049999999999953637e+00 1.656573510715588253e-03
5.149999999999953282e+00 1.666328493915733740e-03
5.249999999999952927e+00 1.630855827733386889e-03
5.349999999999952571e+00 1.316922732019619284e-03
5.449999999999952216e+00 1.355055848165641862e-03
5.549999999999951861e+00 1.271695082637127163e-03
5.649999999999951505e+00 1.144880301035238000e-03
5.749999999999951150e+00 6.145639416091557092e-04
5.849999999999950795e+00 4.629182936796236852e-04
5.949999999999950440e+00 5.099195763712330298e-04
6.049999999999950084e+00 4.655787436432996828e-04
6.149999999999949729e+00 4.513896771703610833e-04
6.249999999999949374e+00 3.848784280784610899e-04
6.349999999999949019e+00 5.134668429894676932e-04
6.449999999999948663e+00 3.591607450962597801e-04
6.549999999999948308e+00 6.127903083000382691e-04
6.649999999999947953e+00 3.298957954958238068e-04
6.749999999999947597e+00 2.731395296040691921e-04
6.849999999999947242e+00 3.467453119324384581e-04
6.949999999999946887e+00 3.760102615328744314e-04
7.049999999999946532e+00 2.137228137486385526e-04
7.149999999999946176e+00 2.669318130221584769e-04
7.249999999999945821e+00 1.977601139665825672e-04
7.349999999999945466e+00 1.826842308390852205e-04
7.449999999999945111e+00 1.950996640029065425e-04
7.549999999999944755e+00 9.488938203777728725e-05
7.649999999999944400e+00 8.070031556483863355e-05
7.749999999999944045e+00 1.028707319288052800e-04
7.849999999999943689e+00 6.739806574645863216e-05
7.949999999999943334e+00 6.119034916454797117e-05
