-7.950000000000000178e+00 4.346980605014550059e-05
-7.850000000000000533e+00 2.483988917151171269e-05
-7.750000000000000888e+00 3.459841706031988989e-05
-7.650000000000001243e+00 4.790550054505830595e-05
-7.550000000000001599e+00 5.145405614098855836e-05
-7.450000000000001954e+00 6.032544513081416907e-05
-7.350000000000002309e+00 7.185825081758745892e-05
-7.250000000000002665e+00 8.871388989825613417e-05
-7.150000000000003020e+00 1.037952511809596629e-04
-7.050000000000003375e+00 1.055695289789247823e-04
-6.950000000000003730e+00 1.135537790697678333e-04
-6.850000000000004086e+00 1.499264739280528494e-04
-6.750000000000004441e+00 1.596850018168610198e-04
-6.650000000000004796e+00 1.685563908066866441e-04
-6.550000000000005151e+00 1.960576966751460359e-04
-6.450000000000005507e+00 1.978319744731111553e-04
-6.350000000000005862e+00 2.723516419876463070e-04
-6.250000000000006217e+00 2.528345862100299661e-04
-6.150000000000006573e+00 3.078371979469487498e-04
-6.050000000000006928e+00 3.450970317042163392e-04
-5.950000000000007283e+00 3.983253656431699763e-04
-5.850000000000007638e+00 4.400208938953503778e-04
-5.750000000000007994e+00 4.728450331577051008e-04
-5.650000000000008349e+00 5.358318949854668813e-04
-5.550000000000008704e+00 5.899473678234029832e-04
-5.450000000000009059e+00 6.972911746002928308e-04
-5.350000000000009415e+00 7.026140079941881620e-04
-5.250000000000009770e+00 8.383462595385198120e-04
-5.150000000000010125e+00 9.261730105377931560e-04
-5.050000000000010481e+00 9.891598723655550991e-04
-4.950000000000010836e+00 1.108923623728200539e-03
-4.850000000000011191e+00 1.308529875999276488e-03
-4.750000000000011546e+00 1.368855321130090386e-03
-4.650000000000011902e+00 1.603059990461486260e-03
-4.550000000000012257e+00 1.757429144230113118e-03
-4.450000000000012612e+00 1.951712563107293628e-03
-4.350000000000012967e+00 2.200104469476749178e-03
-4.250000000000013323e+00 2.505301206763733447e-03
-4.150000000000013678e+00 2.825537393259453574e-03
-4.050000000000014033e+00 3.068613451580675180e-03
-3.950000000000014388e+00 3.601797900560516248e-03
-3.850000000000014744e+00 3.959300906159167466e-03
-3.750000000000015099e+00 4.507566716421718134e-03
-3.650000000000015454e+00 4.898787985527371450e-03
-3.550000000000015810e+00 5.541991628672381098e-03
-3.450000000000016165e+00 6.222413193500691588e-03
-3.350000000000016520e+00 6.924168003978551506e-03
-3.250000000000016875e+00 7.871618377400614597e-03
-3.150000000000017231e+00 8.825299679152541488e-03
-3.050000000000017586e+00 9.924499701720258110e-03
-2.950000000000017941e+00 1.113367002103350309e-02
-2.850000000000018296e+00 1.265429594734624429e-02
-2.750000000000018652e+00 1.438687123171354665e-02
-2.650000000000019007e+00 1.618599590419586565e-02
-2.550000000000019362e+00 1.838079849631572837e-02
-2.450000000000019718e+00 2.110618000348379181e-02
-2.350000000000020073e+00 2.381024223569362316e-02
-2.250000000000020428e+00 2.710240071912662502e-02
-2.150000000000020783e+00 3.099613018556341207e-02
-2.050000000000021139e+00 3.516847016370034523e-02
-1.950000000000021272e+00 4.057936082500188113e-02
-1.850000000000021627e+00 4.652319843353077550e-02
-1.750000000000021982e+00 5.343239684175726117e-02
-1.650000000000022338e+00 6.152140616148256413e-02
-1.550000000000022693e+00 7.113832712304446471e-02
-1.450000000000023048e+00 8.259703924838764089e-02
-1.350000000000023404e+00 9.544851054771388843e-02
-1.250000000000023759e+00 1.114172133044233348e-01
-1.150000000000024114e+00 1.304787966035408642e-01
-1.050000000000024469e+00 1.522855928061585540e-01
-9.500000000000248246e-01 1.769616267244931151e-01
-8.500000000000251799e-01 2.071606032338822456e-01
-7.500000000000255351e-01 2.431506478421883166e-01
-6.500000000000258904e-01 2.860596144598798185e-01
-5.500000000000262457e-01 3.345878655559874071e-01
-4.500000000000266565e-01 3.931513410678941223e-01
-3.500000000000270117e-01 4.599453001052044021e-01
-2.500000000000273670e-01 5.328164679557516603e-01
-1.500000000000277223e-01 6.121683251702774164e-01
-5.000000000002806366e-02 6.802437109424176453e-01
4.999999999997158107e-02 6.777803637216954780e-01
1.499999999999712119e-01 6.059807339248985958e-01
2.499999999999708566e-01 5.265066890440657232e-01
3.499999999999705014e-01 4.508584271724193626e-01
4.499999999999701461e-01 3.838169703529838439e-01
5.499999999999698463e-01 3.252878697270766839e-01
6.499999999999694911e-01 2.760057740978955065e-01
7.499999999999691358e-01 2.330176635138614671e-01
8.499999999999687805e-01 1.986729891346873389e-01
9.499999999999684253e-01 1.688060610313072418e-01
1.049999999999968070e+00 1.448092681543843852e-01
1.149999999999967715e+00 1.229370052922293399e-01
1.249999999999967359e+00 1.054991586067306475e-01
1.349999999999967004e+00 9.016795246576089773e-02
1.449999999999966649e+00 7.788955892448612417e-02
1.549999999999966294e+00 6.744782231793169935e-02
1.649999999999965938e+00 5.794256210676503038e-02
1.749999999999965583e+00 5.021280212905362972e-02
1.849999999999965228e+00 4.363380101023586061e-02
1.949999999999964873e+00 3.792307835711520442e-02
2.049999999999964295e+00 3.293281028480765649e-02
2.149999999999963940e+00 2.891309312402402798e-02
2.249999999999963585e+00 2.518091374669566632e-02
2.349999999999963229e+00 2.207404854227377686e-02
2.449999999999962874e+00 1.934253390161511446e-02
2.549999999999962519e+00 1.710427547413641974e-02
2.649999999999962164e+00 1.501314938232127527e-02
2.749999999999961808e+00 1.333918114805211427e-02
2.849999999999961453e+00 1.154537232361802987e-02
2.949999999999961098e+00 1.039201491613840969e-02
3.049999999999960743e+00 9.335411531413182612e-03
3.149999999999960387e+00 8.151102057308432652e-03
3.249999999999960032e+00 7.259478566411318654e-03
3.349999999999959677e+00 6.481471722694924671e-03
3.449999999999959321e+00 5.876429022897488447e-03
3.549999999999958966e+00 5.130345208853146280e-03
3.649999999999958611e+00 4.511143213400293540e-03
3.749999999999958256e+00 4.011670042581783752e-03
3.849999999999957900e+00 3.597376176756926155e-03
3.949999999999957545e+00 3.301057813805428030e-03
4.049999999999957190e+00 2.930226768685057197e-03
4.149999999999956835e+00 2.590445585029074911e-03
4.249999999999956479e+00 2.317206804142446681e-03
4.349999999999956124e+00 2.076799147863834724e-03
4.449999999999955769e+00 1.824844715207126107e-03
4.549999999999955413e+00 1.688225324763811992e-03
4.649999999999955058e+00 1.462892044422241852e-03
4.749999999999954703e+00 1.357322515443317367e-03
4.849999999999954348e+00 1.177240304295518875e-03
4.949999999999953992e+00 1.069002373273985392e-03
5.049999999999953637e+00 9.687626630346173008e-04
5.149999999999953282e+00 8.738318154978222006e-04
5.249999999999952927e+00 7.815693700036359902e-04
5.349999999999952571e+00 6.706770076308159580e-04
5.449999999999952216e+00 6.493856740552345248e-04
5.549999999999951861e+00 5.580103674600308877e-04
5.649999999999951505e+00 5.198633948037807793e-04
5.749999999999951150e+00 4.417951716933154159e-04
5.849999999999950795e+00 3.850182821584315941e-04
5.949999999999950440e+00 3.504198650981116703e-04
6.049999999999950084e+00 3.104986146438964696e-04
6.149999999999949729e+00 3.087243368459313231e-04
6.249999999999949374e+00 2.688030863917160681e-04
6.349999999999949019e+00 2.483988917151171540e-04
6.449999999999948663e+00 1.996062522710762748e-04
6.549999999999948308e+00 1.632335574127912858e-04
6.649999999999947953e+00 1.587978629178784466e-04
6.749999999999947597e+00 1.339579737463667474e-04
6.849999999999947242e+00 1.410550849382272522e-04
6.949999999999946887e+00 1.117795012718027139e-04
7.049999999999946532e+00 9.492386219113406573e-05
7.149999999999946176e+00 9.314958439316893275e-05
7.249999999999945821e+00 7.451966751453513807e-05
7.349999999999945466e+00 7.540680641351769778e-05
7.449999999999945111e+00 6.653541742369210063e-05
7.549999999999944755e+00 5.855116733284904964e-05
7.649999999999944400e+00 5.234119503997111808e-05
7.749999999999944045e+00 3.016272256540708453e-05
7.849999999999943689e+00 3.992125045421525496e-05
7.949999999999943334e+00 3.193700036337220396e-05
