-7.950000000000000178e+00 2.128359970940798732e-05
-7.850000000000000533e+00 1.684951643661465804e-05
-7.750000000000000888e+00 1.507588312749732633e-05
-7.650000000000001243e+00 6.473761578278262104e-05
-7.550000000000001599e+00 1.551929145477665519e-04
-7.450000000000001954e+00 1.427774813839452299e-04
-7.350000000000002309e+00 1.073048152015985957e-04
-7.250000000000002665e+00 9.400256538321860784e-05
-7.150000000000003020e+00 8.336076552851461757e-05
-7.050000000000003375e+00 1.090784485107159274e-04
-6.950000000000003730e+00 9.488938203777727370e-05
-6.850000000000004086e+00 1.170597984017439336e-04
-6.750000000000004441e+00 1.640610810933532376e-04
-6.650000000000004796e+00 1.525324645840905814e-04
-6.550000000000005151e+00 2.066282805121692258e-04
-6.450000000000005507e+00 2.935363126589184525e-04
-6.350000000000005862e+00 2.926494960043598409e-04
-6.250000000000006217e+00 3.671420949872877728e-04
-6.150000000000006573e+00 4.416346939702157047e-04
-6.050000000000006928e+00 5.338636260443169537e-04
-5.950000000000007283e+00 5.303163594260822903e-04
-5.850000000000007638e+00 4.478424105521264199e-04
-5.750000000000007994e+00 5.196745595713783000e-04
-5.650000000000008349e+00 4.460687772430090882e-04
-5.550000000000008704e+00 7.484732564475140909e-04
-5.450000000000009059e+00 7.493600731020729194e-04
-5.350000000000009415e+00 9.435729204504206876e-04
-5.250000000000009770e+00 8.947980044496940113e-04
-5.150000000000010125e+00 9.781587699782086018e-04
-5.050000000000010481e+00 8.868166545586660728e-04
-4.950000000000010836e+00 1.322243631946971171e-03
-4.850000000000011191e+00 1.825955491736293160e-03
-4.750000000000011546e+00 2.106189554576831571e-03
-4.650000000000011902e+00 1.805558708681443900e-03
-4.550000000000012257e+00 1.481870629767530808e-03
-4.450000000000012612e+00 1.716877043225577531e-03
-4.350000000000012967e+00 2.010413355884495875e-03
-4.250000000000013323e+00 2.604580514438802324e-03
-4.150000000000013678e+00 2.331440984834733023e-03
-4.050000000000014033e+00 2.481312999455147390e-03
-3.950000000000014388e+00 3.218257639393398879e-03
-3.850000000000014744e+00 3.811537981293149861e-03
-3.750000000000015099e+00 4.676184219487846197e-03
-3.650000000000015454e+00 4.796791284507824320e-03
-3.550000000000015810e+00 4.535180371413018163e-03
-3.450000000000016165e+00 5.320096904397080516e-03
-3.350000000000016520e+00 6.211410487503272668e-03
-3.250000000000016875e+00 6.425098387210392836e-03
-3.150000000000017231e+00 7.722462273171595837e-03
-3.050000000000017586e+00 9.216685490828224053e-03
-2.950000000000017941e+00 8.829146612786092224e-03
-2.850000000000018296e+00 1.122177794678539189e-02
-2.750000000000018652e+00 1.169445122366516085e-02
-2.650000000000019007e+00 1.273823442608073252e-02
-2.550000000000019362e+00 1.371816682936806420e-02
-2.450000000000019718e+00 1.568867343579748858e-02
-2.350000000000020073e+00 2.017773934117358947e-02
-2.250000000000020428e+00 2.335963749773022416e-02
-2.150000000000020783e+00 2.708604108018585963e-02
-2.050000000000021139e+00 3.185011092498311880e-02
-1.950000000000021272e+00 3.385808728076974972e-02
-1.850000000000021627e+00 4.149278263637364017e-02
-1.750000000000021982e+00 4.822331604159248164e-02
-1.650000000000022338e+00 5.759076036369570328e-02
-1.550000000000022693e+00 6.971797811478527840e-02
-1.450000000000023048e+00 8.285882730203515678e-02
-1.350000000000023404e+00 9.791698806205770267e-02
-1.250000000000023759e+00 1.170324746728522158e-01
-1.150000000000024114e+00 1.438270812656778641e-01
-1.050000000000024469e+00 1.748449950626527749e-01
-9.500000000000248246e-01 2.052487988005591568e-01
-8.500000000000251799e-01 2.429103589190301227e-01
-7.500000000000255351e-01 2.883611858377125303e-01
-6.500000000000258904e-01 3.333689535695302242e-01
-5.500000000000262457e-01 3.777517739237936656e-01
-4.500000000000266565e-01 4.274880620233363349e-01
-3.500000000000270117e-01 4.732771082450174527e-01
-2.500000000000273670e-01 4.973776775662266392e-01
-1.500000000000277223e-01 5.238817504539619030e-01
-5.000000000002806366e-02 5.345260990336959672e-01
4.999999999997158107e-02 5.464209359072489391e-01
1.499999999999712119e-01 5.239125795526219376e-01
2.499999999999708566e-01 5.094240553455843257e-01
3.499999999999705014e-01 4.551655888636900738e-01
4.499999999999701461e-01 4.090915183726732129e-01
5.499999999999698463e-01 3.709169243453264153e-01
6.499999999999694911e-01 3.296662426556481451e-01
7.499999999999691358e-01 2.812146935246560564e-01
8.499999999999687805e-01 2.430931897888437276e-01
9.499999999999684253e-01 1.989585873213489675e-01
1.049999999999968070e+00 1.676467322088331935e-01
1.149999999999967715e+00 1.382933662896567162e-01
1.249999999999967359e+00 1.118626896999985187e-01
1.349999999999967004e+00 9.502114763046701218e-02
1.449999999999966649e+00 7.872896403860540904e-02
1.549999999999966294e+00 6.741673079305557370e-02
1.649999999999965938e+00 5.754558159397128725e-02
1.749999999999965583e+00 4.932212377344034199e-02
1.849999999999965228e+00 4.071113405767555482e-02
1.949999999999964873e+00 3.359000330437750259e-02
2.049999999999964295e+00 2.915143706865309589e-02
2.149999999999963940e+00 2.518914025608478408e-02
2.249999999999963585e+00 2.179795336905231140e-02
2.349999999999963229e+00 1.816909961859814251e-02
2.449999999999962874e+00 1.506878859426091788e-02
2.549999999999962519e+00 1.578090236787154516e-02
2.649999999999962164e+00 1.351508581547411318e-02
2.749999999999961808e+00 1.168913032373779942e-02
2.849999999999961453e+00 1.020459924400658400e-02
2.949999999999961098e+00 9.151947875045453318e-03
3.049999999999960743e+00 8.179110004994577521e-03
3.149999999999960387e+00 7.216913934798422844e-03
3.249999999999960032e+00 6.761090174355270654e-03
3.349999999999959677e+00 6.886131322648047365e-03
3.449999999999959321e+00 5.873386703142047596e-03
3.549999999999958966e+00 5.088553963857624790e-03
3.649999999999958611e+00 4.589276187341096401e-03
3.749999999999958256e+00 4.238983608790423442e-03
3.849999999999957900e+00 3.220918089357074823e-03
3.949999999999957545e+00 3.319354738013086462e-03
4.049999999999957190e+00 2.943344476480212572e-03
4.149999999999956835e+00 2.710998512985842226e-03
4.249999999999956479e+00 1.982922039593177505e-03
4.349999999999956124e+00 1.913750340537601459e-03
4.449999999999955769e+00 1.924392140392305233e-03
4.549999999999955413e+00 2.023715605702875592e-03
4.649999999999955058e+00 2.251627485924453421e-03
4.749999999999954703e+00 1.651252610788236149e-03
4.849999999999954348e+00 1.465021113330916211e-03
4.949999999999953992e+00 1.590062261623688151e-03
5.049999999999953637e+00 1.315149098710501844e-03
5.149999999999953282e+00 1.034915035869963217e-03
5.249999999999952927e+00 1.258392832818747229e-03
5.349999999999952571e+00 1.092558118416276551e-03
5.449999999999952216e+00 1.217599266709048274e-03
5.549999999999951861e+00 7.014719737559048547e-04
5.649999999999951505e+00 6.730938408100275473e-04
5.749999999999951150e+00 5.019382264802049829e-04
5.849999999999950795e+00 5.028250431347637030e-04
5.949999999999950440e+00 4.877491600072663292e-04
6.049999999999950084e+00 3.511793952052317874e-04
6.149999999999949729e+00 2.660449963675998652e-04
6.249999999999949374e+00 2.642713630584825335e-04
6.349999999999949019e+00 3.627080117144944435e-04
6.449999999999948663e+00 1.693819810207052327e-04
6.549999999999948308e+00 1.410038480748279253e-04
6.649999999999947953e+00 1.463247480021799204e-04
6.749999999999947597e+00 1.605138144751185741e-04
6.849999999999947242e+00 1.755896976026158937e-04
6.949999999999946887e+00 1.614006311296772400e-04
7.049999999999946532e+00 2.385536800762811695e-04
7.149999999999946176e+00 1.826842308390851934e-04
7.249999999999945821e+00 8.602121549219061514e-05
7.349999999999945466e+00 1.073048152015985957e-04
7.449999999999945111e+00 2.039678305484931740e-04
7.549999999999944755e+00 9.932346531057060298e-05
7.649999999999944400e+00 1.631742644387945446e-04
7.749999999999944045e+00 1.631742644387945446e-04
7.849999999999943689e+00 6.207716581910662347e-05
7.949999999999943334e+00 0.000000000000000000e+00
