-7.950000000000000178e+00 0.000000000000000000e+00
-7.850000000000000533e+00 0.000000000000000000e+00
-7.750000000000000888e+00 0.000000000000000000e+00
-7.650000000000001243e+00 0.000000000000000000e+00
-7.550000000000001599e+00 0.000000000000000000e+00
-7.450000000000001954e+00 0.000000000000000000e+00
-7.350000000000002309e+00 0.000000000000000000e+00
-7.250000000000002665e+00 0.000000000000000000e+00
-7.150000000000003020e+00 0.000000000000000000e+00
-7.050000000000003375e+00 0.000000000000000000e+00
-6.950000000000003730e+00 0.000000000000000000e+00
-6.850000000000004086e+00 0.000000000000000000e+00
-6.750000000000004441e+00 0.000000000000000000e+00
-6.650000000000004796e+00 0.000000000000000000e+00
-6.550000000000005151e+00 0.000000000000000000e+00
-6.450000000000005507e+00 3.903411155523268169e-05
-6.350000000000005862e+00 4.080838935319781467e-05
-6.250000000000006217e+00 4.080838935319781467e-05
-6.150000000000006573e+00 8.516533430232585465e-05
-6.050000000000006928e+00 7.718108421148281721e-05
-5.950000000000007283e+00 5.855116733284904286e-05
-5.850000000000007638e+00 6.564827852470952736e-05
-5.750000000000007994e+00 9.492386219113398442e-05
-5.650000000000008349e+00 6.476113962572696765e-05
-5.550000000000008704e+00 6.476113962572698120e-05
-5.450000000000009059e+00 1.020209733829945163e-04
-5.350000000000009415e+00 8.605247320130841437e-05
-5.250000000000009770e+00 1.055695289789247823e-04
-5.150000000000010125e+00 1.942834188771808352e-04
-5.050000000000010481e+00 2.306561137354658513e-04
-4.950000000000010836e+00 2.865458643713671540e-04
-4.850000000000011191e+00 3.016272256540706827e-04
-4.750000000000011546e+00 3.442098928052335490e-04
-4.650000000000011902e+00 4.125195880268907691e-04
-4.550000000000012257e+00 4.799421443495653075e-04
-4.450000000000012612e+00 5.863988122274725817e-04
-4.350000000000012967e+00 8.072963980741299644e-04
-4.250000000000013323e+00 8.800417877906999966e-04
-4.150000000000013678e+00 9.864984556686071625e-04
-4.050000000000014033e+00 1.194088958030526271e-03
-3.950000000000014388e+00 1.513458961664247661e-03
-3.850000000000014744e+00 1.735243686409887725e-03
-3.750000000000015099e+00 2.153086107830673446e-03
-3.650000000000015454e+00 2.570041390352477244e-03
-3.550000000000015810e+00 2.763437670330675614e-03
-3.450000000000016165e+00 3.478471622910622729e-03
-3.350000000000016520e+00 4.382466160973859035e-03
-3.250000000000016875e+00 4.729337470476041930e-03
-3.150000000000017231e+00 5.819631177325621657e-03
-3.050000000000017586e+00 6.445064101108333859e-03
-2.950000000000017941e+00 8.125305175781326328e-03
-2.850000000000018296e+00 9.914664335029172923e-03
-2.750000000000018652e+00 1.162063243777266067e-02
-2.650000000000019007e+00 1.383404399073417772e-02
-2.550000000000019362e+00 1.745711925417900434e-02
-2.450000000000019718e+00 2.103583757267469753e-02
-2.350000000000020073e+00 2.526482870412462278e-02
-2.250000000000020428e+00 2.998263336891394265e-02
-2.150000000000020783e+00 3.550950870957536587e-02
-2.050000000000021139e+00 4.191376442133055297e-02
-1.950000000000021272e+00 4.989978878997165801e-02
-1.850000000000021627e+00 5.932741386945933337e-02
-1.750000000000021982e+00 7.134193597837948375e-02
-1.650000000000022338e+00 8.529840513717194816e-02
-1.550000000000022693e+00 1.001863701398965772e-01
-1.450000000000023048e+00 1.168388544126974238e-01
-1.350000000000023404e+00 1.354545770689465911e-01
-1.250000000000023759e+00 1.591953011446179955e-01
-1.150000000000024114e+00 1.807323721952173723e-01
-1.050000000000024469e+00 2.073598462481789084e-01
-9.500000000000248246e-01 2.315725282181103628e-01
-8.500000000000251799e-01 2.630712819653845402e-01
-7.500000000000255351e-01 2.963851218999768999e-01
-6.500000000000258904e-01 3.261725847111147103e-01
-5.500000000000262457e-01 3.544776384220534871e-01
-4.500000000000266565e-01 3.800919998523781818e-01
-3.500000000000270117e-01 4.028905824173317773e-01
-2.500000000000273670e-01 4.228609661723298219e-01
-1.500000000000277223e-01 4.397290251975842779e-01
-5.000000000002806366e-02 4.518597625022719999e-01
4.999999999997158107e-02 4.510675474654808337e-01
1.499999999999712119e-01 4.413675707440052332e-01
2.499999999999708566e-01 4.199271978333937172e-01
3.499999999999705014e-01 4.032516479492175288e-01
4.499999999999701461e-01 3.830257681913136203e-01
5.499999999999698463e-01 3.553559059320462454e-01
6.499999999999694911e-01 3.270446422488146876e-01
7.499999999999691358e-01 2.984282027843340179e-01
8.499999999999687805e-01 2.671618794285927079e-01
9.499999999999684253e-01 2.353561756222709023e-01
1.049999999999968070e+00 2.094543811886771245e-01
1.149999999999967715e+00 1.826370594113330137e-01
1.249999999999967359e+00 1.563830708348434850e-01
1.349999999999967004e+00 1.356302305709451983e-01
1.449999999999966649e+00 1.169745866642418197e-01
1.549999999999966294e+00 1.009289053983447315e-01
1.649999999999965938e+00 8.483798004860013120e-02
1.749999999999965583e+00 7.174913273301236627e-02
1.849999999999965228e+00 6.091006966524413480e-02
1.949999999999964873e+00 4.898160002952471614e-02
2.049999999999964295e+00 4.200957542242066828e-02
2.149999999999963940e+00 3.547224887581810343e-02
2.249999999999963585e+00 2.937139466751494468e-02
2.349999999999963229e+00 2.559839293014207207e-02
2.449999999999962874e+00 2.154328102289273031e-02
2.549999999999962519e+00 1.724065736282725386e-02
2.649999999999962164e+00 1.385710960210772766e-02
2.749999999999961808e+00 1.204557197038531348e-02
2.849999999999961453e+00 1.015153042105752107e-02
2.949999999999961098e+00 8.435803790425223936e-03
3.049999999999960743e+00 6.815888160883049052e-03
3.149999999999960387e+00 5.317510560501486488e-03
3.249999999999960032e+00 4.289316576580688191e-03
3.349999999999959677e+00 3.670093625090856387e-03
3.449999999999959321e+00 3.144020257994195860e-03
3.549999999999958966e+00 2.661416696947680339e-03
3.649999999999958611e+00 2.328739609829220784e-03
3.749999999999958256e+00 1.875411632449132350e-03
3.849999999999957900e+00 1.587978629178783381e-03
3.949999999999957545e+00 1.482409100199858030e-03
4.049999999999957190e+00 1.441600710846660527e-03
4.149999999999956835e+00 1.131102096202764654e-03
4.249999999999956479e+00 1.124004985010903851e-03
4.349999999999956124e+00 8.711703988008743724e-04
4.449999999999955769e+00 6.272072015806704100e-04
4.549999999999955413e+00 4.994592001271817025e-04
4.649999999999955058e+00 3.841311432594488582e-04
4.749999999999954703e+00 3.450970317042161223e-04
4.849999999999954348e+00 2.421889194222391411e-04
4.949999999999953992e+00 2.812230309774717144e-04
5.049999999999953637e+00 1.312965570494190547e-04
5.149999999999953282e+00 1.366193904433144401e-04
5.249999999999952927e+00 1.029081122819770896e-04
5.349999999999952571e+00 1.046823900799422226e-04
5.449999999999952216e+00 9.403672329215149246e-05
5.549999999999951861e+00 1.171023346656980451e-04
5.649999999999951505e+00 6.653541742369210063e-05
5.749999999999951150e+00 6.032544513081416907e-05
5.849999999999950795e+00 5.234119503997111130e-05
5.949999999999950440e+00 4.967977834302342538e-05
6.049999999999950084e+00 3.992125045421525496e-05
6.149999999999949729e+00 2.572702807049427918e-05
6.249999999999949374e+00 1.951705577761634762e-05
6.349999999999949019e+00 2.838844476744195833e-05
6.449999999999948663e+00 2.750130586845939861e-05
6.549999999999948308e+00 0.000000000000000000e+00
6.649999999999947953e+00 0.000000000000000000e+00
6.749999999999947597e+00 0.000000000000000000e+00
6.849999999999947242e+00 0.000000000000000000e+00
6.949999999999946887e+00 0.000000000000000000e+00
7.049999999999946532e+00 0.000000000000000000e+00
7.149999999999946176e+00 0.000000000000000000e+00
7.249999999999945821e+00 0.000000000000000000e+00
7.349999999999945466e+00 0.000000000000000000e+00
7.449999999999945111e+00 0.000000000000000000e+00
7.549999999999944755e+00 0.000000000000000000e+00
7.649999999999944400e+00 0.000000000000000000e+00
7.749999999999944045e+00 0.000000000000000000e+00
7.849999999999943689e+00 0.000000000000000000e+00
7.949999999999943334e+00 0.000000000000000000e+00
