-7.950000000000000178e+00 0.000000000000000000e+00
-7.850000000000000533e+00 0.000000000000000000e+00
-7.750000000000000888e+00 0.000000000000000000e+00
-7.650000000000001243e+00 0.000000000000000000e+00
-7.550000000000001599e+00 0.000000000000000000e+00
-7.450000000000001954e+00 0.000000000000000000e+00
-7.350000000000002309e+00 0.000000000000000000e+00
-7.250000000000002665e+00 0.000000000000000000e+00
-7.150000000000003020e+00 0.000000000000000000e+00
-7.050000000000003375e+00 0.000000000000000000e+00
-6.950000000000003730e+00 0.000000000000000000e+00
-6.850000000000004086e+00 0.000000000000000000e+00
-6.750000000000004441e+00 0.000000000000000000e+00
-6.650000000000004796e+00 0.000000000000000000e+00
-6.550000000000005151e+00 0.000000000000000000e+00
-6.450000000000005507e+00 0.000000000000000000e+00
-6.350000000000005862e+00 0.000000000000000000e+00
-6.250000000000006217e+00 0.000000000000000000e+00
-6.150000000000006573e+00 0.000000000000000000e+00
-6.050000000000006928e+00 0.000000000000000000e+00
-5.950000000000007283e+00 0.000000000000000000e+00
-5.850000000000007638e+00 0.000000000000000000e+00
-5.750000000000007994e+00 0.000000000000000000e+00
-5.650000000000008349e+00 8.871388989825613036e-07
-5.550000000000008704e+00 0.000000000000000000e+00
-5.450000000000009059e+00 8.871388989825613036e-07
-5.350000000000009415e+00 8.871388989825613036e-07
-5.250000000000009770e+00 8.871388989825613036e-07
-5.150000000000010125e+00 0.000000000000000000e+00
-5.050000000000010481e+00 2.661416696947683805e-06
-4.950000000000010836e+00 4.435694494912806200e-06
-4.850000000000011191e+00 5.322833393895367610e-06
-4.750000000000011546e+00 7.097111191860490429e-06
-4.650000000000011902e+00 2.661416696947683805e-06
-4.550000000000012257e+00 1.153280568677329663e-05
-4.450000000000012612e+00 1.685563908066866170e-05
-4.350000000000012967e+00 2.927558366642452143e-05
-4.250000000000013323e+00 4.524408384811062680e-05
-4.150000000000013678e+00 6.209972292877928850e-05
-4.050000000000014033e+00 1.037952511809596629e-04
-3.950000000000014388e+00 1.667821130087214975e-04
-3.850000000000014744e+00 2.510603084120648738e-04
-3.750000000000015099e+00 3.433227539062511926e-04
-3.650000000000015454e+00 4.843778388444783907e-04
-3.550000000000015810e+00 6.990654523982578689e-04
-3.450000000000016165e+00 1.015774039335031863e-03
-3.350000000000016520e+00 1.414099404978200972e-03
-3.250000000000016875e+00 2.004046772801603305e-03
-3.150000000000017231e+00 2.834408782249279307e-03
-3.050000000000017586e+00 3.745500431504369260e-03
-2.950000000000017941e+00 5.370738894440439150e-03
-2.850000000000018296e+00 6.959604662518226355e-03
-2.750000000000018652e+00 9.171241937681777825e-03
-2.650000000000019007e+00 1.203847485919345289e-02
-2.550000000000019362e+00 1.568195431731487718e-02
-2.450000000000019718e+00 2.024007398028733473e-02
-2.350000000000020073e+00 2.557532731876852386e-02
-2.250000000000020428e+00 3.249412359193360605e-02
-2.150000000000020783e+00 4.009690395621424985e-02
-2.050000000000021139e+00 4.963719567587283887e-02
-1.950000000000021272e+00 6.030060524164335134e-02
-1.850000000000021627e+00 7.295298021893162344e-02
-1.750000000000021982e+00 8.692719215570388069e-02
-1.650000000000022338e+00 1.032265951467095932e-01
-1.550000000000022693e+00 1.207262970680389180e-01
-1.450000000000023048e+00 1.402149644008868212e-01
-1.350000000000023404e+00 1.606102876884952235e-01
-1.250000000000023759e+00 1.833378991415290926e-01
-1.150000000000024114e+00 2.064833530159842501e-01
-1.050000000000024469e+00 2.304698145666750353e-01
-9.500000000000248246e-01 2.542584441428922259e-01
-8.500000000000251799e-01 2.780603808025933210e-01
-7.500000000000255351e-01 3.009530000908383074e-01
-6.500000000000258904e-01 3.226116091705987787e-01
-5.500000000000262457e-01 3.432269429051560961e-01
-4.500000000000266565e-01 3.596922408702728502e-01
-3.500000000000270117e-01 3.753049983534677003e-01
-2.500000000000273670e-01 3.854565287745258528e-01
-1.500000000000277223e-01 3.937628102856999268e-01
-5.000000000002806366e-02 3.975198435228913807e-01
4.999999999997158107e-02 3.963869671488903790e-01
1.499999999999712119e-01 3.931036660837559094e-01
2.499999999999708566e-01 3.856312951376253406e-01
3.499999999999705014e-01 3.738580748092272255e-01
4.499999999999701461e-01 3.582701572152035552e-01
5.499999999999698463e-01 3.415573474972708468e-01
6.499999999999694911e-01 3.214601028797193227e-01
7.499999999999691358e-01 2.990926698196717526e-01
8.499999999999687805e-01 2.762257775594976206e-01
9.499999999999684253e-01 2.528975730718530102e-01
1.049999999999968070e+00 2.279911484829176271e-01
1.149999999999967715e+00 2.051402247229245634e-01
1.249999999999967359e+00 1.823584977970524046e-01
1.349999999999967004e+00 1.604514898255773314e-01
1.449999999999966649e+00 1.397261508675474162e-01
1.549999999999966294e+00 1.200982027275592501e-01
1.649999999999965938e+00 1.025789837504522961e-01
1.749999999999965583e+00 8.711526560228816107e-02
1.849999999999965228e+00 7.329896438953478754e-02
1.949999999999964873e+00 6.064392799554960134e-02
2.049999999999964295e+00 4.975429801053853074e-02
2.149999999999963940e+00 4.107186960619609722e-02
2.249999999999963585e+00 3.286849620730425414e-02
2.349999999999963229e+00 2.621318018713699599e-02
2.449999999999962874e+00 2.067299776299082875e-02
2.549999999999962519e+00 1.610334529433159884e-02
2.649999999999962164e+00 1.249357711437151103e-02
2.749999999999961808e+00 9.625457053960855339e-03
2.849999999999961453e+00 7.263006165970265979e-03
2.949999999999961098e+00 5.422192950581427098e-03
3.049999999999960743e+00 3.948655239371375719e-03
3.149999999999960387e+00 2.979899561682418721e-03
3.249999999999960032e+00 2.090986384901893751e-03
3.349999999999959677e+00 1.555154489916428170e-03
3.449999999999959321e+00 1.093842262445497010e-03
3.549999999999958966e+00 7.212439248728218753e-04
3.649999999999958611e+00 5.562360896620658496e-04
3.749999999999958256e+00 3.584041151889547755e-04
3.849999999999957900e+00 2.413017805232566492e-04
3.949999999999957545e+00 1.747663630995645485e-04
4.049999999999957190e+00 9.581100109011661189e-05
4.149999999999956835e+00 6.919683412063976622e-05
4.249999999999956479e+00 4.701836164607574623e-05
4.349999999999956124e+00 3.016272256540708453e-05
4.449999999999955769e+00 2.129133357558147044e-05
4.549999999999955413e+00 1.241994458575585804e-05
4.649999999999955058e+00 4.435694494912806200e-06
4.749999999999954703e+00 3.548555595930245214e-06
4.849999999999954348e+00 3.548555595930245214e-06
4.949999999999953992e+00 8.871388989825613036e-07
5.049999999999953637e+00 0.000000000000000000e+00
5.149999999999953282e+00 8.871388989825613036e-07
5.249999999999952927e+00 0.000000000000000000e+00
5.349999999999952571e+00 0.000000000000000000e+00
5.449999999999952216e+00 0.000000000000000000e+00
5.549999999999951861e+00 0.000000000000000000e+00
5.649999999999951505e+00 0.000000000000000000e+00
5.749999999999951150e+00 0.000000000000000000e+00
5.849999999999950795e+00 0.000000000000000000e+00
5.949999999999950440e+00 0.000000000000000000e+00
6.049999999999950084e+00 0.000000000000000000e+00
6.149999999999949729e+00 0.000000000000000000e+00
6.249999999999949374e+00 0.000000000000000000e+00
6.349999999999949019e+00 0.000000000000000000e+00
6.449999999999948663e+00 0.000000000000000000e+00
6.549999999999948308e+00 0.000000000000000000e+00
6.649999999999947953e+00 0.000000000000000000e+00
6.749999999999947597e+00 0.000000000000000000e+00
6.849999999999947242e+00 0.000000000000000000e+00
6.949999999999946887e+00 0.000000000000000000e+00
7.049999999999946532e+00 0.000000000000000000e+00
7.149999999999946176e+00 0.000000000000000000e+00
7.249999999999945821e+00 0.000000000000000000e+00
7.349999999999945466e+00 0.000000000000000000e+00
7.449999999999945111e+00 0.000000000000000000e+00
7.549999999999944755e+00 0.000000000000000000e+00
7.649999999999944400e+00 0.000000000000000000e+00
7.749999999999944045e+00 0.000000000000000000e+00
7.849999999999943689e+00 0.000000000000000000e+00
7.949999999999943334e+00 0.000000000000000000e+00
