-7.950000000000000178e+00 3.112726457500918781e-04
-7.850000000000000533e+00 3.263485288775892518e-04
-7.750000000000000888e+00 3.325562454594999128e-04
-7.650000000000001243e+00 3.494057618961145641e-04
-7.550000000000001599e+00 3.848784280784611983e-04
-7.450000000000001954e+00 3.884256946966958618e-04
-7.350000000000002309e+00 4.123697443697798399e-04
-7.250000000000002665e+00 4.425215106247744790e-04
-7.150000000000003020e+00 4.691260102615344547e-04
-7.050000000000003375e+00 5.205613762259370201e-04
-6.950000000000003730e+00 4.859755266981491059e-04
-6.850000000000004086e+00 5.489395091718143275e-04
-6.750000000000004441e+00 5.941671585543063403e-04
-6.650000000000004796e+00 6.544706910642956186e-04
-6.550000000000005151e+00 7.041324237195809065e-04
-6.450000000000005507e+00 7.555677896839835261e-04
-6.350000000000005862e+00 8.247394887395594629e-04
-6.250000000000006217e+00 8.823895540941762740e-04
-6.150000000000006573e+00 8.690803214674927557e-04
-6.050000000000006928e+00 1.025160052669817946e-03
-5.950000000000007283e+00 1.058021148546613947e-03
-5.850000000000007638e+00 1.142233816688169225e-03
-5.750000000000007994e+00 1.230049613914388062e-03
-5.650000000000008349e+00 1.237130181534249786e-03
-5.550000000000008704e+00 1.342675329043338354e-03
-5.450000000000009059e+00 1.418068710297432176e-03
-5.350000000000009415e+00 1.526260342153589519e-03
-5.250000000000009770e+00 1.694036277264464319e-03
-5.150000000000010125e+00 1.735639849137381695e-03
-5.050000000000010481e+00 1.862447647930967273e-03
-4.950000000000010836e+00 2.000825960083637070e-03
-4.850000000000011191e+00 2.241223101552071960e-03
-4.750000000000011546e+00 2.320100904149667749e-03
-4.650000000000011902e+00 2.520654141437694666e-03
-4.550000000000012257e+00 2.721039791326435552e-03
-4.450000000000012612e+00 2.885177683311128220e-03
-4.350000000000012967e+00 3.136132830934623868e-03
-4.250000000000013323e+00 3.386368749302846610e-03
-4.150000000000013678e+00 3.752665924485397604e-03
-4.050000000000014033e+00 3.770360360726749197e-03
-3.950000000000014388e+00 4.098671058737653541e-03
-3.850000000000014744e+00 4.475463394800532381e-03
-3.750000000000015099e+00 4.819785672251617262e-03
-3.650000000000015454e+00 5.337819271871646447e-03
-3.550000000000015810e+00 5.892973480433674749e-03
-3.450000000000016165e+00 6.221165470703417938e-03
-3.350000000000016520e+00 6.703963819623423234e-03
-3.250000000000016875e+00 7.373705912447717573e-03
-3.150000000000017231e+00 8.114302561128758362e-03
-3.050000000000017586e+00 8.730779792213105156e-03
-2.950000000000017941e+00 9.626702028799678790e-03
-2.850000000000018296e+00 1.049985332750817853e-02
-2.750000000000018652e+00 1.124579182454148174e-02
-2.650000000000019007e+00 1.237958342599058438e-02
-2.550000000000019362e+00 1.369004007752106997e-02
-2.450000000000019718e+00 1.510411462146885216e-02
-2.350000000000020073e+00 1.711868274829406178e-02
-2.250000000000020428e+00 1.903065945552261454e-02
-2.150000000000020783e+00 2.105169366283698995e-02
-2.050000000000021139e+00 2.355540751133022859e-02
-1.950000000000021272e+00 2.601526932367678041e-02
-1.850000000000021627e+00 2.941671395610724257e-02
-1.750000000000021982e+00 3.333405544881687388e-02
-1.650000000000022338e+00 3.824734092425408072e-02
-1.550000000000022693e+00 4.441565351890769398e-02
-1.450000000000023048e+00 5.000240990680331066e-02
-1.350000000000023404e+00 5.904794676611029025e-02
-1.250000000000023759e+00 6.939189493262347408e-02
-1.150000000000024114e+00 8.104942106597870510e-02
-1.050000000000024469e+00 9.603084076274442937e-02
-9.500000000000248246e-01 1.143757255975773740e-01
-8.500000000000251799e-01 1.375956999464265640e-01
-7.500000000000255351e-01 1.681669374618360302e-01
-6.500000000000258904e-01 2.080855926051345117e-01
-5.500000000000262457e-01 2.592203347064503394e-01
-4.500000000000266565e-01 3.280593867400558028e-01
-3.500000000000270117e-01 4.286167003122595687e-01
-2.500000000000273670e-01 5.732935893484846224e-01
-1.500000000000277223e-01 8.022195618715706189e-01
-5.000000000002806366e-02 1.193327388151741442e+00
4.999999999997158107e-02 1.192665369044900281e+00
1.499999999999712119e-01 8.006897402971815403e-01
2.499999999999708566e-01 5.718615689871975327e-01
3.499999999999705014e-01 4.281244262924717159e-01
4.499999999999701461e-01 3.248456818916759525e-01
5.499999999999698463e-01 2.561852919913271132e-01
6.499999999999694911e-01 2.057792268849180650e-01
7.499999999999691358e-01 1.677301767680616229e-01
8.499999999999687805e-01 1.384916291658213616e-01
9.499999999999684253e-01 1.141305661808457994e-01
1.049999999999968070e+00 9.520947397041548688e-02
1.149999999999967715e+00 8.022215380063321688e-02
1.249999999999967359e+00 6.815301206620502650e-02
1.349999999999967004e+00 5.819556233929670114e-02
1.449999999999966649e+00 5.006725226471065576e-02
1.549999999999966294e+00 4.381886780723953656e-02
1.649999999999965938e+00 3.846598661785677331e-02
1.749999999999965583e+00 3.358343946457206797e-02
1.849999999999965228e+00 2.975713982652493025e-02
1.949999999999964873e+00 2.663658564091554021e-02
2.049999999999964295e+00 2.409924957044043067e-02
2.149999999999963940e+00 2.108355621712637226e-02
2.249999999999963585e+00 1.904393377410778382e-02
2.349999999999963229e+00 1.707291742267218887e-02
2.449999999999962874e+00 1.509608439191969728e-02
2.549999999999962519e+00 1.365803786706561336e-02
2.649999999999962164e+00 1.229717930519966598e-02
2.749999999999961808e+00 1.119381179952939898e-02
2.849999999999961453e+00 9.981044636166447326e-03
2.949999999999961098e+00 9.162715365449602967e-03
3.049999999999960743e+00 8.318940741274398129e-03
3.149999999999960387e+00 7.782332871566761782e-03
3.249999999999960032e+00 7.097528861231577890e-03
3.349999999999959677e+00 6.574188327300803554e-03
3.449999999999959321e+00 5.952418127522320079e-03
3.549999999999958966e+00 5.606573597861047240e-03
3.649999999999958611e+00 5.098225153358127044e-03
3.749999999999958256e+00 4.744238669214844578e-03
3.849999999999957900e+00 4.264477841906909664e-03
3.949999999999957545e+00 4.126930483942368826e-03
4.049999999999957190e+00 3.792593622365448593e-03
4.149999999999956835e+00 3.513958622626436705e-03
4.249999999999956479e+00 3.333871996476295112e-03
4.349999999999956124e+00 3.076632321379549860e-03
4.449999999999955769e+00 2.859494914370445430e-03
4.549999999999955413e+00 2.597723396684655742e-03
4.649999999999955058e+00 2.464742795350677480e-03
4.749999999999954703e+00 2.223444871611076484e-03
4.849999999999954348e+00 2.143659303934011221e-03
4.949999999999953992e+00 2.182686219542896537e-03
5.049999999999953637e+00 1.818986649049289007e-03
5.149999999999953282e+00 1.787864272440092307e-03
5.249999999999952927e+00 1.752391606257745673e-03
5.349999999999952571e+00 1.705383340757832961e-03
5.449999999999952216e+00 1.503189143518456929e-03
5.549999999999951861e+00 1.378127046800774235e-03
5.649999999999951505e+00 1.343541197272986321e-03
5.749999999999951150e+00 1.257519981780795678e-03
5.849999999999950795e+00 1.149342315541245722e-03
5.949999999999950440e+00 1.057106400658840671e-03
6.049999999999950084e+00 9.879207359866576735e-04
6.149999999999949729e+00 9.231970858204821811e-04
6.249999999999949374e+00 8.486905212209470799e-04
6.349999999999949019e+00 7.263098228918511918e-04
6.449999999999948663e+00 7.121207564189125381e-04
6.549999999999948308e+00 7.076936559544228476e-04
6.649999999999947953e+00 6.367343579731223014e-04
6.749999999999947597e+00 5.879594419723956251e-04
6.849999999999947242e+00 5.968276085179823921e-04
6.949999999999946887e+00 5.427317925899037207e-04
7.049999999999946532e+00 5.427317925899037207e-04
7.149999999999946176e+00 4.957305098982943761e-04
7.249999999999945821e+00 4.442951439338918107e-04
7.349999999999945466e+00 4.168038276425731692e-04
7.449999999999945111e+00 3.795575281511092032e-04
7.549999999999944755e+00 3.334430621140585245e-04
7.649999999999944400e+00 2.908758626952426176e-04
7.749999999999944045e+00 2.882154127315666200e-04
7.849999999999943689e+00 2.545163798583372633e-04
7.949999999999943334e+00 2.270250635670185676e-04
