-7.950000000000000178e+00 2.945301144622103134e-04
-7.850000000000000533e+00 3.158214480377918008e-04
-7.750000000000000888e+00 3.353385038154081416e-04
-7.650000000000001243e+00 3.238056981286349060e-04
-7.550000000000001599e+00 3.752597542696233966e-04
-7.450000000000001954e+00 3.584041151889547213e-04
-7.350000000000002309e+00 4.205038381177339827e-04
-7.250000000000002665e+00 4.355851994004375114e-04
-7.150000000000003020e+00 4.373664625440639364e-04
-7.050000000000003375e+00 5.109920058139551550e-04
-6.950000000000003730e+00 5.455974082199362488e-04
-6.850000000000004086e+00 5.793156717269348777e-04
-6.750000000000004441e+00 6.591721433266878359e-04
-6.650000000000004796e+00 6.351914516715135694e-04
-6.550000000000005151e+00 7.079508120794060499e-04
-6.450000000000005507e+00 7.425492291397259737e-04
-6.350000000000005862e+00 7.993610454029161875e-04
-6.250000000000006217e+00 8.197722254251762174e-04
-6.150000000000006573e+00 8.916234908971022895e-04
-6.050000000000006928e+00 8.916444469340861247e-04
-5.950000000000007283e+00 9.750285180927855408e-04
-5.850000000000007638e+00 1.089462450715874588e-03
-5.750000000000007994e+00 1.135642570882596479e-03
-5.650000000000008349e+00 1.158701196910481672e-03
-5.550000000000008704e+00 1.231432615935729256e-03
-5.450000000000009059e+00 1.328165682653134616e-03
-5.350000000000009415e+00 1.383168294390053291e-03
-5.250000000000009770e+00 1.456807808351267067e-03
-5.150000000000010125e+00 1.534009848599733692e-03
-5.050000000000010481e+00 1.746084942876194399e-03
-4.950000000000010836e+00 1.825040304885642119e-03
-4.850000000000011191e+00 1.918252757389762517e-03
-4.750000000000011546e+00 1.985591489564501877e-03
-4.650000000000011902e+00 2.109902700952640420e-03
-4.550000000000012257e+00 2.367207908385888723e-03
-4.450000000000012612e+00 2.438199976341477986e-03
-4.350000000000012967e+00 2.723879657850846077e-03
-4.250000000000013323e+00 2.863335098632639655e-03
-4.150000000000013678e+00 3.132145170370016947e-03
-4.050000000000014033e+00 3.241214357525242559e-03
-3.950000000000014388e+00 3.694661085781573810e-03
-3.850000000000014744e+00 3.944079837963240104e-03
-3.750000000000015099e+00 4.396660383357575003e-03
-3.650000000000015454e+00 4.592773962798012838e-03
-3.550000000000015810e+00 5.086917314876966342e-03
-3.450000000000016165e+00 5.503160092141325815e-03
-3.350000000000016520e+00 6.015227841187124024e-03
-3.250000000000016875e+00 6.768813916471681791e-03
-3.150000000000017231e+00 7.305742510725974151e-03
-3.050000000000017586e+00 8.065252159131300336e-03
-2.950000000000017941e+00 8.969498169638346133e-03
-2.850000000000018296e+00 9.690930698844031632e-03
-2.750000000000018652e+00 1.072579568787135514e-02
-2.650000000000019007e+00 1.188729800839202766e-02
-2.550000000000019362e+00 1.322544574999514819e-02
-2.450000000000019718e+00 1.474456284164505152e-02
-2.350000000000020073e+00 1.674501914677678505e-02
-2.250000000000020428e+00 1.909231882002805636e-02
-2.150000000000020783e+00 2.125365462108473255e-02
-2.050000000000021139e+00 2.396893531842658048e-02
-1.950000000000021272e+00 2.750266102551797431e-02
-1.850000000000021627e+00 3.104861108751660534e-02
-1.750000000000021982e+00 3.579519537643039567e-02
-1.650000000000022338e+00 4.108822928573480776e-02
-1.550000000000022693e+00 4.765407001332672837e-02
-1.450000000000023048e+00 5.506344711228351035e-02
-1.350000000000023404e+00 6.448104822074705866e-02
-1.250000000000023759e+00 7.512729479222690632e-02
-1.150000000000024114e+00 8.828114074919292398e-02
-1.050000000000024469e+00 1.043713046962607693e-01
-9.500000000000248246e-01 1.248336314194520846e-01
-8.500000000000251799e-01 1.503822747177931407e-01
-7.500000000000255351e-01 1.816309111783195873e-01
-6.500000000000258904e-01 2.219141212886655001e-01
-5.500000000000262457e-01 2.742002997462077429e-01
-4.500000000000266565e-01 3.452249892660350095e-01
-3.500000000000270117e-01 4.389938734494999162e-01
-2.500000000000273670e-01 5.704496055705029489e-01
-1.500000000000277223e-01 7.676896837643489846e-01
-5.000000000002806366e-02 1.106788950991537401e+00
4.999999999997158107e-02 1.105909111778770715e+00
1.499999999999712119e-01 7.700708553787121158e-01
2.499999999999708566e-01 5.678712516188131332e-01
3.499999999999705014e-01 4.359417943110994731e-01
4.499999999999701461e-01 3.415514309094963008e-01
5.499999999999698463e-01 2.720858845119578096e-01
6.499999999999694911e-01 2.206372699552400229e-01
7.499999999999691358e-01 1.804788879718613182e-01
8.499999999999687805e-01 1.486561748488539336e-01
9.499999999999684253e-01 1.241278390791819425e-01
1.049999999999968070e+00 1.042196388712630373e-01
1.149999999999967715e+00 8.843419665797722096e-02
1.249999999999967359e+00 7.419290701519150322e-02
1.349999999999967004e+00 6.430863591913532629e-02
1.449999999999966649e+00 5.449739661196732754e-02
1.549999999999966294e+00 4.732037306574171653e-02
1.649999999999965938e+00 4.076038605781395069e-02
1.749999999999965583e+00 3.578450779756864319e-02
1.849999999999965228e+00 3.105167066891624181e-02
1.949999999999964873e+00 2.713182998039759611e-02
2.049999999999964295e+00 2.399857414006738993e-02
2.149999999999963940e+00 2.133953944599017299e-02
2.249999999999963585e+00 1.895706157198868980e-02
2.349999999999963229e+00 1.688640254296109450e-02
2.449999999999962874e+00 1.500575190126597624e-02
2.549999999999962519e+00 1.357285493111325125e-02
2.649999999999962164e+00 1.221930450232700666e-02
2.749999999999961808e+00 1.111456510064989800e-02
2.849999999999961453e+00 1.004693185512551060e-02
2.949999999999961098e+00 9.008518310502255932e-03
3.049999999999960743e+00 8.116720185963609974e-03
3.149999999999960387e+00 7.556879657940317532e-03
3.249999999999960032e+00 6.730534222247867501e-03
3.349999999999959677e+00 6.162520839800875866e-03
3.449999999999959321e+00 5.631117653964654718e-03
3.549999999999958966e+00 5.252141695803225034e-03
3.649999999999958611e+00 4.771242559098058840e-03
3.749999999999958256e+00 4.359505329785226535e-03
3.849999999999957900e+00 3.980606210426071781e-03
3.949999999999957545e+00 3.783500711901733281e-03
4.049999999999957190e+00 3.377100286674122875e-03
4.149999999999956835e+00 3.178227495697480941e-03
4.249999999999956479e+00 2.900532064278955793e-03
4.349999999999956124e+00 2.783331934774000392e-03
4.449999999999955769e+00 2.637044825935474374e-03
4.549999999999955413e+00 2.415176277041898752e-03
4.649999999999955058e+00 2.162306764103563098e-03
4.749999999999954703e+00 2.094730530176340273e-03
4.849999999999954348e+00 1.967918565041463196e-03
4.949999999999953992e+00 1.789582690308984952e-03
5.049999999999953637e+00 1.728321208859559316e-03
5.149999999999953282e+00 1.582816458735097128e-03
5.249999999999952927e+00 1.464785073096448731e-03
5.349999999999952571e+00 1.327313470482458435e-03
5.449999999999952216e+00 1.284695876602989176e-03
5.549999999999951861e+00 1.194151826141477777e-03
5.649999999999951505e+00 1.095651466971768549e-03
5.749999999999951150e+00 1.108092367594508193e-03
5.849999999999950795e+00 1.010479147323781537e-03
5.949999999999950440e+00 1.011380256914086668e-03
6.049999999999950084e+00 9.483724390493409977e-04
6.149999999999949729e+00 9.004809091956054654e-04
6.249999999999949374e+00 7.514345888208740463e-04
6.349999999999949019e+00 7.860260205355325833e-04
6.449999999999948663e+00 7.327837159052563894e-04
6.549999999999948308e+00 6.839840911155543402e-04
6.649999999999947953e+00 7.150479232712665277e-04
6.749999999999947597e+00 6.272072015806705184e-04
6.849999999999947242e+00 5.535746729651180214e-04
6.949999999999946887e+00 5.376061727834320278e-04
7.049999999999946532e+00 5.003463390261644926e-04
7.149999999999946176e+00 5.207505337027633525e-04
7.249999999999945821e+00 5.118791447129377283e-04
7.349999999999945466e+00 4.169552825218037439e-04
7.449999999999945111e+00 4.267138104106118872e-04
7.549999999999944755e+00 3.965510878452048298e-04
7.649999999999944400e+00 3.743726153706408233e-04
7.749999999999944045e+00 3.734854764716582501e-04
7.849999999999943689e+00 3.406613372093034728e-04
7.949999999999943334e+00 3.406613372093034728e-04
