-7.950000000000000178e+00 0.000000000000000000e+00
-7.850000000000000533e+00 0.000000000000000000e+00
-7.750000000000000888e+00 0.000000000000000000e+00
-7.650000000000001243e+00 0.000000000000000000e+00
-7.550000000000001599e+00 0.000000000000000000e+00
-7.450000000000001954e+00 0.000000000000000000e+00
-7.350000000000002309e+00 0.000000000000000000e+00
-7.250000000000002665e+00 0.000000000000000000e+00
-7.150000000000003020e+00 0.000000000000000000e+00
-7.050000000000003375e+00 0.000000000000000000e+00
-6.950000000000003730e+00 0.000000000000000000e+00
-6.850000000000004086e+00 0.000000000000000000e+00
-6.750000000000004441e+00 0.000000000000000000e+00
-6.650000000000004796e+00 0.000000000000000000e+00
-6.550000000000005151e+00 0.000000000000000000e+00
-6.450000000000005507e+00 0.000000000000000000e+00
-6.350000000000005862e+00 0.000000000000000000e+00
-6.250000000000006217e+00 0.000000000000000000e+00
-6.150000000000006573e+00 0.000000000000000000e+00
-6.050000000000006928e+00 0.000000000000000000e+00
-5.950000000000007283e+00 0.000000000000000000e+00
-5.850000000000007638e+00 0.000000000000000000e+00
-5.750000000000007994e+00 0.000000000000000000e+00
-5.650000000000008349e+00 0.000000000000000000e+00
-5.550000000000008704e+00 0.000000000000000000e+00
-5.450000000000009059e+00 0.000000000000000000e+00
-5.350000000000009415e+00 0.000000000000000000e+00
-5.250000000000009770e+00 0.000000000000000000e+00
-5.150000000000010125e+00 0.000000000000000000e+00
-5.050000000000010481e+00 0.000000000000000000e+00
-4.950000000000010836e+00 0.000000000000000000e+00
-4.850000000000011191e+00 0.000000000000000000e+00
-4.750000000000011546e+00 0.000000000000000000e+00
-4.650000000000011902e+00 0.000000000000000000e+00
-4.550000000000012257e+00 0.000000000000000000e+00
-4.450000000000012612e+00 0.000000000000000000e+00
-4.350000000000012967e+00 0.000000000000000000e+00
-4.250000000000013323e+00 0.000000000000000000e+00
-4.150000000000013678e+00 0.000000000000000000e+00
-4.050000000000014033e+00 0.000000000000000000e+00
-3.950000000000014388e+00 0.000000000000000000e+00
-3.850000000000014744e+00 0.000000000000000000e+00
-3.750000000000015099e+00 0.000000000000000000e+00
-3.650000000000015454e+00 0.000000000000000000e+00
-3.550000000000015810e+00 0.000000000000000000e+00
-3.450000000000016165e+00 0.000000000000000000e+00
-3.350000000000016520e+00 0.000000000000000000e+00
-3.250000000000016875e+00 0.000000000000000000e+00
-3.150000000000017231e+00 0.000000000000000000e+00
-3.050000000000017586e+00 0.000000000000000000e+00
-2.950000000000017941e+00 0.000000000000000000e+00
-2.850000000000018296e+00 0.000000000000000000e+00
-2.750000000000018652e+00 0.000000000000000000e+00
-2.650000000000019007e+00 0.000000000000000000e+00
-2.550000000000019362e+00 0.000000000000000000e+00
-2.450000000000019718e+00 0.000000000000000000e+00
-2.350000000000020073e+00 0.000000000000000000e+00
-2.250000000000020428e+00 0.000000000000000000e+00
-2.150000000000020783e+00 0.000000000000000000e+00
-2.050000000000021139e+00 0.000000000000000000e+00
-1.950000000000021272e+00 0.000000000000000000e+00
-1.850000000000021627e+00 0.000000000000000000e+00
-1.750000000000021982e+00 0.000000000000000000e+00
-1.650000000000022338e+00 0.000000000000000000e+00
-1.550000000000022693e+00 0.000000000000000000e+00
-1.450000000000023048e+00 0.000000000000000000e+00
-1.350000000000023404e+00 0.000000000000000000e+00
-1.250000000000023759e+00 0.000000000000000000e+00
-1.150000000000024114e+00 0.000000000000000000e+00
-1.050000000000024469e+00 0.000000000000000000e+00
-9.500000000000248246e-01 0.000000000000000000e+00
-8.500000000000251799e-01 0.000000000000000000e+00
-7.500000000000255351e-01 0.000000000000000000e+00
-6.500000000000258904e-01 0.000000000000000000e+00
-5.500000000000262457e-01 0.000000000000000000e+00
-4.500000000000266565e-01 0.000000000000000000e+00
-3.500000000000270117e-01 0.000000000000000000e+00
-2.500000000000273670e-01 0.000000000000000000e+00
-1.500000000000277223e-01 0.000000000000000000e+00
-5.000000000002806366e-02 0.000000000000000000e+00
4.999999999997158107e-02 0.000000000000000000e+00
1.499999999999712119e-01 0.000000000000000000e+00
2.499999999999708566e-01 0.000000000000000000e+00
3.499999999999705014e-01 0.000000000000000000e+00
4.499999999999701461e-01 1.641206963117736151e-04
5.499999999999698463e-01 4.258266715116287718e-04
6.499999999999694911e-01 1.140150912972397873e-02
7.499999999999691358e-01 1.039265477380084540e-01
8.499999999999687805e-01 2.399828285115284121e-01
9.499999999999684253e-01 3.029489368773297109e-01
1.049999999999968070e+00 3.520808336041020836e-01
1.149999999999967715e+00 3.933167191264247964e-01
1.249999999999967359e+00 4.088374167391512493e-01
1.349999999999967004e+00 4.214302067179479527e-01
1.449999999999966649e+00 4.154055975575375315e-01
1.549999999999966294e+00 4.193788481989861872e-01
1.649999999999965938e+00 3.978316064850985767e-01
1.749999999999965583e+00 3.840894337605023079e-01
1.849999999999965228e+00 3.725355393151793537e-01
1.949999999999964873e+00 3.893671977041928689e-01
2.049999999999964295e+00 3.794389119451230807e-01
2.149999999999963940e+00 3.730488993531724251e-01
2.249999999999963585e+00 3.365684625234068861e-01
2.349999999999963229e+00 3.267943922405014412e-01
2.449999999999962874e+00 3.226299037908879064e-01
2.549999999999962519e+00 3.253221538035848681e-01
2.649999999999962164e+00 3.109498819442998996e-01
2.749999999999961808e+00 2.831180365044949632e-01
2.849999999999961453e+00 2.592482162556580816e-01
2.949999999999961098e+00 2.504971987422660584e-01
3.049999999999960743e+00 2.209622352207482043e-01
3.149999999999960387e+00 2.154260973117398947e-01
3.249999999999960032e+00 1.913816643774068349e-01
3.349999999999959677e+00 1.696263641430033609e-01
3.449999999999959321e+00 1.617432548719897611e-01
3.549999999999958966e+00 1.451650527649513689e-01
3.649999999999958611e+00 1.290541912386880541e-01
3.749999999999958256e+00 1.154827124206704303e-01
3.849999999999957900e+00 1.089731875498011621e-01
3.949999999999957545e+00 9.359480238423448228e-02
4.049999999999957190e+00 9.101386385465071172e-02
4.149999999999956835e+00 8.060872347401522309e-02
4.249999999999956479e+00 7.536333660746713514e-02
4.349999999999956124e+00 6.387843642123898491e-02
4.449999999999955769e+00 5.622686341751469141e-02
4.549999999999955413e+00 4.635403431765128257e-02
4.649999999999955058e+00 4.192637995559465175e-02
4.749999999999954703e+00 3.628062101712385690e-02
4.849999999999954348e+00 3.333265845580474229e-02
4.949999999999953992e+00 2.702244645268751105e-02
5.049999999999953637e+00 2.303741851845789862e-02
5.149999999999953282e+00 2.344729764582485082e-02
5.249999999999952927e+00 1.594033526797998535e-02
5.349999999999952571e+00 9.954823087235883244e-03
5.449999999999952216e+00 7.495681044601864434e-03
5.549999999999951861e+00 5.620297353535360502e-03
5.649999999999951505e+00 4.174274918885093402e-03
5.749999999999951150e+00 4.971840730453071233e-03
5.849999999999950795e+00 4.002917404468235747e-03
5.949999999999950440e+00 4.190844158793653566e-03
6.049999999999950084e+00 3.615091013353968069e-03
6.149999999999949729e+00 2.370435138081421894e-03
6.249999999999949374e+00 1.412325127180245367e-03
6.349999999999949019e+00 6.529342296511676368e-04
6.449999999999948663e+00 7.700365643168667661e-04
6.549999999999948308e+00 4.187295603197727393e-04
6.649999999999947953e+00 6.209972292877920718e-05
6.749999999999947597e+00 1.446036405341575995e-04
6.849999999999947242e+00 1.534750295239833322e-04
6.949999999999946887e+00 1.508136128270356124e-04
7.049999999999946532e+00 3.690497819767467932e-04
7.149999999999946176e+00 6.591442019440482518e-04
7.249999999999945821e+00 7.301153138626541132e-04
7.349999999999945466e+00 6.263200626816936914e-04
7.449999999999945111e+00 9.137530659520367779e-05
7.549999999999944755e+00 9.847241778706415552e-05
7.649999999999944400e+00 4.781678665516051483e-04
7.749999999999944045e+00 6.742255632267456548e-05
7.849999999999943689e+00 6.476113962572688633e-05
7.949999999999943334e+00 7.274538971656992377e-05
