-7.950000000000000178e+00 0.000000000000000000e+00
-7.850000000000000533e+00 0.000000000000000000e+00
-7.750000000000000888e+00 0.000000000000000000e+00
-7.650000000000001243e+00 0.000000000000000000e+00
-7.550000000000001599e+00 0.000000000000000000e+00
-7.450000000000001954e+00 0.000000000000000000e+00
-7.350000000000002309e+00 6.207716581910666074e-06
-7.250000000000002665e+00 4.434083272793332668e-06
-7.150000000000003020e+00 2.660449963675999262e-06
-7.050000000000003375e+00 2.660449963675999262e-06
-6.950000000000003730e+00 2.660449963675999262e-06
-6.850000000000004086e+00 2.660449963675999262e-06
-6.750000000000004441e+00 2.660449963675999262e-06
-6.650000000000004796e+00 4.434083272793332668e-06
-6.550000000000005151e+00 2.394404967308398489e-05
-6.450000000000005507e+00 1.418906647293866217e-05
-6.350000000000005862e+00 1.507588312749732972e-05
-6.250000000000006217e+00 9.754983200145332886e-06
-6.150000000000006573e+00 9.754983200145331192e-06
-6.050000000000006928e+00 6.207716581910666074e-06
-5.950000000000007283e+00 7.981349891027999480e-06
-5.850000000000007638e+00 7.094533236469331930e-06
-5.750000000000007994e+00 4.434083272793332668e-06
-5.650000000000008349e+00 3.990674945513997707e-05
-5.550000000000008704e+00 2.660449963675998923e-05
-5.450000000000009059e+00 1.596269978205599896e-05
-5.350000000000009415e+00 3.103858290955332529e-05
-5.250000000000009770e+00 2.305723301852533258e-05
-5.150000000000010125e+00 8.070031556483863355e-05
-5.050000000000010481e+00 8.247394887395595171e-05
-4.950000000000010836e+00 4.966173265528532859e-05
-4.850000000000011191e+00 6.119034916454798472e-05
-4.750000000000011546e+00 2.172700803668731889e-04
-4.650000000000011902e+00 2.225909802942252112e-04
-4.550000000000012257e+00 2.305723301852532039e-04
-4.450000000000012612e+00 2.474218466218678822e-04
-4.350000000000012967e+00 2.944231293134771726e-04
-4.250000000000013323e+00 5.755440088085744116e-04
-4.150000000000013678e+00 5.595813090265183178e-04
-4.050000000000014033e+00 8.318340219760288982e-04
-3.950000000000014388e+00 8.912507378314594563e-04
-3.850000000000014744e+00 1.160843000817293877e-03
-3.750000000000015099e+00 1.439303430348714847e-03
-3.650000000000015454e+00 1.903995357337455972e-03
-3.550000000000015810e+00 2.431651266799862102e-03
-3.450000000000016165e+00 3.098537391027979260e-03
-3.350000000000016520e+00 3.700685899473313105e-03
-3.250000000000016875e+00 4.460687772430090015e-03
-3.150000000000017231e+00 5.951426568743208023e-03
-3.050000000000017586e+00 7.616868246004381525e-03
-2.950000000000017941e+00 8.604781999182737132e-03
-2.850000000000018296e+00 1.046177607382858289e-02
-2.750000000000018652e+00 1.278700934208141030e-02
-2.650000000000019007e+00 1.499961689520531299e-02
-2.550000000000019362e+00 1.788709192244842747e-02
-2.450000000000019718e+00 2.132971417544529333e-02
-2.350000000000020073e+00 2.609635369369833063e-02
-2.250000000000020428e+00 3.114588772475561027e-02
-2.150000000000020783e+00 3.712125834317214768e-02
-2.050000000000021139e+00 4.446410024291821972e-02
-1.950000000000021272e+00 5.257315173220294957e-02
-1.850000000000021627e+00 6.215431886805485723e-02
-1.750000000000021982e+00 7.485974107791651400e-02
-1.650000000000022338e+00 8.750308612195881186e-02
-1.550000000000022693e+00 1.045184372729757172e-01
-1.450000000000023048e+00 1.229775259376141017e-01
-1.350000000000023404e+00 1.395716391777155618e-01
-1.250000000000023759e+00 1.599134395999824432e-01
-1.150000000000024114e+00 1.863999926216867720e-01
-1.050000000000024469e+00 2.096124185547605101e-01
-9.500000000000248246e-01 2.368385766663672065e-01
-8.500000000000251799e-01 2.613244713153856646e-01
-7.500000000000255351e-01 2.934831036596445286e-01
-6.500000000000258904e-01 3.259015732836892942e-01
-5.500000000000262457e-01 3.541954586473829991e-01
-4.500000000000266565e-01 3.802066779422431653e-01
-3.500000000000270117e-01 4.018308152470026484e-01
-2.500000000000273670e-01 4.177092674468760314e-01
-1.500000000000277223e-01 4.286986994301672516e-01
-5.000000000002806366e-02 4.386948967603533367e-01
4.999999999997158107e-02 4.339238231588267714e-01
1.499999999999712119e-01 4.278376004585908721e-01
2.499999999999708566e-01 4.166042938952958519e-01
3.499999999999705014e-01 4.022227882083176387e-01
4.499999999999701461e-01 3.786804664797484010e-01
5.499999999999698463e-01 3.540553416159624711e-01
6.499999999999694911e-01 3.270695108177427701e-01
7.499999999999691358e-01 2.946537016436616141e-01
8.499999999999687805e-01 2.673965049491484613e-01
9.499999999999684253e-01 2.392391893502573974e-01
1.049999999999968070e+00 2.118924241736310221e-01
1.149999999999967715e+00 1.858430717626240458e-01
1.249999999999967359e+00 1.611363597666189418e-01
1.349999999999967004e+00 1.390253601185077459e-01
1.449999999999966649e+00 1.210167743143850394e-01
1.549999999999966294e+00 1.025665538162920942e-01
1.649999999999965938e+00 8.632361997139585685e-02
1.749999999999965583e+00 7.320937528378282377e-02
1.849999999999965228e+00 6.346148661687436854e-02
1.949999999999964873e+00 5.405945644524337568e-02
2.049999999999964295e+00 4.503875743507225471e-02
2.149999999999963940e+00 3.743075735561313122e-02
2.249999999999963585e+00 3.097650574373485288e-02
2.349999999999963229e+00 2.515100713993873721e-02
2.449999999999962874e+00 2.179263246912493956e-02
2.549999999999962519e+00 1.835267066609173187e-02
2.649999999999962164e+00 1.507499631084279444e-02
2.749999999999961808e+00 1.197202483654199318e-02
2.849999999999961453e+00 1.021612786051583240e-02
2.949999999999961098e+00 8.605668815837293900e-03
3.049999999999960743e+00 7.113156386215059752e-03
3.149999999999960387e+00 5.516886408009461645e-03
3.249999999999960032e+00 3.785820298310945027e-03
3.349999999999959677e+00 3.283882071830740261e-03
3.449999999999959321e+00 2.914966343534335265e-03
3.549999999999958966e+00 2.657789513712322058e-03
3.649999999999958611e+00 2.065395988467133050e-03
3.749999999999958256e+00 1.499606962858704342e-03
3.849999999999957900e+00 1.399396680893575263e-03
3.949999999999957545e+00 1.047330469033784864e-03
4.049999999999957190e+00 8.043427056847100940e-04
4.149999999999956835e+00 5.391845259716690573e-04
4.249999999999956479e+00 5.063723097529983664e-04
4.349999999999956124e+00 4.008411278605170753e-04
4.449999999999955769e+00 2.846681461133318482e-04
4.549999999999955413e+00 2.554031965128958749e-04
4.649999999999955058e+00 1.356829481474759302e-04
4.749999999999954703e+00 1.002102819651292824e-04
4.849999999999954348e+00 9.400256538321862139e-05
4.949999999999953992e+00 8.513439883763197638e-05
5.049999999999953637e+00 8.602121549219064224e-05
5.149999999999953282e+00 7.360578232836930670e-05
5.249999999999952927e+00 6.651124909189995275e-05
5.349999999999952571e+00 4.079356610969864970e-05
5.449999999999952216e+00 1.330224981837999800e-05
5.549999999999951861e+00 1.152861650926266460e-05
5.649999999999951505e+00 1.241543316382133215e-05
5.749999999999951150e+00 1.862314974573199653e-05
5.849999999999950795e+00 1.241543316382133215e-05
5.949999999999950440e+00 1.596269978205599557e-05
6.049999999999950084e+00 2.305723301852532242e-05
6.149999999999949729e+00 2.926494960043598680e-05
6.249999999999949374e+00 3.547266618234665965e-06
6.349999999999949019e+00 2.660449963675999262e-06
6.449999999999948663e+00 2.660449963675999262e-06
6.549999999999948308e+00 2.660449963675999262e-06
6.649999999999947953e+00 2.660449963675999262e-06
6.749999999999947597e+00 2.660449963675999262e-06
6.849999999999947242e+00 3.547266618234665965e-06
6.949999999999946887e+00 2.660449963675999262e-06
7.049999999999946532e+00 2.660449963675999262e-06
7.149999999999946176e+00 2.660449963675999262e-06
7.249999999999945821e+00 3.547266618234665965e-06
7.349999999999945466e+00 6.207716581910666074e-06
7.449999999999945111e+00 2.660449963675999262e-06
7.549999999999944755e+00 0.000000000000000000e+00
7.649999999999944400e+00 0.000000000000000000e+00
7.749999999999944045e+00 0.000000000000000000e+00
7.849999999999943689e+00 0.000000000000000000e+00
7.949999999999943334e+00 0.000000000000000000e+00
