-7.950000000000000178e+00 0.000000000000000000e+00
-7.850000000000000533e+00 0.000000000000000000e+00
-7.750000000000000888e+00 0.000000000000000000e+00
-7.650000000000001243e+00 0.000000000000000000e+00
-7.550000000000001599e+00 8.871388989825613036e-07
-7.450000000000001954e+00 0.000000000000000000e+00
-7.350000000000002309e+00 8.871388989825613036e-07
-7.250000000000002665e+00 0.000000000000000000e+00
-7.150000000000003020e+00 0.000000000000000000e+00
-7.050000000000003375e+00 0.000000000000000000e+00
-6.950000000000003730e+00 0.000000000000000000e+00
-6.850000000000004086e+00 0.000000000000000000e+00
-6.750000000000004441e+00 0.000000000000000000e+00
-6.650000000000004796e+00 0.000000000000000000e+00
-6.550000000000005151e+00 0.000000000000000000e+00
-6.450000000000005507e+00 8.871388989825613036e-07
-6.350000000000005862e+00 1.774277797965122607e-06
-6.250000000000006217e+00 0.000000000000000000e+00
-6.150000000000006573e+00 0.000000000000000000e+00
-6.050000000000006928e+00 0.000000000000000000e+00
-5.950000000000007283e+00 0.000000000000000000e+00
-5.850000000000007638e+00 0.000000000000000000e+00
-5.750000000000007994e+00 0.000000000000000000e+00
-5.650000000000008349e+00 8.871388989825613036e-07
-5.550000000000008704e+00 2.661416696947683805e-06
-5.450000000000009059e+00 2.661416696947683805e-06
-5.350000000000009415e+00 2.661416696947683805e-06
-5.250000000000009770e+00 1.774277797965122607e-06
-5.150000000000010125e+00 2.661416696947683805e-06
-5.050000000000010481e+00 1.774277797965122607e-06
-4.950000000000010836e+00 4.435694494912806200e-06
-4.850000000000011191e+00 7.097111191860489582e-06
-4.750000000000011546e+00 7.984250090843050991e-06
-4.650000000000011902e+00 9.758527888808173810e-06
-4.550000000000012257e+00 1.419422238372097916e-05
-4.450000000000012612e+00 2.750130586845939861e-05
-4.350000000000012967e+00 3.459841706031988989e-05
-4.250000000000013323e+00 5.234119503997111808e-05
-4.150000000000013678e+00 6.032544513081416907e-05
-4.050000000000014033e+00 8.960102879723868033e-05
-3.950000000000014388e+00 1.392808071402621057e-04
-3.850000000000014744e+00 2.315432526344484787e-04
-3.750000000000015099e+00 3.175957258357569473e-04
-3.650000000000015454e+00 4.950235056322691615e-04
-3.550000000000015810e+00 7.150339525799439709e-04
-3.450000000000016165e+00 9.856113167696248061e-04
-3.350000000000016520e+00 1.485070516896805966e-03
-3.250000000000016875e+00 1.924204271893172795e-03
-3.150000000000017231e+00 2.683595169422244020e-03
-3.050000000000017586e+00 3.831552904705677783e-03
-2.950000000000017941e+00 5.140969919603952457e-03
-2.850000000000018296e+00 6.933877634447730212e-03
-2.750000000000018652e+00 9.118900742641804918e-03
-2.650000000000019007e+00 1.210412313771816288e-02
-2.550000000000019362e+00 1.563848451126473305e-02
-2.450000000000019718e+00 2.011143883993486009e-02
-2.350000000000020073e+00 2.551855042923363917e-02
-2.250000000000020428e+00 3.238500550735874672e-02
-2.150000000000020783e+00 4.025570181913213502e-02
-2.050000000000021139e+00 5.011181498682851232e-02
-1.950000000000021272e+00 6.076812744140715900e-02
-1.850000000000021627e+00 7.302217705305225071e-02
-1.750000000000021982e+00 8.727051490961010294e-02
-1.650000000000022338e+00 1.036391147347364150e-01
-1.550000000000022693e+00 1.218139293581914362e-01
-1.450000000000023048e+00 1.410852476607886707e-01
-1.350000000000023404e+00 1.617981666742328573e-01
-1.250000000000023759e+00 1.839571220930191486e-01
-1.150000000000024114e+00 2.075257412222887843e-01
-1.050000000000024469e+00 2.299668068109519403e-01
-9.500000000000248246e-01 2.549131526503414236e-01
-8.500000000000251799e-01 2.780701393304822466e-01
-7.500000000000255351e-01 3.001386065815722093e-01
-6.500000000000258904e-01 3.229992888694541153e-01
-5.500000000000262457e-01 3.422289116438007595e-01
-4.500000000000266565e-01 3.582160417423658760e-01
-3.500000000000270117e-01 3.727651196856806015e-01
-2.500000000000273670e-01 3.837878205055395564e-01
-1.500000000000277223e-01 3.903145013853545620e-01
-5.000000000002806366e-02 3.945346211278145665e-01
4.999999999997158107e-02 3.944982484329563333e-01
1.499999999999712119e-01 3.918128789857360239e-01
2.499999999999708566e-01 3.843218781227270009e-01
3.499999999999705014e-01 3.727154399073376312e-01
4.499999999999701461e-01 3.589151071947642713e-01
5.499999999999698463e-01 3.426086070925652427e-01
6.499999999999694911e-01 3.218602025231603880e-01
7.499999999999691358e-01 2.998990790788468863e-01
8.499999999999687805e-01 2.773382497388217072e-01
9.499999999999684253e-01 2.541741659474888171e-01
1.049999999999968070e+00 2.305656255677650535e-01
1.149999999999967715e+00 2.068932111873142687e-01
1.249999999999967359e+00 1.842791535133497249e-01
1.349999999999967004e+00 1.621672164562096286e-01
1.449999999999966649e+00 1.418685913085902528e-01
1.549999999999966294e+00 1.211813993232169206e-01
1.649999999999965938e+00 1.036391147347364289e-01
1.749999999999965583e+00 8.755262507948653738e-02
1.849999999999965228e+00 7.316944211028335310e-02
1.949999999999964873e+00 6.092869958212300541e-02
2.049999999999964295e+00 4.994592001271876830e-02
2.149999999999963940e+00 4.037635270939376325e-02
2.249999999999963585e+00 3.237879553506586849e-02
2.349999999999963229e+00 2.574565798737317793e-02
2.449999999999962874e+00 2.005554908929895949e-02
2.549999999999962519e+00 1.556219056595222958e-02
2.649999999999962164e+00 1.199234363644635822e-02
2.749999999999961808e+00 9.209388910338027825e-03
2.849999999999961453e+00 6.782176882721710834e-03
2.949999999999961098e+00 5.168471225472412445e-03
3.049999999999960743e+00 3.774776015170793093e-03
3.149999999999960387e+00 2.728839253270354606e-03
3.249999999999960032e+00 2.005821050599568452e-03
3.349999999999959677e+00 1.478860544603927737e-03
3.449999999999959321e+00 9.465772052143921244e-04
3.549999999999958966e+00 6.697898687318334932e-04
3.649999999999958611e+00 4.879263944404086837e-04
3.749999999999958256e+00 3.122728924418615619e-04
3.849999999999957900e+00 2.182361691497100966e-04
3.949999999999957545e+00 1.375065293422970134e-04
4.049999999999957190e+00 1.117795012718027139e-04
4.149999999999956835e+00 5.766402843386647637e-05
4.249999999999956479e+00 4.169552825218038116e-05
4.349999999999956124e+00 3.193700036337220396e-05
4.449999999999955769e+00 1.951705577761634762e-05
4.549999999999955413e+00 1.951705577761634762e-05
4.649999999999955058e+00 1.064566678779073522e-05
4.749999999999954703e+00 4.435694494912806200e-06
4.849999999999954348e+00 1.064566678779073522e-05
4.949999999999953992e+00 4.435694494912806200e-06
5.049999999999953637e+00 6.209972292877929019e-06
5.149999999999953282e+00 4.435694494912806200e-06
5.249999999999952927e+00 2.661416696947683805e-06
5.349999999999952571e+00 1.774277797965122607e-06
5.449999999999952216e+00 3.548555595930245214e-06
5.549999999999951861e+00 3.548555595930245214e-06
5.649999999999951505e+00 4.435694494912806200e-06
5.749999999999951150e+00 4.435694494912806200e-06
5.849999999999950795e+00 2.661416696947683805e-06
5.949999999999950440e+00 7.097111191860489582e-06
6.049999999999950084e+00 1.774277797965122607e-06
6.149999999999949729e+00 3.548555595930245214e-06
6.249999999999949374e+00 1.774277797965122607e-06
6.349999999999949019e+00 8.871388989825613036e-07
6.449999999999948663e+00 8.871388989825613036e-07
6.549999999999948308e+00 0.000000000000000000e+00
6.649999999999947953e+00 8.871388989825613036e-07
6.749999999999947597e+00 0.000000000000000000e+00
6.849999999999947242e+00 0.000000000000000000e+00
6.949999999999946887e+00 8.871388989825613036e-07
7.049999999999946532e+00 0.000000000000000000e+00
7.149999999999946176e+00 0.000000000000000000e+00
7.249999999999945821e+00 0.000000000000000000e+00
7.349999999999945466e+00 0.000000000000000000e+00
7.449999999999945111e+00 0.000000000000000000e+00
7.549999999999944755e+00 0.000000000000000000e+00
7.649999999999944400e+00 0.000000000000000000e+00
7.749999999999944045e+00 0.000000000000000000e+00
7.849999999999943689e+00 0.000000000000000000e+00
7.949999999999943334e+00 0.000000000000000000e+00
