-7.950000000000000178e+00 0.000000000000000000e+00
-7.850000000000000533e+00 0.000000000000000000e+00
-7.750000000000000888e+00 0.000000000000000000e+00
-7.650000000000001243e+00 0.000000000000000000e+00
-7.550000000000001599e+00 0.000000000000000000e+00
-7.450000000000001954e+00 0.000000000000000000e+00
-7.350000000000002309e+00 0.000000000000000000e+00
-7.250000000000002665e+00 0.000000000000000000e+00
-7.150000000000003020e+00 0.000000000000000000e+00
-7.050000000000003375e+00 0.000000000000000000e+00
-6.950000000000003730e+00 0.000000000000000000e+00
-6.850000000000004086e+00 0.000000000000000000e+00
-6.750000000000004441e+00 0.000000000000000000e+00
-6.650000000000004796e+00 0.000000000000000000e+00
-6.550000000000005151e+00 0.000000000000000000e+00
-6.450000000000005507e+00 0.000000000000000000e+00
-6.350000000000005862e+00 0.000000000000000000e+00
-6.250000000000006217e+00 0.000000000000000000e+00
-6.150000000000006573e+00 0.000000000000000000e+00
-6.050000000000006928e+00 9.935955668604671523e-05
-5.950000000000007283e+00 6.742255632267456548e-05
-5.850000000000007638e+00 5.677688953488384889e-05
-5.750000000000007994e+00 1.614592796148259224e-04
-5.650000000000008349e+00 1.259737236555235338e-04
-5.550000000000008704e+00 1.046823900799421006e-04
-5.450000000000009059e+00 1.933962799781980993e-04
-5.350000000000009415e+00 1.570235851199131374e-04
-5.250000000000009770e+00 2.528345862100299119e-04
-5.150000000000010125e+00 3.104986146438966322e-04
-5.050000000000010481e+00 7.602780364280579180e-04
-4.950000000000010836e+00 5.580103674600317551e-04
-4.850000000000011191e+00 5.988187568132293664e-04
-4.750000000000011546e+00 3.672755041787799119e-04
-4.650000000000011902e+00 7.868922033975330561e-04
-4.550000000000012257e+00 9.581100109011672031e-04
-4.450000000000012612e+00 1.344015431958583756e-03
-4.350000000000012967e+00 1.572897267896086141e-03
-4.250000000000013323e+00 1.055695289789247227e-03
-4.150000000000013678e+00 1.401679460392448633e-03
-4.050000000000014033e+00 1.422083655069048685e-03
-3.950000000000014388e+00 1.544508823128640327e-03
-3.850000000000014744e+00 1.586204351380820403e-03
-3.750000000000015099e+00 2.510603084120658062e-03
-3.650000000000015454e+00 2.442293388898995367e-03
-3.550000000000015810e+00 2.975463867187519082e-03
-3.450000000000016165e+00 2.963043922601760888e-03
-3.350000000000016520e+00 3.249589786973128801e-03
-3.250000000000016875e+00 4.482712856558902607e-03
-3.150000000000017231e+00 4.708933275799459008e-03
-3.050000000000017586e+00 5.884392316951363167e-03
-2.950000000000017941e+00 7.483903751816940383e-03
-2.850000000000018296e+00 7.652460142623626269e-03
-2.750000000000018652e+00 8.123530897983368554e-03
-2.650000000000019007e+00 9.401220472888108942e-03
-2.550000000000019362e+00 9.966635306749106749e-03
-2.450000000000019718e+00 1.020876135806039753e-02
-2.350000000000020073e+00 1.283019393644294417e-02
-2.250000000000020428e+00 1.608384919459096216e-02
-2.150000000000020783e+00 1.714484636173713161e-02
-2.050000000000021139e+00 2.083532322546765431e-02
-1.950000000000021272e+00 2.449234028348064307e-02
-1.850000000000021627e+00 2.885325665308950335e-02
-1.750000000000021982e+00 3.487930479470599532e-02
-1.650000000000022338e+00 3.730893375192111117e-02
-1.550000000000022693e+00 4.539128603723116551e-02
-1.450000000000023048e+00 5.002104740530562144e-02
-1.350000000000023404e+00 5.993747903278668493e-02
-1.250000000000023759e+00 7.496207739664594027e-02
-1.150000000000024114e+00 8.177194418956851285e-02
-1.050000000000024469e+00 9.048196470927230561e-02
-9.500000000000248246e-01 1.204588281826685647e-01
-8.500000000000251799e-01 1.484135598233460862e-01
-7.500000000000255351e-01 1.789447663577307945e-01
-6.500000000000258904e-01 2.156352106194565077e-01
-5.500000000000262457e-01 2.473835367965168675e-01
-4.500000000000266565e-01 2.933408663487176438e-01
-3.500000000000270117e-01 3.812718945880253507e-01
-2.500000000000273670e-01 4.833981720568679696e-01
-1.500000000000277223e-01 6.667442999355862598e-01
-5.000000000002806366e-02 1.121578967477399269e+00
4.999999999997158107e-02 1.120403347773298197e+00
1.499999999999712119e-01 6.752970523830738037e-01
2.499999999999708566e-01 5.187433155830321052e-01
3.499999999999705014e-01 4.232506855921175926e-01
4.499999999999701461e-01 3.215929851102347081e-01
5.499999999999698463e-01 2.729518787696235682e-01
6.499999999999694911e-01 2.287292899589445094e-01
7.499999999999691358e-01 2.037300301261711355e-01
8.499999999999687805e-01 1.748375996546138733e-01
9.499999999999684253e-01 1.589379889518396372e-01
1.049999999999968070e+00 1.334273668899327858e-01
1.149999999999967715e+00 1.178789095135510667e-01
1.249999999999967359e+00 1.019621078751048737e-01
1.349999999999967004e+00 9.560846099266578912e-02
1.449999999999966649e+00 8.601479424681006403e-02
1.549999999999966294e+00 7.907264596309983296e-02
1.649999999999965938e+00 6.919591904035768404e-02
1.749999999999965583e+00 6.318387651679252537e-02
1.849999999999965228e+00 5.669680254687742282e-02
1.949999999999964873e+00 5.269525427015889912e-02
2.049999999999964295e+00 4.905478549601764715e-02
2.149999999999963940e+00 4.533189662841887596e-02
2.249999999999963585e+00 3.931437759385501829e-02
2.349999999999963229e+00 3.672465149942899520e-02
2.449999999999962874e+00 3.337299184165322397e-02
2.549999999999962519e+00 2.852829837292674559e-02
2.649999999999962164e+00 2.425672457432566376e-02
2.749999999999961808e+00 2.144901378319376273e-02
2.849999999999961453e+00 2.041801867566278572e-02
2.949999999999961098e+00 1.833227828535248516e-02
3.049999999999960743e+00 1.751964508319312636e-02
3.149999999999960387e+00 1.599561030819767957e-02
3.249999999999960032e+00 1.276050812812601007e-02
3.349999999999959677e+00 1.250967833612075600e-02
3.449999999999959321e+00 1.124625982240201605e-02
3.549999999999958966e+00 9.847241778706501691e-03
3.649999999999958611e+00 9.443593579669434107e-03
3.749999999999958256e+00 9.064785269803875972e-03
3.849999999999957900e+00 7.989572924236999774e-03
3.949999999999957545e+00 7.098885469658495345e-03
4.049999999999957190e+00 6.799032521802389484e-03
4.149999999999956835e+00 6.249006404433196660e-03
4.249999999999956479e+00 5.086854446766031317e-03
4.349999999999956124e+00 4.481825717659919384e-03
4.449999999999955769e+00 3.675416458484764403e-03
4.549999999999955413e+00 3.516618595566883138e-03
4.649999999999955058e+00 3.533474234647550512e-03
4.749999999999954703e+00 3.593799679778366361e-03
4.849999999999954348e+00 2.742146336755104698e-03
4.949999999999953992e+00 2.389065054960043139e-03
5.049999999999953637e+00 2.474230389262371474e-03
5.149999999999953282e+00 2.584235612736207090e-03
5.249999999999952927e+00 2.716419308684610290e-03
5.349999999999952571e+00 2.507941667423711427e-03
5.449999999999952216e+00 2.024450967478210947e-03
5.549999999999951861e+00 1.463779183321230280e-03
5.649999999999951505e+00 1.173684763353929471e-03
5.749999999999951150e+00 1.361758209938233270e-03
5.849999999999950795e+00 1.188766124636634735e-03
5.949999999999950440e+00 9.634328442950616670e-04
6.049999999999950084e+00 1.146183457485471652e-03
6.149999999999949729e+00 5.438161450763104744e-04
6.249999999999949374e+00 5.997058957122106387e-04
6.349999999999949019e+00 3.788083098655536354e-04
6.449999999999948663e+00 2.146876135537796138e-04
6.549999999999948308e+00 1.437165016351748094e-04
6.649999999999947953e+00 2.217847247456400644e-04
6.749999999999947597e+00 2.741259197856115619e-04
6.849999999999947242e+00 6.209972292877926139e-05
6.949999999999946887e+00 6.476113962572694054e-05
7.049999999999946532e+00 6.830969522165717940e-05
7.149999999999946176e+00 7.629394531250021684e-05
7.249999999999945821e+00 7.895536200944789599e-05
7.349999999999945466e+00 8.871388989825605286e-05
7.449999999999945111e+00 9.669813998909909029e-05
7.549999999999944755e+00 2.226718636446230171e-04
7.649999999999944400e+00 3.140471702398279553e-04
7.749999999999944045e+00 2.643673918968036897e-04
7.849999999999943689e+00 1.738792242005817855e-04
7.949999999999943334e+00 2.679159474927331154e-04
