-7.950000000000000178e+00 0.000000000000000000e+00
-7.850000000000000533e+00 0.000000000000000000e+00
-7.750000000000000888e+00 0.000000000000000000e+00
-7.650000000000001243e+00 0.000000000000000000e+00
-7.550000000000001599e+00 0.000000000000000000e+00
-7.450000000000001954e+00 0.000000000000000000e+00
-7.350000000000002309e+00 0.000000000000000000e+00
-7.250000000000002665e+00 0.000000000000000000e+00
-7.150000000000003020e+00 0.000000000000000000e+00
-7.050000000000003375e+00 0.000000000000000000e+00
-6.950000000000003730e+00 0.000000000000000000e+00
-6.850000000000004086e+00 1.774277797965122607e-06
-6.750000000000004441e+00 1.774277797965122607e-06
-6.650000000000004796e+00 2.661416696947683805e-06
-6.550000000000005151e+00 7.097111191860490429e-06
-6.450000000000005507e+00 1.419422238372097916e-05
-6.350000000000005862e+00 2.395275027252915297e-05
-6.250000000000006217e+00 2.040419467659891072e-05
-6.150000000000006573e+00 2.661416696947683890e-05
-6.050000000000006928e+00 2.217847247456403015e-05
-5.950000000000007283e+00 2.483988917151171269e-05
-5.850000000000007638e+00 3.282413926235476368e-05
-5.750000000000007994e+00 4.258266715116294088e-05
-5.650000000000008349e+00 6.742255632267464679e-05
-5.550000000000008704e+00 7.806822311046539048e-05
-5.450000000000009059e+00 7.718108421148284432e-05
-5.350000000000009415e+00 9.847241778706430459e-05
-5.250000000000009770e+00 1.446036405341574911e-04
-5.150000000000010125e+00 1.614592796148261393e-04
-5.050000000000010481e+00 1.738792242005819753e-04
-4.950000000000010836e+00 2.164618913517449229e-04
-4.850000000000011191e+00 2.599316974018903896e-04
-4.750000000000011546e+00 2.900944199672974471e-04
-4.650000000000011902e+00 2.581574196039252973e-04
-4.550000000000012257e+00 4.249395326126467407e-04
-4.450000000000012612e+00 4.746193109556701389e-04
-4.350000000000012967e+00 5.500261173691878367e-04
-4.250000000000013323e+00 6.529342296511647095e-04
-4.150000000000013678e+00 7.514066474382289328e-04
-4.050000000000014033e+00 9.199630382449152516e-04
-3.950000000000014388e+00 1.172797624454944730e-03
-3.850000000000014744e+00 1.334256904069770679e-03
-3.750000000000015099e+00 1.506361850472387291e-03
-3.650000000000015454e+00 1.831941826398986693e-03
-3.550000000000015810e+00 2.276398414789249178e-03
-3.450000000000016165e+00 2.787390420603204008e-03
-3.350000000000016520e+00 3.294833870821228545e-03
-3.250000000000016875e+00 3.969059434047977723e-03
-3.150000000000017231e+00 4.682319108829963161e-03
-3.050000000000017586e+00 5.766402843386665526e-03
-2.950000000000017941e+00 7.070497024891047796e-03
-2.850000000000018296e+00 8.949457212936134942e-03
-2.750000000000018652e+00 1.095882681913166318e-02
-2.650000000000019007e+00 1.358120940452414542e-02
-2.550000000000019362e+00 1.647683077080326283e-02
-2.450000000000019718e+00 1.947802166606130148e-02
-2.350000000000020073e+00 2.388444057730774311e-02
-2.250000000000020428e+00 2.921703249909198691e-02
-2.150000000000020783e+00 3.578452176825996228e-02
-2.050000000000021139e+00 4.428242528161402403e-02
-1.950000000000021272e+00 5.244055459665775826e-02
-1.850000000000021627e+00 6.288217943768244222e-02
-1.750000000000021982e+00 7.601360942042120761e-02
-1.650000000000022338e+00 8.939787398937015794e-02
-1.550000000000022693e+00 1.051206366960371480e-01
-1.450000000000023048e+00 1.245480914448554022e-01
-1.350000000000023404e+00 1.459778186886771800e-01
-1.250000000000023759e+00 1.674589999886402780e-01
-1.150000000000024114e+00 1.921613826308095907e-01
-1.050000000000024469e+00 2.196369614711987661e-01
-9.500000000000248246e-01 2.456044041833175817e-01
-8.500000000000251799e-01 2.752534733262127498e-01
-7.500000000000255351e-01 3.026137241097335839e-01
-6.500000000000258904e-01 3.290362690770307630e-01
-5.500000000000262457e-01 3.538406726925840684e-01
-4.500000000000266565e-01 3.737906522529044762e-01
-3.500000000000270117e-01 3.913249525912957383e-01
-2.500000000000273670e-01 4.065491432367360769e-01
-1.500000000000277223e-01 4.172302955804867985e-01
-5.000000000002806366e-02 4.224262681118277629e-01
4.999999999997158107e-02 4.228006407271983624e-01
1.499999999999712119e-01 4.156565111736916784e-01
2.499999999999708566e-01 4.083961664244181167e-01
3.499999999999705014e-01 3.948034242142064443e-01
4.499999999999701461e-01 3.758195389148777932e-01
5.499999999999698463e-01 3.536038066065554930e-01
6.499999999999694911e-01 3.285190670989235340e-01
7.499999999999691358e-01 3.015686744867321356e-01
8.499999999999687805e-01 2.745739249295920947e-01
9.499999999999684253e-01 2.457419107126599112e-01
1.049999999999968070e+00 2.178201010060823173e-01
1.149999999999967715e+00 1.921773511309913529e-01
1.249999999999967359e+00 1.691942436750501488e-01
1.349999999999967004e+00 1.462324275526851181e-01
1.449999999999966649e+00 1.237709577693468510e-01
1.549999999999966294e+00 1.057469567587188408e-01
1.649999999999965938e+00 8.956643038017678138e-02
1.749999999999965583e+00 7.584682730741248990e-02
1.849999999999965228e+00 6.326364916424495610e-02
1.949999999999964873e+00 5.293735238008799582e-02
2.049999999999964295e+00 4.343165907748973431e-02
2.149999999999963940e+00 3.561862679415022520e-02
2.249999999999963585e+00 2.984690111736960916e-02
2.349999999999963229e+00 2.433333286019292302e-02
2.449999999999962874e+00 1.983642578125026368e-02
2.549999999999962519e+00 1.639343971429890051e-02
2.649999999999962164e+00 1.352531965388824309e-02
2.749999999999961808e+00 1.115754593250375785e-02
2.849999999999961453e+00 8.710816849109822083e-03
2.949999999999961098e+00 7.130822470021861911e-03
3.049999999999960743e+00 5.996171818223152220e-03
3.149999999999960387e+00 4.682319108829963161e-03
3.249999999999960032e+00 3.884781238644633046e-03
3.349999999999959677e+00 3.222088481104658404e-03
3.449999999999959321e+00 2.725290697674424747e-03
3.549999999999958966e+00 2.293254053869917854e-03
3.649999999999958611e+00 1.940172772074859114e-03
3.749999999999958256e+00 1.509910406068317584e-03
3.849999999999957900e+00 1.315626987191136858e-03
3.949999999999957545e+00 1.109810762627183112e-03
4.049999999999957190e+00 9.226244549418629714e-04
4.149999999999956835e+00 7.904407589934615060e-04
4.249999999999956479e+00 6.591442019440426139e-04
4.349999999999956124e+00 5.447032839752923971e-04
4.449999999999955769e+00 4.506665606831409859e-04
4.549999999999955413e+00 3.699369208757279570e-04
4.649999999999955058e+00 3.193700036337219854e-04
4.749999999999954703e+00 2.537217251090125394e-04
4.849999999999954348e+00 2.457374750181694342e-04
4.949999999999953992e+00 2.430760583212217144e-04
5.049999999999953637e+00 1.836377520893901728e-04
5.149999999999953282e+00 1.517007517260179688e-04
5.249999999999952927e+00 1.419422238372097984e-04
5.349999999999952571e+00 1.321836959484016009e-04
5.449999999999952216e+00 9.847241778706430459e-05
5.549999999999951861e+00 6.564827852470952736e-05
5.649999999999951505e+00 7.274538971657003219e-05
5.749999999999951150e+00 4.967977834302342538e-05
5.849999999999950795e+00 3.104986146438964425e-05
5.949999999999950440e+00 2.750130586845939861e-05
6.049999999999950084e+00 1.685563908066866509e-05
6.149999999999949729e+00 1.064566678779073522e-05
6.249999999999949374e+00 1.330708348473841945e-05
6.349999999999949019e+00 1.685563908066866509e-05
6.449999999999948663e+00 1.064566678779073522e-05
6.549999999999948308e+00 9.758527888808173810e-06
6.649999999999947953e+00 1.596850018168610198e-05
6.749999999999947597e+00 0.000000000000000000e+00
6.849999999999947242e+00 1.774277797965122607e-06
6.949999999999946887e+00 0.000000000000000000e+00
7.049999999999946532e+00 1.774277797965122607e-06
7.149999999999946176e+00 8.871388989825613036e-07
7.249999999999945821e+00 1.774277797965122607e-06
7.349999999999945466e+00 4.435694494912806200e-06
7.449999999999945111e+00 3.548555595930245214e-06
7.549999999999944755e+00 0.000000000000000000e+00
7.649999999999944400e+00 0.000000000000000000e+00
7.749999999999944045e+00 0.000000000000000000e+00
7.849999999999943689e+00 0.000000000000000000e+00
7.949999999999943334e+00 0.000000000000000000e+00
