-7.950000000000000178e+00 0.000000000000000000e+00
-7.850000000000000533e+00 0.000000000000000000e+00
-7.750000000000000888e+00 0.000000000000000000e+00
-7.650000000000001243e+00 0.000000000000000000e+00
-7.550000000000001599e+00 0.000000000000000000e+00
-7.450000000000001954e+00 0.000000000000000000e+00
-7.350000000000002309e+00 0.000000000000000000e+00
-7.250000000000002665e+00 0.000000000000000000e+00
-7.150000000000003020e+00 0.000000000000000000e+00
-7.050000000000003375e+00 0.000000000000000000e+00
-6.950000000000003730e+00 0.000000000000000000e+00
-6.850000000000004086e+00 0.000000000000000000e+00
-6.750000000000004441e+00 0.000000000000000000e+00
-6.650000000000004796e+00 0.000000000000000000e+00
-6.550000000000005151e+00 0.000000000000000000e+00
-6.450000000000005507e+00 0.000000000000000000e+00
-6.350000000000005862e+00 0.000000000000000000e+00
-6.250000000000006217e+00 0.000000000000000000e+00
-6.150000000000006573e+00 0.000000000000000000e+00
-6.050000000000006928e+00 0.000000000000000000e+00
-5.950000000000007283e+00 0.000000000000000000e+00
-5.850000000000007638e+00 0.000000000000000000e+00
-5.750000000000007994e+00 0.000000000000000000e+00
-5.650000000000008349e+00 0.000000000000000000e+00
-5.550000000000008704e+00 0.000000000000000000e+00
-5.450000000000009059e+00 0.000000000000000000e+00
-5.350000000000009415e+00 1.507588312749732633e-05
-5.250000000000009770e+00 1.418906647293866047e-05
-5.150000000000010125e+00 5.320899927351996491e-05
-5.050000000000010481e+00 3.813311614602264536e-05
-4.950000000000010836e+00 6.651124909189996630e-05
-4.850000000000011191e+00 7.981349891027995414e-05
-4.750000000000011546e+00 8.070031556483862000e-05
-4.650000000000011902e+00 1.197202483654199177e-04
-4.550000000000012257e+00 4.354269773883050437e-04
-4.450000000000012612e+00 4.079356610969864022e-04
-4.350000000000012967e+00 5.116932096803503615e-04
-4.250000000000013323e+00 5.400713426262275605e-04
-4.150000000000013678e+00 5.578076757174008776e-04
-4.050000000000014033e+00 8.256263053941180746e-04
-3.950000000000014388e+00 1.101426284961863318e-03
-3.850000000000014744e+00 1.557250045405017460e-03
-3.750000000000015099e+00 2.029036505630227478e-03
-3.650000000000015454e+00 2.311044201779883980e-03
-3.550000000000015810e+00 2.173587620323290392e-03
-3.450000000000016165e+00 2.645374080548500845e-03
-3.350000000000016520e+00 3.588060184344362379e-03
-3.250000000000016875e+00 4.526312204867434866e-03
-3.150000000000017231e+00 5.513339141391226765e-03
-3.050000000000017586e+00 6.822280523519819520e-03
-2.950000000000017941e+00 9.292064906465708971e-03
-2.850000000000018296e+00 1.104796188249187669e-02
-2.750000000000018652e+00 1.232143059843814059e-02
-2.650000000000019007e+00 1.432297578777709524e-02
-2.550000000000019362e+00 1.676615567108626081e-02
-2.450000000000019718e+00 2.001899916000756188e-02
-2.350000000000020073e+00 2.540552351979712825e-02
-2.250000000000020428e+00 3.088605044496988555e-02
-2.150000000000020783e+00 3.592405585951791158e-02
-2.050000000000021139e+00 4.633705701734616017e-02
-1.950000000000021272e+00 5.318594204050295510e-02
-1.850000000000021627e+00 6.203371180303472732e-02
-1.750000000000021982e+00 7.397558487332142607e-02
-1.650000000000022338e+00 9.014402611923444386e-02
-1.550000000000022693e+00 1.033629151720855399e-01
-1.450000000000023048e+00 1.222290526811664890e-01
-1.350000000000023404e+00 1.431818697784240924e-01
-1.250000000000023759e+00 1.616826388258273961e-01
-1.150000000000024114e+00 1.881177564815669223e-01
-1.050000000000024469e+00 2.065449197466421305e-01
-9.500000000000248246e-01 2.402155744869254872e-01
-8.500000000000251799e-01 2.718536454549597137e-01
-7.500000000000255351e-01 3.033320894251733124e-01
-6.500000000000258904e-01 3.289353730589343883e-01
-5.500000000000262457e-01 3.452554599527777324e-01
-4.500000000000266565e-01 3.724461453982007564e-01
-3.500000000000270117e-01 4.030679244801128602e-01
-2.500000000000273670e-01 4.124805964515987355e-01
-1.500000000000277223e-01 4.229955815247006812e-01
-5.000000000002806366e-02 4.345552366168732861e-01
4.999999999997158107e-02 4.378089669224494718e-01
1.499999999999712119e-01 4.248623305825477425e-01
2.499999999999708566e-01 4.174192784008371460e-01
3.499999999999705014e-01 4.019789136283137276e-01
4.499999999999701461e-01 3.744414828709579091e-01
5.499999999999698463e-01 3.548428348052107828e-01
6.499999999999694911e-01 3.331105058685965847e-01
7.499999999999691358e-01 3.022554940065379503e-01
8.499999999999687805e-01 2.688429029127330505e-01
9.499999999999684253e-01 2.380836672493673034e-01
1.049999999999968070e+00 2.108681509376155172e-01
1.149999999999967715e+00 1.828757832364703573e-01
1.249999999999967359e+00 1.585743464515991241e-01
1.349999999999967004e+00 1.411492860061760168e-01
1.449999999999966649e+00 1.195845654172725397e-01
1.549999999999966294e+00 9.991585883581612093e-02
1.649999999999965938e+00 8.560707211451253074e-02
1.749999999999965583e+00 7.665199753677953698e-02
1.849999999999965228e+00 6.350050654967469288e-02
1.949999999999964873e+00 5.342006163730633750e-02
2.049999999999964295e+00 4.329527589220980022e-02
2.149999999999963940e+00 3.587882821013541751e-02
2.249999999999963585e+00 3.152810570287040148e-02
2.349999999999963229e+00 2.528225600481344426e-02
2.449999999999962874e+00 1.984606991236861906e-02
2.549999999999962519e+00 1.772569129131880417e-02
2.649999999999962164e+00 1.488787799673096761e-02
2.749999999999961808e+00 1.243139586360344356e-02
2.849999999999961453e+00 1.109052908191069525e-02
2.949999999999961098e+00 9.012717660279730147e-03
3.049999999999960743e+00 6.626294042862352143e-03
3.149999999999960387e+00 5.806875454050154650e-03
3.249999999999960032e+00 3.902880096712689137e-03
3.349999999999959677e+00 3.204955389575018729e-03
3.449999999999959321e+00 2.947778559753005956e-03
3.549999999999958966e+00 2.102642287958597124e-03
3.649999999999958611e+00 1.747915626135130782e-03
3.749999999999958256e+00 1.451718863512536277e-03
3.849999999999957900e+00 1.344414048310937655e-03
3.949999999999957545e+00 1.095218568379952495e-03
4.049999999999957190e+00 9.231761373955714271e-04
4.149999999999956835e+00 9.497806370323312944e-04
4.249999999999956479e+00 7.591150563022181896e-04
4.349999999999956124e+00 5.631285756447529812e-04
4.449999999999955769e+00 4.389742440065397071e-04
4.549999999999955413e+00 4.070488444424276821e-04
4.649999999999955058e+00 6.127903083000382691e-04
4.749999999999954703e+00 8.247394887395595171e-05
4.849999999999954348e+00 4.700128269160930392e-05
4.949999999999953992e+00 7.626623229204529072e-05
5.049999999999953637e+00 8.513439883763194928e-05
5.149999999999953282e+00 8.868166545586665336e-06
5.249999999999952927e+00 7.981349891027999480e-06
5.349999999999952571e+00 7.981349891027999480e-06
5.449999999999952216e+00 7.981349891027999480e-06
5.549999999999951861e+00 7.981349891027999480e-06
5.649999999999951505e+00 7.094533236469332777e-06
5.749999999999951150e+00 7.981349891027999480e-06
5.849999999999950795e+00 7.094533236469332777e-06
5.949999999999950440e+00 7.981349891027999480e-06
6.049999999999950084e+00 8.868166545586665336e-06
6.149999999999949729e+00 1.064179985470399705e-05
6.249999999999949374e+00 2.039678305484932146e-05
6.349999999999949019e+00 8.868166545586665336e-06
6.449999999999948663e+00 0.000000000000000000e+00
6.549999999999948308e+00 0.000000000000000000e+00
6.649999999999947953e+00 0.000000000000000000e+00
6.749999999999947597e+00 0.000000000000000000e+00
6.849999999999947242e+00 0.000000000000000000e+00
6.949999999999946887e+00 0.000000000000000000e+00
7.049999999999946532e+00 0.000000000000000000e+00
7.149999999999946176e+00 0.000000000000000000e+00
7.249999999999945821e+00 0.000000000000000000e+00
7.349999999999945466e+00 0.000000000000000000e+00
7.449999999999945111e+00 0.000000000000000000e+00
7.549999999999944755e+00 0.000000000000000000e+00
7.649999999999944400e+00 0.000000000000000000e+00
7.749999999999944045e+00 0.000000000000000000e+00
7.849999999999943689e+00 0.000000000000000000e+00
7.949999999999943334e+00 0.000000000000000000e+00
