-7.950000000000000178e+00 4.151810047238385431e-04
-7.850000000000000533e+00 4.151810047238385431e-04
-7.750000000000000888e+00 4.409080327943327884e-04
-7.650000000000001243e+00 4.701836164607573268e-04
-7.550000000000001599e+00 4.542151162790712248e-04
-7.450000000000001954e+00 5.092177280159899001e-04
-7.350000000000002309e+00 5.313962004905539065e-04
-7.250000000000002665e+00 5.784145621366297476e-04
-7.150000000000003020e+00 6.369657294694786075e-04
-7.050000000000003375e+00 7.061695489357796250e-04
-6.950000000000003730e+00 7.975518408766445405e-04
-6.850000000000004086e+00 8.135133557126694726e-04
-6.750000000000004441e+00 8.809498827266664051e-04
-6.650000000000004796e+00 8.640802729546752815e-04
-6.550000000000005151e+00 9.040085087545517064e-04
-6.450000000000005507e+00 8.658894774809468200e-04
-6.350000000000005862e+00 9.403812036128367767e-04
-6.250000000000006217e+00 1.014935797855678022e-03
-6.150000000000006573e+00 1.177268245678163988e-03
-6.050000000000006928e+00 1.176395077470504189e-03
-5.950000000000007283e+00 1.248253328288091322e-03
-5.850000000000007638e+00 1.294363594998200646e-03
-5.750000000000007994e+00 1.391131588443912616e-03
-5.650000000000008349e+00 1.471833286868680151e-03
-5.550000000000008704e+00 1.527743993541565235e-03
-5.450000000000009059e+00 1.691850719162016348e-03
-5.350000000000009415e+00 1.817000172029508949e-03
-5.250000000000009770e+00 1.888837466810112248e-03
-5.150000000000010125e+00 2.049465490291245851e-03
-5.050000000000010481e+00 2.124907223433069887e-03
-4.950000000000010836e+00 2.276670843270038602e-03
-4.850000000000011191e+00 2.455893856901500069e-03
-4.750000000000011546e+00 2.732164277805123991e-03
-4.650000000000011902e+00 2.859849411147662168e-03
-4.550000000000012257e+00 2.978886686561534654e-03
-4.450000000000012612e+00 3.132249950554936990e-03
-4.350000000000012967e+00 3.550204137506304466e-03
-4.250000000000013323e+00 3.880066130323270128e-03
-4.150000000000013678e+00 3.896230220183470941e-03
-4.050000000000014033e+00 4.286536409007495919e-03
-3.950000000000014388e+00 4.594513313867672893e-03
-3.850000000000014744e+00 4.835926859921512409e-03
-3.750000000000015099e+00 5.089753365215447106e-03
-3.650000000000015454e+00 5.289520280436735278e-03
-3.550000000000015810e+00 5.831722810665296297e-03
-3.450000000000016165e+00 6.388985746139577010e-03
-3.350000000000016520e+00 6.950649449380463113e-03
-3.250000000000016875e+00 7.539723648996214320e-03
-3.150000000000017231e+00 7.909870130241785507e-03
-3.050000000000017586e+00 8.963539669789272191e-03
-2.950000000000017941e+00 9.775648971024036848e-03
-2.850000000000018296e+00 1.066199154060122264e-02
-2.750000000000018652e+00 1.165704704470491015e-02
-2.650000000000019007e+00 1.266082026019387831e-02
-2.550000000000019362e+00 1.369035543048164466e-02
-2.450000000000019718e+00 1.513714625315465585e-02
-2.350000000000020073e+00 1.702412561801889407e-02
-2.250000000000020428e+00 1.863658089839482362e-02
-2.150000000000020783e+00 2.055089392083164768e-02
-2.050000000000021139e+00 2.314733293243814022e-02
-1.950000000000021272e+00 2.593439504179530231e-02
-1.850000000000021627e+00 2.845953463023710370e-02
-1.750000000000021982e+00 3.227182893695468291e-02
-1.650000000000022338e+00 3.599603803488352072e-02
-1.550000000000022693e+00 4.102110011392991196e-02
-1.450000000000023048e+00 4.728671068500001073e-02
-1.350000000000023404e+00 5.453150605483132046e-02
-1.250000000000023759e+00 6.237258450100065937e-02
-1.150000000000024114e+00 7.248108519278395612e-02
-1.050000000000024469e+00 8.476971925079820891e-02
-9.500000000000248246e-01 9.978433555570739855e-02
-8.500000000000251799e-01 1.201301536986140867e-01
-7.500000000000255351e-01 1.459066869138087308e-01
-6.500000000000258904e-01 1.794803397949268908e-01
-5.500000000000262457e-01 2.254497330390851650e-01
-4.500000000000266565e-01 2.927373674103116441e-01
-3.500000000000270117e-01 3.915286732121613378e-01
-2.500000000000273670e-01 5.561313513892204297e-01
-1.500000000000277223e-01 8.430836720685821462e-01
-5.000000000002806366e-02 1.426752757903888558e+00
4.999999999997158107e-02 1.436023275574109581e+00
1.499999999999712119e-01 8.420691274500828882e-01
2.499999999999708566e-01 5.541421764173314335e-01
3.499999999999705014e-01 3.880859875150733940e-01
4.499999999999701461e-01 2.857456301577514513e-01
5.499999999999698463e-01 2.209178712904538155e-01
6.499999999999694911e-01 1.759380570394005194e-01
7.499999999999691358e-01 1.410599187974211910e-01
8.499999999999687805e-01 1.134268623244455432e-01
9.499999999999684253e-01 9.494882083118012794e-02
1.049999999999968070e+00 8.028544866215717168e-02
1.149999999999967715e+00 6.781768938535065461e-02
1.249999999999967359e+00 5.874443787660586086e-02
1.349999999999967004e+00 5.035684694193488103e-02
1.449999999999966649e+00 4.380781994134966273e-02
1.549999999999966294e+00 3.817856038933085949e-02
1.649999999999965938e+00 3.351264985745918551e-02
1.749999999999965583e+00 2.954495955116077238e-02
1.849999999999965228e+00 2.669133408299727284e-02
1.949999999999964873e+00 2.347744639769891450e-02
2.049999999999964295e+00 2.128186843221064467e-02
2.149999999999963940e+00 1.896515758761011666e-02
2.249999999999963585e+00 1.732414621417087061e-02
2.349999999999963229e+00 1.525105628485315043e-02
2.449999999999962874e+00 1.360507833064873717e-02
2.549999999999962519e+00 1.278826789178393215e-02
2.649999999999962164e+00 1.181137428639957368e-02
2.749999999999961808e+00 1.034627487274834660e-02
2.849999999999961453e+00 9.282274006967822233e-03
2.949999999999961098e+00 8.787194618570257423e-03
3.049999999999960743e+00 7.690474393712299836e-03
3.149999999999960387e+00 7.353934410443147690e-03
3.249999999999960032e+00 6.755450950221652748e-03
3.349999999999959677e+00 6.232004073093628561e-03
3.449999999999959321e+00 5.722597740744778290e-03
3.549999999999958966e+00 5.283331264180840016e-03
3.649999999999958611e+00 4.843953022086323022e-03
3.749999999999958256e+00 4.521970499175279393e-03
3.849999999999957900e+00 4.236297803011568677e-03
3.949999999999957545e+00 3.833459904071209387e-03
4.049999999999957190e+00 3.681549591975352524e-03
4.149999999999956835e+00 3.544126886780991394e-03
4.249999999999956479e+00 3.322118630974190204e-03
4.349999999999956124e+00 3.077205426744051078e-03
4.449999999999955769e+00 2.764806798080286614e-03
4.549999999999955413e+00 2.463954945794617508e-03
4.649999999999955058e+00 2.350324327922575368e-03
4.749999999999954703e+00 2.228765342724980947e-03
4.849999999999954348e+00 2.046894883087894534e-03
4.949999999999953992e+00 1.893370956144283229e-03
5.049999999999953637e+00 1.769045774064821695e-03
5.149999999999953282e+00 1.546352954383215222e-03
5.249999999999952927e+00 1.561413359628934915e-03
5.349999999999952571e+00 1.507290901445337535e-03
5.449999999999952216e+00 1.433665358175446316e-03
5.549999999999951861e+00 1.358216639687961002e-03
5.649999999999951505e+00 1.270396874034349045e-03
5.749999999999951150e+00 1.157758175246209088e-03
5.849999999999950795e+00 1.163947191502103049e-03
5.949999999999950440e+00 1.130228927995104420e-03
6.049999999999950084e+00 1.069903482864290305e-03
6.149999999999949729e+00 9.927223986528077321e-04
6.249999999999949374e+00 9.004459824672989650e-04
6.349999999999949019e+00 8.321362872456417991e-04
6.449999999999948663e+00 7.771336755087231239e-04
6.549999999999948308e+00 6.689027298328509199e-04
6.649999999999947953e+00 6.582570630450600407e-04
6.749999999999947597e+00 6.156743958938971743e-04
6.849999999999947242e+00 6.272072015806705184e-04
6.949999999999946887e+00 5.562360896620657412e-04
7.049999999999946532e+00 5.819631177325599323e-04
7.149999999999946176e+00 5.260733670966585753e-04
7.249999999999945821e+00 5.447032839752923971e-04
7.349999999999945466e+00 4.826035610465131357e-04
7.449999999999945111e+00 5.207505337027631357e-04
7.549999999999944755e+00 5.074434502180247535e-04
7.649999999999944400e+00 4.346980605014548298e-04
7.749999999999944045e+00 4.027610601380826258e-04
7.849999999999943689e+00 3.805825876635186194e-04
7.949999999999943334e+00 3.646140874818324632e-04
