-7.950000000000000178e+00 8.871388989825612401e-06
-7.850000000000000533e+00 2.838844476744195833e-05
-7.750000000000000888e+00 2.217847247456403354e-05
-7.650000000000001243e+00 2.838844476744196172e-05
-7.550000000000001599e+00 3.548555595930244960e-05
-7.450000000000001954e+00 3.371127816133732340e-05
-7.350000000000002309e+00 3.016272256540708453e-05
-7.250000000000002665e+00 3.725983375726757581e-05
-7.150000000000003020e+00 3.725983375726757581e-05
-7.050000000000003375e+00 4.435694494912806709e-05
-6.950000000000003730e+00 7.274538971657003219e-05
-6.850000000000004086e+00 7.895536200944795020e-05
-6.750000000000004441e+00 7.363252861555257835e-05
-6.650000000000004796e+00 9.226244549418637303e-05
-6.550000000000005151e+00 1.233123069585760037e-04
-6.450000000000005507e+00 1.694435297056691631e-04
-6.350000000000005862e+00 1.792020575944773607e-04
-6.250000000000006217e+00 1.978319744731111282e-04
-6.150000000000006573e+00 2.040419467659890869e-04
-6.050000000000006928e+00 2.129133357558147112e-04
-5.950000000000007283e+00 2.874330032703498357e-04
-5.850000000000007638e+00 3.282413926235475555e-04
-5.750000000000007994e+00 3.699369208757279570e-04
-5.650000000000008349e+00 3.903411155523269253e-04
-5.550000000000008704e+00 4.542151162790712248e-04
-5.450000000000009059e+00 4.843778388444782822e-04
-5.350000000000009415e+00 5.979316179142459258e-04
-5.250000000000009770e+00 6.130129791969494545e-04
-5.150000000000010125e+00 7.505195085392463595e-04
-5.050000000000010481e+00 8.436690929324150347e-04
-4.950000000000010836e+00 9.004459824672989650e-04
-4.850000000000011191e+00 1.017548317132996793e-03
-4.750000000000011546e+00 1.158603402071223774e-03
-4.650000000000011902e+00 1.353773959847386858e-03
-4.550000000000012257e+00 1.506361850472387291e-03
-4.450000000000012612e+00 1.794681992641719267e-03
-4.350000000000012967e+00 1.957028411155527572e-03
-4.250000000000013323e+00 2.184135969295062860e-03
-4.150000000000013678e+00 2.442293388898987561e-03
-4.050000000000014033e+00 2.771421920421517689e-03
-3.950000000000014388e+00 3.254025481468031042e-03
-3.850000000000014744e+00 3.757920376090126587e-03
-3.750000000000015099e+00 4.203264103379375331e-03
-3.650000000000015454e+00 4.632639330486939058e-03
-3.550000000000015810e+00 5.261620809865582421e-03
-3.450000000000016165e+00 6.083111430323443966e-03
-3.350000000000016520e+00 6.796371105105431139e-03
-3.250000000000016875e+00 7.436005236617528394e-03
-3.150000000000017231e+00 8.163473104474560163e-03
-3.050000000000017586e+00 9.436580292625501923e-03
-2.950000000000017941e+00 1.069183992261187564e-02
-2.850000000000018296e+00 1.204030501975670610e-02
-2.750000000000018652e+00 1.387313398505470204e-02
-2.650000000000019007e+00 1.601123652644195761e-02
-2.550000000000019362e+00 1.840579206309179289e-02
-2.450000000000019718e+00 2.101474182877763330e-02
-2.350000000000020073e+00 2.431494743041243481e-02
-2.250000000000020428e+00 2.764349257939504451e-02
-2.150000000000020783e+00 3.081604098906994688e-02
-2.050000000000021139e+00 3.569800127689935071e-02
-1.950000000000021272e+00 4.150089556602060137e-02
-1.850000000000021627e+00 4.732140689689959268e-02
-1.750000000000021982e+00 5.431757285860901174e-02
-1.650000000000022338e+00 6.238700225444556574e-02
-1.550000000000022693e+00 7.211276887210164854e-02
-1.450000000000023048e+00 8.317666926066931421e-02
-1.350000000000023404e+00 9.583062292607731625e-02
-1.250000000000023759e+00 1.126338858849769697e-01
-1.150000000000024114e+00 1.317576736872080878e-01
-1.050000000000024469e+00 1.533893263180605981e-01
-9.500000000000248246e-01 1.779153988357389249e-01
-8.500000000000251799e-01 2.081640341674340644e-01
-7.500000000000255351e-01 2.448337040111628893e-01
-6.500000000000258904e-01 2.877633472520120250e-01
-5.500000000000262457e-01 3.381076345424476326e-01
-4.500000000000266565e-01 3.951093125007137385e-01
-3.500000000000270117e-01 4.555715237142324847e-01
-2.500000000000273670e-01 5.227374035105845085e-01
-1.500000000000277223e-01 5.833004202473373034e-01
-5.000000000002806366e-02 6.232536915260634691e-01
4.999999999997158107e-02 6.236180192143730983e-01
1.499999999999712119e-01 5.863492372293139798e-01
2.499999999999708566e-01 5.294281911160197973e-01
3.499999999999705014e-01 4.614135079976743326e-01
4.499999999999701461e-01 3.983867109487642111e-01
5.499999999999698463e-01 3.406242869359109027e-01
6.499999999999694911e-01 2.894094858691665939e-01
7.499999999999691358e-01 2.483963071372180254e-01
8.499999999999687805e-01 2.124984690916411068e-01
9.499999999999684253e-01 1.810310306489656407e-01
1.049999999999968070e+00 1.545859788979487282e-01
1.149999999999967715e+00 1.323462170005535454e-01
1.249999999999967359e+00 1.139130773091988624e-01
1.349999999999967004e+00 9.648644210348662764e-02
1.449999999999966649e+00 8.345266026774654511e-02
1.549999999999966294e+00 7.201343027145259978e-02
1.649999999999965938e+00 6.248048713543048055e-02
1.749999999999965583e+00 5.375762056505514058e-02
1.849999999999965228e+00 4.694787252300830493e-02
1.949999999999964873e+00 4.061018715540511137e-02
2.049999999999964295e+00 3.502390843524015585e-02
2.149999999999963940e+00 3.092263736386108644e-02
2.249999999999963585e+00 2.675118452462312696e-02
2.349999999999963229e+00 2.377463792885808197e-02
2.449999999999962874e+00 2.087723529943533857e-02
2.549999999999962519e+00 1.812621058834471693e-02
2.649999999999962164e+00 1.582928922800259583e-02
2.749999999999961808e+00 1.362301669830690704e-02
2.849999999999961453e+00 1.195515365614570336e-02
2.949999999999961098e+00 1.037601847457407869e-02
3.049999999999960743e+00 9.335397560721860055e-03
3.149999999999960387e+00 8.280638307251212207e-03
3.249999999999960032e+00 7.353494333666488018e-03
3.349999999999959677e+00 6.670397381449906168e-03
3.449999999999959321e+00 5.582765091297273510e-03
3.549999999999958966e+00 4.957332167514559573e-03
3.649999999999958611e+00 4.487148551053797910e-03
3.749999999999958256e+00 4.071080407430973866e-03
3.849999999999957900e+00 3.536135651344485872e-03
3.949999999999957545e+00 3.058854923691867525e-03
4.049999999999957190e+00 2.693353697311052543e-03
4.149999999999956835e+00 2.369547999182417854e-03
4.249999999999956479e+00 2.061710801235469917e-03
4.349999999999956124e+00 1.901138660519626541e-03
4.449999999999955769e+00 1.712178075036341254e-03
4.549999999999955413e+00 1.488619072492736043e-03
4.649999999999955058e+00 1.302319903706398692e-03
4.749999999999954703e+00 1.171910485555962157e-03
4.849999999999954348e+00 1.013999761537066717e-03
4.949999999999953992e+00 9.421415107194792580e-04
5.049999999999953637e+00 8.516533430232581942e-04
5.149999999999953282e+00 7.265667582667173149e-04
5.249999999999952927e+00 6.272072015806705184e-04
5.349999999999952571e+00 5.065563113190422887e-04
5.449999999999952216e+00 4.613122274709317025e-04
5.549999999999951861e+00 4.480051439861933204e-04
5.649999999999951505e+00 3.894539766533442978e-04
5.749999999999951150e+00 3.175957258357568931e-04
5.849999999999950795e+00 2.581574196039252973e-04
5.949999999999950440e+00 2.262204192405530933e-04
6.049999999999950084e+00 2.084776412609018719e-04
6.149999999999949729e+00 1.756535019985471218e-04
6.249999999999949374e+00 1.676692519077040708e-04
6.349999999999949019e+00 1.463779183321226105e-04
6.449999999999948663e+00 1.472650572311051567e-04
6.549999999999948308e+00 1.020209733829945435e-04
6.649999999999947953e+00 8.427819540334332204e-05
6.749999999999947597e+00 6.919683412063977977e-05
6.849999999999947242e+00 6.298686182776184821e-05
6.949999999999946887e+00 6.830969522165722006e-05
7.049999999999946532e+00 4.967977834302343215e-05
7.149999999999946176e+00 4.080838935319781467e-05
7.249999999999945821e+00 5.411547283793623751e-05
7.349999999999945466e+00 3.459841706031988989e-05
7.449999999999945111e+00 3.016272256540708453e-05
7.549999999999944755e+00 2.661416696947683551e-05
7.649999999999944400e+00 2.129133357558147044e-05
7.749999999999944045e+00 3.282413926235477046e-05
7.849999999999943689e+00 2.040419467659890734e-05
7.949999999999943334e+00 1.064566678779073522e-05
