-7.950000000000000178e+00 0.000000000000000000e+00
-7.850000000000000533e+00 0.000000000000000000e+00
-7.750000000000000888e+00 0.000000000000000000e+00
-7.650000000000001243e+00 0.000000000000000000e+00
-7.550000000000001599e+00 8.871388989825613036e-07
-7.450000000000001954e+00 1.774277797965122607e-06
-7.350000000000002309e+00 2.661416696947683805e-06
-7.250000000000002665e+00 1.774277797965122607e-06
-7.150000000000003020e+00 2.661416696947683805e-06
-7.050000000000003375e+00 8.871388989825613036e-07
-6.950000000000003730e+00 4.435694494912806200e-06
-6.850000000000004086e+00 1.774277797965122607e-06
-6.750000000000004441e+00 2.661416696947683805e-06
-6.650000000000004796e+00 6.209972292877929019e-06
-6.550000000000005151e+00 4.435694494912806200e-06
-6.450000000000005507e+00 7.984250090843050991e-06
-6.350000000000005862e+00 1.064566678779073522e-05
-6.250000000000006217e+00 9.758527888808173810e-06
-6.150000000000006573e+00 2.040419467659890734e-05
-6.050000000000006928e+00 2.217847247456403354e-05
-5.950000000000007283e+00 2.306561137354659326e-05
-5.850000000000007638e+00 2.750130586845939861e-05
-5.750000000000007994e+00 4.346980605014550737e-05
-5.650000000000008349e+00 5.588975063590135694e-05
-5.550000000000008704e+00 6.653541742369210063e-05
-5.450000000000009059e+00 8.072963980741306963e-05
-5.350000000000009415e+00 1.108923623728201406e-04
-5.250000000000009770e+00 1.437165016351749178e-04
-5.150000000000010125e+00 1.712178075036343368e-04
-5.050000000000010481e+00 2.191233080486926156e-04
-4.950000000000010836e+00 2.643673918968032560e-04
-4.850000000000011191e+00 2.945301144622103676e-04
-4.750000000000011546e+00 3.930025322492746451e-04
-4.650000000000011902e+00 4.763935887536352855e-04
-4.550000000000012257e+00 5.651074786518913654e-04
-4.450000000000012612e+00 6.937426190043625377e-04
-4.350000000000012967e+00 8.356848428415720922e-04
-4.250000000000013323e+00 1.045936761900438704e-03
-4.150000000000013678e+00 1.200298930323404067e-03
-4.050000000000014033e+00 1.496603322583579202e-03
-3.950000000000014388e+00 1.713065213935323610e-03
-3.850000000000014744e+00 2.198330191678783598e-03
-3.750000000000015099e+00 2.643673918968028873e-03
-3.650000000000015454e+00 3.039337867914250479e-03
-3.550000000000015810e+00 3.701143486555241030e-03
-3.450000000000016165e+00 4.385127577670800900e-03
-3.350000000000016520e+00 5.182665447856133617e-03
-3.250000000000016875e+00 6.262313487917924200e-03
-3.150000000000017231e+00 7.365914278252243610e-03
-3.050000000000017586e+00 8.777352266533516162e-03
-2.950000000000017941e+00 1.033428103424793160e-02
-2.850000000000018296e+00 1.213251158248560523e-02
-2.750000000000018652e+00 1.429446907930613520e-02
-2.650000000000019007e+00 1.673853674600312216e-02
-2.550000000000019362e+00 1.976634180823064191e-02
-2.450000000000019718e+00 2.298222031704246632e-02
-2.350000000000020073e+00 2.693176269531287817e-02
-2.250000000000020428e+00 3.144907396893213691e-02
-2.150000000000020783e+00 3.682779711346347018e-02
-2.050000000000021139e+00 4.286655159883784316e-02
-1.950000000000021272e+00 4.946242931277326782e-02
-1.850000000000021627e+00 5.760902582213023315e-02
-1.750000000000021982e+00 6.695148556731517209e-02
-1.650000000000022338e+00 7.690695829169655329e-02
-1.550000000000022693e+00 8.971369543740795316e-02
-1.450000000000023048e+00 1.031769153683665396e-01
-1.350000000000023404e+00 1.193068748296668424e-01
-1.250000000000023759e+00 1.373787813408396674e-01
-1.150000000000024114e+00 1.575186086255411233e-01
-1.050000000000024469e+00 1.797165981558823677e-01
-9.500000000000248246e-01 2.059563925099885673e-01
-8.500000000000251799e-01 2.354599708734519403e-01
-7.500000000000255351e-01 2.681004723837164816e-01
-6.500000000000258904e-01 3.041218602380039715e-01
-5.500000000000262457e-01 3.422519772551739781e-01
-4.500000000000266565e-01 3.846368124318655379e-01
-3.500000000000270117e-01 4.274048916129179476e-01
-2.500000000000273670e-01 4.693692229514919156e-01
-1.500000000000277223e-01 5.065536499023465256e-01
-5.000000000002806366e-02 5.304797860079060179e-01
4.999999999997158107e-02 5.293584424395919585e-01
1.499999999999712119e-01 5.077512874159733069e-01
2.499999999999708566e-01 4.692876061727854764e-01
3.499999999999705014e-01 4.272292381109192849e-01
4.499999999999701461e-01 3.845614056254521573e-01
5.499999999999698463e-01 3.414100824400396750e-01
6.499999999999694911e-01 3.047419703283927861e-01
7.499999999999691358e-01 2.686008187227426069e-01
8.499999999999687805e-01 2.353393199831902427e-01
9.499999999999684253e-01 2.058951799259588211e-01
1.049999999999968070e+00 1.798026506290836823e-01
1.149999999999967715e+00 1.578441886014675943e-01
1.249999999999967359e+00 1.368837578352074535e-01
1.349999999999967004e+00 1.191667068836276405e-01
1.449999999999966649e+00 1.034945110942022684e-01
1.549999999999966294e+00 8.957441463026766248e-02
1.649999999999965938e+00 7.742948310319727745e-02
1.749999999999965583e+00 6.709875062454626060e-02
1.849999999999965228e+00 5.758862162745363722e-02
1.949999999999964873e+00 4.972236101017515897e-02
2.049999999999964295e+00 4.270243090252606732e-02
2.149999999999963940e+00 3.719862117323818884e-02
2.249999999999963585e+00 3.107913704805640234e-02
2.349999999999963229e+00 2.692821413971694527e-02
2.449999999999962874e+00 2.290060353833607218e-02
2.549999999999962519e+00 1.943277758221319262e-02
2.649999999999962164e+00 1.686628474745661271e-02
2.749999999999961808e+00 1.421196516170075697e-02
2.849999999999961453e+00 1.198081083075958585e-02
2.949999999999961098e+00 1.015153042105752107e-02
3.049999999999960743e+00 8.959215740824942598e-03
3.149999999999960387e+00 7.329541583393958323e-03
3.249999999999960032e+00 6.307557571766035653e-03
3.349999999999959677e+00 5.210166753724593605e-03
3.449999999999959321e+00 4.451662995094494112e-03
3.549999999999958966e+00 3.652350847111200585e-03
3.649999999999958611e+00 3.070387729378640327e-03
3.749999999999958256e+00 2.524797306504365790e-03
3.849999999999957900e+00 2.202765886173696681e-03
3.949999999999957545e+00 1.757422158884451623e-03
4.049999999999957190e+00 1.462004905523259278e-03
4.149999999999956835e+00 1.266834347747096195e-03
4.249999999999956479e+00 9.989184002543631882e-04
4.349999999999956124e+00 8.330234261446243724e-04
4.449999999999955769e+00 6.946297579033451110e-04
4.549999999999955413e+00 5.739788676417168813e-04
4.649999999999955058e+00 4.763935887536353397e-04
4.749999999999954703e+00 3.876796988553792597e-04
4.849999999999954348e+00 3.096114757449138421e-04
4.949999999999953992e+00 2.785616142805242114e-04
5.049999999999953637e+00 2.111390579578495646e-04
5.149999999999953282e+00 1.703306686046517635e-04
5.249999999999952927e+00 1.197637513626457649e-04
5.349999999999952571e+00 1.055695289789247959e-04
5.449999999999952216e+00 8.339105650436074877e-05
5.549999999999951861e+00 6.653541742369210063e-05
5.649999999999951505e+00 4.879263944404086566e-05
5.749999999999951150e+00 3.903411155523269524e-05
5.849999999999950795e+00 3.459841706031988989e-05
5.949999999999950440e+00 3.548555595930245638e-05
6.049999999999950084e+00 2.217847247456403354e-05
6.149999999999949729e+00 2.927558366642452143e-05
6.249999999999949374e+00 1.508136128270354057e-05
6.349999999999949019e+00 1.419422238372098086e-05
6.449999999999948663e+00 1.330708348473841945e-05
6.549999999999948308e+00 7.984250090843050991e-06
6.649999999999947953e+00 4.435694494912806200e-06
6.749999999999947597e+00 7.097111191860490429e-06
6.849999999999947242e+00 8.871388989825613036e-07
6.949999999999946887e+00 3.548555595930245214e-06
7.049999999999946532e+00 1.774277797965122607e-06
7.149999999999946176e+00 8.871388989825613036e-07
7.249999999999945821e+00 1.774277797965122607e-06
7.349999999999945466e+00 8.871388989825613036e-07
7.449999999999945111e+00 1.774277797965122607e-06
7.549999999999944755e+00 8.871388989825613036e-07
7.649999999999944400e+00 8.871388989825613036e-07
7.749999999999944045e+00 0.000000000000000000e+00
7.849999999999943689e+00 0.000000000000000000e+00
7.949999999999943334e+00 0.000000000000000000e+00
