-7.950000000000000178e+00 0.000000000000000000e+00
-7.850000000000000533e+00 0.000000000000000000e+00
-7.750000000000000888e+00 0.000000000000000000e+00
-7.650000000000001243e+00 0.000000000000000000e+00
-7.550000000000001599e+00 0.000000000000000000e+00
-7.450000000000001954e+00 0.000000000000000000e+00
-7.350000000000002309e+00 0.000000000000000000e+00
-7.250000000000002665e+00 0.000000000000000000e+00
-7.150000000000003020e+00 0.000000000000000000e+00
-7.050000000000003375e+00 0.000000000000000000e+00
-6.950000000000003730e+00 0.000000000000000000e+00
-6.850000000000004086e+00 0.000000000000000000e+00
-6.750000000000004441e+00 0.000000000000000000e+00
-6.650000000000004796e+00 0.000000000000000000e+00
-6.550000000000005151e+00 0.000000000000000000e+00
-6.450000000000005507e+00 0.000000000000000000e+00
-6.350000000000005862e+00 0.000000000000000000e+00
-6.250000000000006217e+00 4.258019155863046383e-07
-6.150000000000006573e+00 5.677358874484061491e-07
-6.050000000000006928e+00 9.935378030347106815e-07
-5.950000000000007283e+00 1.419339718621015320e-06
-5.850000000000007638e+00 2.838679437242030640e-06
-5.750000000000007994e+00 4.258019155863045959e-06
-5.650000000000008349e+00 5.819292846346162896e-06
-5.550000000000008704e+00 6.954764621242975829e-06
-5.450000000000009059e+00 1.078698186151971609e-05
-5.350000000000009415e+00 1.618047279227957414e-05
-5.250000000000009770e+00 2.412877521655726128e-05
-5.150000000000010125e+00 3.150934175338654196e-05
-5.050000000000010481e+00 4.300599347421677122e-05
-4.950000000000010836e+00 6.259288159118678416e-05
-4.850000000000011191e+00 8.203783573629470395e-05
-4.750000000000011546e+00 1.109923659961634405e-04
-4.650000000000011902e+00 1.402307641997563770e-04
-4.550000000000012257e+00 1.866431729986635802e-04
-4.450000000000012612e+00 2.611585082262669476e-04
-4.350000000000012967e+00 3.299964845793862097e-04
-4.250000000000013323e+00 4.365888974478243493e-04
-4.150000000000013678e+00 5.759680578164073136e-04
-4.050000000000014033e+00 7.248567942997501731e-04
-3.950000000000014388e+00 9.577704421254560783e-04
-3.850000000000014744e+00 1.210270978068131963e-03
-3.750000000000015099e+00 1.520964442474268680e-03
-3.650000000000015454e+00 1.918095695744424616e-03
-3.550000000000015810e+00 2.473057525725234906e-03
-3.450000000000016165e+00 3.091463841128404798e-03
-3.350000000000016520e+00 3.852371864281126101e-03
-3.250000000000016875e+00 4.813264853787621589e-03
-3.150000000000017231e+00 5.859744028326977980e-03
-3.050000000000017586e+00 7.257509783225059991e-03
-2.950000000000017941e+00 8.986975230364695547e-03
-2.850000000000018296e+00 1.091628370988607412e-02
-2.750000000000018652e+00 1.329878736156311914e-02
-2.650000000000019007e+00 1.606295146357748435e-02
-2.550000000000019362e+00 1.935326479928541760e-02
-2.450000000000019718e+00 2.326936501693337850e-02
-2.350000000000020073e+00 2.787143212059088604e-02
-2.250000000000020428e+00 3.312611162686953520e-02
-2.150000000000020783e+00 3.921067906662446811e-02
-2.050000000000021139e+00 4.641893776161185037e-02
-1.950000000000021272e+00 5.457730246424452591e-02
-1.850000000000021627e+00 6.391613201085413754e-02
-1.750000000000021982e+00 7.458488287380879433e-02
-1.650000000000022338e+00 8.690645483909723024e-02
-1.550000000000022693e+00 1.005850575093593380e-01
-1.450000000000023048e+00 1.158364305218256979e-01
-1.350000000000023404e+00 1.329992283333582548e-01
-1.250000000000023759e+00 1.522693198251259261e-01
-1.150000000000024114e+00 1.734261396048558945e-01
-1.050000000000024469e+00 1.960555243426551908e-01
-9.500000000000248246e-01 2.214133058215595196e-01
-8.500000000000251799e-01 2.484260374123766490e-01
-7.500000000000255351e-01 2.773886579086339288e-01
-6.500000000000258904e-01 3.087075242717732815e-01
-5.500000000000262457e-01 3.414961169135444230e-01
-4.500000000000266565e-01 3.747508207189105267e-01
-3.500000000000270117e-01 4.082326188792555488e-01
-2.500000000000273670e-01 4.401796850018562801e-01
-1.500000000000277223e-01 4.677886812084647294e-01
-5.000000000002806366e-02 4.847018171634919770e-01
4.999999999997158107e-02 4.848190546242501786e-01
1.499999999999712119e-01 4.683700427572117797e-01
2.499999999999708566e-01 4.407380532471614210e-01
3.499999999999705014e-01 4.086081761688026281e-01
4.499999999999701461e-01 3.748524454427637487e-01
5.499999999999698463e-01 3.415412519165966221e-01
6.499999999999694911e-01 3.084030759021290646e-01
7.499999999999691358e-01 2.779942901665694577e-01
8.499999999999687805e-01 2.488260073450839771e-01
9.499999999999684253e-01 2.217892889130221312e-01
1.049999999999968070e+00 1.962762316689006525e-01
1.149999999999967715e+00 1.733814304037193388e-01
1.249999999999967359e+00 1.520586898108825247e-01
1.349999999999967004e+00 1.331420139090515598e-01
1.449999999999966649e+00 1.158172694356243426e-01
1.549999999999966294e+00 1.005067099568914268e-01
1.649999999999965938e+00 8.677587558498409126e-02
1.749999999999965583e+00 7.472028788296518342e-02
1.849999999999965228e+00 6.400469880929610111e-02
1.949999999999964873e+00 5.459986996577055607e-02
2.049999999999964295e+00 4.635478360633021877e-02
2.149999999999963940e+00 3.930094907272874832e-02
2.249999999999963585e+00 3.306649935868746781e-02
2.349999999999963229e+00 2.770465970365291325e-02
2.449999999999962874e+00 2.331535162381671855e-02
2.549999999999962519e+00 1.940563843490254042e-02
2.649999999999962164e+00 1.607785453062300293e-02
2.749999999999961808e+00 1.315869853133523615e-02
2.849999999999961453e+00 1.083765228947447534e-02
2.949999999999961098e+00 8.931195179422894356e-03
3.049999999999960743e+00 7.262193604296509654e-03
3.149999999999960387e+00 5.901330682082577689e-03
3.249999999999960032e+00 4.757910604761397821e-03
3.349999999999959677e+00 3.799856294692148181e-03
3.449999999999959321e+00 3.055696480219155346e-03
3.549999999999958966e+00 2.445380401212125625e-03
3.649999999999958611e+00 1.936547112086497470e-03
3.749999999999958256e+00 1.526074065461304223e-03
3.849999999999957900e+00 1.192387297613507237e-03
3.949999999999957545e+00 9.530866210540067402e-04
4.049999999999957190e+00 7.191794354252660677e-04
4.149999999999956835e+00 5.701487649700610677e-04
4.249999999999956479e+00 4.289244629672709264e-04
4.349999999999956124e+00 3.139579457589687151e-04
4.449999999999955769e+00 2.502295923928851045e-04
4.549999999999955413e+00 1.916108620138371453e-04
4.649999999999955058e+00 1.378178866781006647e-04
4.749999999999954703e+00 1.118439698273360401e-04
4.849999999999954348e+00 7.593467494622433952e-05
4.949999999999953992e+00 6.585736294401512304e-05
5.049999999999953637e+00 4.655434277076930994e-05
5.149999999999953282e+00 3.250287955642125497e-05
5.249999999999952927e+00 2.029655797628051933e-05
5.349999999999952571e+00 1.788368045462479354e-05
5.449999999999952216e+00 1.206438760827863064e-05
5.549999999999951861e+00 9.225708171036600002e-06
5.649999999999951505e+00 6.528962705656670979e-06
5.749999999999951150e+00 3.264481352828335490e-06
5.849999999999950795e+00 3.690283268414639916e-06
5.949999999999950440e+00 1.561273690483116936e-06
6.049999999999950084e+00 4.258019155863046383e-07
6.149999999999949729e+00 4.258019155863046383e-07
6.249999999999949374e+00 1.419339718621015373e-07
6.349999999999949019e+00 2.838679437242030746e-07
6.449999999999948663e+00 1.419339718621015373e-07
6.549999999999948308e+00 0.000000000000000000e+00
6.649999999999947953e+00 0.000000000000000000e+00
6.749999999999947597e+00 0.000000000000000000e+00
6.849999999999947242e+00 0.000000000000000000e+00
6.949999999999946887e+00 0.000000000000000000e+00
7.049999999999946532e+00 0.000000000000000000e+00
7.149999999999946176e+00 0.000000000000000000e+00
7.249999999999945821e+00 0.000000000000000000e+00
7.349999999999945466e+00 0.000000000000000000e+00
7.449999999999945111e+00 0.000000000000000000e+00
7.549999999999944755e+00 0.000000000000000000e+00
7.649999999999944400e+00 0.000000000000000000e+00
7.749999999999944045e+00 0.000000000000000000e+00
7.849999999999943689e+00 0.000000000000000000e+00
7.949999999999943334e+00 0.000000000000000000e+00
