-7.950000000000000178e+00 1.703306686046517364e-05
-7.850000000000000533e+00 2.143327579941867932e-05
-7.750000000000000888e+00 2.427212027616287718e-05
-7.650000000000001243e+00 3.250476925872103947e-05
-7.550000000000001599e+00 3.435001816860477181e-05
-7.450000000000001954e+00 4.031159156976757852e-05
-7.350000000000002309e+00 4.882812500000016534e-05
-7.250000000000002665e+00 5.791242732558158767e-05
-7.150000000000003020e+00 7.082916969476767339e-05
-7.050000000000003375e+00 8.218454760174445130e-05
-6.950000000000003730e+00 8.630087209302353922e-05
-6.850000000000004086e+00 1.033339389534887129e-04
-6.750000000000004441e+00 1.230639080668608518e-04
-6.650000000000004796e+00 1.400969749273260254e-04
-6.550000000000005151e+00 1.660724018895353956e-04
-6.450000000000005507e+00 1.884992732558145540e-04
-6.350000000000005862e+00 2.237009447674425723e-04
-6.250000000000006217e+00 2.445664516715124635e-04
-6.150000000000006573e+00 2.843102743459313556e-04
-6.050000000000006928e+00 3.247638081395363497e-04
-5.950000000000007283e+00 3.657851108284902470e-04
-5.850000000000007638e+00 4.210006359011650998e-04
-5.750000000000007994e+00 4.740870276162817551e-04
-5.650000000000008349e+00 5.314316860465144801e-04
-5.550000000000008704e+00 6.104935047238398008e-04
-5.450000000000009059e+00 6.922522256540721139e-04
-5.350000000000009415e+00 7.659202398255835582e-04
-5.250000000000009770e+00 8.983523346656996063e-04
-5.150000000000010125e+00 1.012757767078490984e-03
-5.050000000000010481e+00 1.119215552611705754e-03
-4.950000000000010836e+00 1.276487536623336890e-03
-4.850000000000011191e+00 1.434611173977991434e-03
-4.750000000000011546e+00 1.634038880813968621e-03
-4.650000000000011902e+00 1.832190225290716672e-03
-4.550000000000012257e+00 2.051351254205984256e-03
-4.450000000000012612e+00 2.350990171071033492e-03
-4.350000000000012967e+00 2.659003679142477559e-03
-4.250000000000013323e+00 2.988311873755421753e-03
-4.150000000000013678e+00 3.363038227030356805e-03
-4.050000000000014033e+00 3.805191607249187868e-03
-3.950000000000014388e+00 4.305392651085572508e-03
-3.850000000000014744e+00 4.806167052093822389e-03
-3.750000000000015099e+00 5.450162274609114677e-03
-3.650000000000015454e+00 6.118143497642282783e-03
-3.550000000000015810e+00 6.958305108811199333e-03
-3.450000000000016165e+00 7.794348160178224405e-03
-3.350000000000016520e+00 8.812639438675679698e-03
-3.250000000000016875e+00 9.888280963879895330e-03
-3.150000000000017231e+00 1.111168099113272155e-02
-3.050000000000017586e+00 1.263202973892949173e-02
-2.950000000000017941e+00 1.419227095755635007e-02
-2.850000000000018296e+00 1.611842805268245624e-02
-2.750000000000018652e+00 1.819151882024148612e-02
-2.650000000000019007e+00 2.068104236646681887e-02
-2.550000000000019362e+00 2.332615359015793172e-02
-2.450000000000019718e+00 2.636430618462016345e-02
-2.350000000000020073e+00 3.011611969211910184e-02
-2.250000000000020428e+00 3.397116766725069570e-02
-2.150000000000020783e+00 3.849899943026525301e-02
-2.050000000000021139e+00 4.383732240904562871e-02
-1.950000000000021272e+00 4.988597680570673598e-02
-1.850000000000021627e+00 5.691983206022638991e-02
-1.750000000000021982e+00 6.485701321552145293e-02
-1.650000000000022338e+00 7.390221772319401083e-02
-1.550000000000022693e+00 8.471135054070080828e-02
-1.450000000000023048e+00 9.680219928635198923e-02
-1.350000000000023404e+00 1.105472192378414986e-01
-1.250000000000023759e+00 1.269617957698717381e-01
-1.150000000000024114e+00 1.460122773988418443e-01
-1.050000000000024469e+00 1.679584854536885774e-01
-9.500000000000248246e-01 1.935430180609710726e-01
-8.500000000000251799e-01 2.230230365300028827e-01
-7.500000000000255351e-01 2.581302795801513339e-01
-6.500000000000258904e-01 2.980455528137783139e-01
-5.500000000000262457e-01 3.451493726198359147e-01
-4.500000000000266565e-01 3.997021672141001236e-01
-3.500000000000270117e-01 4.632514700743728397e-01
-2.500000000000273670e-01 5.334096364061650108e-01
-1.500000000000277223e-01 6.101887212396036597e-01
-5.000000000002806366e-02 6.804119306395756128e-01
4.999999999997158107e-02 6.726108385472809870e-01
1.499999999999712119e-01 5.884445159694188243e-01
2.499999999999708566e-01 5.024848763354645698e-01
3.499999999999705014e-01 4.252675420917851890e-01
4.499999999999701461e-01 3.598542148301516752e-01
5.499999999999698463e-01 3.042772601493861084e-01
6.499999999999694911e-01 2.573005143986372145e-01
7.499999999999691358e-01 2.179406879106021711e-01
8.499999999999687805e-01 1.850953523153712477e-01
9.499999999999684253e-01 1.576307647766708731e-01
1.049999999999968070e+00 1.341805849772218506e-01
1.149999999999967715e+00 1.143640556957221943e-01
1.249999999999967359e+00 9.792211337352993428e-02
1.349999999999967004e+00 8.397991555533575181e-02
1.449999999999966649e+00 7.219877580085568014e-02
1.549999999999966294e+00 6.187066841510461407e-02
1.649999999999965938e+00 5.332055950182838788e-02
1.749999999999965583e+00 4.612874490528388882e-02
1.849999999999965228e+00 3.976457529813849645e-02
1.949999999999964873e+00 3.445351528523239726e-02
2.049999999999964295e+00 2.980914560348208592e-02
2.149999999999963940e+00 2.583738647304322303e-02
2.249999999999963585e+00 2.238678554107987120e-02
2.349999999999963229e+00 1.947979873799627476e-02
2.449999999999962874e+00 1.699421269141328933e-02
2.549999999999962519e+00 1.475337974493786189e-02
2.649999999999962164e+00 1.284212211269343887e-02
2.749999999999961808e+00 1.121034536621854857e-02
2.849999999999961453e+00 9.810636332130338172e-03
2.949999999999961098e+00 8.597459497959713398e-03
3.049999999999960743e+00 7.509472352247575401e-03
3.149999999999960387e+00 6.554329716183387999e-03
3.249999999999960032e+00 5.735751146624865765e-03
3.349999999999959677e+00 5.055704834565537611e-03
3.449999999999959321e+00 4.372391616047341389e-03
3.549999999999958966e+00 3.829602316783271149e-03
3.649999999999958611e+00 3.378651871652449748e-03
3.749999999999958256e+00 2.938913744549460309e-03
3.849999999999957900e+00 2.570289789244220233e-03
3.949999999999957545e+00 2.260575209797340869e-03
4.049999999999957190e+00 1.972431377752493966e-03
4.149999999999956835e+00 1.747026008643695616e-03
4.249999999999956479e+00 1.510123319404082327e-03
4.349999999999956124e+00 1.336812981754152089e-03
4.449999999999955769e+00 1.178120457848842988e-03
4.549999999999955413e+00 1.019855995925657548e-03
4.649999999999955058e+00 9.007653524709322013e-04
4.749999999999954703e+00 7.855082667151183900e-04
4.849999999999954348e+00 7.080078125000022551e-04
4.949999999999953992e+00 6.184422692587234708e-04
5.049999999999953637e+00 5.220634992732584977e-04
5.149999999999953282e+00 4.632994186046537856e-04
5.249999999999952927e+00 4.025481468023277493e-04
5.349999999999952571e+00 3.568427507267459692e-04
5.449999999999952216e+00 3.128406613372106820e-04
5.549999999999951861e+00 2.757937409156987281e-04
5.649999999999951505e+00 2.393145893895357046e-04
5.749999999999951150e+00 2.048226289970936798e-04
5.849999999999950795e+00 1.744469930959307701e-04
5.949999999999950440e+00 1.530137172965121111e-04
6.049999999999950084e+00 1.379678415697678821e-04
6.149999999999949729e+00 1.179539880087213051e-04
6.249999999999949374e+00 9.737236555232590615e-05
6.349999999999949019e+00 8.857194767441888125e-05
6.449999999999948663e+00 7.593908975290722006e-05
6.549999999999948308e+00 6.415788517441881891e-05
6.649999999999947953e+00 5.663494731104670439e-05
6.749999999999947597e+00 4.840229832848854210e-05
6.849999999999947242e+00 4.002770712209316077e-05
6.949999999999946887e+00 3.222088481104662849e-05
7.049999999999946532e+00 3.023369367732568389e-05
7.149999999999946176e+00 2.384629360465124716e-05
7.249999999999945821e+00 2.043968023255821040e-05
7.349999999999945466e+00 1.944608466569774149e-05
7.449999999999945111e+00 1.447810683139540031e-05
7.549999999999944755e+00 1.078760901162794579e-05
7.649999999999944400e+00 1.121343568313957581e-05
7.749999999999944045e+00 9.652071220930268000e-06
7.849999999999943689e+00 8.232648982558169067e-06
7.949999999999943334e+00 4.400208938953503981e-06
