-7.950000000000000178e+00 8.871388989825613036e-07
-7.850000000000000533e+00 8.871388989825613036e-07
-7.750000000000000888e+00 0.000000000000000000e+00
-7.650000000000001243e+00 3.548555595930245214e-06
-7.550000000000001599e+00 1.774277797965122607e-06
-7.450000000000001954e+00 3.548555595930245214e-06
-7.350000000000002309e+00 3.548555595930245214e-06
-7.250000000000002665e+00 1.774277797965122607e-06
-7.150000000000003020e+00 2.661416696947683805e-06
-7.050000000000003375e+00 4.435694494912806200e-06
-6.950000000000003730e+00 7.097111191860490429e-06
-6.850000000000004086e+00 9.758527888808173810e-06
-6.750000000000004441e+00 1.064566678779073522e-05
-6.650000000000004796e+00 1.685563908066866170e-05
-6.550000000000005151e+00 1.862991687863378790e-05
-6.450000000000005507e+00 2.483988917151171269e-05
-6.350000000000005862e+00 3.637269485828501609e-05
-6.250000000000006217e+00 3.903411155523269524e-05
-6.150000000000006573e+00 4.613122274709318652e-05
-6.050000000000006928e+00 5.411547283793623751e-05
-5.950000000000007283e+00 6.298686182776184821e-05
-5.850000000000007638e+00 8.250391760537820261e-05
-5.750000000000007994e+00 9.581100109011661189e-05
-5.650000000000008349e+00 1.073438067768899153e-04
-5.550000000000008704e+00 1.676692519077040708e-04
-5.450000000000009059e+00 1.792020575944773607e-04
-5.350000000000009415e+00 2.164618913517449500e-04
-5.250000000000009770e+00 2.475117528161345807e-04
-5.150000000000010125e+00 3.220314203306697595e-04
-5.050000000000010481e+00 3.681626430777629189e-04
-4.950000000000010836e+00 4.364723382994200847e-04
-4.850000000000011191e+00 5.251862281976761105e-04
-4.750000000000011546e+00 6.280943404796530917e-04
-4.650000000000011902e+00 6.662413131359032001e-04
-4.550000000000012257e+00 8.179420648619209521e-04
-4.450000000000012612e+00 1.005128372547240984e-03
-4.350000000000012967e+00 1.206508902616282080e-03
-4.250000000000013323e+00 1.413212266079218399e-03
-4.150000000000013678e+00 1.553380212118463024e-03
-4.050000000000014033e+00 1.910010049509451840e-03
-3.950000000000014388e+00 2.327852470930237561e-03
-3.850000000000014744e+00 2.695127975109017256e-03
-3.750000000000015099e+00 3.191038619640268123e-03
-3.650000000000015454e+00 3.733967625817596024e-03
-3.550000000000015810e+00 4.373594771984028531e-03
-3.450000000000016165e+00 5.195972531340872433e-03
-3.350000000000016520e+00 6.005930346111959875e-03
-3.250000000000016875e+00 6.910812023074183741e-03
-3.150000000000017231e+00 8.205147676689755754e-03
-3.050000000000017586e+00 9.358428245367100134e-03
-2.950000000000017941e+00 1.097923101380826084e-02
-2.850000000000018296e+00 1.263818075490567329e-02
-2.750000000000018652e+00 1.453310944313244632e-02
-2.650000000000019007e+00 1.691241597020370219e-02
-2.550000000000019362e+00 1.966609511264560961e-02
-2.450000000000019718e+00 2.278527548146833462e-02
-2.350000000000020073e+00 2.639859920237001140e-02
-2.250000000000020428e+00 3.028781613550960913e-02
-2.150000000000020783e+00 3.508900487145763525e-02
-2.050000000000021139e+00 4.035506836116384277e-02
-1.950000000000021272e+00 4.638318416509608355e-02
-1.850000000000021627e+00 5.418910536655241472e-02
-1.750000000000021982e+00 6.235433877813357367e-02
-1.650000000000022338e+00 7.211375380583986971e-02
-1.550000000000022693e+00 8.326244232004413603e-02
-1.450000000000023048e+00 9.625370435674393543e-02
-1.350000000000023404e+00 1.110033106179555973e-01
-1.250000000000023759e+00 1.276061011417223279e-01
-1.150000000000024114e+00 1.475268121037204283e-01
-1.050000000000024469e+00 1.702553246663444098e-01
-9.500000000000248246e-01 1.961092485261213825e-01
-8.500000000000251799e-01 2.249634062888010988e-01
-7.500000000000255351e-01 2.589754734343128195e-01
-6.500000000000258904e-01 2.960437410721646900e-01
-5.500000000000262457e-01 3.403714523497007871e-01
-4.500000000000266565e-01 3.854061434762707794e-01
-3.500000000000270117e-01 4.367227070586108262e-01
-2.500000000000273670e-01 4.876072968652565010e-01
-1.500000000000277223e-01 5.380225901943382905e-01
-5.000000000002806366e-02 5.709309866960582402e-01
4.999999999997158107e-02 5.705744406828153759e-01
1.499999999999712119e-01 5.373518503185965578e-01
2.499999999999708566e-01 4.894019718725526324e-01
3.499999999999705014e-01 4.357956469091739393e-01
4.499999999999701461e-01 3.864139332655152081e-01
5.499999999999698463e-01 3.394878061235488964e-01
6.499999999999694911e-01 2.976884756348413541e-01
7.499999999999691358e-01 2.578647545767497329e-01
8.499999999999687805e-01 2.241197302105229494e-01
9.499999999999684253e-01 1.956993274866804799e-01
1.049999999999968070e+00 1.704016955993309379e-01
1.149999999999967715e+00 1.475729363411217576e-01
1.249999999999967359e+00 1.279946609941309266e-01
1.349999999999967004e+00 1.113546176219527561e-01
1.449999999999966649e+00 9.589886276784223562e-02
1.549999999999966294e+00 8.286411695440101810e-02
1.649999999999965938e+00 7.234352976602198559e-02
1.749999999999965583e+00 6.272429665504625218e-02
1.849999999999965228e+00 5.393274318078342816e-02
1.949999999999964873e+00 4.680901083660771178e-02
2.049999999999964295e+00 4.050764926644317976e-02
2.149999999999963940e+00 3.492577131404484003e-02
2.249999999999963585e+00 3.052467523619229600e-02
2.349999999999963229e+00 2.618568586661419728e-02
2.449999999999962874e+00 2.264688879857271187e-02
2.549999999999962519e+00 1.942124477652642026e-02
2.649999999999962164e+00 1.705169677734396858e-02
2.749999999999961808e+00 1.461472622183884393e-02
2.849999999999961453e+00 1.247051150299796629e-02
2.949999999999961098e+00 1.100939373637366964e-02
3.049999999999960743e+00 9.307861328125093675e-03
3.149999999999960387e+00 8.137725120367079318e-03
3.249999999999960032e+00 6.928554801053835206e-03
3.349999999999959677e+00 6.027221679687542501e-03
3.449999999999959321e+00 4.974187806595228682e-03
3.549999999999958966e+00 4.496019940043622341e-03
3.649999999999958611e+00 3.749936125999282343e-03
3.749999999999958256e+00 3.201684286428059002e-03
3.849999999999957900e+00 2.650771030159889026e-03
3.949999999999957545e+00 2.373096554778348147e-03
4.049999999999957190e+00 2.035983773164975509e-03
4.149999999999956835e+00 1.603059990461486260e-03
4.249999999999956479e+00 1.399905182594480017e-03
4.349999999999956124e+00 1.175459041151892450e-03
4.449999999999955769e+00 9.873855945675897357e-04
4.549999999999955413e+00 8.880260378815431560e-04
4.649999999999955058e+00 7.212439248728218753e-04
4.749999999999954703e+00 6.068030069040716585e-04
4.849999999999954348e+00 4.861521166424434288e-04
4.949999999999953992e+00 4.311495049055247535e-04
5.049999999999953637e+00 3.548555595930244825e-04
5.149999999999953282e+00 3.184828647347394664e-04
5.249999999999952927e+00 2.404146416242741030e-04
5.349999999999952571e+00 2.067033634629367525e-04
5.449999999999952216e+00 1.729920853015994291e-04
5.549999999999951861e+00 1.490393350290703032e-04
5.649999999999951505e+00 1.321836959484016280e-04
5.749999999999951150e+00 1.091180845748550212e-04
5.849999999999950795e+00 6.653541742369208708e-05
5.949999999999950440e+00 6.653541742369210063e-05
6.049999999999950084e+00 5.943830623183160258e-05
6.149999999999949729e+00 5.145405614098855159e-05
6.249999999999949374e+00 4.258266715116294088e-05
6.349999999999949019e+00 2.927558366642452143e-05
6.449999999999948663e+00 1.951705577761634762e-05
6.549999999999948308e+00 2.483988917151171608e-05
6.649999999999947953e+00 1.419422238372097916e-05
6.749999999999947597e+00 1.774277797965122480e-05
6.849999999999947242e+00 1.153280568677329663e-05
6.949999999999946887e+00 8.871388989825612401e-06
7.049999999999946532e+00 4.435694494912806200e-06
7.149999999999946176e+00 4.435694494912806200e-06
7.249999999999945821e+00 1.774277797965122607e-06
7.349999999999945466e+00 6.209972292877929019e-06
7.449999999999945111e+00 3.548555595930245214e-06
7.549999999999944755e+00 2.661416696947683805e-06
7.649999999999944400e+00 8.871388989825613036e-07
7.749999999999944045e+00 1.774277797965122607e-06
7.849999999999943689e+00 8.871388989825613036e-07
7.949999999999943334e+00 0.000000000000000000e+00
