-7.950000000000000178e+00 1.703306686046517533e-06
-7.850000000000000533e+00 2.129133357558147129e-06
-7.750000000000000888e+00 1.703306686046517533e-06
-7.650000000000001243e+00 3.122728924418615619e-06
-7.550000000000001599e+00 2.838844476744196172e-06
-7.450000000000001954e+00 6.671284520348859563e-06
-7.350000000000002309e+00 6.387400072674441809e-06
-7.250000000000002665e+00 1.107149345930236524e-05
-7.150000000000003020e+00 9.510128997093055735e-06
-7.050000000000003375e+00 1.277480014534888362e-05
-6.950000000000003730e+00 1.561364462209307810e-05
-6.850000000000004086e+00 2.114939135174426156e-05
-6.750000000000004441e+00 2.498183139534892495e-05
-6.650000000000004796e+00 3.378224927325592953e-05
-6.550000000000005151e+00 4.045353379360479079e-05
-6.450000000000005507e+00 4.428597383720945418e-05
-6.350000000000005862e+00 5.635106286337227986e-05
-6.250000000000006217e+00 6.202875181686066204e-05
-6.150000000000006573e+00 7.835210755813978791e-05
-6.050000000000006928e+00 9.169467659883749687e-05
-5.950000000000007283e+00 1.115665879360468752e-04
-5.850000000000007638e+00 1.341354015261632458e-04
-5.750000000000007994e+00 1.622399618459307593e-04
-5.650000000000008349e+00 1.865120821220936365e-04
-5.550000000000008704e+00 2.263978470203496731e-04
-5.450000000000009059e+00 2.613156340843033752e-04
-5.350000000000009415e+00 3.197958303052340153e-04
-5.250000000000009770e+00 3.637979196947692482e-04
-5.150000000000010125e+00 4.339173782703511042e-04
-5.050000000000010481e+00 5.158180414244211039e-04
-4.950000000000010836e+00 5.862213844476769778e-04
-4.850000000000011191e+00 6.830259811046535470e-04
-4.750000000000011546e+00 8.031091024709325482e-04
-4.650000000000011902e+00 9.545614553052353922e-04
-4.550000000000012257e+00 1.078335074491283295e-03
-4.450000000000012612e+00 1.265556867732565635e-03
-4.350000000000012967e+00 1.491812772529081850e-03
-4.250000000000013323e+00 1.724881904069784470e-03
-4.150000000000013678e+00 1.960364053415719360e-03
-4.050000000000014033e+00 2.310961346293633790e-03
-3.950000000000014388e+00 2.659145621366315083e-03
-3.850000000000014744e+00 3.049486736918648622e-03
-3.750000000000015099e+00 3.566298373909936731e-03
-3.650000000000015454e+00 4.104259402252952160e-03
-3.550000000000015810e+00 4.700984511264540318e-03
-3.450000000000016165e+00 5.452284702034836464e-03
-3.350000000000016520e+00 6.244464253270248441e-03
-3.250000000000016875e+00 7.279648891714946349e-03
-3.150000000000017231e+00 8.278638263081162380e-03
-3.050000000000017586e+00 9.604663635823582415e-03
-2.950000000000017941e+00 1.112287766198626592e-02
-2.850000000000018296e+00 1.273860599592510981e-02
-2.750000000000018652e+00 1.464176845078958566e-02
-2.650000000000019007e+00 1.686855805834757208e-02
-2.550000000000019362e+00 1.936007214867254550e-02
-2.450000000000019718e+00 2.233915554256768812e-02
-2.350000000000020073e+00 2.556948226093120474e-02
-2.250000000000020428e+00 2.942746855186037513e-02
-2.150000000000020783e+00 3.390858791136804051e-02
-2.050000000000021139e+00 3.884945589857476123e-02
-1.950000000000021272e+00 4.485815635336415363e-02
-1.850000000000021627e+00 5.162142055241690508e-02
-1.750000000000021982e+00 5.962399124903450254e-02
-1.650000000000022338e+00 6.852476674981525240e-02
-1.550000000000022693e+00 7.915113833640563534e-02
-1.450000000000023048e+00 9.128322744518566068e-02
-1.350000000000023404e+00 1.053993838411077383e-01
-1.250000000000023759e+00 1.220029547676938914e-01
-1.150000000000024114e+00 1.407888862681242470e-01
-1.050000000000024469e+00 1.631101615611144917e-01
-9.500000000000248246e-01 1.884406332349029267e-01
-8.500000000000251799e-01 2.179121072291217986e-01
-7.500000000000255351e-01 2.525341392283971809e-01
-6.500000000000258904e-01 2.913643479849368223e-01
-5.500000000000262457e-01 3.365989798221153961e-01
-4.500000000000266565e-01 3.874120271155606643e-01
-3.500000000000270117e-01 4.437286829603460658e-01
-2.500000000000273670e-01 5.034742035767099111e-01
-1.500000000000277223e-01 5.598119126944900437e-01
-5.000000000002806366e-02 5.978463307555151873e-01
4.999999999997158107e-02 5.972946438023611915e-01
1.499999999999712119e-01 5.596500952063492296e-01
2.499999999999708566e-01 5.028595937474953370e-01
3.499999999999705014e-01 4.430240515845246807e-01
4.499999999999701461e-01 3.875745654913733684e-01
5.499999999999698463e-01 3.362646477669029021e-01
6.499999999999694911e-01 2.915271367155380933e-01
7.499999999999691358e-01 2.517595392774668595e-01
8.499999999999687805e-01 2.179395221961180906e-01
9.499999999999684253e-01 1.884228893392680404e-01
1.049999999999968070e+00 1.626934314861366859e-01
1.149999999999967715e+00 1.407952736681969685e-01
1.249999999999967359e+00 1.217260254889874077e-01
1.349999999999967004e+00 1.055309765768131930e-01
1.449999999999966649e+00 9.138017063110062677e-02
1.549999999999966294e+00 7.912288848089615856e-02
1.649999999999965938e+00 6.856848160179115914e-02
1.749999999999965583e+00 5.978295201021324723e-02
1.849999999999965228e+00 5.169083588814980812e-02
1.949999999999964873e+00 4.496361942567529690e-02
2.049999999999964295e+00 3.901411558415782826e-02
2.149999999999963940e+00 3.391241811610104517e-02
2.249999999999963585e+00 2.937821571784417218e-02
2.349999999999963229e+00 2.563747035083861411e-02
2.449999999999962874e+00 2.224249735875578199e-02
2.549999999999962519e+00 1.931152455515430452e-02
2.649999999999962164e+00 1.687210661394350497e-02
2.749999999999961808e+00 1.467853036910811426e-02
2.849999999999961453e+00 1.270922619090142022e-02
2.949999999999961098e+00 1.107532589934549956e-02
3.049999999999960743e+00 9.607502480300327691e-03
3.149999999999960387e+00 8.327185856599399888e-03
3.249999999999960032e+00 7.299947747378974887e-03
3.349999999999959677e+00 6.271149391351642233e-03
3.449999999999959321e+00 5.436245230741233551e-03
3.549999999999958966e+00 4.697010128997097453e-03
3.649999999999958611e+00 4.088645757630859218e-03
3.749999999999958256e+00 3.556504360465170995e-03
3.849999999999957900e+00 3.104986146438999065e-03
3.949999999999957545e+00 2.646654705668640729e-03
4.049999999999957190e+00 2.304291179428590887e-03
4.149999999999956835e+00 1.963060955668626678e-03
4.249999999999956479e+00 1.698338708212225601e-03
4.349999999999956124e+00 1.494793559229663348e-03
4.449999999999955769e+00 1.289970930232566199e-03
4.549999999999955413e+00 1.093097065770353479e-03
4.649999999999955058e+00 9.569744731104679871e-04
4.749999999999954703e+00 8.261037427325604744e-04
4.849999999999954348e+00 6.928199945494210171e-04
4.949999999999953992e+00 5.981445312500026455e-04
5.049999999999953637e+00 5.034690679505838401e-04
5.149999999999953282e+00 4.330657249273277493e-04
5.249999999999952927e+00 3.832440043604669897e-04
5.349999999999952571e+00 3.320028615552341345e-04
5.449999999999952216e+00 2.635867096656987173e-04
5.549999999999951861e+00 2.239848292151171052e-04
5.649999999999951505e+00 1.987191133720937015e-04
5.749999999999951150e+00 1.594011173691865682e-04
5.849999999999950795e+00 1.304449037063957811e-04
5.949999999999950440e+00 1.169603924418608464e-04
6.049999999999950084e+00 9.879178779069800170e-05
6.149999999999949729e+00 7.778433866279096595e-05
6.249999999999949374e+00 6.387400072674440793e-05
6.349999999999949019e+00 5.833825399709321769e-05
6.449999999999948663e+00 4.925395167151180214e-05
6.549999999999948308e+00 4.187295603197688633e-05
6.649999999999947953e+00 3.264671148255825174e-05
6.749999999999947597e+00 2.554960029069776724e-05
6.849999999999947242e+00 2.157521802325589158e-05
6.949999999999946887e+00 1.532976017441866034e-05
7.049999999999946532e+00 1.462004905523260918e-05
7.149999999999946176e+00 9.935955668604687447e-06
7.249999999999945821e+00 9.794013444767476876e-06
7.349999999999945466e+00 6.387400072674441809e-06
7.449999999999945111e+00 5.677688953488392343e-06
7.549999999999944755e+00 2.838844476744196172e-06
7.649999999999944400e+00 3.690497819767454938e-06
7.749999999999944045e+00 3.974382267441873962e-06
7.849999999999943689e+00 1.419422238372098086e-06
7.949999999999943334e+00 1.277480014534888150e-06
