-7.950000000000000178e+00 0.000000000000000000e+00
-7.850000000000000533e+00 0.000000000000000000e+00
-7.750000000000000888e+00 8.871388989825613036e-07
-7.650000000000001243e+00 0.000000000000000000e+00
-7.550000000000001599e+00 8.871388989825613036e-07
-7.450000000000001954e+00 1.774277797965122607e-06
-7.350000000000002309e+00 1.774277797965122607e-06
-7.250000000000002665e+00 1.774277797965122607e-06
-7.150000000000003020e+00 2.661416696947683805e-06
-7.050000000000003375e+00 1.774277797965122607e-06
-6.950000000000003730e+00 4.435694494912806200e-06
-6.850000000000004086e+00 2.661416696947683805e-06
-6.750000000000004441e+00 4.435694494912806200e-06
-6.650000000000004796e+00 4.435694494912806200e-06
-6.550000000000005151e+00 6.209972292877929019e-06
-6.450000000000005507e+00 7.984250090843050991e-06
-6.350000000000005862e+00 1.064566678779073522e-05
-6.250000000000006217e+00 1.064566678779073522e-05
-6.150000000000006573e+00 1.596850018168610198e-05
-6.050000000000006928e+00 2.040419467659890734e-05
-5.950000000000007283e+00 2.483988917151171608e-05
-5.850000000000007638e+00 2.661416696947683890e-05
-5.750000000000007994e+00 4.346980605014550059e-05
-5.650000000000008349e+00 5.677688953488392343e-05
-5.550000000000008704e+00 5.943830623183160258e-05
-5.450000000000009059e+00 8.072963980741308318e-05
-5.350000000000009415e+00 1.162151957667155260e-04
-5.250000000000009770e+00 1.410550849382272522e-04
-5.150000000000010125e+00 1.641206963117738320e-04
-5.050000000000010481e+00 1.978319744731111553e-04
-4.950000000000010836e+00 2.342046693313961714e-04
-4.850000000000011191e+00 2.945301144622103134e-04
-4.750000000000011546e+00 4.009867823401176419e-04
-4.650000000000011902e+00 4.417951716933154159e-04
-4.550000000000012257e+00 5.571232285610484228e-04
-4.450000000000012612e+00 6.964040357013102575e-04
-4.350000000000012967e+00 8.321362872456417991e-04
-4.250000000000013323e+00 1.032629678415700539e-03
-4.150000000000013678e+00 1.189653263535613405e-03
-4.050000000000014033e+00 1.441600710846660310e-03
-3.950000000000014388e+00 1.713065213935323827e-03
-3.850000000000014744e+00 2.207201580668609331e-03
-3.750000000000015099e+00 2.569154251453494020e-03
-3.650000000000015454e+00 3.054419229196954008e-03
-3.550000000000015810e+00 3.695820653161345157e-03
-3.450000000000016165e+00 4.331012104832863280e-03
-3.350000000000016520e+00 5.133872808412091870e-03
-3.250000000000016875e+00 6.194003792696265408e-03
-3.150000000000017231e+00 7.347284361373609789e-03
-3.050000000000017586e+00 8.742753849473195588e-03
-2.950000000000017941e+00 1.034493368638138289e-02
-2.850000000000018296e+00 1.205799191497106994e-02
-2.750000000000018652e+00 1.428471055141732581e-02
-2.650000000000019007e+00 1.669506693995297456e-02
-2.550000000000019362e+00 1.972642055777642373e-02
-2.450000000000019718e+00 2.311795955393246282e-02
-2.350000000000020073e+00 2.709766465476828173e-02
-2.250000000000020428e+00 3.145794535792196395e-02
-2.150000000000020783e+00 3.677014705572092396e-02
-2.050000000000021139e+00 4.290647284929206134e-02
-1.950000000000021272e+00 4.954760163242125093e-02
-1.850000000000021627e+00 5.768886832303866258e-02
-1.750000000000021982e+00 6.711828165101521582e-02
-1.650000000000022338e+00 7.738246474155115184e-02
-1.550000000000022693e+00 8.942451609772228416e-02
-1.450000000000023048e+00 1.037952721369943543e-01
-1.350000000000023404e+00 1.197150355620010542e-01
-1.250000000000023759e+00 1.375668617727696663e-01
-1.150000000000024114e+00 1.577644089686701667e-01
-1.050000000000024469e+00 1.803562741994684804e-01
-9.500000000000248246e-01 2.070866912914402502e-01
-8.500000000000251799e-01 2.359178253548204485e-01
-7.500000000000255351e-01 2.683321204165359797e-01
-6.500000000000258904e-01 3.039552318025998123e-01
-5.500000000000262457e-01 3.425715079217581671e-01
-4.500000000000266565e-01 3.848401279026830712e-01
-3.500000000000270117e-01 4.271043890279155320e-01
-2.500000000000273670e-01 4.683022463284596260e-01
-1.500000000000277223e-01 5.052827640541160958e-01
-5.000000000002806366e-02 5.275383757008172969e-01
4.999999999997158107e-02 5.288371610196185291e-01
1.499999999999712119e-01 5.053687187324780172e-01
2.499999999999708566e-01 4.685754711386549420e-01
3.499999999999705014e-01 4.271549838865402737e-01
4.499999999999701461e-01 3.854629832339165896e-01
5.499999999999698463e-01 3.421686909788547171e-01
6.499999999999694911e-01 3.043011461197464573e-01
7.499999999999691358e-01 2.694854009852133414e-01
8.499999999999687805e-01 2.359444465071356134e-01
9.499999999999684253e-01 2.061303625436828879e-01
1.049999999999968070e+00 1.800990178894548155e-01
1.149999999999967715e+00 1.574529882883989873e-01
1.249999999999967359e+00 1.371677191216841563e-01
1.349999999999967004e+00 1.198365177083963728e-01
1.449999999999966649e+00 1.035868014810790994e-01
1.549999999999966294e+00 9.015373030199452797e-02
1.649999999999965938e+00 7.763708757625042978e-02
1.749999999999965583e+00 6.698875238641810448e-02
1.849999999999965228e+00 5.782460755992865908e-02
1.949999999999964873e+00 4.991133556634977375e-02
2.049999999999964295e+00 4.273172045688381632e-02
2.149999999999963940e+00 3.708684167196638071e-02
2.249999999999963585e+00 3.136036007903388045e-02
2.349999999999963229e+00 2.687232438908104468e-02
2.449999999999962874e+00 2.299197884493127397e-02
2.549999999999962519e+00 1.955254133357584023e-02
2.649999999999962164e+00 1.671547113462957396e-02
2.749999999999961808e+00 1.430245332939697640e-02
2.849999999999961453e+00 1.202960347020362759e-02
2.949999999999961098e+00 1.019766164380461401e-02
3.049999999999960743e+00 8.882041641959121520e-03
3.149999999999960387e+00 7.225746332212997468e-03
3.249999999999960032e+00 6.274733432503679792e-03
3.349999999999959677e+00 5.258959393168634484e-03
3.449999999999959321e+00 4.360287688499288848e-03
3.549999999999958966e+00 3.632833791333583973e-03
3.649999999999958611e+00 2.949736839117011664e-03
3.749999999999958256e+00 2.556734306867737561e-03
3.849999999999957900e+00 2.188571663789975509e-03
3.949999999999957545e+00 1.792020575944771547e-03
4.049999999999957190e+00 1.421196516170061559e-03
4.149999999999956835e+00 1.280141431231834577e-03
4.249999999999956479e+00 9.829499000726770862e-04
4.349999999999956124e+00 7.913278978924440793e-04
4.449999999999955769e+00 6.564827852470951110e-04
4.549999999999955413e+00 5.278476448946238303e-04
4.649999999999955058e+00 4.728450331577051008e-04
4.749999999999954703e+00 3.459841706031989124e-04
4.849999999999954348e+00 2.980786700581406065e-04
4.949999999999953992e+00 2.608188363008730171e-04
5.049999999999953637e+00 2.288818359375008132e-04
5.149999999999953282e+00 1.552493073219482077e-04
5.249999999999952927e+00 1.188766124636632052e-04
5.349999999999952571e+00 1.117795012718027139e-04
5.449999999999952216e+00 8.693961210029100119e-05
5.549999999999951861e+00 7.363252861555257835e-05
5.649999999999951505e+00 4.346980605014550737e-05
5.749999999999951150e+00 4.169552825218038116e-05
5.849999999999950795e+00 3.548555595930244960e-05
5.949999999999950440e+00 3.193700036337220396e-05
6.049999999999950084e+00 2.217847247456403015e-05
6.149999999999949729e+00 1.951705577761634762e-05
6.249999999999949374e+00 1.596850018168610198e-05
6.349999999999949019e+00 1.153280568677329663e-05
6.449999999999948663e+00 1.064566678779073522e-05
6.549999999999948308e+00 6.209972292877929019e-06
6.649999999999947953e+00 6.209972292877929019e-06
6.749999999999947597e+00 6.209972292877929019e-06
6.849999999999947242e+00 2.661416696947683805e-06
6.949999999999946887e+00 3.548555595930245214e-06
7.049999999999946532e+00 1.774277797965122607e-06
7.149999999999946176e+00 0.000000000000000000e+00
7.249999999999945821e+00 8.871388989825613036e-07
7.349999999999945466e+00 8.871388989825613036e-07
7.449999999999945111e+00 1.774277797965122607e-06
7.549999999999944755e+00 0.000000000000000000e+00
7.649999999999944400e+00 8.871388989825613036e-07
7.749999999999944045e+00 1.774277797965122607e-06
7.849999999999943689e+00 0.000000000000000000e+00
7.949999999999943334e+00 8.871388989825613036e-07
