-7.950000000000000178e+00 0.000000000000000000e+00
-7.850000000000000533e+00 0.000000000000000000e+00
-7.750000000000000888e+00 0.000000000000000000e+00
-7.650000000000001243e+00 0.000000000000000000e+00
-7.550000000000001599e+00 0.000000000000000000e+00
-7.450000000000001954e+00 1.774277797965122607e-06
-7.350000000000002309e+00 8.871388989825613036e-07
-7.250000000000002665e+00 0.000000000000000000e+00
-7.150000000000003020e+00 0.000000000000000000e+00
-7.050000000000003375e+00 8.871388989825613036e-07
-6.950000000000003730e+00 0.000000000000000000e+00
-6.850000000000004086e+00 8.871388989825613036e-07
-6.750000000000004441e+00 8.871388989825613036e-07
-6.650000000000004796e+00 0.000000000000000000e+00
-6.550000000000005151e+00 0.000000000000000000e+00
-6.450000000000005507e+00 0.000000000000000000e+00
-6.350000000000005862e+00 0.000000000000000000e+00
-6.250000000000006217e+00 8.871388989825613036e-07
-6.150000000000006573e+00 0.000000000000000000e+00
-6.050000000000006928e+00 2.661416696947683805e-06
-5.950000000000007283e+00 8.871388989825613036e-07
-5.850000000000007638e+00 1.774277797965122607e-06
-5.750000000000007994e+00 1.774277797965122607e-06
-5.650000000000008349e+00 0.000000000000000000e+00
-5.550000000000008704e+00 3.548555595930245214e-06
-5.450000000000009059e+00 2.661416696947683805e-06
-5.350000000000009415e+00 8.871388989825613036e-07
-5.250000000000009770e+00 1.774277797965122607e-06
-5.150000000000010125e+00 4.435694494912806200e-06
-5.050000000000010481e+00 5.322833393895367610e-06
-4.950000000000010836e+00 5.322833393895367610e-06
-4.850000000000011191e+00 7.984250090843050991e-06
-4.750000000000011546e+00 9.758527888808173810e-06
-4.650000000000011902e+00 1.596850018168610198e-05
-4.550000000000012257e+00 1.419422238372097916e-05
-4.450000000000012612e+00 2.306561137354659326e-05
-4.350000000000012967e+00 4.258266715116294088e-05
-4.250000000000013323e+00 5.056691724200599187e-05
-4.150000000000013678e+00 9.137530659520381332e-05
-4.050000000000014033e+00 1.321836959484016280e-04
-3.950000000000014388e+00 1.862991687863378655e-04
-3.850000000000014744e+00 2.492860306140997273e-04
-3.750000000000015099e+00 4.071967546329956006e-04
-3.650000000000015454e+00 5.704303120457868050e-04
-3.550000000000015810e+00 7.913278978924441877e-04
-3.450000000000016165e+00 1.124004985010904067e-03
-3.350000000000016520e+00 1.546283100926602438e-03
-3.250000000000016875e+00 2.138004746547969483e-03
-3.150000000000017231e+00 2.959495367005820186e-03
-3.050000000000017586e+00 3.871474155159894230e-03
-2.950000000000017941e+00 5.421305811682445609e-03
-2.850000000000018296e+00 7.247924804687561583e-03
-2.750000000000018652e+00 9.247535882994279560e-03
-2.650000000000019007e+00 1.241550889126104458e-02
-2.550000000000019362e+00 1.592769179233305063e-02
-2.450000000000019718e+00 2.025071964707512301e-02
-2.350000000000020073e+00 2.584058184956431609e-02
-2.250000000000020428e+00 3.222177194994595151e-02
-2.150000000000020783e+00 3.995052603788212808e-02
-2.050000000000021139e+00 4.893369452897965155e-02
-1.950000000000021272e+00 5.999276804369639560e-02
-1.850000000000021627e+00 7.262030313181319641e-02
-1.750000000000021982e+00 8.670452029205927280e-02
-1.650000000000022338e+00 1.024068788040496669e-01
-1.550000000000022693e+00 1.206792787063928063e-01
-1.450000000000023048e+00 1.395638044490336016e-01
-1.350000000000023404e+00 1.608365081077357539e-01
-1.250000000000023759e+00 1.826122195221613898e-01
-1.150000000000024114e+00 2.065658569335895867e-01
-1.050000000000024469e+00 2.299109170603159669e-01
-9.500000000000248246e-01 2.540703706963080011e-01
-8.500000000000251799e-01 2.779397299123319565e-01
-7.500000000000255351e-01 3.009592100631311995e-01
-6.500000000000258904e-01 3.219808534134221967e-01
-5.500000000000262457e-01 3.426157042037570877e-01
-4.500000000000266565e-01 3.588751859443100045e-01
-3.500000000000270117e-01 3.744426993436567042e-01
-2.500000000000273670e-01 3.853864448015061894e-01
-1.500000000000277223e-01 3.934256975040865134e-01
-5.000000000002806366e-02 3.973264472429128835e-01
4.999999999997158107e-02 3.973592713821754718e-01
1.499999999999712119e-01 3.935676397279239125e-01
2.499999999999708566e-01 3.850102979083376287e-01
3.499999999999705014e-01 3.740931666174576176e-01
4.499999999999701461e-01 3.586276741914938282e-01
5.499999999999698463e-01 3.418039721111879592e-01
6.499999999999694911e-01 3.219897248024118364e-01
7.499999999999691358e-01 3.004730579464886531e-01
8.499999999999687805e-01 2.777489950490505399e-01
9.499999999999684253e-01 2.540153680845710360e-01
1.049999999999968070e+00 2.297441349473071381e-01
1.149999999999967715e+00 2.061657572901484381e-01
1.249999999999967359e+00 1.834975841433459931e-01
1.349999999999967004e+00 1.602252694063367455e-01
1.449999999999966649e+00 1.398361560910212631e-01
1.549999999999966294e+00 1.207564597906042869e-01
1.649999999999965938e+00 1.025851937227452715e-01
1.749999999999965583e+00 8.747633113417405126e-02
1.849999999999965228e+00 7.223262343295784593e-02
1.949999999999964873e+00 6.006285201671602431e-02
2.049999999999964295e+00 4.918298055959376136e-02
2.149999999999963940e+00 3.999665726062921756e-02
2.249999999999963585e+00 3.252517345339799720e-02
2.349999999999963229e+00 2.600913824037100197e-02
2.449999999999962874e+00 2.035274062045812002e-02
2.549999999999962519e+00 1.583188079124293185e-02
2.649999999999962164e+00 1.234276350154447574e-02
2.749999999999961808e+00 9.316732717114920709e-03
2.849999999999961453e+00 6.986218829487703119e-03
2.949999999999961098e+00 5.259846532067616841e-03
3.049999999999960743e+00 3.912282544513091299e-03
3.149999999999960387e+00 2.857474393622825778e-03
3.249999999999960032e+00 2.158408941224568452e-03
3.349999999999959677e+00 1.602172851562503903e-03
3.449999999999959321e+00 1.154167707576311125e-03
3.549999999999958966e+00 7.877793422965138946e-04
3.649999999999958611e+00 5.793017010356123209e-04
3.749999999999958256e+00 4.293752271075596070e-04
3.849999999999957900e+00 2.519474473110473929e-04
3.949999999999957545e+00 1.765406408975296951e-04
4.049999999999957190e+00 1.117795012718027139e-04
4.149999999999956835e+00 7.451966751453515162e-05
4.249999999999956479e+00 5.943830623183160258e-05
4.349999999999956124e+00 3.282413926235476368e-05
4.449999999999955769e+00 1.862991687863378790e-05
4.549999999999955413e+00 1.685563908066866509e-05
4.649999999999955058e+00 9.758527888808173810e-06
4.749999999999954703e+00 6.209972292877929019e-06
4.849999999999954348e+00 5.322833393895367610e-06
4.949999999999953992e+00 6.209972292877929019e-06
5.049999999999953637e+00 1.774277797965122607e-06
5.149999999999953282e+00 5.322833393895367610e-06
5.249999999999952927e+00 5.322833393895367610e-06
5.349999999999952571e+00 5.322833393895367610e-06
5.449999999999952216e+00 2.661416696947683805e-06
5.549999999999951861e+00 8.871388989825613036e-07
5.649999999999951505e+00 0.000000000000000000e+00
5.749999999999951150e+00 8.871388989825613036e-07
5.849999999999950795e+00 8.871388989825613036e-07
5.949999999999950440e+00 8.871388989825613036e-07
6.049999999999950084e+00 0.000000000000000000e+00
6.149999999999949729e+00 8.871388989825613036e-07
6.249999999999949374e+00 8.871388989825613036e-07
6.349999999999949019e+00 8.871388989825613036e-07
6.449999999999948663e+00 0.000000000000000000e+00
6.549999999999948308e+00 0.000000000000000000e+00
6.649999999999947953e+00 0.000000000000000000e+00
6.749999999999947597e+00 0.000000000000000000e+00
6.849999999999947242e+00 0.000000000000000000e+00
6.949999999999946887e+00 0.000000000000000000e+00
7.049999999999946532e+00 8.871388989825613036e-07
7.149999999999946176e+00 0.000000000000000000e+00
7.249999999999945821e+00 8.871388989825613036e-07
7.349999999999945466e+00 8.871388989825613036e-07
7.449999999999945111e+00 2.661416696947683805e-06
7.549999999999944755e+00 0.000000000000000000e+00
7.649999999999944400e+00 0.000000000000000000e+00
7.749999999999944045e+00 0.000000000000000000e+00
7.849999999999943689e+00 0.000000000000000000e+00
7.949999999999943334e+00 0.000000000000000000e+00
