-7.950000000000000178e+00 1.996062522710762748e-04
-7.850000000000000533e+00 1.916220021802332238e-04
-7.750000000000000888e+00 2.386403638263090107e-04
-7.650000000000001243e+00 2.608188363008730171e-04
-7.550000000000001599e+00 2.510603084120648196e-04
-7.450000000000001954e+00 2.661416696947684025e-04
-7.350000000000002309e+00 3.309028093204953837e-04
-7.250000000000002665e+00 3.025143645530534186e-04
-7.150000000000003020e+00 3.717111986736931577e-04
-7.050000000000003375e+00 3.956639489462222565e-04
-6.950000000000003730e+00 3.628398096838674793e-04
-6.850000000000004086e+00 4.373664625440639364e-04
-6.750000000000004441e+00 4.693104482530974187e-04
-6.650000000000004796e+00 4.977128637118618864e-04
-6.550000000000005151e+00 5.296358933839114252e-04
-6.450000000000005507e+00 4.968117541215567564e-04
-6.350000000000005862e+00 5.766612403756484363e-04
-6.250000000000006217e+00 6.006279613395001460e-04
-6.150000000000006573e+00 5.820120151521888810e-04
-6.050000000000006928e+00 6.538632806241150616e-04
-5.950000000000007283e+00 6.857583689135194867e-04
-5.850000000000007638e+00 7.283969188299726887e-04
-5.750000000000007994e+00 7.780417704446895323e-04
-5.650000000000008349e+00 8.579331687727489910e-04
-5.550000000000008704e+00 9.306436317610125228e-04
-5.450000000000009059e+00 9.768097812364118573e-04
-5.350000000000009415e+00 1.039845540483802641e-03
-5.250000000000009770e+00 1.084146602667640426e-03
-5.150000000000010125e+00 1.269579588591979256e-03
-5.050000000000010481e+00 1.321962695705918098e-03
-4.950000000000010836e+00 1.428447304966470269e-03
-4.850000000000011191e+00 1.513619624614457281e-03
-4.750000000000011546e+00 1.652893446409057837e-03
-4.650000000000011902e+00 1.777127818994922535e-03
-4.550000000000012257e+00 1.931524914146194507e-03
-4.450000000000012612e+00 1.974938837431049719e-03
-4.350000000000012967e+00 2.225999145843113834e-03
-4.250000000000013323e+00 2.489542266951885914e-03
-4.150000000000013678e+00 2.742327955742286227e-03
-4.050000000000014033e+00 2.974031871326944000e-03
-3.950000000000014388e+00 3.224323791716268359e-03
-3.850000000000014744e+00 3.643933505589357514e-03
-3.750000000000015099e+00 4.001527320681606652e-03
-3.650000000000015454e+00 4.381180857372178605e-03
-3.550000000000015810e+00 4.743210366959340826e-03
-3.450000000000016165e+00 5.358095418793520914e-03
-3.350000000000016520e+00 5.949886917871511152e-03
-3.250000000000016875e+00 6.565749918098269348e-03
-3.150000000000017231e+00 7.221317623063744362e-03
-3.050000000000017586e+00 7.999547997841298386e-03
-2.950000000000017941e+00 9.074138647644322542e-03
-2.850000000000018296e+00 1.005008224601874889e-02
-2.750000000000018652e+00 1.146450297689738732e-02
-2.650000000000019007e+00 1.300044078089965596e-02
-2.550000000000019362e+00 1.469977979061058704e-02
-2.450000000000019718e+00 1.659508568750307084e-02
-2.350000000000020073e+00 1.917521391699046965e-02
-2.250000000000020428e+00 2.163611626673114102e-02
-2.150000000000020783e+00 2.476994490540556509e-02
-2.050000000000021139e+00 2.859195582793799123e-02
-1.950000000000021272e+00 3.257133261752772485e-02
-1.850000000000021627e+00 3.758991928114609887e-02
-1.750000000000021982e+00 4.348265908616272268e-02
-1.650000000000022338e+00 5.046307309340596070e-02
-1.550000000000022693e+00 5.898268706107519938e-02
-1.450000000000023048e+00 6.880661874130941658e-02
-1.350000000000023404e+00 7.975723079394236859e-02
-1.250000000000023759e+00 9.445797456225298039e-02
-1.150000000000024114e+00 1.109334920880708786e-01
-1.050000000000024469e+00 1.312648435801129776e-01
-9.500000000000248246e-01 1.552721773436383235e-01
-8.500000000000251799e-01 1.854402087717474945e-01
-7.500000000000255351e-01 2.197662951461169800e-01
-6.500000000000258904e-01 2.627290209840186241e-01
-5.500000000000262457e-01 3.154830289965341317e-01
-4.500000000000266565e-01 3.829269814329714361e-01
-3.500000000000270117e-01 4.597451559813177657e-01
-2.500000000000273670e-01 5.604515501789693044e-01
-1.500000000000277223e-01 6.789669993159052064e-01
-5.000000000002806366e-02 8.125287712417119668e-01
4.999999999997158107e-02 8.113364495761337114e-01
1.499999999999712119e-01 6.801821421057588912e-01
2.499999999999708566e-01 5.613406799014653004e-01
3.499999999999705014e-01 4.622862500992496182e-01
4.499999999999701461e-01 3.814594231776473610e-01
5.499999999999698463e-01 3.155838415051175350e-01
6.499999999999694911e-01 2.618503203825948700e-01
7.499999999999691358e-01 2.182225756670478634e-01
8.499999999999687805e-01 1.829386237688755690e-01
9.499999999999684253e-01 1.533091066084859289e-01
1.049999999999968070e+00 1.298849514128382066e-01
1.149999999999967715e+00 1.104387060841910545e-01
1.249999999999967359e+00 9.382799417844484013e-02
1.349999999999967004e+00 8.121201983739739783e-02
1.449999999999966649e+00 6.847030927444713866e-02
1.549999999999966294e+00 5.904921549315327034e-02
1.649999999999965938e+00 5.049982299692995502e-02
1.749999999999965583e+00 4.378165283650249651e-02
1.849999999999965228e+00 3.742815963166783860e-02
1.949999999999964873e+00 3.301284139004893176e-02
2.049999999999964295e+00 2.845808167833955432e-02
2.149999999999963940e+00 2.503391413259968556e-02
2.249999999999963585e+00 2.207186212908179498e-02
2.349999999999963229e+00 1.925998108659010555e-02
2.449999999999962874e+00 1.690825270418958026e-02
2.549999999999962519e+00 1.495077723091170312e-02
2.649999999999962164e+00 1.315840738768384380e-02
2.749999999999961808e+00 1.169439768795577615e-02
2.849999999999961453e+00 1.032515817281429681e-02
2.949999999999961098e+00 9.358009124627423431e-03
3.049999999999960743e+00 8.277383136173053005e-03
3.149999999999960387e+00 7.283724701201621174e-03
3.249999999999960032e+00 6.560510908852309683e-03
3.349999999999959677e+00 5.769993311056563490e-03
3.449999999999959321e+00 5.315659443901244244e-03
3.549999999999958966e+00 4.797465546710504014e-03
3.649999999999958611e+00 4.283707344014675567e-03
3.749999999999958256e+00 3.882692620291909938e-03
3.849999999999957900e+00 3.555331381221682810e-03
3.949999999999957545e+00 3.227914259386165888e-03
4.049999999999957190e+00 2.954528786240650379e-03
4.149999999999956835e+00 2.706996077387531854e-03
4.249999999999956479e+00 2.420394330250875449e-03
4.349999999999956124e+00 2.296145986973687544e-03
4.449999999999955769e+00 2.111635066676637897e-03
4.549999999999955413e+00 1.889794459165707605e-03
4.649999999999955058e+00 1.740720197408331289e-03
4.749999999999954703e+00 1.636945902264355570e-03
4.849999999999954348e+00 1.457653035176281970e-03
4.949999999999953992e+00 1.393793005140860118e-03
5.049999999999953637e+00 1.248295240362059209e-03
5.149999999999953282e+00 1.171128126841898976e-03
5.249999999999952927e+00 1.068136190411986654e-03
5.349999999999952571e+00 1.005212196695176325e-03
5.449999999999952216e+00 9.794781832790210724e-04
5.549999999999951861e+00 9.155622704783089941e-04
5.649999999999951505e+00 8.241799785374439701e-04
5.749999999999951150e+00 7.984669211582723358e-04
5.849999999999950795e+00 7.629813651989699472e-04
5.949999999999950440e+00 7.159490328615716577e-04
6.049999999999950084e+00 6.245667409207067422e-04
6.149999999999949729e+00 6.139001180959322446e-04
6.249999999999949374e+00 5.819910591152051543e-04
6.349999999999949019e+00 5.119001007499215635e-04
6.449999999999948663e+00 4.746402669926540283e-04
6.549999999999948308e+00 4.169622678674650223e-04
6.649999999999947953e+00 4.320436291501684968e-04
6.749999999999947597e+00 4.231652548146816483e-04
6.849999999999947242e+00 4.187435310110914472e-04
6.949999999999946887e+00 3.832509897061277260e-04
7.049999999999946532e+00 3.433227539062511926e-04
7.149999999999946176e+00 3.069500590479661765e-04
7.249999999999945821e+00 3.060629201489836575e-04
7.349999999999945466e+00 2.963043922601754599e-04
7.449999999999945111e+00 2.723516419876463070e-04
7.549999999999944755e+00 2.759001975835765458e-04
7.649999999999944400e+00 2.271075581395356666e-04
7.749999999999944045e+00 1.862991687863378655e-04
7.849999999999943689e+00 1.933962799781983703e-04
7.949999999999943334e+00 1.596850018168610198e-04
