-7.950000000000000178e+00 0.000000000000000000e+00
-7.850000000000000533e+00 0.000000000000000000e+00
-7.750000000000000888e+00 0.000000000000000000e+00
-7.650000000000001243e+00 0.000000000000000000e+00
-7.550000000000001599e+00 0.000000000000000000e+00
-7.450000000000001954e+00 0.000000000000000000e+00
-7.350000000000002309e+00 0.000000000000000000e+00
-7.250000000000002665e+00 0.000000000000000000e+00
-7.150000000000003020e+00 0.000000000000000000e+00
-7.050000000000003375e+00 0.000000000000000000e+00
-6.950000000000003730e+00 0.000000000000000000e+00
-6.850000000000004086e+00 0.000000000000000000e+00
-6.750000000000004441e+00 0.000000000000000000e+00
-6.650000000000004796e+00 0.000000000000000000e+00
-6.550000000000005151e+00 0.000000000000000000e+00
-6.450000000000005507e+00 0.000000000000000000e+00
-6.350000000000005862e+00 1.419339718621015373e-07
-6.250000000000006217e+00 0.000000000000000000e+00
-6.150000000000006573e+00 0.000000000000000000e+00
-6.050000000000006928e+00 1.419339718621015373e-07
-5.950000000000007283e+00 5.677358874484061491e-07
-5.850000000000007638e+00 1.419339718621015373e-07
-5.750000000000007994e+00 2.838679437242030746e-07
-5.650000000000008349e+00 1.277405746758913703e-06
-5.550000000000008704e+00 1.703207662345218341e-06
-5.450000000000009059e+00 1.561273690483116936e-06
-5.350000000000009415e+00 3.832217240276741109e-06
-5.250000000000009770e+00 4.258019155863045959e-06
-5.150000000000010125e+00 8.374104339863991996e-06
-5.050000000000010481e+00 1.092891583338181940e-05
-4.950000000000010836e+00 1.362566129876174843e-05
-4.850000000000011191e+00 1.845141634207320000e-05
-4.750000000000011546e+00 2.611585082262668392e-05
-4.650000000000011902e+00 4.059311595256103865e-05
-4.550000000000012257e+00 5.975420215394475183e-05
-4.450000000000012612e+00 8.288943956746731704e-05
-4.350000000000012967e+00 1.172374607580959049e-04
-4.250000000000013323e+00 1.583983125981053568e-04
-4.150000000000013678e+00 1.999849663537011627e-04
-4.050000000000014033e+00 2.882678968519283716e-04
-3.950000000000014388e+00 4.022408762571959241e-04
-3.850000000000014744e+00 5.349491399482603953e-04
-3.750000000000015099e+00 7.071150478169876963e-04
-3.650000000000015454e+00 9.722477072553901891e-04
-3.550000000000015810e+00 1.285637917126907035e-03
-3.450000000000016165e+00 1.704485068091964083e-03
-3.350000000000016520e+00 2.233472981222010562e-03
-3.250000000000016875e+00 2.859117929190147130e-03
-3.150000000000017231e+00 3.845842901575468285e-03
-3.050000000000017586e+00 4.910489624513169130e-03
-2.950000000000017941e+00 6.373119204552238001e-03
-2.850000000000018296e+00 8.096765358845677690e-03
-2.750000000000018652e+00 1.035209617173427077e-02
-2.650000000000019007e+00 1.308077678078295100e-02
-2.550000000000019362e+00 1.655517847799536230e-02
-2.450000000000019718e+00 2.072832111868572538e-02
-2.350000000000020073e+00 2.591004656342820595e-02
-2.250000000000020428e+00 3.171982983366020831e-02
-2.150000000000020783e+00 3.912807349500080356e-02
-2.050000000000021139e+00 4.780634233656372301e-02
-1.950000000000021272e+00 5.784604183622842066e-02
-1.850000000000021627e+00 6.958909093220840003e-02
-1.750000000000021982e+00 8.303648316230657911e-02
-1.650000000000022338e+00 9.826301772969614490e-02
-1.550000000000022693e+00 1.153992738884906250e-01
-1.450000000000023048e+00 1.343954328145655630e-01
-1.350000000000023404e+00 1.549293043917929213e-01
-1.250000000000023759e+00 1.773743169001428810e-01
-1.150000000000024114e+00 2.004407163373055634e-01
-1.050000000000024469e+00 2.250722216821917088e-01
-9.500000000000248246e-01 2.503617329206317410e-01
-8.500000000000251799e-01 2.755598386811912159e-01
-7.500000000000255351e-01 3.002275371889024935e-01
-6.500000000000258904e-01 3.236168364120519114e-01
-5.500000000000262457e-01 3.453545919386147300e-01
-4.500000000000266565e-01 3.647522820710872860e-01
-3.500000000000270117e-01 3.808196334877886891e-01
-2.500000000000273670e-01 3.937166057750068893e-01
-1.500000000000277223e-01 4.022377537097173716e-01
-5.000000000002806366e-02 4.066192554210992793e-01
4.999999999997158107e-02 4.063720064421158518e-01
1.499999999999712119e-01 4.022689791835271089e-01
2.499999999999708566e-01 3.937905533743469300e-01
3.499999999999705014e-01 3.810587922303759756e-01
4.499999999999701461e-01 3.647698818835981571e-01
5.499999999999698463e-01 3.455487576121219484e-01
6.499999999999694911e-01 3.236101655153745815e-01
7.499999999999691358e-01 3.000603389700491341e-01
8.499999999999687805e-01 2.754221627284851870e-01
9.499999999999684253e-01 2.500118656799916739e-01
1.049999999999968070e+00 2.254330178386650396e-01
1.149999999999967715e+00 2.006286369160508454e-01
1.249999999999967359e+00 1.772435957120581107e-01
1.349999999999967004e+00 1.547375515958074321e-01
1.449999999999966649e+00 1.346883845324890472e-01
1.549999999999966294e+00 1.151805536378513184e-01
1.649999999999965938e+00 9.825762423876542584e-02
1.749999999999965583e+00 8.324186161959096220e-02
1.849999999999965228e+00 6.961662612274968631e-02
1.949999999999964873e+00 5.791005405753827523e-02
2.049999999999964295e+00 4.770485954668239603e-02
2.149999999999963940e+00 3.917178915833424702e-02
2.249999999999963585e+00 3.183976403988364456e-02
2.349999999999963229e+00 2.582034429321134958e-02
2.449999999999962874e+00 2.071072130617481605e-02
2.549999999999962519e+00 1.658455881017082550e-02
2.649999999999962164e+00 1.313300848242819965e-02
2.749999999999961808e+00 1.038176037185344416e-02
2.849999999999961453e+00 8.073062385544707911e-03
2.949999999999961098e+00 6.331958352712224389e-03
3.049999999999960743e+00 4.965560005595668833e-03
3.149999999999960387e+00 3.803972379876147548e-03
3.249999999999960032e+00 2.932639726614714483e-03
3.349999999999959677e+00 2.228221424263113204e-03
3.449999999999959321e+00 1.669711244985749507e-03
3.549999999999958966e+00 1.264205887375729771e-03
3.649999999999958611e+00 9.635897349718022158e-04
3.749999999999958256e+00 7.071150478169875879e-04
3.849999999999957900e+00 5.406264988227442838e-04
3.949999999999957545e+00 4.172858772745787056e-04
4.049999999999957190e+00 2.974936050229649073e-04
4.149999999999956835e+00 2.178686468083259426e-04
4.249999999999956479e+00 1.537144915266560187e-04
4.349999999999956124e+00 1.108504320243013271e-04
4.449999999999955769e+00 7.692821274925903897e-05
4.549999999999955413e+00 5.762519257601323266e-05
4.649999999999955058e+00 4.144471978373365174e-05
4.749999999999954703e+00 2.824486040055820309e-05
4.849999999999954348e+00 1.816754839834900016e-05
4.949999999999953992e+00 1.348372732689964511e-05
5.049999999999953637e+00 9.793444058485006469e-06
5.149999999999953282e+00 7.664434480553483913e-06
5.249999999999952927e+00 4.116085184000944343e-06
5.349999999999952571e+00 3.974151212138843573e-06
5.449999999999952216e+00 1.703207662345218553e-06
5.549999999999951861e+00 1.419339718621015320e-06
5.649999999999951505e+00 5.677358874484061491e-07
5.749999999999951150e+00 5.677358874484061491e-07
5.849999999999950795e+00 4.258019155863046383e-07
5.949999999999950440e+00 2.838679437242030746e-07
6.049999999999950084e+00 4.258019155863046383e-07
6.149999999999949729e+00 0.000000000000000000e+00
6.249999999999949374e+00 0.000000000000000000e+00
6.349999999999949019e+00 1.419339718621015373e-07
6.449999999999948663e+00 1.419339718621015373e-07
6.549999999999948308e+00 0.000000000000000000e+00
6.649999999999947953e+00 1.419339718621015373e-07
6.749999999999947597e+00 0.000000000000000000e+00
6.849999999999947242e+00 0.000000000000000000e+00
6.949999999999946887e+00 0.000000000000000000e+00
7.049999999999946532e+00 0.000000000000000000e+00
7.149999999999946176e+00 0.000000000000000000e+00
7.249999999999945821e+00 0.000000000000000000e+00
7.349999999999945466e+00 0.000000000000000000e+00
7.449999999999945111e+00 0.000000000000000000e+00
7.549999999999944755e+00 0.000000000000000000e+00
7.649999999999944400e+00 0.000000000000000000e+00
7.749999999999944045e+00 0.000000000000000000e+00
7.849999999999943689e+00 0.000000000000000000e+00
7.949999999999943334e+00 0.000000000000000000e+00
