-7.950000000000000178e+00 0.000000000000000000e+00
-7.850000000000000533e+00 0.000000000000000000e+00
-7.750000000000000888e+00 0.000000000000000000e+00
-7.650000000000001243e+00 0.000000000000000000e+00
-7.550000000000001599e+00 0.000000000000000000e+00
-7.450000000000001954e+00 0.000000000000000000e+00
-7.350000000000002309e+00 0.000000000000000000e+00
-7.250000000000002665e+00 0.000000000000000000e+00
-7.150000000000003020e+00 0.000000000000000000e+00
-7.050000000000003375e+00 0.000000000000000000e+00
-6.950000000000003730e+00 0.000000000000000000e+00
-6.850000000000004086e+00 0.000000000000000000e+00
-6.750000000000004441e+00 0.000000000000000000e+00
-6.650000000000004796e+00 0.000000000000000000e+00
-6.550000000000005151e+00 0.000000000000000000e+00
-6.450000000000005507e+00 0.000000000000000000e+00
-6.350000000000005862e+00 0.000000000000000000e+00
-6.250000000000006217e+00 0.000000000000000000e+00
-6.150000000000006573e+00 8.868166545586664913e-07
-6.050000000000006928e+00 8.868166545586664913e-07
-5.950000000000007283e+00 1.773633309117332983e-06
-5.850000000000007638e+00 8.868166545586664913e-07
-5.750000000000007994e+00 8.868166545586664913e-07
-5.650000000000008349e+00 2.660449963675999262e-06
-5.550000000000008704e+00 5.320899927351999371e-06
-5.450000000000009059e+00 2.660449963675999262e-06
-5.350000000000009415e+00 8.868166545586664913e-07
-5.250000000000009770e+00 8.868166545586665336e-06
-5.150000000000010125e+00 4.434083272793332668e-06
-5.050000000000010481e+00 7.981349891027999480e-06
-4.950000000000010836e+00 2.128359970940799748e-05
-4.850000000000011191e+00 3.103858290955333206e-05
-4.750000000000011546e+00 3.724629949146399306e-05
-4.650000000000011902e+00 4.522764938249199931e-05
-4.550000000000012257e+00 6.296398247366532998e-05
-4.450000000000012612e+00 6.651124909189999341e-05
-4.350000000000012967e+00 9.577619869233599376e-05
-4.250000000000013323e+00 1.374565814565933161e-04
-4.150000000000013678e+00 1.747028809480573092e-04
-4.050000000000014033e+00 2.225909802942252925e-04
-3.950000000000014388e+00 3.210276289502372567e-04
-3.850000000000014744e+00 4.247851775336011619e-04
-3.750000000000015099e+00 5.391845259716690573e-04
-3.650000000000015454e+00 7.192083068470781718e-04
-3.550000000000015810e+00 1.002102819651292526e-03
-3.450000000000016165e+00 1.348848131583731038e-03
-3.350000000000016520e+00 1.760331059298951995e-03
-3.250000000000016875e+00 2.383763167453694255e-03
-3.150000000000017231e+00 3.191653139756639012e-03
-3.050000000000017586e+00 4.169811909734847180e-03
-2.950000000000017941e+00 5.452148792226678767e-03
-2.850000000000018296e+00 7.493600731020727893e-03
-2.750000000000018652e+00 9.701774200871805115e-03
-2.650000000000019007e+00 1.245445309662190567e-02
-2.550000000000019362e+00 1.568335253587003000e-02
-2.450000000000019718e+00 1.982478631265918723e-02
-2.350000000000020073e+00 2.521574475572155999e-02
-2.250000000000020428e+00 3.218168957728015367e-02
-2.150000000000020783e+00 3.982604913957621395e-02
-2.050000000000021139e+00 4.888754171585703301e-02
-1.950000000000021272e+00 5.939277180575937287e-02
-1.850000000000021627e+00 7.165567250499610408e-02
-1.750000000000021982e+00 8.504216990555860112e-02
-1.650000000000022338e+00 1.017613242939527096e-01
-1.550000000000022693e+00 1.186888805961684584e-01
-1.450000000000023048e+00 1.380454277152202147e-01
-1.350000000000023404e+00 1.593946518570655557e-01
-1.250000000000023759e+00 1.807926509149119509e-01
-1.150000000000024114e+00 2.050683700168016710e-01
-1.050000000000024469e+00 2.285867476956982003e-01
-9.500000000000248246e-01 2.535204847552700591e-01
-8.500000000000251799e-01 2.771754321989657321e-01
-7.500000000000255351e-01 3.002034002678892755e-01
-6.500000000000258904e-01 3.229387188408087694e-01
-5.500000000000262457e-01 3.440378606860680644e-01
-4.500000000000266565e-01 3.603171540138013773e-01
-3.500000000000270117e-01 3.768908704708486823e-01
-2.500000000000273670e-01 3.871096587813284140e-01
-1.500000000000277223e-01 3.950573096394833228e-01
-5.000000000002806366e-02 4.004615703323642917e-01
4.999999999997158107e-02 3.979554264665814411e-01
1.499999999999712119e-01 3.954501694174525905e-01
2.499999999999708566e-01 3.873978741940597437e-01
3.499999999999705014e-01 3.770850833181970119e-01
4.499999999999701461e-01 3.624738921176882123e-01
5.499999999999698463e-01 3.447198226934238829e-01
6.499999999999694911e-01 3.227072596939688509e-01
7.499999999999691358e-01 2.999471102547216494e-01
8.499999999999687805e-01 2.781438359857437703e-01
9.499999999999684253e-01 2.521725234403408566e-01
1.049999999999968070e+00 2.291108563385425567e-01
1.149999999999967715e+00 2.044165597757010566e-01
1.249999999999967359e+00 1.812440405920824893e-01
1.349999999999967004e+00 1.592642898088454106e-01
1.449999999999966649e+00 1.381678084135493090e-01
1.549999999999966294e+00 1.190861744574107373e-01
1.649999999999965938e+00 1.017214175444975943e-01
1.749999999999965583e+00 8.560707211451244747e-02
1.849999999999965228e+00 7.148806415728450880e-02
1.949999999999964873e+00 5.907440462677281817e-02
2.049999999999964295e+00 4.863125170268958047e-02
2.149999999999963940e+00 3.985886135579488204e-02
2.249999999999963585e+00 3.178616934934695715e-02
2.349999999999963229e+00 2.519978205593948611e-02
2.449999999999962874e+00 2.011034127542708771e-02
2.549999999999962519e+00 1.565852166954238844e-02
2.649999999999962164e+00 1.267172317698877712e-02
2.749999999999961808e+00 9.740794133672387931e-03
2.849999999999961453e+00 7.318897850072669797e-03
2.949999999999961098e+00 5.568321773973863506e-03
3.049999999999960743e+00 4.188435059480580085e-03
3.149999999999960387e+00 3.094103307755185876e-03
3.249999999999960032e+00 2.272911085633860968e-03
3.349999999999959677e+00 1.837484108245556087e-03
3.449999999999959321e+00 1.336432698419909824e-03
3.549999999999958966e+00 9.364783872139513608e-04
3.649999999999958611e+00 6.934906238648769162e-04
3.749999999999958256e+00 5.569208590628423744e-04
3.849999999999957900e+00 4.265588108427184936e-04
3.949999999999957545e+00 2.953099459680358927e-04
4.049999999999957190e+00 2.084019138212866388e-04
4.149999999999956835e+00 1.667215310570292893e-04
4.249999999999956479e+00 1.383433981111519820e-04
4.349999999999956124e+00 1.064179985470399840e-04
4.449999999999955769e+00 6.917169905557599098e-05
4.549999999999955413e+00 5.054854930984399445e-05
4.649999999999955058e+00 5.232218261896132616e-05
4.749999999999954703e+00 4.345401607337465405e-05
4.849999999999954348e+00 1.950996640029066238e-05
4.949999999999953992e+00 1.684951643661466482e-05
5.049999999999953637e+00 2.394404967308399505e-05
5.149999999999953282e+00 7.094533236469331930e-06
5.249999999999952927e+00 9.754983200145331192e-06
5.349999999999952571e+00 2.660449963675999262e-06
5.449999999999952216e+00 4.434083272793332668e-06
5.549999999999951861e+00 3.547266618234665965e-06
5.649999999999951505e+00 0.000000000000000000e+00
5.749999999999951150e+00 8.868166545586664913e-07
5.849999999999950795e+00 8.868166545586664913e-07
5.949999999999950440e+00 8.868166545586664913e-07
6.049999999999950084e+00 8.868166545586664913e-07
6.149999999999949729e+00 0.000000000000000000e+00
6.249999999999949374e+00 8.868166545586664913e-07
6.349999999999949019e+00 0.000000000000000000e+00
6.449999999999948663e+00 0.000000000000000000e+00
6.549999999999948308e+00 0.000000000000000000e+00
6.649999999999947953e+00 0.000000000000000000e+00
6.749999999999947597e+00 0.000000000000000000e+00
6.849999999999947242e+00 0.000000000000000000e+00
6.949999999999946887e+00 0.000000000000000000e+00
7.049999999999946532e+00 0.000000000000000000e+00
7.149999999999946176e+00 0.000000000000000000e+00
7.249999999999945821e+00 0.000000000000000000e+00
7.349999999999945466e+00 0.000000000000000000e+00
7.449999999999945111e+00 0.000000000000000000e+00
7.549999999999944755e+00 0.000000000000000000e+00
7.649999999999944400e+00 0.000000000000000000e+00
7.749999999999944045e+00 0.000000000000000000e+00
7.849999999999943689e+00 0.000000000000000000e+00
7.949999999999943334e+00 0.000000000000000000e+00
