-7.950000000000000178e+00 0.000000000000000000e+00
-7.850000000000000533e+00 0.000000000000000000e+00
-7.750000000000000888e+00 1.419422238372098033e-07
-7.650000000000001243e+00 1.419422238372098033e-07
-7.550000000000001599e+00 0.000000000000000000e+00
-7.450000000000001954e+00 4.258266715116293834e-07
-7.350000000000002309e+00 0.000000000000000000e+00
-7.250000000000002665e+00 7.097111191860490429e-07
-7.150000000000003020e+00 5.677688953488392131e-07
-7.050000000000003375e+00 2.838844476744196066e-07
-6.950000000000003730e+00 4.258266715116293834e-07
-6.850000000000004086e+00 1.419422238372098033e-07
-6.750000000000004441e+00 0.000000000000000000e+00
-6.650000000000004796e+00 1.419422238372098033e-07
-6.550000000000005151e+00 5.677688953488392131e-07
-6.450000000000005507e+00 7.097111191860490429e-07
-6.350000000000005862e+00 7.097111191860490429e-07
-6.250000000000006217e+00 2.838844476744196066e-07
-6.150000000000006573e+00 1.419422238372098033e-07
-6.050000000000006928e+00 2.838844476744196066e-07
-5.950000000000007283e+00 4.258266715116293834e-07
-5.850000000000007638e+00 7.097111191860490429e-07
-5.750000000000007994e+00 9.935955668604684906e-07
-5.650000000000008349e+00 1.135537790697678426e-06
-5.550000000000008704e+00 9.935955668604687024e-07
-5.450000000000009059e+00 8.516533430232588726e-07
-5.350000000000009415e+00 1.419422238372097874e-06
-5.250000000000009770e+00 2.838844476744196172e-06
-5.150000000000010125e+00 2.413017805232567000e-06
-5.050000000000010481e+00 3.548555595930245214e-06
-4.950000000000010836e+00 3.974382267441874810e-06
-4.850000000000011191e+00 8.374591206395377944e-06
-4.750000000000011546e+00 8.658475654069799085e-06
-4.650000000000011902e+00 1.547170239825586922e-05
-4.550000000000012257e+00 1.887831577034890598e-05
-4.450000000000012612e+00 2.853038699127917059e-05
-4.350000000000012967e+00 4.272460937500014637e-05
-4.250000000000013323e+00 5.819631177325601220e-05
-4.150000000000013678e+00 8.885583212209330578e-05
-4.050000000000014033e+00 1.310126726017446031e-04
-3.950000000000014388e+00 1.961641533430238807e-04
-3.850000000000014744e+00 2.840263898982569582e-04
-3.750000000000015099e+00 3.981479378633742639e-04
-3.650000000000015454e+00 5.589684774709329819e-04
-3.550000000000015810e+00 7.991347202034904422e-04
-3.450000000000016165e+00 1.107859057049423012e-03
-3.350000000000016520e+00 1.557390079941873944e-03
-3.250000000000016875e+00 2.108409792877932037e-03
-3.150000000000017231e+00 2.920461255450622958e-03
-3.050000000000017586e+00 3.993544467659936731e-03
-2.950000000000017941e+00 5.311336073764497817e-03
-2.850000000000018296e+00 7.108750454214959533e-03
-2.750000000000018652e+00 9.424537836118868778e-03
-2.650000000000019007e+00 1.224223292151111961e-02
-2.550000000000019362e+00 1.582045444222307876e-02
-2.450000000000019718e+00 2.019014580305126400e-02
-2.350000000000020073e+00 2.571453827245037682e-02
-2.250000000000020428e+00 3.221577600864229673e-02
-2.150000000000020783e+00 3.999562817950760851e-02
-2.050000000000021139e+00 4.952790128117770529e-02
-1.950000000000021272e+00 6.026284972776467519e-02
-1.850000000000021627e+00 7.275305571431867069e-02
-1.750000000000021982e+00 8.687900388837357935e-02
-1.650000000000022338e+00 1.026385695871931680e-01
-1.550000000000022693e+00 1.208051859295686259e-01
-1.450000000000023048e+00 1.398176471603457260e-01
-1.350000000000023404e+00 1.607026035020505117e-01
-1.250000000000023759e+00 1.830203224158562236e-01
-1.150000000000024114e+00 2.063928229362380073e-01
-1.050000000000024469e+00 2.299349410611386535e-01
-9.500000000000248246e-01 2.538520772473468190e-01
-8.500000000000251799e-01 2.777218114367188684e-01
-7.500000000000255351e-01 3.006296132340445793e-01
-6.500000000000258904e-01 3.222511200694395672e-01
-5.500000000000262457e-01 3.419676192010623339e-01
-4.500000000000266565e-01 3.593829454115607946e-01
-3.500000000000270117e-01 3.736998505828886818e-01
-2.500000000000273670e-01 3.854130715420904796e-01
-1.500000000000277223e-01 3.927921023435977377e-01
-5.000000000002806366e-02 3.969221874070020251e-01
4.999999999997158107e-02 3.968568693956198712e-01
1.499999999999712119e-01 3.931622831927437112e-01
2.499999999999708566e-01 3.854271294105269807e-01
3.499999999999705014e-01 3.742018611106651682e-01
4.499999999999701461e-01 3.594536538744829146e-01
5.499999999999698463e-01 3.421101236055184014e-01
6.499999999999694911e-01 3.222215837926733495e-01
7.499999999999691358e-01 3.005380672056012781e-01
8.499999999999687805e-01 2.778080988969482412e-01
9.499999999999684253e-01 2.540797603979690900e-01
1.049999999999968070e+00 2.298142991121192580e-01
1.149999999999967715e+00 2.060152499148991123e-01
1.249999999999967359e+00 1.829338796015394508e-01
1.349999999999967004e+00 1.606529203707415809e-01
1.449999999999966649e+00 1.398613575417004817e-01
1.549999999999966294e+00 1.206000861220558051e-01
1.649999999999965938e+00 1.029643236379336330e-01
1.749999999999965583e+00 8.692570288001595646e-02
1.849999999999965228e+00 7.275859034339307585e-02
1.949999999999964873e+00 6.025078463873849433e-02
2.049999999999964295e+00 4.946345839390029614e-02
2.149999999999963940e+00 4.001010628633901167e-02
2.249999999999963585e+00 3.219178665515849691e-02
2.349999999999963229e+00 2.557813067768751822e-02
2.449999999999962874e+00 2.022903797238265883e-02
2.549999999999962519e+00 1.577900731286261890e-02
2.649999999999962164e+00 1.227232467296460357e-02
2.749999999999961808e+00 9.413466342659567929e-03
2.849999999999961453e+00 7.099950036337053863e-03
2.949999999999961098e+00 5.313465207122056340e-03
3.049999999999960743e+00 3.971543422965170822e-03
3.149999999999960387e+00 2.907118686409924761e-03
3.249999999999960032e+00 2.100602970566885132e-03
3.349999999999959677e+00 1.543479742005827385e-03
3.449999999999959321e+00 1.103174963662794912e-03
3.549999999999958966e+00 7.891987645348857734e-04
3.649999999999958611e+00 5.566974018895375857e-04
3.749999999999958256e+00 3.992834756540719079e-04
3.849999999999957900e+00 2.767873364825592275e-04
3.949999999999957545e+00 1.906284066133726702e-04
4.049999999999957190e+00 1.335676326308143968e-04
4.149999999999956835e+00 9.197856104651193495e-05
4.249999999999956479e+00 6.429982739825603117e-05
4.349999999999956124e+00 3.889216933139548298e-05
4.449999999999955769e+00 3.136923146802336846e-05
4.549999999999955413e+00 2.129133357558147383e-05
4.649999999999955058e+00 1.192314680232562358e-05
4.749999999999954703e+00 1.078760901162794579e-05
4.849999999999954348e+00 7.097111191860490429e-06
4.949999999999953992e+00 3.832440043604664239e-06
5.049999999999953637e+00 3.264671148255825343e-06
5.149999999999953282e+00 2.413017805232566576e-06
5.249999999999952927e+00 1.135537790697678426e-06
5.349999999999952571e+00 1.419422238372098086e-06
5.449999999999952216e+00 1.277480014534888362e-06
5.549999999999951861e+00 1.277480014534888150e-06
5.649999999999951505e+00 5.677688953488392131e-07
5.749999999999951150e+00 5.677688953488392131e-07
5.849999999999950795e+00 4.258266715116293834e-07
5.949999999999950440e+00 7.097111191860490429e-07
6.049999999999950084e+00 4.258266715116293834e-07
6.149999999999949729e+00 2.838844476744196066e-07
6.249999999999949374e+00 1.419422238372098033e-07
6.349999999999949019e+00 5.677688953488392131e-07
6.449999999999948663e+00 7.097111191860490429e-07
6.549999999999948308e+00 5.677688953488392131e-07
6.649999999999947953e+00 4.258266715116293834e-07
6.749999999999947597e+00 4.258266715116293834e-07
6.849999999999947242e+00 2.838844476744196066e-07
6.949999999999946887e+00 1.419422238372098033e-07
7.049999999999946532e+00 0.000000000000000000e+00
7.149999999999946176e+00 0.000000000000000000e+00
7.249999999999945821e+00 1.419422238372098033e-07
7.349999999999945466e+00 4.258266715116293834e-07
7.449999999999945111e+00 0.000000000000000000e+00
7.549999999999944755e+00 1.419422238372098033e-07
7.649999999999944400e+00 2.838844476744196066e-07
7.749999999999944045e+00 2.838844476744196066e-07
7.849999999999943689e+00 0.000000000000000000e+00
7.949999999999943334e+00 2.838844476744196066e-07
