-7.950000000000000178e+00 2.483988917151170930e-05
-7.850000000000000533e+00 5.234119503997111808e-05
-7.750000000000000888e+00 5.500261173691879045e-05
-7.650000000000001243e+00 3.903411155523269524e-05
-7.550000000000001599e+00 1.046823900799421413e-04
-7.450000000000001954e+00 1.002466955850293563e-04
-7.350000000000002309e+00 1.037952511809595951e-04
-7.250000000000002665e+00 1.020209733829944892e-04
-7.150000000000003020e+00 1.792020575944771980e-04
-7.050000000000003375e+00 1.401679460392445706e-04
-6.950000000000003730e+00 1.428293627361922633e-04
-6.850000000000004086e+00 1.792020575944772251e-04
-6.750000000000004441e+00 2.049290856649714704e-04
-6.650000000000004796e+00 2.262204192405529578e-04
-6.550000000000005151e+00 2.324303915334308894e-04
-6.450000000000005507e+00 2.705773641896809978e-04
-6.350000000000005862e+00 3.397741983103206827e-04
-6.250000000000006217e+00 3.876796988553789887e-04
-6.150000000000006573e+00 4.071967546329952753e-04
-6.050000000000006928e+00 5.109920058139548298e-04
-5.950000000000007283e+00 5.287347837936060783e-04
-5.850000000000007638e+00 6.538213685501469575e-04
-5.750000000000007994e+00 9.483514830123569456e-04
-5.650000000000008349e+00 7.984250090843047739e-04
-5.550000000000008704e+00 9.146402048510195951e-04
-5.450000000000009059e+00 8.170549259629380535e-04
-5.350000000000009415e+00 9.394800940225314298e-04
-5.250000000000009770e+00 1.051259595294334361e-03
-5.150000000000010125e+00 1.041501067405526705e-03
-5.050000000000010481e+00 1.122230707212938921e-03
-4.950000000000010836e+00 1.267721486646078985e-03
-4.850000000000011191e+00 1.449584960937503469e-03
-4.750000000000011546e+00 1.551605934320497661e-03
-4.650000000000011902e+00 1.681128213571951623e-03
-4.550000000000012257e+00 1.861217410065412695e-03
-4.450000000000012612e+00 2.362450887990559436e-03
-4.350000000000012967e+00 2.558508584665704008e-03
-4.250000000000013323e+00 2.716419308684602050e-03
-4.150000000000013678e+00 2.845054449037072355e-03
-4.050000000000014033e+00 3.465164539425884781e-03
-3.950000000000014388e+00 3.334755121275447161e-03
-3.850000000000014744e+00 4.045353379360485530e-03
-3.750000000000015099e+00 4.214803894411815917e-03
-3.650000000000015454e+00 4.943151915822163560e-03
-3.550000000000015810e+00 5.848941687720352750e-03
-3.450000000000016165e+00 6.219772732840729221e-03
-3.350000000000016520e+00 6.506318597212099736e-03
-3.250000000000016875e+00 7.778517690427073569e-03
-3.150000000000017231e+00 8.102330373901376476e-03
-3.050000000000017586e+00 9.196193592383869464e-03
-2.950000000000017941e+00 1.043749650173900548e-02
-2.850000000000018296e+00 1.161132097200617483e-02
-2.750000000000018652e+00 1.310385882341490865e-02
-2.650000000000019007e+00 1.425559563070111051e-02
-2.550000000000019362e+00 1.633099770943271384e-02
-2.450000000000019718e+00 1.894553575164758738e-02
-2.350000000000020073e+00 2.140016526098442728e-02
-2.250000000000020428e+00 2.388326703923664834e-02
-2.150000000000020783e+00 2.587680785216370932e-02
-2.050000000000021139e+00 2.883638005797184434e-02
-1.950000000000021272e+00 3.191351563125932600e-02
-1.850000000000021627e+00 3.625768812731809676e-02
-1.750000000000021982e+00 4.184152197650159444e-02
-1.650000000000022338e+00 4.723438346065134824e-02
-1.550000000000022693e+00 5.332187470270440682e-02
-1.450000000000023048e+00 6.467917357973759773e-02
-1.350000000000023404e+00 7.337969402934206575e-02
-1.250000000000023759e+00 8.349114253699459198e-02
-1.150000000000024114e+00 9.627891446923562968e-02
-1.050000000000024469e+00 1.115605456120472849e-01
-9.500000000000248246e-01 1.267476370866791879e-01
-8.500000000000251799e-01 1.519896516518728091e-01
-7.500000000000255351e-01 1.843034136188312355e-01
-6.500000000000258904e-01 2.243653698907017713e-01
-5.500000000000262457e-01 2.690983569528132557e-01
-4.500000000000266565e-01 3.283524666049018048e-01
-3.500000000000270117e-01 4.163816738774796522e-01
-2.500000000000273670e-01 5.410689623053330788e-01
-1.500000000000277223e-01 7.208368049569892078e-01
-5.000000000002806366e-02 1.016958837783336955e+00
4.999999999997158107e-02 9.893924564346967543e-01
1.499999999999712119e-01 7.310555763153823161e-01
2.499999999999708566e-01 5.462925409227272766e-01
3.499999999999705014e-01 4.285504394039482134e-01
4.499999999999701461e-01 3.464065046018756089e-01
5.499999999999698463e-01 2.886686969471333741e-01
6.499999999999694911e-01 2.410914028679711496e-01
7.499999999999691358e-01 1.975296347421947596e-01
8.499999999999687805e-01 1.654252654967784952e-01
9.499999999999684253e-01 1.410059150901135649e-01
1.049999999999968070e+00 1.196417942127424583e-01
1.149999999999967715e+00 1.031003769359559175e-01
1.249999999999967359e+00 8.933399998864355318e-02
1.349999999999967004e+00 7.701849330587036413e-02
1.449999999999966649e+00 6.900060877566875639e-02
1.549999999999966294e+00 6.074438425150420484e-02
1.649999999999965938e+00 5.364774806314880767e-02
1.749999999999965583e+00 4.640668286790060326e-02
1.849999999999965228e+00 4.081856001648109800e-02
1.949999999999964873e+00 3.587153123381686681e-02
2.049999999999964295e+00 3.175859463518344861e-02
2.149999999999963940e+00 2.863868779041195411e-02
2.249999999999963585e+00 2.585686469030075776e-02
2.349999999999963229e+00 2.406797354921221335e-02
2.449999999999962874e+00 2.198185595023620376e-02
2.549999999999962519e+00 1.934713025906023565e-02
2.649999999999962164e+00 1.744050810219648084e-02
2.749999999999961808e+00 1.513583999351600026e-02
2.849999999999961453e+00 1.385077389359294468e-02
2.949999999999961098e+00 1.244595801299856405e-02
3.049999999999960743e+00 1.111056249758598374e-02
3.149999999999960387e+00 9.624786460777372613e-03
3.249999999999960032e+00 8.848491026747992705e-03
3.349999999999959677e+00 7.754627808265497114e-03
3.449999999999959321e+00 7.226773178025206260e-03
3.549999999999958966e+00 6.102747236977303612e-03
3.649999999999958611e+00 5.904894306467205721e-03
3.749999999999958256e+00 5.216439594128426810e-03
3.849999999999957900e+00 4.977785259610793128e-03
3.949999999999957545e+00 4.778185992685375638e-03
4.049999999999957190e+00 4.708060107591786198e-03
4.149999999999956835e+00 4.142938658248567288e-03
4.249999999999956479e+00 3.677190736282720009e-03
4.349999999999956124e+00 3.185715786246377454e-03
4.449999999999955769e+00 2.983448117278354218e-03
4.549999999999955413e+00 2.653432446856838697e-03
4.649999999999955058e+00 2.612624057503642929e-03
4.749999999999954703e+00 2.472456111464396353e-03
4.849999999999954348e+00 2.203653025072680339e-03
4.949999999999953992e+00 2.020902411882271547e-03
5.049999999999953637e+00 1.797343409338666986e-03
5.149999999999953282e+00 1.760083575581401728e-03
5.249999999999952927e+00 1.395469488099567367e-03
5.349999999999952571e+00 1.499264739280527139e-03
5.449999999999952216e+00 9.607714275981128630e-04
5.549999999999951861e+00 8.862517600835779011e-04
5.649999999999951505e+00 8.259263149527637862e-04
5.749999999999951150e+00 8.552018986191882704e-04
5.849999999999950795e+00 7.496323696402635694e-04
5.949999999999950440e+00 6.396271461664261105e-04
6.049999999999950084e+00 5.659946175508736134e-04
6.149999999999949729e+00 5.855116733284900085e-04
6.249999999999949374e+00 5.322833393895362629e-04
6.349999999999949019e+00 4.045353379360476097e-04
6.449999999999948663e+00 3.752597542696230713e-04
6.549999999999948308e+00 2.803358920784891953e-04
6.649999999999947953e+00 3.309028093204951127e-04
6.749999999999947597e+00 3.637269485828497273e-04
6.849999999999947242e+00 3.938896711482567847e-04
6.949999999999946887e+00 2.679159474927332238e-04
7.049999999999946532e+00 2.004933911700586854e-04
7.149999999999946176e+00 2.776744753815414213e-04
7.249999999999945821e+00 2.439631972202046942e-04
7.349999999999945466e+00 1.446036405341573827e-04
7.449999999999945111e+00 1.188766124636631645e-04
7.549999999999944755e+00 1.712178075036342013e-04
7.649999999999944400e+00 8.250391760537816195e-05
7.749999999999944045e+00 8.072963980741302897e-05
7.849999999999943689e+00 8.072963980741302897e-05
7.949999999999943334e+00 8.605247320130840082e-05
