-7.950000000000000178e+00 9.666301534689465962e-05
-7.850000000000000533e+00 1.073048152015986499e-04
-7.750000000000000888e+00 1.028707319288053206e-04
-7.650000000000001243e+00 1.046443652379226523e-04
-7.550000000000001599e+00 1.179466150563026402e-04
-7.450000000000001954e+00 1.285884149110066575e-04
-7.350000000000002309e+00 1.285884149110066575e-04
-7.250000000000002665e+00 1.684951643661466211e-04
-7.150000000000003020e+00 1.729292476389399503e-04
-7.050000000000003375e+00 2.057414638576106412e-04
-6.950000000000003730e+00 2.243646136033426242e-04
-6.850000000000004086e+00 2.341195968034879757e-04
-6.750000000000004441e+00 2.536295632037786517e-04
-6.650000000000004796e+00 2.855549627678906225e-04
-6.550000000000005151e+00 3.290089788412652494e-04
-6.450000000000005507e+00 3.272353455321479177e-04
-6.350000000000005862e+00 3.290089788412652494e-04
-6.250000000000006217e+00 3.458584952778799007e-04
-6.150000000000006573e+00 4.487292272066851400e-04
-6.050000000000006928e+00 4.833150767344731084e-04
-5.950000000000007283e+00 5.134668429894676932e-04
-5.850000000000007638e+00 5.675626589175463647e-04
-5.750000000000007994e+00 5.719967421903397482e-04
-5.650000000000008349e+00 6.766411074282622107e-04
-5.550000000000008704e+00 7.200951235016368919e-04
-5.450000000000009059e+00 8.211992049296283841e-04
-5.350000000000009415e+00 8.664338371204239816e-04
-5.250000000000009770e+00 9.524410869960073462e-04
-5.150000000000010125e+00 1.023393402169004308e-03
-5.050000000000010481e+00 1.120957199787064613e-03
-4.950000000000010836e+00 1.188348282725219633e-03
-4.850000000000011191e+00 1.277015982564479049e-03
-4.750000000000011546e+00 1.435756163730480400e-03
-4.650000000000011902e+00 1.544841595049500048e-03
-4.550000000000012257e+00 1.845472440944887719e-03
-4.450000000000012612e+00 1.910224022344277550e-03
-4.350000000000012967e+00 2.136369252065041090e-03
-4.250000000000013323e+00 2.308411683049422375e-03
-4.150000000000013678e+00 2.602841795171202590e-03
-4.050000000000014033e+00 2.852072189143706107e-03
-3.950000000000014388e+00 3.122572217209010001e-03
-3.850000000000014744e+00 3.542916328661513924e-03
-3.750000000000015099e+00 3.958875236499350206e-03
-3.650000000000015454e+00 4.541450933269661032e-03
-3.550000000000015810e+00 4.836900535403769810e-03
-3.450000000000016165e+00 5.445305640089138921e-03
-3.350000000000016520e+00 6.187522300296617421e-03
-3.250000000000016875e+00 6.885558732367145184e-03
-3.150000000000017231e+00 7.872655496973976832e-03
-3.050000000000017586e+00 8.997139014954365355e-03
-2.950000000000017941e+00 1.019972524381064852e-02
-2.850000000000018296e+00 1.144048648566277707e-02
-2.750000000000018652e+00 1.307410750548439367e-02
-2.650000000000019007e+00 1.487886319121093162e-02
-2.550000000000019362e+00 1.672096293574523024e-02
-2.450000000000019718e+00 1.927431058566054373e-02
-2.350000000000020073e+00 2.170970463771124820e-02
-2.250000000000020428e+00 2.481287861345295165e-02
-2.150000000000020783e+00 2.851300588826212110e-02
-2.050000000000021139e+00 3.273361074559760775e-02
-1.950000000000021272e+00 3.805252755539160342e-02
-1.850000000000021627e+00 4.378421212962872039e-02
-1.750000000000021982e+00 5.115849761516593625e-02
-1.650000000000022338e+00 5.927917548027615557e-02
-1.550000000000022693e+00 6.842007655258500187e-02
-1.450000000000023048e+00 7.969429538973002436e-02
-1.350000000000023404e+00 9.237050152964929040e-02
-1.250000000000023759e+00 1.068899176806233087e-01
-1.150000000000024114e+00 1.255412081438188332e-01
-1.050000000000024469e+00 1.459919054615801404e-01
-9.500000000000248246e-01 1.708978858581449156e-01
-8.500000000000251799e-01 2.016106579150609424e-01
-7.500000000000255351e-01 2.372108441426492298e-01
-6.500000000000258904e-01 2.786417730630662559e-01
-5.500000000000262457e-01 3.285155386924880627e-01
-4.500000000000266565e-01 3.864583582852340049e-01
-3.500000000000270117e-01 4.543979128844077842e-01
-2.500000000000273670e-01 5.361726452316886160e-01
-1.500000000000277223e-01 6.238694973012568479e-01
-5.000000000002806366e-02 7.119099803502588752e-01
4.999999999997158107e-02 7.111973987284914145e-01
1.499999999999712119e-01 6.209301330255097007e-01
2.499999999999708566e-01 5.313291599080547378e-01
3.499999999999705014e-01 4.541045860559977387e-01
4.499999999999701461e-01 3.855590284381955057e-01
5.499999999999698463e-01 3.256262132210447358e-01
6.499999999999694911e-01 2.766835282680180086e-01
7.499999999999691358e-01 2.341150998749425005e-01
8.499999999999687805e-01 1.992301906331264139e-01
9.499999999999684253e-01 1.694546930035710774e-01
1.049999999999968070e+00 1.440797122872942704e-01
1.149999999999967715e+00 1.232093900873356962e-01
1.249999999999967359e+00 1.050808186881319606e-01
1.349999999999967004e+00 9.041148164287943212e-02
1.449999999999966649e+00 7.781270786423886976e-02
1.549999999999966294e+00 6.727969318009736910e-02
1.649999999999965938e+00 5.726725383779802253e-02
1.749999999999965583e+00 4.965150284112195000e-02
1.849999999999965228e+00 4.309167116769309358e-02
1.949999999999964873e+00 3.725044727959724022e-02
2.049999999999964295e+00 3.258736280848675837e-02
2.149999999999963940e+00 2.838582800062844011e-02
2.249999999999963585e+00 2.459289222065596386e-02
2.349999999999963229e+00 2.162069478026510533e-02
2.449999999999962874e+00 1.868612071101410227e-02
2.549999999999962519e+00 1.617698820327725939e-02
2.649999999999962164e+00 1.441840982886247527e-02
2.749999999999961808e+00 1.266253380126122589e-02
2.849999999999961453e+00 1.110341236323084124e-02
2.949999999999961098e+00 9.969997833430131740e-03
3.049999999999960743e+00 8.823211225728006674e-03
3.149999999999960387e+00 7.630345066030351509e-03
3.249999999999960032e+00 6.808321889720898509e-03
3.349999999999959677e+00 6.148551247154161216e-03
3.449999999999959321e+00 5.554286329283604148e-03
3.549999999999958966e+00 4.824415274156911883e-03
3.649999999999958611e+00 4.291473378808672440e-03
3.749999999999958256e+00 3.940252086753618169e-03
3.849999999999957900e+00 3.547371360359218278e-03
3.949999999999957545e+00 3.167820815016412876e-03
4.049999999999957190e+00 2.898235534838881824e-03
4.149999999999956835e+00 2.546120443320966549e-03
4.249999999999956479e+00 2.164789281860739906e-03
4.349999999999956124e+00 2.094730766150605140e-03
4.449999999999955769e+00 1.839327569637709374e-03
4.549999999999955413e+00 1.710746137535006355e-03
4.649999999999955058e+00 1.677026156236866624e-03
4.749999999999954703e+00 1.443800358896240709e-03
4.849999999999954348e+00 1.280591180415928051e-03
4.949999999999953992e+00 1.140460183379051785e-03
5.049999999999953637e+00 1.037589451450246329e-03
5.149999999999953282e+00 9.693045690492292209e-04
5.249999999999952927e+00 8.823965369024799671e-04
5.349999999999952571e+00 7.928140891754474921e-04
5.449999999999952216e+00 7.653227728841287963e-04
5.549999999999951861e+00 6.784356891622904048e-04
5.649999999999951505e+00 5.737703754994569715e-04
5.749999999999951150e+00 5.888462586269543452e-04
5.849999999999950795e+00 5.418589415519522784e-04
5.949999999999950440e+00 4.780011596154247521e-04
6.049999999999950084e+00 4.194712604145528056e-04
6.149999999999949729e+00 3.866520613875785300e-04
6.249999999999949374e+00 3.831047947693438666e-04
6.349999999999949019e+00 3.573871117871425568e-04
6.449999999999948663e+00 3.183671789865612591e-04
6.549999999999948308e+00 2.731395296040693005e-04
6.649999999999947953e+00 2.687054463312759712e-04
6.749999999999947597e+00 2.332327801489293099e-04
6.849999999999947242e+00 2.429877633490746343e-04
6.949999999999946887e+00 1.959864806574653168e-04
7.049999999999946532e+00 1.809105975299679701e-04
7.149999999999946176e+00 1.862314974573199653e-04
7.249999999999945821e+00 1.897787640755546287e-04
7.349999999999945466e+00 1.480983813112973064e-04
7.449999999999945111e+00 1.232675149836546624e-04
7.549999999999944755e+00 1.259279649473306600e-04
7.649999999999944400e+00 1.259279649473306600e-04
7.749999999999944045e+00 1.108520818198333133e-04
7.849999999999943689e+00 9.134211541954265093e-05
7.949999999999943334e+00 8.336076552851465823e-05
