-7.950000000000000178e+00 7.984250090843050991e-06
-7.850000000000000533e+00 6.209972292877929019e-06
-7.750000000000000888e+00 3.548555595930245214e-06
-7.650000000000001243e+00 1.330708348473841945e-05
-7.550000000000001599e+00 1.508136128270354227e-05
-7.450000000000001954e+00 1.064566678779073522e-05
-7.350000000000002309e+00 1.685563908066866170e-05
-7.250000000000002665e+00 1.862991687863378790e-05
-7.150000000000003020e+00 1.241994458575585634e-05
-7.050000000000003375e+00 2.395275027252915297e-05
-6.950000000000003730e+00 2.750130586845939861e-05
-6.850000000000004086e+00 3.016272256540708115e-05
-6.750000000000004441e+00 3.903411155523269524e-05
-6.650000000000004796e+00 3.548555595930245638e-05
-6.550000000000005151e+00 4.524408384811062680e-05
-6.450000000000005507e+00 5.677688953488392343e-05
-6.350000000000005862e+00 6.653541742369210063e-05
-6.250000000000006217e+00 5.322833393895367779e-05
-6.150000000000006573e+00 7.718108421148283077e-05
-6.050000000000006928e+00 7.363252861555257835e-05
-5.950000000000007283e+00 1.011338344840119837e-04
-5.850000000000007638e+00 1.375065293422970134e-04
-5.750000000000007994e+00 1.428293627361923446e-04
-5.650000000000008349e+00 1.392808071402621057e-04
-5.550000000000008704e+00 2.040419467659890869e-04
-5.450000000000009059e+00 2.182361691497100695e-04
-5.350000000000009415e+00 2.714645030886637337e-04
-5.250000000000009770e+00 3.317969335651392354e-04
-5.150000000000010125e+00 3.876796988553792055e-04
-5.050000000000010481e+00 4.346980605014549924e-04
-4.950000000000010836e+00 5.065563113190423971e-04
-4.850000000000011191e+00 5.810759788335774674e-04
-4.750000000000011546e+00 7.159210914789266526e-04
-4.650000000000011902e+00 7.434223973473858818e-04
-4.550000000000012257e+00 9.288414125804021542e-04
-4.450000000000012612e+00 1.131989235101747227e-03
-4.350000000000012967e+00 1.328934070675875457e-03
-4.250000000000013323e+00 1.541847406431689788e-03
-4.150000000000013678e+00 1.627012740734015521e-03
-4.050000000000014033e+00 2.086550690406981101e-03
-3.950000000000014388e+00 2.444961790941596776e-03
-3.850000000000014744e+00 2.708435058593756072e-03
-3.750000000000015099e+00 3.192819882783894548e-03
-3.650000000000015454e+00 3.826237056657443188e-03
-3.550000000000015810e+00 4.353197562653090408e-03
-3.450000000000016165e+00 5.096626945346146784e-03
-3.350000000000016520e+00 5.897706385781747648e-03
-3.250000000000016875e+00 6.838101560085919559e-03
-3.150000000000017231e+00 8.088066298061039050e-03
-3.050000000000017586e+00 9.357569047850764626e-03
-2.950000000000017941e+00 1.083907703846033639e-02
-2.850000000000018296e+00 1.230553859451551275e-02
-2.750000000000018652e+00 1.417205788193786134e-02
-2.650000000000019007e+00 1.659306692260696312e-02
-2.550000000000019362e+00 1.911344949065343218e-02
-2.450000000000019718e+00 2.229477149447890716e-02
-2.350000000000020073e+00 2.593733587231870225e-02
-2.250000000000020428e+00 2.980354307685004547e-02
-2.150000000000020783e+00 3.412926028967171177e-02
-2.050000000000021139e+00 3.960118191601584570e-02
-1.950000000000021272e+00 4.545810086848143389e-02
-1.850000000000021627e+00 5.315050321759630381e-02
-1.750000000000021982e+00 6.130066923858612515e-02
-1.650000000000022338e+00 7.085435885122215449e-02
-1.550000000000022693e+00 8.199426678593020601e-02
-1.450000000000023048e+00 9.482249085489576068e-02
-1.350000000000023404e+00 1.092981598006546595e-01
-1.250000000000023759e+00 1.261174820692297083e-01
-1.150000000000024114e+00 1.456286841271809407e-01
-1.050000000000024469e+00 1.690771413403847623e-01
-9.500000000000248246e-01 1.955514197776485608e-01
-8.500000000000251799e-01 2.250190934644127339e-01
-7.500000000000255351e-01 2.583699277896278623e-01
-6.500000000000258904e-01 2.972339252219703964e-01
-5.500000000000262457e-01 3.409014375103678329e-01
-4.500000000000266565e-01 3.883598270356866111e-01
-3.500000000000270117e-01 4.397611787436631059e-01
-2.500000000000273670e-01 4.917648628373199049e-01
-1.500000000000277223e-01 5.409335513796893480e-01
-5.000000000002806366e-02 5.723215454861583229e-01
4.999999999997158107e-02 5.744592358921510877e-01
1.499999999999712119e-01 5.414117821143520359e-01
2.499999999999708566e-01 4.924156036684336213e-01
3.499999999999705014e-01 4.386760262512201525e-01
4.499999999999701461e-01 3.892358662204134512e-01
5.499999999999698463e-01 3.407134967853511220e-01
6.499999999999694911e-01 2.978513808810080432e-01
7.499999999999691358e-01 2.581276271046751836e-01
8.499999999999687805e-01 2.242819159660866535e-01
9.499999999999684253e-01 1.944672661896352794e-01
1.049999999999968070e+00 1.691461425848268252e-01
1.149999999999967715e+00 1.462328536587707006e-01
1.249999999999967359e+00 1.265867645761001303e-01
1.349999999999967004e+00 1.098100110039849642e-01
1.449999999999966649e+00 9.474181709785362004e-02
1.549999999999966294e+00 8.180976983632445854e-02
1.649999999999965938e+00 7.095555555381710677e-02
1.749999999999965583e+00 6.149150888205229259e-02
1.849999999999965228e+00 5.288086188972523222e-02
1.949999999999964873e+00 4.563993640139021868e-02
2.049999999999964295e+00 3.951151103376199236e-02
2.149999999999963940e+00 3.419227509288211980e-02
2.249999999999963585e+00 2.975470852533203606e-02
2.349999999999963229e+00 2.560558783617319228e-02
2.449999999999962874e+00 2.234978109156148668e-02
2.549999999999962519e+00 1.904604090502208177e-02
2.649999999999962164e+00 1.667911241046261123e-02
2.749999999999961808e+00 1.427407885532085662e-02
2.849999999999961453e+00 1.217070046721582463e-02
2.949999999999961098e+00 1.079916277335178122e-02
3.049999999999960743e+00 9.270622450404809867e-03
3.149999999999960387e+00 8.032169562079478908e-03
3.249999999999960032e+00 6.930350034888784622e-03
3.349999999999959677e+00 5.900374787824357731e-03
3.449999999999959321e+00 4.984847444074342118e-03
3.549999999999958966e+00 4.378938561414906505e-03
3.649999999999958611e+00 3.782767250607298182e-03
3.749999999999958256e+00 3.126277480014541359e-03
3.849999999999957900e+00 2.808688739524446178e-03
3.949999999999957545e+00 2.418340638626458733e-03
4.049999999999957190e+00 2.126471940861196681e-03
4.149999999999956835e+00 1.754760742187503903e-03
4.249999999999956479e+00 1.509910406068317584e-03
4.349999999999956124e+00 1.289012820221660093e-03
4.449999999999955769e+00 1.089406567950584144e-03
4.549999999999955413e+00 9.767399277797990734e-04
4.649999999999955058e+00 7.984250090843046654e-04
4.749999999999954703e+00 7.061625635901183466e-04
4.849999999999954348e+00 6.183358125908448941e-04
4.949999999999953992e+00 4.879263944404085753e-04
5.049999999999953637e+00 4.311495049055246993e-04
5.149999999999953282e+00 3.752597542696233966e-04
5.249999999999952927e+00 2.989658089571231797e-04
5.349999999999952571e+00 2.572702807049427783e-04
5.449999999999952216e+00 2.297689748364833322e-04
5.549999999999951861e+00 1.889605854832855582e-04
5.649999999999951505e+00 1.809763353924425072e-04
5.749999999999951150e+00 1.499264739280528494e-04
5.849999999999950795e+00 1.126666401707852736e-04
5.949999999999950440e+00 9.847241778706429104e-05
6.049999999999950084e+00 9.048816769622125360e-05
6.149999999999949729e+00 7.540680641351771134e-05
6.249999999999949374e+00 7.363252861555257835e-05
6.349999999999949019e+00 5.943830623183159580e-05
6.449999999999948663e+00 4.524408384811062680e-05
6.549999999999948308e+00 4.790550054505830595e-05
6.649999999999947953e+00 4.080838935319781467e-05
6.749999999999947597e+00 3.282413926235476368e-05
6.849999999999947242e+00 2.483988917151171608e-05
6.949999999999946887e+00 2.661416696947683890e-05
7.049999999999946532e+00 1.951705577761634762e-05
7.149999999999946176e+00 2.040419467659890734e-05
7.249999999999945821e+00 2.217847247456403015e-05
7.349999999999945466e+00 1.685563908066866170e-05
7.449999999999945111e+00 1.685563908066866509e-05
7.549999999999944755e+00 7.984250090843050991e-06
7.649999999999944400e+00 8.871388989825612401e-06
7.749999999999944045e+00 8.871388989825612401e-06
7.849999999999943689e+00 9.758527888808173810e-06
7.949999999999943334e+00 1.330708348473841945e-05
