-7.950000000000000178e+00 0.000000000000000000e+00
-7.850000000000000533e+00 0.000000000000000000e+00
-7.750000000000000888e+00 0.000000000000000000e+00
-7.650000000000001243e+00 0.000000000000000000e+00
-7.550000000000001599e+00 0.000000000000000000e+00
-7.450000000000001954e+00 0.000000000000000000e+00
-7.350000000000002309e+00 0.000000000000000000e+00
-7.250000000000002665e+00 0.000000000000000000e+00
-7.150000000000003020e+00 0.000000000000000000e+00
-7.050000000000003375e+00 0.000000000000000000e+00
-6.950000000000003730e+00 0.000000000000000000e+00
-6.850000000000004086e+00 0.000000000000000000e+00
-6.750000000000004441e+00 0.000000000000000000e+00
-6.650000000000004796e+00 0.000000000000000000e+00
-6.550000000000005151e+00 0.000000000000000000e+00
-6.450000000000005507e+00 0.000000000000000000e+00
-6.350000000000005862e+00 0.000000000000000000e+00
-6.250000000000006217e+00 0.000000000000000000e+00
-6.150000000000006573e+00 0.000000000000000000e+00
-6.050000000000006928e+00 0.000000000000000000e+00
-5.950000000000007283e+00 0.000000000000000000e+00
-5.850000000000007638e+00 0.000000000000000000e+00
-5.750000000000007994e+00 0.000000000000000000e+00
-5.650000000000008349e+00 0.000000000000000000e+00
-5.550000000000008704e+00 0.000000000000000000e+00
-5.450000000000009059e+00 0.000000000000000000e+00
-5.350000000000009415e+00 0.000000000000000000e+00
-5.250000000000009770e+00 0.000000000000000000e+00
-5.150000000000010125e+00 0.000000000000000000e+00
-5.050000000000010481e+00 0.000000000000000000e+00
-4.950000000000010836e+00 0.000000000000000000e+00
-4.850000000000011191e+00 0.000000000000000000e+00
-4.750000000000011546e+00 0.000000000000000000e+00
-4.650000000000011902e+00 0.000000000000000000e+00
-4.550000000000012257e+00 0.000000000000000000e+00
-4.450000000000012612e+00 0.000000000000000000e+00
-4.350000000000012967e+00 0.000000000000000000e+00
-4.250000000000013323e+00 0.000000000000000000e+00
-4.150000000000013678e+00 0.000000000000000000e+00
-4.050000000000014033e+00 0.000000000000000000e+00
-3.950000000000014388e+00 0.000000000000000000e+00
-3.850000000000014744e+00 0.000000000000000000e+00
-3.750000000000015099e+00 0.000000000000000000e+00
-3.650000000000015454e+00 0.000000000000000000e+00
-3.550000000000015810e+00 0.000000000000000000e+00
-3.450000000000016165e+00 0.000000000000000000e+00
-3.350000000000016520e+00 0.000000000000000000e+00
-3.250000000000016875e+00 0.000000000000000000e+00
-3.150000000000017231e+00 0.000000000000000000e+00
-3.050000000000017586e+00 0.000000000000000000e+00
-2.950000000000017941e+00 0.000000000000000000e+00
-2.850000000000018296e+00 0.000000000000000000e+00
-2.750000000000018652e+00 0.000000000000000000e+00
-2.650000000000019007e+00 0.000000000000000000e+00
-2.550000000000019362e+00 0.000000000000000000e+00
-2.450000000000019718e+00 0.000000000000000000e+00
-2.350000000000020073e+00 0.000000000000000000e+00
-2.250000000000020428e+00 0.000000000000000000e+00
-2.150000000000020783e+00 0.000000000000000000e+00
-2.050000000000021139e+00 0.000000000000000000e+00
-1.950000000000021272e+00 0.000000000000000000e+00
-1.850000000000021627e+00 0.000000000000000000e+00
-1.750000000000021982e+00 0.000000000000000000e+00
-1.650000000000022338e+00 0.000000000000000000e+00
-1.550000000000022693e+00 0.000000000000000000e+00
-1.450000000000023048e+00 0.000000000000000000e+00
-1.350000000000023404e+00 0.000000000000000000e+00
-1.250000000000023759e+00 0.000000000000000000e+00
-1.150000000000024114e+00 0.000000000000000000e+00
-1.050000000000024469e+00 0.000000000000000000e+00
-9.500000000000248246e-01 0.000000000000000000e+00
-8.500000000000251799e-01 0.000000000000000000e+00
-7.500000000000255351e-01 0.000000000000000000e+00
-6.500000000000258904e-01 0.000000000000000000e+00
-5.500000000000262457e-01 0.000000000000000000e+00
-4.500000000000266565e-01 0.000000000000000000e+00
-3.500000000000270117e-01 0.000000000000000000e+00
-2.500000000000273670e-01 0.000000000000000000e+00
-1.500000000000277223e-01 1.419422238372098086e-05
-5.000000000002806366e-02 4.852649777434620481e-04
4.999999999997158107e-02 2.915138422056711906e-03
1.499999999999712119e-01 1.531113025754010301e-02
2.499999999999708566e-01 4.610194716342660981e-02
3.499999999999705014e-01 9.580745253451872223e-02
4.499999999999701461e-01 1.502272140148059321e-01
5.499999999999698463e-01 1.920451674350444060e-01
6.499999999999694911e-01 2.315175256063730647e-01
7.499999999999691358e-01 2.778980343840811718e-01
8.499999999999687805e-01 3.336760055187121266e-01
9.499999999999684253e-01 3.757059851358089397e-01
1.049999999999968070e+00 3.863268120344293122e-01
1.149999999999967715e+00 3.854441088299412899e-01
1.249999999999967359e+00 3.813810126726012717e-01
1.349999999999967004e+00 3.897032626839557201e-01
1.449999999999966649e+00 3.980645468068657045e-01
1.549999999999966294e+00 3.818095007608073299e-01
1.649999999999965938e+00 3.709837447765244600e-01
1.749999999999965583e+00 3.598812014557586925e-01
1.849999999999965228e+00 3.624556785406060078e-01
1.949999999999964873e+00 3.481656451557950671e-01
2.049999999999964295e+00 3.546896646189126590e-01
2.149999999999963940e+00 3.308948250703998006e-01
2.249999999999963585e+00 3.232521234556655632e-01
2.349999999999963229e+00 3.295800852221077992e-01
2.449999999999962874e+00 3.087491767350976080e-01
2.549999999999962519e+00 2.751904864643845983e-01
2.649999999999962164e+00 2.725592324900045771e-01
2.749999999999961808e+00 2.439046460528664917e-01
2.849999999999961453e+00 2.244771913040483069e-01
2.949999999999961098e+00 2.062358412631683235e-01
3.049999999999960743e+00 1.835481510605881661e-01
3.149999999999960387e+00 1.727747362713438484e-01
3.249999999999960032e+00 1.667892101199086041e-01
3.349999999999959677e+00 1.501890670421482388e-01
3.449999999999959321e+00 1.298469720884787293e-01
3.549999999999958966e+00 1.173427493073196937e-01
3.649999999999958611e+00 9.723574616188004893e-02
3.749999999999958256e+00 8.615183275799348506e-02
3.849999999999957900e+00 7.630370384038814846e-02
3.949999999999957545e+00 6.401150725608609204e-02
4.049999999999957190e+00 6.138557611509799783e-02
4.149999999999956835e+00 5.218239717705328018e-02
4.249999999999956479e+00 4.343254621638835411e-02
4.349999999999956124e+00 4.302268804505837707e-02
4.449999999999955769e+00 3.530635390170833166e-02
4.549999999999955413e+00 3.153069074763835411e-02
4.649999999999955058e+00 2.639415652252934813e-02
4.749999999999954703e+00 2.322174781976777541e-02
4.849999999999954348e+00 1.765761264534904118e-02
4.949999999999953992e+00 1.375154007312873530e-02
5.049999999999953637e+00 9.817966195040092603e-03
5.149999999999953282e+00 8.674444154251568020e-03
5.249999999999952927e+00 4.805631415788573155e-03
5.349999999999952571e+00 4.285768020984783919e-03
5.449999999999952216e+00 3.915831100109049348e-03
5.549999999999951861e+00 5.458565645439747080e-03
5.649999999999951505e+00 4.604250885719536612e-03
5.749999999999951150e+00 1.580881517986931252e-03
5.849999999999950795e+00 2.664965252543638821e-03
5.949999999999950440e+00 1.725485158521094815e-03
6.049999999999950084e+00 1.189653263535623813e-03
6.149999999999949729e+00 3.096114757449143842e-04
6.249999999999949374e+00 1.561364462209310520e-04
6.349999999999949019e+00 1.792020575944779570e-04
6.449999999999948663e+00 2.040419467659900085e-04
6.549999999999948308e+00 2.537217251090141115e-04
6.649999999999947953e+00 1.206508902616281484e-04
6.749999999999947597e+00 7.895536200944784178e-05
6.849999999999947242e+00 0.000000000000000000e+00
6.949999999999946887e+00 5.056691724200593088e-05
7.049999999999946532e+00 1.259737236555235609e-04
7.149999999999946176e+00 6.635798964389629613e-04
7.249999999999945821e+00 2.164618913517460342e-04
7.349999999999945466e+00 2.191233080486937540e-04
7.449999999999945111e+00 3.034015034520382145e-04
7.549999999999944755e+00 3.725983375726789294e-04
7.649999999999944400e+00 2.528345862100315382e-04
7.749999999999944045e+00 2.368660860283452194e-04
7.849999999999943689e+00 0.000000000000000000e+00
7.949999999999943334e+00 0.000000000000000000e+00
