-7.950000000000000178e+00 4.435694494912806709e-05
-7.850000000000000533e+00 5.588975063590135694e-05
-7.750000000000000888e+00 5.943830623183160258e-05
-7.650000000000001243e+00 8.161677870639562934e-05
-7.550000000000001599e+00 7.718108421148283077e-05
-7.450000000000001954e+00 8.960102879723868033e-05
-7.350000000000002309e+00 9.669813998909917161e-05
-7.250000000000002665e+00 1.162151957667155260e-04
-7.150000000000003020e+00 1.241994458575585770e-04
-7.050000000000003375e+00 1.277480014534888159e-04
-6.950000000000003730e+00 1.658949741097389514e-04
-6.850000000000004086e+00 1.862991687863378655e-04
-6.750000000000004441e+00 1.987191133720937286e-04
-6.650000000000004796e+00 2.226718636446228816e-04
-6.550000000000005151e+00 2.661416696947684025e-04
-6.450000000000005507e+00 2.847715865734021701e-04
-6.350000000000005862e+00 3.149343091388092817e-04
-6.250000000000006217e+00 3.424356150072686194e-04
-6.150000000000006573e+00 4.276009493095945147e-04
-6.050000000000006928e+00 4.648607830668621040e-04
-5.950000000000007283e+00 4.923620889353214417e-04
-5.850000000000007638e+00 5.056691724200598238e-04
-5.750000000000007994e+00 5.934959234193332763e-04
-5.650000000000008349e+00 6.680155909338682382e-04
-5.550000000000008704e+00 7.159210914789265441e-04
-5.450000000000009059e+00 8.640732876090140031e-04
-5.350000000000009415e+00 9.492386219113397357e-04
-5.250000000000009770e+00 1.069889512172967749e-03
-5.150000000000010125e+00 1.132876374000729583e-03
-5.050000000000010481e+00 1.219815986101020462e-03
-4.950000000000010836e+00 1.381275265715846412e-03
-4.850000000000011191e+00 1.588865768077765304e-03
-4.750000000000011546e+00 1.774277797965120515e-03
-4.650000000000011902e+00 1.965012661246370515e-03
-4.550000000000012257e+00 2.180594399044793845e-03
-4.450000000000012612e+00 2.363345012235200902e-03
-4.350000000000012967e+00 2.677392182475027502e-03
-4.250000000000013323e+00 2.926706154471771584e-03
-4.150000000000013678e+00 3.197255577278807631e-03
-4.050000000000014033e+00 3.614203874454949717e-03
-3.950000000000014388e+00 3.923822335545525813e-03
-3.850000000000014744e+00 4.429519449348235521e-03
-3.750000000000015099e+00 4.937836067773926363e-03
-3.650000000000015454e+00 5.462156113109611216e-03
-3.550000000000015810e+00 6.118610956974069454e-03
-3.450000000000016165e+00 6.828329061505789346e-03
-3.350000000000016520e+00 7.483079481028893053e-03
-3.250000000000016875e+00 8.310808015162277074e-03
-3.150000000000017231e+00 9.317710665507499684e-03
-3.050000000000017586e+00 1.043820202165079286e-02
-2.950000000000017941e+00 1.171659711646732584e-02
-2.850000000000018296e+00 1.297991783534681656e-02
-2.750000000000018652e+00 1.465656844234990847e-02
-2.650000000000019007e+00 1.617096344033278760e-02
-2.550000000000019362e+00 1.855291042806401364e-02
-2.450000000000019718e+00 2.047816250180640313e-02
-2.350000000000020073e+00 2.344919765984470120e-02
-2.250000000000020428e+00 2.609303922710863588e-02
-2.150000000000020783e+00 3.003281609214458053e-02
-2.050000000000021139e+00 3.348665040090791079e-02
-1.950000000000021272e+00 3.801387388002051837e-02
-1.850000000000021627e+00 4.367653036964591617e-02
-1.750000000000021982e+00 4.939966598200666581e-02
-1.650000000000022338e+00 5.678703924213041737e-02
-1.550000000000022693e+00 6.532862212190412854e-02
-1.450000000000023048e+00 7.542752494874851998e-02
-1.350000000000023404e+00 8.691820900118349402e-02
-1.250000000000023759e+00 1.006107508448561838e-01
-1.150000000000024114e+00 1.173745954981892381e-01
-1.050000000000024469e+00 1.373745342506776379e-01
-9.500000000000248246e-01 1.615542593597778520e-01
-8.500000000000251799e-01 1.901445387047566160e-01
-7.500000000000255351e-01 2.263840649333551114e-01
-6.500000000000258904e-01 2.707303153182750721e-01
-5.500000000000262457e-01 3.236581257161889047e-01
-4.500000000000266565e-01 3.896689646367584858e-01
-3.500000000000270117e-01 4.697503923081912669e-01
-2.500000000000273670e-01 5.653411803763347399e-01
-1.500000000000277223e-01 6.738227043717670561e-01
-5.000000000002806366e-02 7.720391092403456890e-01
4.999999999997158107e-02 7.666756560614305105e-01
1.499999999999712119e-01 6.565002975086657866e-01
2.499999999999708566e-01 5.424316216248619149e-01
3.499999999999705014e-01 4.465614895837220488e-01
4.499999999999701461e-01 3.685531029441871942e-01
5.499999999999698463e-01 3.042130189988835332e-01
6.499999999999694911e-01 2.517967175223636556e-01
7.499999999999691358e-01 2.110400616391329975e-01
8.499999999999687805e-01 1.773342739594854778e-01
9.499999999999684253e-01 1.493281511307772425e-01
1.049999999999968070e+00 1.274940771533523698e-01
1.149999999999967715e+00 1.079913483196880825e-01
1.249999999999967359e+00 9.303899240065779952e-02
1.349999999999967004e+00 8.035736978108556916e-02
1.449999999999966649e+00 6.979397639449427815e-02
1.549999999999966294e+00 6.056646051216599963e-02
1.649999999999965938e+00 5.225282343201085450e-02
1.749999999999965583e+00 4.616679911254660540e-02
1.849999999999965228e+00 4.030180510049657938e-02
1.949999999999964873e+00 3.549962444546465867e-02
2.049999999999964295e+00 3.125278575585016538e-02
2.149999999999963940e+00 2.734043335788040666e-02
2.249999999999963585e+00 2.419366785904128805e-02
2.349999999999963229e+00 2.172472537644448004e-02
2.449999999999962874e+00 1.930086631474557668e-02
2.549999999999962519e+00 1.723915551351008074e-02
2.649999999999962164e+00 1.518890067915908137e-02
2.749999999999961808e+00 1.350770959747615504e-02
2.849999999999961453e+00 1.203776933928166204e-02
2.949999999999961098e+00 1.087467435995021978e-02
3.049999999999960743e+00 9.621119154305199719e-03
3.149999999999960387e+00 8.865241885643741770e-03
3.249999999999960032e+00 7.788248276933236978e-03
3.349999999999959677e+00 6.892244974306500557e-03
3.449999999999959321e+00 6.296932861015227742e-03
3.549999999999958966e+00 5.696388723823655673e-03
3.649999999999958611e+00 5.032766915310724065e-03
3.749999999999958256e+00 4.523584114023033835e-03
3.849999999999957900e+00 4.066651698281719893e-03
3.949999999999957545e+00 3.684315788857217468e-03
4.049999999999957190e+00 3.288665810602317552e-03
4.149999999999956835e+00 2.939098157674882496e-03
4.249999999999956479e+00 2.672956487980114419e-03
4.349999999999956124e+00 2.476011652405986189e-03
4.449999999999955769e+00 2.169054608012359331e-03
4.549999999999955413e+00 1.907348632812504337e-03
4.649999999999955058e+00 1.808876215025440222e-03
4.749999999999954703e+00 1.610157101653346846e-03
4.849999999999954348e+00 1.404354847780715440e-03
4.949999999999953992e+00 1.258857083001914314e-03
5.049999999999953637e+00 1.191427541333578552e-03
5.149999999999953282e+00 1.043275345203490984e-03
5.249999999999952927e+00 9.474643441133745892e-04
5.349999999999952571e+00 8.738318154978222006e-04
5.449999999999952216e+00 7.993121479832872387e-04
5.549999999999951861e+00 6.351914516715135694e-04
5.649999999999951505e+00 6.112387013989845248e-04
5.749999999999951150e+00 5.606717841569786075e-04
5.849999999999950795e+00 4.897006722383737218e-04
5.949999999999950440e+00 4.710707553597399001e-04
6.049999999999950084e+00 4.036481990370653617e-04
6.149999999999949729e+00 3.566298373909896290e-04
6.249999999999949374e+00 3.513070039970942436e-04
6.349999999999949019e+00 2.767873364825590649e-04
6.449999999999948663e+00 2.617059751998555362e-04
6.549999999999948308e+00 1.987191133720937015e-04
6.649999999999947953e+00 2.164618913517449500e-04
6.749999999999947597e+00 1.800891964934599339e-04
6.849999999999947242e+00 1.525878906250005421e-04
6.949999999999946887e+00 1.525878906250005421e-04
7.049999999999946532e+00 1.277480014534888159e-04
7.149999999999946176e+00 1.179894735646806454e-04
7.249999999999945821e+00 1.037952511809596629e-04
7.349999999999945466e+00 8.072963980741308318e-05
7.449999999999945111e+00 9.048816769622125360e-05
7.549999999999944755e+00 6.830969522165722006e-05
7.649999999999944400e+00 4.346980605014550059e-05
7.749999999999944045e+00 5.234119503997111808e-05
7.849999999999943689e+00 3.814697265625013553e-05
7.949999999999943334e+00 4.258266715116293410e-05
