-7.950000000000000178e+00 7.981349891027999480e-06
-7.850000000000000533e+00 6.207716581910665227e-06
-7.750000000000000888e+00 1.152861650926266460e-05
-7.650000000000001243e+00 1.064179985470399705e-05
-7.550000000000001599e+00 8.868166545586665336e-06
-7.450000000000001954e+00 1.418906647293866386e-05
-7.350000000000002309e+00 1.773633309117333067e-05
-7.250000000000002665e+00 1.330224981837999800e-05
-7.150000000000003020e+00 2.305723301852532920e-05
-7.050000000000003375e+00 2.394404967308399505e-05
-6.950000000000003730e+00 1.862314974573199653e-05
-6.850000000000004086e+00 3.813311614602265891e-05
-6.750000000000004441e+00 4.434083272793333346e-05
-6.650000000000004796e+00 5.054854930984399445e-05
-6.550000000000005151e+00 5.675626589175466222e-05
-6.450000000000005507e+00 6.385079912822399584e-05
-6.350000000000005862e+00 7.360578232836932026e-05
-6.250000000000006217e+00 8.513439883763198994e-05
-6.150000000000006573e+00 1.108520818198333269e-04
-6.050000000000006928e+00 1.259279649473306600e-04
-5.950000000000007283e+00 1.330224981837999868e-04
-5.850000000000007638e+00 1.711556143298226457e-04
-5.750000000000007994e+00 2.013073805848173119e-04
-5.650000000000008349e+00 2.279118802215773147e-04
-5.550000000000008704e+00 2.757999795677452981e-04
-5.450000000000009059e+00 3.094990124409746006e-04
-5.350000000000009415e+00 3.609343784053772202e-04
-5.250000000000009770e+00 4.451819605884504765e-04
-5.150000000000010125e+00 4.983909598619704279e-04
-5.050000000000010481e+00 5.453922425535796641e-04
-4.950000000000010836e+00 6.314134580457703063e-04
-4.850000000000011191e+00 7.440391731747208158e-04
-4.750000000000011546e+00 8.859298379041073528e-04
-4.650000000000011902e+00 9.497806370323314028e-04
-4.550000000000012257e+00 1.211391550127137885e-03
-4.450000000000012612e+00 1.316035915365060347e-03
-4.350000000000012967e+00 1.555476412095900237e-03
-4.250000000000013323e+00 1.739047459589544015e-03
-4.150000000000013678e+00 2.011300172539054812e-03
-4.050000000000014033e+00 2.249853852615335548e-03
-3.950000000000014388e+00 2.673752213494378152e-03
-3.850000000000014744e+00 3.131349607246649951e-03
-3.750000000000015099e+00 3.669647316563759420e-03
-3.650000000000015454e+00 4.150301943334556640e-03
-3.550000000000015810e+00 4.818961700871791237e-03
-3.450000000000016165e+00 5.563887690701070123e-03
-3.350000000000016520e+00 6.402816245913569432e-03
-3.250000000000016875e+00 7.390729999091922436e-03
-3.150000000000017231e+00 8.560441166454803297e-03
-3.050000000000017586e+00 9.650338834907403254e-03
-2.950000000000017941e+00 1.114729931341903839e-02
-2.850000000000018296e+00 1.283401062477301444e-02
-2.750000000000018652e+00 1.500316416182351578e-02
-2.650000000000019007e+00 1.718296648153709236e-02
-2.550000000000019362e+00 1.994984840937686493e-02
-2.450000000000019718e+00 2.300670541764072638e-02
-2.350000000000020073e+00 2.617529434157066237e-02
-2.250000000000020428e+00 3.046128621586115942e-02
-2.150000000000020783e+00 3.459389372295455789e-02
-2.050000000000021139e+00 4.036793601236138285e-02
-1.950000000000021272e+00 4.639031489627785942e-02
-1.850000000000021627e+00 5.341217106392345815e-02
-1.750000000000021982e+00 6.169148436807510294e-02
-1.650000000000022338e+00 7.104740007366854015e-02
-1.550000000000022693e+00 8.207504198399638573e-02
-1.450000000000023048e+00 9.516889687136297071e-02
-1.350000000000023404e+00 1.097286387402904156e-01
-1.250000000000023759e+00 1.265924489855025370e-01
-1.150000000000024114e+00 1.454098115785825429e-01
-1.050000000000024469e+00 1.677354906851801497e-01
-9.500000000000248246e-01 1.937503759544003668e-01
-8.500000000000251799e-01 2.232938278812185984e-01
-7.500000000000255351e-01 2.569113643987366302e-01
-6.500000000000258904e-01 2.953729239161249076e-01
-5.500000000000262457e-01 3.369674460694795370e-01
-4.500000000000266565e-01 3.871258938106342251e-01
-3.500000000000270117e-01 4.388293786654731687e-01
-2.500000000000273670e-01 4.960053253018943398e-01
-1.500000000000277223e-01 5.525773707449785910e-01
-5.000000000002806366e-02 5.997394395805832890e-01
4.999999999997158107e-02 5.998522328831116246e-01
1.499999999999712119e-01 5.501910518696857544e-01
2.499999999999708566e-01 4.931940257304355257e-01
3.499999999999705014e-01 4.353610457123022748e-01
4.499999999999701461e-01 3.817731383118011523e-01
5.499999999999698463e-01 3.337161667296185130e-01
6.499999999999694911e-01 2.888040425231354069e-01
7.499999999999691358e-01 2.511071214634174043e-01
8.499999999999687805e-01 2.178974856929541959e-01
9.499999999999684253e-01 1.881908525188889791e-01
1.049999999999968070e+00 1.637341180773450033e-01
1.149999999999967715e+00 1.420185408978505981e-01
1.249999999999967359e+00 1.228819522403626491e-01
1.349999999999967004e+00 1.060120529863097516e-01
1.449999999999966649e+00 9.213323966910907936e-02
1.549999999999966294e+00 7.923893947744312105e-02
1.649999999999965938e+00 6.825216096130806709e-02
1.749999999999965583e+00 5.974842718108720752e-02
1.849999999999965228e+00 5.114185060017014534e-02
1.949999999999964873e+00 4.440913855876049698e-02
2.049999999999964295e+00 3.821561104332248798e-02
2.149999999999963940e+00 3.342592127485922299e-02
2.249999999999963585e+00 2.878697637205433757e-02
2.349999999999963229e+00 2.519358132216587345e-02
2.449999999999962874e+00 2.154434475427342843e-02
2.549999999999962519e+00 1.885638950868937652e-02
2.649999999999962164e+00 1.618441791131229601e-02
2.749999999999961808e+00 1.404895642432668970e-02
2.849999999999961453e+00 1.207490953408740450e-02
2.949999999999961098e+00 1.041832205775520756e-02
3.049999999999960743e+00 9.148407591235502290e-03
3.149999999999960387e+00 7.808420643389053784e-03
3.249999999999960032e+00 6.636049026062497413e-03
3.349999999999959677e+00 5.879594419723955384e-03
3.449999999999959321e+00 5.146197046403938775e-03
3.549999999999958966e+00 4.497047255266995586e-03
3.649999999999958611e+00 3.970278162459147525e-03
3.749999999999958256e+00 3.381431903832193397e-03
3.849999999999957900e+00 2.853775994369787267e-03
3.949999999999957545e+00 2.503483415819114308e-03
4.049999999999957190e+00 2.141662220759178639e-03
4.149999999999956835e+00 1.916410790501277186e-03
4.249999999999956479e+00 1.629969011078828169e-03
4.349999999999956124e+00 1.430435263803128080e-03
4.449999999999955769e+00 1.272581899291685666e-03
4.549999999999955413e+00 1.038462302488198097e-03
4.649999999999955058e+00 9.284970373229233138e-04
4.749999999999954703e+00 8.016822557210341507e-04
4.849999999999954348e+00 6.597915909916476137e-04
4.949999999999953992e+00 5.870726253178370135e-04
5.049999999999953637e+00 5.196745595713784084e-04
5.149999999999953282e+00 4.487292272066851400e-04
5.249999999999952927e+00 4.194642776062491667e-04
5.349999999999952571e+00 3.183671789865612591e-04
5.449999999999952216e+00 2.722527129495106346e-04
5.549999999999951861e+00 2.305723301852533123e-04
5.649999999999951505e+00 1.720424309843813116e-04
5.749999999999951150e+00 1.826842308390853019e-04
5.849999999999950795e+00 1.640610810933532918e-04
5.949999999999950440e+00 1.259279649473306600e-04
6.049999999999950084e+00 1.188334317108613196e-04
6.149999999999949729e+00 9.400256538321864850e-05
6.249999999999949374e+00 8.247394887395599237e-05
6.349999999999949019e+00 6.385079912822399584e-05
6.449999999999948663e+00 6.296398247366532998e-05
6.549999999999948308e+00 5.054854930984399445e-05
6.649999999999947953e+00 3.015176625499466282e-05
6.749999999999947597e+00 2.926494960043599358e-05
6.849999999999947242e+00 2.483086632764266430e-05
6.949999999999946887e+00 2.217041636396666334e-05
7.049999999999946532e+00 2.483086632764266430e-05
7.149999999999946176e+00 8.868166545586665336e-06
7.249999999999945821e+00 1.596269978205599896e-05
7.349999999999945466e+00 1.152861650926266460e-05
7.449999999999945111e+00 9.754983200145331192e-06
7.549999999999944755e+00 8.868166545586665336e-06
7.649999999999944400e+00 3.547266618234665965e-06
7.749999999999944045e+00 7.981349891027997786e-06
7.849999999999943689e+00 5.320899927351998524e-06
7.949999999999943334e+00 4.434083272793332668e-06
