-7.950000000000000178e+00 0.000000000000000000e+00
-7.850000000000000533e+00 0.000000000000000000e+00
-7.750000000000000888e+00 0.000000000000000000e+00
-7.650000000000001243e+00 0.000000000000000000e+00
-7.550000000000001599e+00 0.000000000000000000e+00
-7.450000000000001954e+00 0.000000000000000000e+00
-7.350000000000002309e+00 0.000000000000000000e+00
-7.250000000000002665e+00 0.000000000000000000e+00
-7.150000000000003020e+00 0.000000000000000000e+00
-7.050000000000003375e+00 0.000000000000000000e+00
-6.950000000000003730e+00 0.000000000000000000e+00
-6.850000000000004086e+00 0.000000000000000000e+00
-6.750000000000004441e+00 1.419422238372098033e-07
-6.650000000000004796e+00 2.838844476744196066e-07
-6.550000000000005151e+00 0.000000000000000000e+00
-6.450000000000005507e+00 0.000000000000000000e+00
-6.350000000000005862e+00 0.000000000000000000e+00
-6.250000000000006217e+00 2.838844476744196066e-07
-6.150000000000006573e+00 5.677688953488392131e-07
-6.050000000000006928e+00 2.838844476744196066e-07
-5.950000000000007283e+00 1.419422238372098033e-07
-5.850000000000007638e+00 5.677688953488392131e-07
-5.750000000000007994e+00 1.277480014534888362e-06
-5.650000000000008349e+00 1.561364462209307810e-06
-5.550000000000008704e+00 2.980786700581405895e-06
-5.450000000000009059e+00 3.264671148255825343e-06
-5.350000000000009415e+00 4.542151162790713705e-06
-5.250000000000009770e+00 8.516533430232588515e-06
-5.150000000000010125e+00 1.121343568313957581e-05
-5.050000000000010481e+00 1.660724018895355040e-05
-4.950000000000010836e+00 2.256881359011636050e-05
-4.850000000000011191e+00 3.335642260174429951e-05
-4.750000000000011546e+00 4.300849382267457090e-05
-4.650000000000011902e+00 5.890602289244205319e-05
-4.550000000000012257e+00 8.502339207848865594e-05
-4.450000000000012612e+00 1.091535701308143073e-04
-4.350000000000012967e+00 1.547170239825586312e-04
-4.250000000000013323e+00 1.910542332848843205e-04
-4.150000000000013678e+00 2.672772074854661548e-04
-4.050000000000014033e+00 3.568427507267459692e-04
-3.950000000000014388e+00 4.718159520348864130e-04
-3.850000000000014744e+00 6.065191224563979116e-04
-3.750000000000015099e+00 8.302200672238392370e-04
-3.650000000000015454e+00 1.083303052325585141e-03
-3.550000000000015810e+00 1.427371002906987563e-03
-3.450000000000016165e+00 1.864694994549438538e-03
-3.350000000000016520e+00 2.446090343386659541e-03
-3.250000000000016875e+00 3.122870866642487621e-03
-3.150000000000017231e+00 4.049043877180281970e-03
-3.050000000000017586e+00 5.215241188226714397e-03
-2.950000000000017941e+00 6.558298510174299240e-03
-2.850000000000018296e+00 8.396876135537550967e-03
-2.750000000000018652e+00 1.062764012536297417e-02
-2.650000000000019007e+00 1.332596180050813622e-02
-2.550000000000019362e+00 1.678963594658347894e-02
-2.450000000000019718e+00 2.087019099745528877e-02
-2.350000000000020073e+00 2.574122229287646724e-02
-2.250000000000020428e+00 3.183551167332693971e-02
-2.150000000000020783e+00 3.896243073219616410e-02
-2.050000000000021139e+00 4.717080759448098043e-02
-1.950000000000021272e+00 5.708433639172203616e-02
-1.850000000000021627e+00 6.866213776345173048e-02
-1.750000000000021982e+00 8.191982535429379042e-02
-1.650000000000022338e+00 9.677223382994812328e-02
-1.550000000000022693e+00 1.137787574945571534e-01
-1.450000000000023048e+00 1.325215184411447922e-01
-1.350000000000023404e+00 1.531678665516139903e-01
-1.250000000000023759e+00 1.751338515170962618e-01
-1.150000000000024114e+00 1.991917809774904347e-01
-1.050000000000024469e+00 2.236163472020553100e-01
-9.500000000000248246e-01 2.492945471475495334e-01
-8.500000000000251799e-01 2.750603254451432500e-01
-7.500000000000255351e-01 3.000448537427369278e-01
-6.500000000000258904e-01 3.241105900254344641e-01
-5.500000000000262457e-01 3.462591126907645922e-01
-4.500000000000266565e-01 3.661083132721573152e-01
-3.500000000000270117e-01 3.830029864643803572e-01
-2.500000000000273670e-01 3.962131234102385102e-01
-1.500000000000277223e-01 4.053549123364740270e-01
-5.000000000002806366e-02 4.098299248273893358e-01
4.999999999997158107e-02 4.099433366642351029e-01
1.499999999999712119e-01 4.054809570312412625e-01
2.499999999999708566e-01 3.962236271348019145e-01
3.499999999999705014e-01 3.830384720203403592e-01
4.499999999999701461e-01 3.657181140988291501e-01
5.499999999999698463e-01 3.462168139080612494e-01
6.499999999999694911e-01 3.243195289789225777e-01
7.499999999999691358e-01 2.999080214389578392e-01
8.499999999999687805e-01 2.752546443495761941e-01
9.499999999999684253e-01 2.491139966388287719e-01
1.049999999999968070e+00 2.237172681232034721e-01
1.149999999999967715e+00 1.990086755087400183e-01
1.249999999999967359e+00 1.753857989644073689e-01
1.349999999999967004e+00 1.532317405523407616e-01
1.449999999999966649e+00 1.326853197674529583e-01
1.549999999999966294e+00 1.134067269258797889e-01
1.649999999999965938e+00 9.710636582486094348e-02
1.749999999999965583e+00 8.175432072129962258e-02
1.849999999999965228e+00 6.872246320858252377e-02
1.949999999999964873e+00 5.714636514353889363e-02
2.049999999999964295e+00 4.726051507994613599e-02
2.149999999999963940e+00 3.884547033975427333e-02
2.249999999999963585e+00 3.179349677507112282e-02
2.349999999999963229e+00 2.580679960028925066e-02
2.449999999999962874e+00 2.089815361555122028e-02
2.549999999999962519e+00 1.666273959847302394e-02
2.649999999999962164e+00 1.333391056504302022e-02
2.749999999999961808e+00 1.065773187681645987e-02
2.849999999999961453e+00 8.415896393531732342e-03
2.949999999999961098e+00 6.642186364462082486e-03
3.049999999999960743e+00 5.159032067587183273e-03
3.149999999999960387e+00 4.028178370276212783e-03
3.249999999999960032e+00 3.133800417877952681e-03
3.349999999999959677e+00 2.404927098473868229e-03
3.449999999999959321e+00 1.857597883357577952e-03
3.549999999999958966e+00 1.434184229651173752e-03
3.649999999999958611e+00 1.094232603561050635e-03
3.749999999999958256e+00 8.266715116279090524e-04
3.849999999999957900e+00 6.280943404796537422e-04
3.949999999999957545e+00 4.765000454215142416e-04
4.049999999999957190e+00 3.510231195494203341e-04
4.149999999999956835e+00 2.688385719476754491e-04
4.249999999999956479e+00 2.029773800872099339e-04
4.349999999999956124e+00 1.442132994186051133e-04
4.449999999999955769e+00 1.112827034883724506e-04
4.549999999999955413e+00 7.608103197674443232e-05
4.649999999999955058e+00 5.379610283430251330e-05
4.749999999999954703e+00 4.286655159883735863e-05
4.849999999999954348e+00 2.952398255813963951e-05
4.949999999999953992e+00 2.129133357558147044e-05
5.049999999999953637e+00 1.760083575581401592e-05
5.149999999999953282e+00 1.305868459302330307e-05
5.249999999999952927e+00 7.806822311046539048e-06
5.349999999999952571e+00 5.393804505813972895e-06
5.449999999999952216e+00 5.819631177325601220e-06
5.549999999999951861e+00 2.554960029069776724e-06
5.649999999999951505e+00 1.703306686046517533e-06
5.749999999999951150e+00 1.135537790697678426e-06
5.849999999999950795e+00 9.935955668604684906e-07
5.949999999999950440e+00 5.677688953488392131e-07
6.049999999999950084e+00 7.097111191860490429e-07
6.149999999999949729e+00 2.838844476744196066e-07
6.249999999999949374e+00 1.419422238372098033e-07
6.349999999999949019e+00 1.419422238372098033e-07
6.449999999999948663e+00 0.000000000000000000e+00
6.549999999999948308e+00 0.000000000000000000e+00
6.649999999999947953e+00 1.419422238372098033e-07
6.749999999999947597e+00 1.419422238372098033e-07
6.849999999999947242e+00 0.000000000000000000e+00
6.949999999999946887e+00 0.000000000000000000e+00
7.049999999999946532e+00 0.000000000000000000e+00
7.149999999999946176e+00 0.000000000000000000e+00
7.249999999999945821e+00 0.000000000000000000e+00
7.349999999999945466e+00 0.000000000000000000e+00
7.449999999999945111e+00 0.000000000000000000e+00
7.549999999999944755e+00 0.000000000000000000e+00
7.649999999999944400e+00 0.000000000000000000e+00
7.749999999999944045e+00 0.000000000000000000e+00
7.849999999999943689e+00 0.000000000000000000e+00
7.949999999999943334e+00 0.000000000000000000e+00
