-7.950000000000000178e+00 3.857652447330198100e-04
-7.850000000000000533e+00 3.875388780421370875e-04
-7.750000000000000888e+00 2.855549627678905140e-04
-7.650000000000001243e+00 3.423112286596451288e-04
-7.550000000000001599e+00 5.613549423356356495e-04
-7.450000000000001954e+00 4.097092944061037339e-04
-7.350000000000002309e+00 4.026147611696344070e-04
-7.250000000000002665e+00 4.868623433527077176e-04
-7.150000000000003020e+00 5.586944923719597061e-04
-7.050000000000003375e+00 4.052752111333104588e-04
-6.950000000000003730e+00 4.168038276425731692e-04
-6.850000000000004086e+00 6.101298583363623258e-04
-6.750000000000004441e+00 6.234321081547422594e-04
-6.650000000000004796e+00 7.653227728841287963e-04
-6.550000000000005151e+00 8.344944719397048415e-04
-6.450000000000005507e+00 8.832693879404315178e-04
-6.350000000000005862e+00 9.932346531057059755e-04
-6.250000000000006217e+00 1.062406352161282021e-03
-6.150000000000006573e+00 1.152861650926265830e-03
-6.050000000000006928e+00 1.143993484380679063e-03
-5.950000000000007283e+00 1.105860368234656485e-03
-5.850000000000007638e+00 1.168824350708321923e-03
-5.750000000000007994e+00 1.194542033690523287e-03
-5.650000000000008349e+00 1.334659065110792384e-03
-5.550000000000008704e+00 1.689385726934258727e-03
-5.450000000000009059e+00 1.934147123592450720e-03
-5.350000000000009415e+00 1.740821092898661455e-03
-5.250000000000009770e+00 2.001545189338909542e-03
-5.150000000000010125e+00 2.110623637849625388e-03
-5.050000000000010481e+00 2.527427465492198232e-03
-4.950000000000010836e+00 2.644557091976978188e-03
-4.850000000000011191e+00 2.807801184498808986e-03
-4.750000000000011546e+00 3.084446083871290791e-03
-4.650000000000011902e+00 3.162534829130579130e-03
-4.550000000000012257e+00 3.690581775857987301e-03
-4.450000000000012612e+00 3.766903870616461567e-03
-4.350000000000012967e+00 4.552372045456509059e-03
-4.250000000000013323e+00 5.160043955270000697e-03
-4.150000000000013678e+00 5.361511940445800456e-03
-4.050000000000014033e+00 5.351680146354315104e-03
-3.950000000000014388e+00 6.450320290803040341e-03
-3.850000000000014744e+00 7.028545698000202534e-03
-3.750000000000015099e+00 7.632537667837687063e-03
-3.650000000000015454e+00 8.344050919934191748e-03
-3.550000000000015810e+00 8.731422210577037546e-03
-3.450000000000016165e+00 9.184599486673130503e-03
-3.350000000000016520e+00 1.056221678846776604e-02
-3.250000000000016875e+00 1.151648038843101907e-02
-3.150000000000017231e+00 1.148124513773097870e-02
-3.050000000000017586e+00 1.255178646156598389e-02
-2.950000000000017941e+00 1.468538353873451337e-02
-2.850000000000018296e+00 1.597246873087282415e-02
-2.750000000000018652e+00 1.871992448601191711e-02
-2.650000000000019007e+00 2.029764812536320046e-02
-2.550000000000019362e+00 2.164275347169624872e-02
-2.450000000000019718e+00 2.371353320536553552e-02
-2.350000000000020073e+00 2.739460439631416500e-02
-2.250000000000020428e+00 2.950908952715576572e-02
-2.150000000000020783e+00 3.309793178603026576e-02
-2.050000000000021139e+00 3.692351219482214314e-02
-1.950000000000021272e+00 4.156411900600327780e-02
-1.850000000000021627e+00 4.622842546856683471e-02
-1.750000000000021982e+00 5.231766474199027461e-02
-1.650000000000022338e+00 6.064047395906489724e-02
-1.550000000000022693e+00 6.932101244553345865e-02
-1.450000000000023048e+00 7.840480112872701135e-02
-1.350000000000023404e+00 9.198634931363447453e-02
-1.250000000000023759e+00 1.012553011246150325e-01
-1.150000000000024114e+00 1.164352211130275788e-01
-1.050000000000024469e+00 1.344578214134157235e-01
-9.500000000000248246e-01 1.561024881745870507e-01
-8.500000000000251799e-01 1.788056090184197422e-01
-7.500000000000255351e-01 2.136272470341967766e-01
-6.500000000000258904e-01 2.594097363988761007e-01
-5.500000000000262457e-01 3.106772496172738318e-01
-4.500000000000266565e-01 3.771739535194765791e-01
-3.500000000000270117e-01 4.579883611891910622e-01
-2.500000000000273670e-01 5.785113601799989347e-01
-1.500000000000277223e-01 7.703026115055043865e-01
-5.000000000002806366e-02 1.032398368912080144e+00
4.999999999997158107e-02 9.915039151880125079e-01
1.499999999999712119e-01 7.107232311306366235e-01
2.499999999999708566e-01 5.281262365156970118e-01
3.499999999999705014e-01 4.041290180643126173e-01
4.499999999999701461e-01 3.079764669528370913e-01
5.499999999999698463e-01 2.452181491321406281e-01
6.499999999999694911e-01 1.982804518929436877e-01
7.499999999999691358e-01 1.657799622025623587e-01
8.499999999999687805e-01 1.336800832073679890e-01
9.499999999999684253e-01 1.119317007944635040e-01
1.049999999999968070e+00 9.151001704520370095e-02
1.149999999999967715e+00 7.621803694913484306e-02
1.249999999999967359e+00 6.426853865218068451e-02
1.349999999999967004e+00 5.603657577113602128e-02
1.449999999999966649e+00 4.873633598485051233e-02
1.549999999999966294e+00 3.895993651163762866e-02
1.649999999999965938e+00 3.402380328743108417e-02
1.749999999999965583e+00 3.100908752727953716e-02
1.849999999999965228e+00 2.670822925411062143e-02
1.949999999999964873e+00 2.305980269198140004e-02
2.049999999999964295e+00 1.956102469460688220e-02
2.149999999999963940e+00 1.756652515884626203e-02
2.249999999999963585e+00 1.503990071630889429e-02
2.349999999999963229e+00 1.221900676624075761e-02
2.449999999999962874e+00 1.101923460913081972e-02
2.549999999999962519e+00 9.678270068121870226e-03
2.649999999999962164e+00 8.291393562516666260e-03
2.749999999999961808e+00 7.725702296224486870e-03
2.849999999999961453e+00 6.937224531005568157e-03
2.949999999999961098e+00 6.356122206787321281e-03
3.049999999999960743e+00 5.754804652530113793e-03
3.149999999999960387e+00 5.462127225292539613e-03
3.249999999999960032e+00 5.133998080297529770e-03
3.349999999999959677e+00 4.679822262614027895e-03
3.449999999999959321e+00 4.315333634782112480e-03
3.549999999999958966e+00 3.886086442742502783e-03
3.649999999999958611e+00 3.394790016117002658e-03
3.749999999999958256e+00 3.206777902542261478e-03
3.849999999999957900e+00 2.737658875089030771e-03
3.949999999999957545e+00 2.706599343754566983e-03
4.049999999999957190e+00 2.298628768616062332e-03
4.149999999999956835e+00 2.135454504177267815e-03
4.249999999999956479e+00 1.933260306937891783e-03
4.349999999999956124e+00 2.044999205412284006e-03
4.449999999999955769e+00 2.008639722575378435e-03
4.549999999999955413e+00 1.909316257264808076e-03
4.649999999999955058e+00 1.834823658281880144e-03
4.749999999999954703e+00 1.262826916091540613e-03
4.849999999999954348e+00 9.710642367417393834e-04
4.949999999999953992e+00 9.355915705593926407e-04
5.049999999999953637e+00 8.176449555030901361e-04
5.149999999999953282e+00 6.633388576098822771e-04
5.249999999999952927e+00 6.456025245187089600e-04
5.349999999999952571e+00 4.460687772430090340e-04
5.449999999999952216e+00 4.185774609516903924e-04
5.549999999999951861e+00 3.485189452415557898e-04
5.649999999999951505e+00 4.584842104068303560e-04
5.749999999999951150e+00 3.094990124409744922e-04
5.849999999999950795e+00 2.350064134580465603e-04
5.949999999999950440e+00 2.021941972393758694e-04
6.049999999999950084e+00 2.917626793498011750e-04
6.149999999999949729e+00 2.456482133127505505e-04
6.249999999999949374e+00 2.518559298946611573e-04
6.349999999999949019e+00 2.509691132401024915e-04
6.449999999999948663e+00 2.021941972393758694e-04
6.549999999999948308e+00 2.802340628405385189e-04
6.649999999999947953e+00 1.835710474936438864e-04
6.749999999999947597e+00 1.605138144751185741e-04
6.849999999999947242e+00 1.489851979658558909e-04
6.949999999999946887e+00 3.635948283690532042e-05
7.049999999999946532e+00 4.168038276425731556e-05
7.149999999999946176e+00 3.813311614602265214e-05
7.249999999999945821e+00 5.852989920087196682e-05
7.349999999999945466e+00 2.571768298220131660e-05
7.449999999999945111e+00 3.192539956411197759e-05
7.549999999999944755e+00 4.700128269160929714e-05
7.649999999999944400e+00 2.483086632764265074e-05
7.749999999999944045e+00 2.837813294587731417e-05
7.849999999999943689e+00 3.192539956411197759e-05
7.949999999999943334e+00 3.813311614602263858e-05
