-7.950000000000000178e+00 3.530812817950593359e-04
-7.850000000000000533e+00 3.947768100472396832e-04
-7.750000000000000888e+00 3.885668377543617788e-04
-7.650000000000001243e+00 4.071967546329955463e-04
-7.550000000000001599e+00 4.763935887536352312e-04
-7.450000000000001954e+00 4.426823105922979892e-04
-7.350000000000002309e+00 5.216376726017459258e-04
-7.250000000000002665e+00 4.941363667332864798e-04
-7.150000000000003020e+00 5.562360896620656327e-04
-7.050000000000003375e+00 5.846245344295076521e-04
-6.950000000000003730e+00 6.041415902071239387e-04
-6.850000000000004086e+00 6.227715070857577605e-04
-6.750000000000004441e+00 7.318965770062738161e-04
-6.650000000000004796e+00 6.981783134992752956e-04
-6.550000000000005151e+00 8.135063703670081942e-04
-6.450000000000005507e+00 8.640802729546752815e-04
-6.350000000000005862e+00 9.386139111605329086e-04
-6.250000000000006217e+00 1.006043452828868671e-03
-6.150000000000006573e+00 9.998544365729744934e-04
-6.050000000000006928e+00 1.079675981444421168e-03
-5.950000000000007283e+00 1.142718726037473230e-03
-5.850000000000007638e+00 1.210979523839501339e-03
-5.750000000000007994e+00 1.297073909114777315e-03
-5.650000000000008349e+00 1.309479883009210567e-03
-5.550000000000008704e+00 1.404431686582989502e-03
-5.450000000000009059e+00 1.560568132803920229e-03
-5.350000000000009415e+00 1.565897951543476730e-03
-5.250000000000009770e+00 1.806459285426637463e-03
-5.150000000000010125e+00 1.879148792377917159e-03
-5.050000000000010481e+00 1.926250978171928233e-03
-4.950000000000010836e+00 2.037171281927393270e-03
-4.850000000000011191e+00 2.284005456214383088e-03
-4.750000000000011546e+00 2.422364197727355957e-03
-4.650000000000011902e+00 2.600651175040205251e-03
-4.550000000000012257e+00 2.738213587147792383e-03
-4.450000000000012612e+00 2.912148694113664803e-03
-4.350000000000012967e+00 3.186253657862291554e-03
-4.250000000000013323e+00 3.345980571753120678e-03
-4.150000000000013678e+00 3.728714645880313802e-03
-4.050000000000014033e+00 3.849246785265701166e-03
-3.950000000000014388e+00 4.248640908795050207e-03
-3.850000000000014744e+00 4.519330038515314424e-03
-3.750000000000015099e+00 4.764313096202068068e-03
-3.650000000000015454e+00 5.458055715206439062e-03
-3.550000000000015810e+00 5.749169995640287384e-03
-3.450000000000016165e+00 6.082880913916620912e-03
-3.350000000000016520e+00 6.648763765936923503e-03
-3.250000000000016875e+00 7.088428407203552044e-03
-3.150000000000017231e+00 7.899769320415573476e-03
-3.050000000000017586e+00 8.458960211292367026e-03
-2.950000000000017941e+00 9.300393993613183599e-03
-2.850000000000018296e+00 1.038877371575157305e-02
-2.750000000000018652e+00 1.110280177855630344e-02
-2.650000000000019007e+00 1.208162333934317823e-02
-2.550000000000019362e+00 1.308918261218055754e-02
-2.450000000000019718e+00 1.456481592708899417e-02
-2.350000000000020073e+00 1.598956099885500554e-02
-2.250000000000020428e+00 1.787301974950595770e-02
-2.150000000000020783e+00 1.955124904462849852e-02
-2.050000000000021139e+00 2.184212109562795601e-02
-1.950000000000021272e+00 2.411717133870460578e-02
-1.850000000000021627e+00 2.712186189213895010e-02
-1.750000000000021982e+00 3.056252183898510583e-02
-1.650000000000022338e+00 3.503628646775194116e-02
-1.550000000000022693e+00 4.045845147695077693e-02
-1.450000000000023048e+00 4.566947044284611068e-02
-1.350000000000023404e+00 5.330143558129955828e-02
-1.250000000000023759e+00 6.179240963175738205e-02
-1.150000000000024114e+00 7.292562560532209193e-02
-1.050000000000024469e+00 8.680825966047513165e-02
-9.500000000000248246e-01 1.034369518459536119e-01
-8.500000000000251799e-01 1.244013153618210160e-01
-7.500000000000255351e-01 1.525817225647778108e-01
-6.500000000000258904e-01 1.902289216803454419e-01
-5.500000000000262457e-01 2.402691019474169909e-01
-4.500000000000266565e-01 3.120134078065769923e-01
-3.500000000000270117e-01 4.161479442116542415e-01
-2.500000000000273670e-01 5.727787503303796157e-01
-1.500000000000277223e-01 8.320079454898070548e-01
-5.000000000002806366e-02 1.317920862940775262e+00
4.999999999997158107e-02 1.319080947236126455e+00
1.499999999999712119e-01 8.323067366651227816e-01
2.499999999999708566e-01 5.718487703064569772e-01
3.499999999999705014e-01 4.139843591292945990e-01
4.499999999999701461e-01 3.124508930199972889e-01
5.499999999999698463e-01 2.401991856226931843e-01
6.499999999999694911e-01 1.895563237026577363e-01
7.499999999999691358e-01 1.531572801205389189e-01
8.499999999999687805e-01 1.248311376510509857e-01
9.499999999999684253e-01 1.031439235808086358e-01
1.049999999999968070e+00 8.520883204975764069e-02
1.149999999999967715e+00 7.195583609647544787e-02
1.249999999999967359e+00 6.183045182422873542e-02
1.349999999999967004e+00 5.272061806025544334e-02
1.449999999999966649e+00 4.528129478444876954e-02
1.549999999999966294e+00 3.998218362441904178e-02
1.649999999999965938e+00 3.543306807200397035e-02
1.749999999999965583e+00 3.101123250288308902e-02
1.849999999999965228e+00 2.732258579971583168e-02
1.949999999999964873e+00 2.404319652815165020e-02
2.049999999999964295e+00 2.194176705148611489e-02
2.149999999999963940e+00 1.983009705808114198e-02
2.249999999999963585e+00 1.765365195435911888e-02
2.349999999999963229e+00 1.626921232705869080e-02
2.449999999999962874e+00 1.465022574848946421e-02
2.549999999999962519e+00 1.316157174926840465e-02
2.649999999999962164e+00 1.185367055437862305e-02
2.749999999999961808e+00 1.088796747274363430e-02
2.849999999999961453e+00 9.763711015288910333e-03
2.949999999999961098e+00 8.999311624920691005e-03
3.049999999999960743e+00 8.123167660008971669e-03
3.149999999999960387e+00 7.645712298714817459e-03
3.249999999999960032e+00 7.038629877984285341e-03
3.349999999999959677e+00 6.586873603377979558e-03
3.449999999999959321e+00 6.032181275107051030e-03
3.549999999999958966e+00 5.636412545975904610e-03
3.649999999999958611e+00 5.193534645705085405e-03
3.749999999999958256e+00 4.897342018975486821e-03
3.849999999999957900e+00 4.352352335828075722e-03
3.949999999999957545e+00 4.080720184443538054e-03
4.049999999999957190e+00 3.816422646003347040e-03
4.149999999999956835e+00 3.511142084568425695e-03
4.249999999999956479e+00 3.347789776279392216e-03
4.349999999999956124e+00 3.157963007934107974e-03
4.449999999999955769e+00 2.989483455929695284e-03
4.549999999999955413e+00 2.673382594065452835e-03
4.649999999999955058e+00 2.561540224682698833e-03
4.749999999999954703e+00 2.290913963073389157e-03
4.849999999999954348e+00 2.145388256911942917e-03
4.949999999999953992e+00 2.173846555135997612e-03
5.049999999999953637e+00 1.904938688559362856e-03
5.149999999999953282e+00 1.821491749289712043e-03
5.249999999999952927e+00 1.812690213756499094e-03
5.349999999999952571e+00 1.687470907432393925e-03
5.449999999999952216e+00 1.549992319472742134e-03
5.549999999999951861e+00 1.459448269011230735e-03
5.649999999999951505e+00 1.382197331343135377e-03
5.749999999999951150e+00 1.252696008128665467e-03
5.849999999999950795e+00 1.188835978093243616e-03
5.949999999999950440e+00 1.099220978604682677e-03
6.049999999999950084e+00 1.053948953373926977e-03
6.149999999999949729e+00 9.953977860410780087e-04
6.249999999999949374e+00 9.190898700372552351e-04
6.349999999999949019e+00 8.516673137145807509e-04
6.449999999999948663e+00 8.152876335106345107e-04
6.549999999999948308e+00 7.700505350081853113e-04
6.649999999999947953e+00 7.061625635901183466e-04
6.749999999999947597e+00 7.123725358829962511e-04
6.849999999999947242e+00 6.582570630450601491e-04
6.949999999999946887e+00 6.378528683684612892e-04
7.049999999999946532e+00 5.526875340661354481e-04
7.149999999999946176e+00 5.890602289244204100e-04
7.249999999999945821e+00 5.455904228742749704e-04
7.349999999999945466e+00 5.358318949854667728e-04
7.449999999999945111e+00 4.692964775617747535e-04
7.549999999999944755e+00 4.621993663699142758e-04
7.649999999999944400e+00 4.231652548146816483e-04
7.749999999999944045e+00 3.876796988553792055e-04
7.849999999999943689e+00 3.459841706031988582e-04
7.949999999999943334e+00 3.264671148255825174e-04
