-7.950000000000000178e+00 8.871388989825613036e-07
-7.850000000000000533e+00 8.871388989825613036e-07
-7.750000000000000888e+00 2.661416696947683805e-06
-7.650000000000001243e+00 1.774277797965122607e-06
-7.550000000000001599e+00 0.000000000000000000e+00
-7.450000000000001954e+00 0.000000000000000000e+00
-7.350000000000002309e+00 0.000000000000000000e+00
-7.250000000000002665e+00 1.774277797965122607e-06
-7.150000000000003020e+00 1.774277797965122607e-06
-7.050000000000003375e+00 5.322833393895367610e-06
-6.950000000000003730e+00 5.322833393895367610e-06
-6.850000000000004086e+00 6.209972292877929019e-06
-6.750000000000004441e+00 8.871388989825612401e-06
-6.650000000000004796e+00 1.685563908066866509e-05
-6.550000000000005151e+00 8.871388989825612401e-06
-6.450000000000005507e+00 1.596850018168610198e-05
-6.350000000000005862e+00 2.217847247456403354e-05
-6.250000000000006217e+00 2.661416696947683551e-05
-6.150000000000006573e+00 3.725983375726757581e-05
-6.050000000000006928e+00 4.346980605014550059e-05
-5.950000000000007283e+00 5.500261173691879722e-05
-5.850000000000007638e+00 5.943830623183160258e-05
-5.750000000000007994e+00 6.919683412063977977e-05
-5.650000000000008349e+00 1.046823900799422226e-04
-5.550000000000008704e+00 1.259737236555236964e-04
-5.450000000000009059e+00 1.694435297056691902e-04
-5.350000000000009415e+00 1.658949741097389514e-04
-5.250000000000009770e+00 2.324303915334310520e-04
-5.150000000000010125e+00 3.007400867550883263e-04
-5.050000000000010481e+00 3.113857535428789887e-04
-4.950000000000010836e+00 3.681626430777629189e-04
-4.850000000000011191e+00 4.755064498546527664e-04
-4.750000000000011546e+00 5.952702012172984228e-04
-4.650000000000011902e+00 6.875326467114846333e-04
-4.550000000000012257e+00 8.339105650436069456e-04
-4.450000000000012612e+00 9.669813998909908758e-04
-4.350000000000012967e+00 1.092067984647531863e-03
-4.250000000000013323e+00 1.313852709393171711e-03
-4.150000000000013678e+00 1.520556072856108247e-03
-4.050000000000014033e+00 1.890492993731835662e-03
-3.950000000000014388e+00 2.193007358284888159e-03
-3.850000000000014744e+00 2.686256586119191957e-03
-3.750000000000015099e+00 3.147568813590122683e-03
-3.650000000000015454e+00 3.565411235010908404e-03
-3.550000000000015810e+00 4.310607910156264745e-03
-3.450000000000016165e+00 5.117017169331422762e-03
-3.350000000000016520e+00 5.820518316224602279e-03
-3.250000000000016875e+00 6.917909134266044327e-03
-3.150000000000017231e+00 8.119095203488446363e-03
-3.050000000000017586e+00 9.368186773255909525e-03
-2.950000000000017941e+00 1.108834909838311844e-02
-2.850000000000018296e+00 1.287506081162534052e-02
-2.750000000000018652e+00 1.506541373855897238e-02
-2.650000000000019007e+00 1.773924339474678563e-02
-2.550000000000019362e+00 2.049824537058258372e-02
-2.450000000000019718e+00 2.409824105196254132e-02
-2.350000000000020073e+00 2.811432583300230853e-02
-2.250000000000020428e+00 3.267243851062910653e-02
-2.150000000000020783e+00 3.775576535783622262e-02
-2.050000000000021139e+00 4.380605963424303445e-02
-1.950000000000021272e+00 5.035670024967600633e-02
-1.850000000000021627e+00 5.859199667823990210e-02
-1.750000000000021982e+00 6.760710915504587748e-02
-1.650000000000022338e+00 7.849677406678416680e-02
-1.550000000000022693e+00 9.049177911992656309e-02
-1.450000000000023048e+00 1.044544442803209960e-01
-1.350000000000023404e+00 1.205897964284717988e-01
-1.250000000000023759e+00 1.384373336370043894e-01
-1.150000000000024114e+00 1.582640288317475885e-01
-1.050000000000024469e+00 1.817138202459729346e-01
-9.500000000000248246e-01 2.072944424567524646e-01
-8.500000000000251799e-01 2.365071929389539473e-01
-7.500000000000255351e-01 2.699888208763303599e-01
-6.500000000000258904e-01 3.050459725715719550e-01
-5.500000000000262457e-01 3.451093538539579120e-01
-4.500000000000266565e-01 3.864510533923593005e-01
-3.500000000000270117e-01 4.303062269919482041e-01
-2.500000000000273670e-01 4.745480324885433254e-01
-1.500000000000277223e-01 5.165488832142328679e-01
-5.000000000002806366e-02 5.456854026192317075e-01
4.999999999997158107e-02 5.435847066038607123e-01
1.499999999999712119e-01 5.118203769998906916e-01
2.499999999999708566e-01 4.706207035094756019e-01
3.499999999999705014e-01 4.243800064251769255e-01
4.499999999999701461e-01 3.799279280534857417e-01
5.499999999999698463e-01 3.362983182506453783e-01
6.499999999999694911e-01 2.985290222782631120e-01
7.499999999999691358e-01 2.615706550837002542e-01
8.499999999999687805e-01 2.299999941881886167e-01
9.499999999999684253e-01 2.000155376440571064e-01
1.049999999999968070e+00 1.741765763946864776e-01
1.149999999999967715e+00 1.520060602288311191e-01
1.249999999999967359e+00 1.316772933146836688e-01
1.349999999999967004e+00 1.137029371556704249e-01
1.449999999999966649e+00 9.878212007230077751e-02
1.549999999999966294e+00 8.465710150804692247e-02
1.649999999999965938e+00 7.358198265434720553e-02
1.749999999999965583e+00 6.338433498123494103e-02
1.849999999999965228e+00 5.415454187622038840e-02
1.949999999999964873e+00 4.732445250760791700e-02
2.049999999999964295e+00 4.058484432134598641e-02
2.149999999999963940e+00 3.462681249043336740e-02
2.249999999999963585e+00 2.949294666736688303e-02
2.349999999999963229e+00 2.574122927822392742e-02
2.449999999999962874e+00 2.189193359553854440e-02
2.549999999999962519e+00 1.872661501862306344e-02
2.649999999999962164e+00 1.605633391803118482e-02
2.749999999999961808e+00 1.354040800051660789e-02
2.849999999999961453e+00 1.173773477243836121e-02
2.949999999999961098e+00 9.806433389353301153e-03
3.049999999999960743e+00 8.444675179415050970e-03
3.149999999999960387e+00 7.286958916242794806e-03
3.249999999999960032e+00 5.988187568132309277e-03
3.349999999999959677e+00 5.232345226199157720e-03
3.449999999999959321e+00 4.346980605014550032e-03
3.549999999999958966e+00 3.726870514625735438e-03
3.649999999999958611e+00 3.153778785883001347e-03
3.749999999999958256e+00 2.603752668513813727e-03
3.849999999999957900e+00 2.243574275526894618e-03
3.949999999999957545e+00 1.859443132267446031e-03
4.049999999999957190e+00 1.610157101653346846e-03
4.149999999999956835e+00 1.375065293422968616e-03
4.249999999999956479e+00 1.108923623728200539e-03
4.349999999999956124e+00 9.510128997093048823e-04
4.449999999999955769e+00 7.726979810138103659e-04
4.549999999999955413e+00 6.733384243277637862e-04
4.649999999999955058e+00 5.872859511264553719e-04
4.749999999999954703e+00 4.781678665516004320e-04
4.849999999999954348e+00 3.672755041787803456e-04
4.949999999999953992e+00 3.442098928052337659e-04
5.049999999999953637e+00 2.679159474927334948e-04
5.149999999999953282e+00 2.253332803415705743e-04
5.249999999999952927e+00 1.800891964934599339e-04
5.349999999999952571e+00 1.570235851199133542e-04
5.449999999999952216e+00 1.277480014534888159e-04
5.549999999999951861e+00 8.782675099927356090e-05
5.649999999999951505e+00 9.137530659520379977e-05
5.749999999999951150e+00 5.943830623183160258e-05
5.849999999999950795e+00 5.766402843386648315e-05
5.949999999999950440e+00 4.435694494912806031e-05
6.049999999999950084e+00 3.814697265625013553e-05
6.149999999999949729e+00 2.750130586845939861e-05
6.249999999999949374e+00 2.040419467659890734e-05
6.349999999999949019e+00 1.596850018168610198e-05
6.449999999999948663e+00 1.330708348473841945e-05
6.549999999999948308e+00 7.984250090843050991e-06
6.649999999999947953e+00 7.984250090843050991e-06
6.749999999999947597e+00 1.774277797965122607e-06
6.849999999999947242e+00 3.548555595930245214e-06
6.949999999999946887e+00 2.661416696947683805e-06
7.049999999999946532e+00 3.548555595930245214e-06
7.149999999999946176e+00 1.774277797965122607e-06
7.249999999999945821e+00 1.774277797965122607e-06
7.349999999999945466e+00 2.661416696947683805e-06
7.449999999999945111e+00 8.871388989825613036e-07
7.549999999999944755e+00 1.774277797965122607e-06
7.649999999999944400e+00 8.871388989825613036e-07
7.749999999999944045e+00 0.000000000000000000e+00
7.849999999999943689e+00 0.000000000000000000e+00
7.949999999999943334e+00 8.871388989825613036e-07
