-7.950000000000000178e+00 0.000000000000000000e+00
-7.850000000000000533e+00 6.207716581910666074e-06
-7.750000000000000888e+00 1.507588312749732633e-05
-7.650000000000001243e+00 8.868166545586665336e-06
-7.550000000000001599e+00 8.868166545586665336e-06
-7.450000000000001954e+00 7.094533236469332777e-06
-7.350000000000002309e+00 7.981349891027999480e-06
-7.250000000000002665e+00 8.868166545586665336e-06
-7.150000000000003020e+00 9.754983200145331192e-06
-7.050000000000003375e+00 6.385079912822396874e-05
-6.950000000000003730e+00 4.700128269160931070e-05
-6.850000000000004086e+00 1.747028809480572007e-04
-6.750000000000004441e+00 2.731395296040691921e-04
-6.650000000000004796e+00 2.252514302579012087e-04
-6.550000000000005151e+00 2.261382469124598746e-04
-6.450000000000005507e+00 2.935363126589185068e-04
-6.350000000000005862e+00 2.784604295314211872e-04
-6.250000000000006217e+00 3.298957954958238068e-04
-6.150000000000006573e+00 2.350064134580465603e-04
-6.050000000000006928e+00 3.733498115691984338e-04
-5.950000000000007283e+00 4.088224777515451222e-04
-5.850000000000007638e+00 3.458584952778797923e-04
-5.750000000000007994e+00 3.689157282964051045e-04
-5.650000000000008349e+00 5.391845259716690573e-04
-5.550000000000008704e+00 5.356372593534343939e-04
-5.450000000000009059e+00 6.624520409553235571e-04
-5.350000000000009415e+00 5.950539752088650604e-04
-5.250000000000009770e+00 6.473761578278261833e-04
-5.150000000000010125e+00 7.183214901925195602e-04
-5.050000000000010481e+00 7.130005902651675651e-04
-4.950000000000010836e+00 9.143079708499848770e-04
-4.850000000000011191e+00 1.200749750272433894e-03
-4.750000000000011546e+00 1.610459044678537628e-03
-4.650000000000011902e+00 2.013073805848171818e-03
-4.550000000000012257e+00 1.830389575009086760e-03
-4.450000000000012612e+00 1.852559991373053461e-03
-4.350000000000012967e+00 2.312817835089000552e-03
-4.250000000000013323e+00 2.192210770069022430e-03
-4.150000000000013678e+00 2.578862831456600960e-03
-4.050000000000014033e+00 2.938023576552860686e-03
-3.950000000000014388e+00 3.811537981293146825e-03
-3.850000000000014744e+00 3.535738001725401581e-03
-3.750000000000015099e+00 3.614664683981122680e-03
-3.650000000000015454e+00 4.396836973301865639e-03
-3.550000000000015810e+00 4.972380982110440051e-03
-3.450000000000016165e+00 5.472545575281527810e-03
-3.350000000000016520e+00 6.656445809117346457e-03
-3.250000000000016875e+00 7.352596882945899859e-03
-3.150000000000017231e+00 8.406135068561595980e-03
-3.050000000000017586e+00 9.163476491554703451e-03
-2.950000000000017941e+00 9.796663582909594450e-03
-2.850000000000018296e+00 1.150289882628047385e-02
-2.750000000000018652e+00 1.175918883944792118e-02
-2.650000000000019007e+00 1.299541125590271406e-02
-2.550000000000019362e+00 1.591924576598270982e-02
-2.450000000000019718e+00 1.893176194151859060e-02
-2.350000000000020073e+00 2.036929173855823311e-02
-2.250000000000020428e+00 2.423403871912506446e-02
-2.150000000000020783e+00 2.807838891663704678e-02
-2.050000000000021139e+00 3.337445797766162847e-02
-1.950000000000021272e+00 3.858539263984858692e-02
-1.850000000000021627e+00 4.473723977252229422e-02
-1.750000000000021982e+00 5.414193039411727137e-02
-1.650000000000022338e+00 6.008714924627853171e-02
-1.550000000000022693e+00 7.059149251952577531e-02
-1.450000000000023048e+00 8.317276039774884611e-02
-1.350000000000023404e+00 1.028157492962229191e-01
-1.250000000000023759e+00 1.220286321172364269e-01
-1.150000000000024114e+00 1.464258451007996453e-01
-1.050000000000024469e+00 1.679861316064303611e-01
-9.500000000000248246e-01 1.953222549832017707e-01
-8.500000000000251799e-01 2.335875068107540475e-01
-7.500000000000255351e-01 2.682913029535979321e-01
-6.500000000000258904e-01 3.161261933004899660e-01
-5.500000000000262457e-01 3.689866736287678028e-01
-4.500000000000266565e-01 4.075020077529055706e-01
-3.500000000000270117e-01 4.567345211473868294e-01
-2.500000000000273670e-01 4.980956499160035245e-01
-1.500000000000277223e-01 5.236492718171099625e-01
-5.000000000002806366e-02 5.449763255425903452e-01
4.999999999997158107e-02 5.451226502905921478e-01
1.499999999999712119e-01 5.345092285688356482e-01
2.499999999999708566e-01 5.070622531102465524e-01
3.499999999999705014e-01 4.631869991259570662e-01
4.499999999999701461e-01 4.147339975708324578e-01
5.499999999999698463e-01 3.647742945196153497e-01
6.499999999999694911e-01 3.179202233926622378e-01
7.499999999999691358e-01 2.791610146885233346e-01
8.499999999999687805e-01 2.392250002837840728e-01
9.499999999999684253e-01 2.011530744869252374e-01
1.049999999999968070e+00 1.649656340810030652e-01
1.149999999999967715e+00 1.420440840106250713e-01
1.249999999999967359e+00 1.238590216922455800e-01
1.349999999999967004e+00 1.016761898951149823e-01
1.449999999999966649e+00 8.695858069605991170e-02
1.549999999999966294e+00 7.164414388848674986e-02
1.649999999999965938e+00 6.339320173447321460e-02
1.749999999999965583e+00 5.379341144887565818e-02
1.849999999999965228e+00 4.411203403105844190e-02
1.949999999999964873e+00 3.818455151198801856e-02
2.049999999999964295e+00 3.208680019524239729e-02
2.149999999999963940e+00 2.714634461269583438e-02
2.249999999999963585e+00 2.324169088267387384e-02
2.349999999999963229e+00 2.124457977660767355e-02
2.449999999999962874e+00 1.841474783191085485e-02
2.549999999999962519e+00 1.560619948692347839e-02
2.649999999999962164e+00 1.423606775563029773e-02
2.749999999999961808e+00 1.173081070650204560e-02
2.849999999999961453e+00 9.792229499636789791e-03
2.949999999999961098e+00 1.007955809571380208e-02
3.049999999999960743e+00 9.191854624500579024e-03
3.149999999999960387e+00 7.702889461496572818e-03
3.249999999999960032e+00 6.963284371594645819e-03
3.349999999999959677e+00 6.220132015074483073e-03
3.449999999999959321e+00 5.062836280875424727e-03
3.549999999999958966e+00 5.184330162549961353e-03
3.649999999999958611e+00 4.718751418906661291e-03
3.749999999999958256e+00 3.913521896567392910e-03
3.849999999999957900e+00 3.668760499909201351e-03
3.949999999999957545e+00 3.430206819832920181e-03
4.049999999999957190e+00 3.146425490374147108e-03
4.149999999999956835e+00 2.778396578732300615e-03
4.249999999999956479e+00 2.500822965855437931e-03
4.349999999999956124e+00 1.982035222938618568e-03
4.449999999999955769e+00 1.663668043952057580e-03
4.549999999999955413e+00 1.387868064384312336e-03
4.649999999999955058e+00 1.470342013258268314e-03
4.749999999999954703e+00 1.391415331002546999e-03
4.849999999999954348e+00 1.463247480021798771e-03
4.949999999999953992e+00 9.471201870686553510e-04
5.049999999999953637e+00 9.018925376861634466e-04
5.149999999999953282e+00 8.628726048855821489e-04
5.249999999999952927e+00 7.919272725208888804e-04
5.349999999999952571e+00 5.480526925172557158e-04
5.449999999999952216e+00 5.125800263349090816e-04
5.549999999999951861e+00 5.551472257537249343e-04
5.649999999999951505e+00 5.453922425535796641e-04
5.749999999999951150e+00 4.708996435706516779e-04
5.849999999999950795e+00 5.267690928078477353e-04
5.949999999999950440e+00 3.112726457500918239e-04
6.049999999999950084e+00 3.529530285143491191e-04
6.149999999999949729e+00 3.955202279331650802e-04
6.249999999999949374e+00 3.041781125136224970e-04
6.349999999999949019e+00 1.445511146930626158e-04
6.449999999999948663e+00 1.392302147657106207e-04
6.549999999999948308e+00 1.445511146930626158e-04
6.649999999999947953e+00 1.614006311296772671e-04
6.749999999999947597e+00 1.339093148383585985e-04
6.849999999999947242e+00 1.525324645840905814e-04
6.949999999999946887e+00 9.754983200145328482e-05
7.049999999999946532e+00 5.675626589175465544e-05
7.149999999999946176e+00 2.394404967308399505e-05
7.249999999999945821e+00 2.483086632764266430e-05
7.349999999999945466e+00 2.926494960043599358e-05
7.449999999999945111e+00 3.635948283690532042e-05
7.549999999999944755e+00 5.586944923719596926e-05
7.649999999999944400e+00 3.103858290955331851e-05
7.749999999999944045e+00 4.877491600072663563e-05
7.849999999999943689e+00 3.458584952778797516e-05
7.949999999999943334e+00 0.000000000000000000e+00
