-7.950000000000000178e+00 0.000000000000000000e+00
-7.850000000000000533e+00 0.000000000000000000e+00
-7.750000000000000888e+00 0.000000000000000000e+00
-7.650000000000001243e+00 0.000000000000000000e+00
-7.550000000000001599e+00 0.000000000000000000e+00
-7.450000000000001954e+00 0.000000000000000000e+00
-7.350000000000002309e+00 0.000000000000000000e+00
-7.250000000000002665e+00 0.000000000000000000e+00
-7.150000000000003020e+00 0.000000000000000000e+00
-7.050000000000003375e+00 0.000000000000000000e+00
-6.950000000000003730e+00 0.000000000000000000e+00
-6.850000000000004086e+00 0.000000000000000000e+00
-6.750000000000004441e+00 0.000000000000000000e+00
-6.650000000000004796e+00 0.000000000000000000e+00
-6.550000000000005151e+00 0.000000000000000000e+00
-6.450000000000005507e+00 0.000000000000000000e+00
-6.350000000000005862e+00 0.000000000000000000e+00
-6.250000000000006217e+00 0.000000000000000000e+00
-6.150000000000006573e+00 0.000000000000000000e+00
-6.050000000000006928e+00 0.000000000000000000e+00
-5.950000000000007283e+00 0.000000000000000000e+00
-5.850000000000007638e+00 0.000000000000000000e+00
-5.750000000000007994e+00 0.000000000000000000e+00
-5.650000000000008349e+00 1.419422238372098033e-07
-5.550000000000008704e+00 0.000000000000000000e+00
-5.450000000000009059e+00 0.000000000000000000e+00
-5.350000000000009415e+00 1.419422238372098033e-07
-5.250000000000009770e+00 2.838844476744196066e-07
-5.150000000000010125e+00 4.258266715116293834e-07
-5.050000000000010481e+00 7.097111191860490429e-07
-4.950000000000010836e+00 5.677688953488392131e-07
-4.850000000000011191e+00 2.980786700581405895e-06
-4.750000000000011546e+00 3.832440043604664239e-06
-4.650000000000011902e+00 4.826035610465134000e-06
-4.550000000000012257e+00 1.050372456395352465e-05
-4.450000000000012612e+00 1.603947129360470811e-05
-4.350000000000012967e+00 2.767873364825591055e-05
-4.250000000000013323e+00 4.343432049418619414e-05
-4.150000000000013678e+00 6.458371184593045570e-05
-4.050000000000014033e+00 9.779819222383751584e-05
-3.950000000000014388e+00 1.531556595203493098e-04
-3.850000000000014744e+00 2.364757449127914864e-04
-3.750000000000015099e+00 3.315770348837224300e-04
-3.650000000000015454e+00 4.872876544331422653e-04
-3.550000000000015810e+00 7.004848746366301813e-04
-3.450000000000016165e+00 1.002537926962211810e-03
-3.350000000000016520e+00 1.419848065043615489e-03
-3.250000000000016875e+00 1.995991551598859381e-03
-3.150000000000017231e+00 2.792997138444806154e-03
-3.050000000000017586e+00 3.795251180959359830e-03
-2.950000000000017941e+00 5.167974427688926467e-03
-2.850000000000018296e+00 6.925361101017296628e-03
-2.750000000000018652e+00 9.211340615915398697e-03
-2.650000000000019007e+00 1.212399504905472755e-02
-2.550000000000019362e+00 1.572137876998471254e-02
-2.450000000000019718e+00 2.019383630087102921e-02
-2.350000000000020073e+00 2.579643781794913743e-02
-2.250000000000020428e+00 3.229114621184459022e-02
-2.150000000000020783e+00 4.032053392987111629e-02
-2.050000000000021139e+00 4.995273323946729238e-02
-1.950000000000021272e+00 6.057185683140302312e-02
-1.850000000000021627e+00 7.323452261991919565e-02
-1.750000000000021982e+00 8.757891987645942400e-02
-1.650000000000022338e+00 1.035989450853992966e-01
-1.550000000000022693e+00 1.214978595112730375e-01
-1.450000000000023048e+00 1.407518963481234620e-01
-1.350000000000023404e+00 1.617584938226906688e-01
-1.250000000000023759e+00 1.838234125181872347e-01
-1.150000000000024114e+00 2.071577205214586992e-01
-1.050000000000024469e+00 2.305056549782179554e-01
-9.500000000000248246e-01 2.543732399164433389e-01
-8.500000000000251799e-01 2.778110238008832944e-01
-7.500000000000255351e-01 3.007826694222426323e-01
-6.500000000000258904e-01 3.217816020167140190e-01
-5.500000000000262457e-01 3.414589105650382983e-01
-4.500000000000266565e-01 3.584696924963585718e-01
-3.500000000000270117e-01 3.729540447856015684e-01
-2.500000000000273670e-01 3.844675463299329632e-01
-1.500000000000277223e-01 3.911899300508629440e-01
-5.000000000002806366e-02 3.953173260356011576e-01
4.999999999997158107e-02 3.952249216478832539e-01
1.499999999999712119e-01 3.917287427325493177e-01
2.499999999999708566e-01 3.841576864552967985e-01
3.499999999999705014e-01 3.729930788971573818e-01
4.499999999999701461e-01 3.585754394531172062e-01
5.499999999999698463e-01 3.410089537154747941e-01
6.499999999999694911e-01 3.220358205396058882e-01
7.499999999999691358e-01 3.003689078397572820e-01
8.499999999999687805e-01 2.782219465388922619e-01
9.499999999999684253e-01 2.543885696766178262e-01
1.049999999999968070e+00 2.306920251181161508e-01
1.149999999999967715e+00 2.070206043332322443e-01
1.249999999999967359e+00 1.838195800781433908e-01
1.349999999999967004e+00 1.617241438045221580e-01
1.449999999999966649e+00 1.408840445585158307e-01
1.549999999999966294e+00 1.213540720385259397e-01
1.649999999999965938e+00 1.037024209665765445e-01
1.749999999999965583e+00 8.756997751635775540e-02
1.849999999999965228e+00 7.337447765262269939e-02
1.949999999999964873e+00 6.075609783794382740e-02
2.049999999999964295e+00 4.971299282340617409e-02
2.149999999999963940e+00 4.021691610646993542e-02
2.249999999999963585e+00 3.221946538880676031e-02
2.349999999999963229e+00 2.572759583938808922e-02
2.449999999999962874e+00 2.019071357194661409e-02
2.549999999999962519e+00 1.568092523619111361e-02
2.649999999999962164e+00 1.214741551598786870e-02
2.749999999999961808e+00 9.223689589389237262e-03
2.849999999999961453e+00 6.950484874636481993e-03
2.949999999999961098e+00 5.154347974200555391e-03
3.049999999999960743e+00 3.814555323401221457e-03
3.149999999999960387e+00 2.755808275799456839e-03
3.249999999999960032e+00 2.019128134084325482e-03
3.349999999999959677e+00 1.428364598473848279e-03
3.449999999999959321e+00 9.874920512354676619e-04
3.549999999999958966e+00 7.064464480377929609e-04
3.649999999999958611e+00 4.935331122819794965e-04
3.749999999999958256e+00 3.325706304505829294e-04
3.849999999999957900e+00 2.218556958575588535e-04
3.949999999999957545e+00 1.531556595203493370e-04
4.049999999999957190e+00 9.978538335755846045e-05
4.149999999999956835e+00 6.756449854651184550e-05
4.249999999999956479e+00 4.527956940406992648e-05
4.349999999999956124e+00 2.583348473837218499e-05
4.449999999999955769e+00 1.405228015988377029e-05
4.549999999999955413e+00 1.163926235465120413e-05
4.649999999999955058e+00 7.097111191860489582e-06
4.749999999999954703e+00 3.122728924418615619e-06
4.849999999999954348e+00 3.122728924418615619e-06
4.949999999999953992e+00 1.419422238372098086e-06
5.049999999999953637e+00 1.987191133720936981e-06
5.149999999999953282e+00 2.838844476744196066e-07
5.249999999999952927e+00 1.419422238372098033e-07
5.349999999999952571e+00 0.000000000000000000e+00
5.449999999999952216e+00 0.000000000000000000e+00
5.549999999999951861e+00 0.000000000000000000e+00
5.649999999999951505e+00 1.419422238372098033e-07
5.749999999999951150e+00 0.000000000000000000e+00
5.849999999999950795e+00 0.000000000000000000e+00
5.949999999999950440e+00 0.000000000000000000e+00
6.049999999999950084e+00 0.000000000000000000e+00
6.149999999999949729e+00 0.000000000000000000e+00
6.249999999999949374e+00 0.000000000000000000e+00
6.349999999999949019e+00 0.000000000000000000e+00
6.449999999999948663e+00 0.000000000000000000e+00
6.549999999999948308e+00 0.000000000000000000e+00
6.649999999999947953e+00 0.000000000000000000e+00
6.749999999999947597e+00 0.000000000000000000e+00
6.849999999999947242e+00 0.000000000000000000e+00
6.949999999999946887e+00 0.000000000000000000e+00
7.049999999999946532e+00 0.000000000000000000e+00
7.149999999999946176e+00 0.000000000000000000e+00
7.249999999999945821e+00 0.000000000000000000e+00
7.349999999999945466e+00 0.000000000000000000e+00
7.449999999999945111e+00 0.000000000000000000e+00
7.549999999999944755e+00 0.000000000000000000e+00
7.649999999999944400e+00 0.000000000000000000e+00
7.749999999999944045e+00 0.000000000000000000e+00
7.849999999999943689e+00 0.000000000000000000e+00
7.949999999999943334e+00 0.000000000000000000e+00
