-7.950000000000000178e+00 1.774277797965122141e-05
-7.850000000000000533e+00 1.064566678779073522e-05
-7.750000000000000888e+00 8.871388989825612401e-06
-7.650000000000001243e+00 7.984250090843050991e-06
-7.550000000000001599e+00 3.725983375726754870e-05
-7.450000000000001954e+00 1.153280568677328037e-04
-7.350000000000002309e+00 1.117795012718025919e-04
-7.250000000000002665e+00 1.144409179687502711e-04
-7.150000000000003020e+00 7.984250090843044215e-05
-7.050000000000003375e+00 5.855116733284900220e-05
-6.950000000000003730e+00 4.967977834302340505e-05
-6.850000000000004086e+00 3.175957258357587363e-04
-6.750000000000004441e+00 1.117795012718026055e-04
-6.650000000000004796e+00 3.406613372093031476e-04
-6.550000000000005151e+00 3.876796988553788260e-04
-6.450000000000005507e+00 2.226718636446226648e-04
-6.350000000000005862e+00 1.667821130087214162e-04
-6.250000000000006217e+00 1.233123069585759766e-04
-6.150000000000006573e+00 1.543621684229655531e-04
-6.050000000000006928e+00 1.153280568677329256e-04
-5.950000000000007283e+00 2.217847247456401186e-04
-5.850000000000007638e+00 1.454907794331399831e-04
-5.750000000000007994e+00 1.179894735646806319e-04
-5.650000000000008349e+00 3.592912540879369151e-04
-5.550000000000008704e+00 2.794487531795065679e-04
-5.450000000000009059e+00 4.959106445312513010e-04
-5.350000000000009415e+00 9.297215661337277859e-04
-5.250000000000009770e+00 8.862517600835785516e-04
-5.150000000000010125e+00 1.307642737100298252e-03
-5.050000000000010481e+00 1.018435456031981969e-03
-4.950000000000010836e+00 8.676218432049438625e-04
-4.850000000000011191e+00 1.242881597474568885e-03
-4.750000000000011546e+00 1.048598178597387074e-03
-4.650000000000011902e+00 1.163039096566136858e-03
-4.550000000000012257e+00 1.075212345566863188e-03
-4.450000000000012612e+00 1.183443291242735392e-03
-4.350000000000012967e+00 1.586204351380819536e-03
-4.250000000000013323e+00 1.823957576308146786e-03
-4.150000000000013678e+00 2.789164698401178262e-03
-4.050000000000014033e+00 2.363338026889541792e-03
-3.950000000000014388e+00 2.828198809956409751e-03
-3.850000000000014744e+00 2.543427223383004383e-03
-3.750000000000015099e+00 3.170634424963679129e-03
-3.650000000000015454e+00 4.152697186137380148e-03
-3.550000000000015810e+00 4.991930584574890556e-03
-3.450000000000016165e+00 5.646639092024023990e-03
-3.350000000000016520e+00 5.842696788699174200e-03
-3.250000000000016875e+00 6.442402684411391994e-03
-3.150000000000017231e+00 7.340187250181754407e-03
-3.050000000000017586e+00 7.816580838935391698e-03
-2.950000000000017941e+00 8.902466792672706491e-03
-2.850000000000018296e+00 1.038756525095217709e-02
-2.750000000000018652e+00 1.173157369756511192e-02
-2.650000000000019007e+00 1.374982167809612674e-02
-2.550000000000019362e+00 1.580442838279410081e-02
-2.450000000000019718e+00 1.962710989851000273e-02
-2.350000000000020073e+00 2.149276998841601061e-02
-2.250000000000020428e+00 2.320878301822042189e-02
-2.150000000000020783e+00 2.907848515324615996e-02
-2.050000000000021139e+00 3.591266793441613703e-02
-1.950000000000021272e+00 3.984797417822885657e-02
-1.850000000000021627e+00 4.397571272431846645e-02
-1.750000000000021982e+00 5.231092055187542417e-02
-1.650000000000022338e+00 6.387917686787947247e-02
-1.550000000000022693e+00 7.629896079068440584e-02
-1.450000000000023048e+00 9.147508527262764033e-02
-1.350000000000023404e+00 1.123071952390901768e-01
-1.250000000000023759e+00 1.325943015517137002e-01
-1.150000000000024114e+00 1.522280545139464980e-01
-1.050000000000024469e+00 1.758187682915426930e-01
-9.500000000000248246e-01 2.062950630236845273e-01
-8.500000000000251799e-01 2.296783539472150859e-01
-7.500000000000255351e-01 2.684020856386793441e-01
-6.500000000000258904e-01 3.053664532451658697e-01
-5.500000000000262457e-01 3.487442832489894284e-01
-4.500000000000266565e-01 4.022659388376088607e-01
-3.500000000000270117e-01 4.416588526727355246e-01
-2.500000000000273670e-01 4.820969698084667243e-01
-1.500000000000277223e-01 5.015612233582291690e-01
-5.000000000002806366e-02 5.270396569473302373e-01
4.999999999997158107e-02 5.277384429859020010e-01
1.499999999999712119e-01 5.071795019468685606e-01
2.499999999999708566e-01 4.952116070202359221e-01
3.499999999999705014e-01 4.532608062962096840e-01
4.499999999999701461e-01 4.118068103409581182e-01
5.499999999999698463e-01 3.603612763216731407e-01
6.499999999999694911e-01 3.191040715243920189e-01
7.499999999999691358e-01 2.863979007795637299e-01
8.499999999999687805e-01 2.454008581960929192e-01
9.499999999999684253e-01 2.172690270868640194e-01
1.049999999999968070e+00 1.853287505963764348e-01
1.149999999999967715e+00 1.600513692260988052e-01
1.249999999999967359e+00 1.361114370628589421e-01
1.349999999999967004e+00 1.126518452086716082e-01
1.449999999999966649e+00 9.898814585723447745e-02
1.549999999999966294e+00 7.942553165521656910e-02
1.649999999999965938e+00 6.663289093704936883e-02
1.749999999999965583e+00 5.391274413615489841e-02
1.849999999999965228e+00 4.705189829059600037e-02
1.949999999999964873e+00 4.469743165269624008e-02
2.049999999999964295e+00 3.795400946770335904e-02
2.149999999999963940e+00 3.172683226846159665e-02
2.249999999999963585e+00 2.673758405662061272e-02
2.349999999999963229e+00 2.285192964976826696e-02
2.449999999999962874e+00 1.891483515746626362e-02
2.549999999999962519e+00 1.535515889124320840e-02
2.649999999999962164e+00 1.384913233736254773e-02
2.749999999999961808e+00 1.201394931057670097e-02
2.849999999999961453e+00 1.018093174094585052e-02
2.949999999999961098e+00 8.981394213299508447e-03
3.049999999999960743e+00 7.824565089026236375e-03
3.149999999999960387e+00 7.074045580486981559e-03
3.249999999999960032e+00 7.349945778070561195e-03
3.349999999999959677e+00 7.121063942133060327e-03
3.449999999999959321e+00 5.614702091660653954e-03
3.549999999999958966e+00 4.393111827761656853e-03
3.649999999999958611e+00 3.045547840207134781e-03
3.749999999999958256e+00 3.112970396529811650e-03
3.849999999999957900e+00 2.703999364098846891e-03
3.949999999999957545e+00 2.762550531431698896e-03
4.049999999999957190e+00 2.213411552961491030e-03
4.149999999999956835e+00 2.281721248183148955e-03
4.249999999999956479e+00 1.932188521984018557e-03
4.349999999999956124e+00 2.129133357558149822e-03
4.449999999999955769e+00 1.548057378724567584e-03
4.549999999999955413e+00 1.792907714843759758e-03
4.649999999999955058e+00 1.493054766987651511e-03
4.749999999999954703e+00 1.607495684956403680e-03
4.849999999999954348e+00 1.036178234011632567e-03
4.949999999999953992e+00 8.268134538517461427e-04
5.049999999999953637e+00 1.233123069585761664e-03
5.149999999999953282e+00 6.414014239643911486e-04
5.249999999999952927e+00 6.910812023074144926e-04
5.349999999999952571e+00 8.285877316497118313e-04
5.449999999999952216e+00 6.192229514898276842e-04
5.549999999999951861e+00 3.468713095021811062e-04
5.649999999999951505e+00 1.774277797965121599e-04
5.749999999999951150e+00 1.410550849382271980e-04
5.849999999999950795e+00 1.206508902616282975e-04
5.949999999999950440e+00 1.312965570494190005e-04
6.049999999999950084e+00 1.463779183321225292e-04
6.149999999999949729e+00 1.605721407158434847e-04
6.249999999999949374e+00 1.871863076853203032e-04
6.349999999999949019e+00 1.880734465843028494e-04
6.449999999999948663e+00 1.756535019985469863e-04
6.549999999999948308e+00 1.738792242005818669e-04
6.649999999999947953e+00 1.925091410792156344e-04
6.749999999999947597e+00 1.543621684229655260e-04
6.849999999999947242e+00 1.197637513626457107e-04
6.949999999999946887e+00 1.215380291606108301e-04
7.049999999999946532e+00 1.100052234738375267e-04
7.149999999999946176e+00 1.357322515443317313e-04
7.249999999999945821e+00 6.742255632267457903e-05
7.349999999999945466e+00 4.169552825218034728e-05
7.449999999999945111e+00 4.346980605014546671e-05
7.549999999999944755e+00 1.153280568677329663e-05
7.649999999999944400e+00 1.153280568677329663e-05
7.749999999999944045e+00 1.419422238372098086e-05
7.849999999999943689e+00 1.419422238372098086e-05
7.949999999999943334e+00 1.419422238372098086e-05
