-7.950000000000000178e+00 1.295222792514537727e-04
-7.850000000000000533e+00 9.226244549418626461e-05
-7.750000000000000888e+00 9.758527888808162291e-05
-7.650000000000001243e+00 1.508136128270352329e-04
-7.550000000000001599e+00 1.046823900799421277e-04
-7.450000000000001954e+00 7.806822311046533627e-05
-7.350000000000002309e+00 6.298686182776182111e-05
-7.250000000000002665e+00 5.855116733284902253e-05
-7.150000000000003020e+00 5.855116733284902253e-05
-7.050000000000003375e+00 1.002466955850293698e-04
-6.950000000000003730e+00 1.100052234738375538e-04
-6.850000000000004086e+00 1.490393350290701948e-04
-6.750000000000004441e+00 1.481521961300876216e-04
-6.650000000000004796e+00 2.297689748364831696e-04
-6.550000000000005151e+00 2.625931140988378384e-04
-6.450000000000005507e+00 3.504198650981113993e-04
-6.350000000000005862e+00 4.799421443495654701e-04
-6.250000000000006217e+00 3.903411155523264916e-04
-6.150000000000006573e+00 3.158214480377914755e-04
-6.050000000000006928e+00 5.021206168241298560e-04
-5.950000000000007283e+00 4.267138104106115077e-04
-5.850000000000007638e+00 3.415484761082857750e-04
-5.750000000000007994e+00 3.921153933502917466e-04
-5.650000000000008349e+00 4.480051439861930493e-04
-5.550000000000008704e+00 3.947768100472394122e-04
-5.450000000000009059e+00 4.657479219658441894e-04
-5.350000000000009415e+00 4.994592001271819194e-04
-5.250000000000009770e+00 6.094644236010192699e-04
-5.150000000000010125e+00 6.094644236010189446e-04
-5.050000000000010481e+00 5.881730900254375114e-04
-4.950000000000010836e+00 6.885315511410473356e-04
-4.850000000000011191e+00 6.858421930614546106e-04
-4.750000000000011546e+00 9.785840590343767870e-04
-4.650000000000011902e+00 1.274874480603230449e-03
-4.550000000000012257e+00 1.222526300217596697e-03
-4.450000000000012612e+00 1.521010120324093294e-03
-4.350000000000012967e+00 1.494563601650485910e-03
-4.250000000000013323e+00 1.333746973836497790e-03
-4.150000000000013678e+00 1.578562383227379018e-03
-4.050000000000014033e+00 1.424137346693460631e-03
-3.950000000000014388e+00 1.880210564918433211e-03
-3.850000000000014744e+00 2.127512757364729765e-03
-3.750000000000015099e+00 2.344044502173086957e-03
-3.650000000000015454e+00 2.657944980154031481e-03
-3.550000000000015810e+00 2.983965032857291855e-03
-3.450000000000016165e+00 2.889935294910799500e-03
-3.350000000000016520e+00 3.341509950529911177e-03
-3.250000000000016875e+00 4.357200165717015072e-03
-3.150000000000017231e+00 4.774211331004113434e-03
-3.050000000000017586e+00 6.221232670083945079e-03
-2.950000000000017941e+00 6.450156418095417087e-03
-2.850000000000018296e+00 6.808588474667018331e-03
-2.750000000000018652e+00 7.086262950048560078e-03
-2.650000000000019007e+00 8.698159402771587362e-03
-2.550000000000019362e+00 9.776906333243070429e-03
-2.450000000000019718e+00 1.067919644696496001e-02
-2.350000000000020073e+00 1.275530404560835072e-02
-2.250000000000020428e+00 1.394417495042992415e-02
-2.150000000000020783e+00 1.532098658026822754e-02
-2.050000000000021139e+00 1.775055266937239362e-02
-1.950000000000021272e+00 2.234916638114329418e-02
-1.850000000000021627e+00 2.457595487104616283e-02
-1.750000000000021982e+00 2.740420956376789577e-02
-1.650000000000022338e+00 3.198297790851509226e-02
-1.550000000000022693e+00 3.694342554019462710e-02
-1.450000000000023048e+00 4.263192780876674803e-02
-1.350000000000023404e+00 4.951052341765092846e-02
-1.250000000000023759e+00 5.851582148380304882e-02
-1.150000000000024114e+00 7.140952618299767352e-02
-1.050000000000024469e+00 8.732222043819472257e-02
-9.500000000000248246e-01 1.075789265265001682e-01
-8.500000000000251799e-01 1.303014736039287969e-01
-7.500000000000255351e-01 1.691593448881262285e-01
-6.500000000000258904e-01 2.047449729093719917e-01
-5.500000000000262457e-01 2.621066825683640023e-01
-4.500000000000266565e-01 3.243946815187516153e-01
-3.500000000000270117e-01 4.117993290357536140e-01
-2.500000000000273670e-01 5.569724778163323009e-01
-1.500000000000277223e-01 7.562274230834110655e-01
-5.000000000002806366e-02 9.954230729923755350e-01
4.999999999997158107e-02 1.017599750233105560e+00
1.499999999999712119e-01 8.008352956193840466e-01
2.499999999999708566e-01 6.045537465571748648e-01
3.499999999999705014e-01 4.724138766674551571e-01
4.499999999999701461e-01 3.732705164296208356e-01
5.499999999999698463e-01 3.081247776424723139e-01
6.499999999999694911e-01 2.528077275559570403e-01
7.499999999999691358e-01 2.058817401209059039e-01
8.499999999999687805e-01 1.740242539471968941e-01
9.499999999999684253e-01 1.438884179772406680e-01
1.049999999999968070e+00 1.201802875244248753e-01
1.149999999999967715e+00 1.033097277454245455e-01
1.249999999999967359e+00 9.104266443481204285e-02
1.349999999999967004e+00 8.128518434785370061e-02
1.449999999999966649e+00 6.797754902080888062e-02
1.549999999999966294e+00 6.130455309077329634e-02
1.649999999999965938e+00 5.237603794412992730e-02
1.749999999999965583e+00 4.673938091105595688e-02
1.849999999999965228e+00 4.372131342068030085e-02
1.949999999999964873e+00 4.072261629382337850e-02
2.049999999999964295e+00 3.532995738469781044e-02
2.149999999999963940e+00 3.208660551140016942e-02
2.249999999999963585e+00 2.885553387577507664e-02
2.349999999999963229e+00 2.474043181998666213e-02
2.449999999999962874e+00 2.290128810221086358e-02
2.549999999999962519e+00 1.965424796640407451e-02
2.649999999999962164e+00 1.787932751663809036e-02
2.749999999999961808e+00 1.769642322584313865e-02
2.849999999999961453e+00 1.543030723986726221e-02
2.949999999999961098e+00 1.452240090823370307e-02
3.049999999999960743e+00 1.323271050948287945e-02
3.149999999999960387e+00 1.329868011390800825e-02
3.249999999999960032e+00 1.307762885045680307e-02
3.349999999999959677e+00 1.134175648293737210e-02
3.449999999999959321e+00 1.051186249164899264e-02
3.549999999999958966e+00 9.700521578436972076e-03
3.649999999999958611e+00 7.971648527270148998e-03
3.749999999999958256e+00 7.287503773204377991e-03
3.849999999999957900e+00 6.841210038905192782e-03
3.949999999999957545e+00 5.731350378858365326e-03
4.049999999999957190e+00 5.204306048714784499e-03
4.149999999999956835e+00 5.100517782879485790e-03
4.249999999999956479e+00 4.427088549058119313e-03
4.349999999999956124e+00 4.341057031893796360e-03
4.449999999999955769e+00 3.649039793267761563e-03
4.549999999999955413e+00 3.996784270977605559e-03
4.649999999999955058e+00 3.431655836288727106e-03
4.749999999999954703e+00 2.676679677217577973e-03
4.849999999999954348e+00 2.671356843823685569e-03
4.949999999999953992e+00 2.761845011519907175e-03
5.049999999999953637e+00 2.690845958218656634e-03
5.149999999999953282e+00 2.301322128108697872e-03
5.249999999999952927e+00 2.324387739482246078e-03
5.349999999999952571e+00 2.193091182432825234e-03
5.449999999999952216e+00 1.942924998265404320e-03
5.549999999999951861e+00 1.800032767418260904e-03
5.649999999999951505e+00 1.821296159611196681e-03
5.749999999999951150e+00 1.900251521620645702e-03
5.849999999999950795e+00 1.557815906613376974e-03
5.949999999999950440e+00 1.610157101653348364e-03
6.049999999999950084e+00 1.403453738190411394e-03
6.149999999999949729e+00 1.672256824582130444e-03
6.249999999999949374e+00 1.247317291969480234e-03
6.349999999999949019e+00 1.045049623001455914e-03
6.449999999999948663e+00 1.010451205941137291e-03
6.549999999999948308e+00 9.013331213662813214e-04
6.649999999999947953e+00 9.359315384266011367e-04
6.749999999999947597e+00 8.791546488917173149e-04
6.849999999999947242e+00 1.069002373273986476e-03
6.949999999999946887e+00 9.181887604469505387e-04
7.049999999999946532e+00 6.981783134992749704e-04
7.149999999999946176e+00 7.283410360646820278e-04
7.249999999999945821e+00 6.476113962572698120e-04
7.349999999999945466e+00 4.329237827034895206e-04
7.449999999999945111e+00 6.786612577216607437e-04
7.549999999999944755e+00 4.497794217841581416e-04
7.649999999999944400e+00 6.112387013989857175e-04
7.749999999999944045e+00 4.391337549963673708e-04
7.849999999999943689e+00 3.175957258357566763e-04
7.949999999999943334e+00 3.096114757449136253e-04
