-7.950000000000000178e+00 0.000000000000000000e+00
-7.850000000000000533e+00 0.000000000000000000e+00
-7.750000000000000888e+00 0.000000000000000000e+00
-7.650000000000001243e+00 0.000000000000000000e+00
-7.550000000000001599e+00 0.000000000000000000e+00
-7.450000000000001954e+00 0.000000000000000000e+00
-7.350000000000002309e+00 0.000000000000000000e+00
-7.250000000000002665e+00 0.000000000000000000e+00
-7.150000000000003020e+00 0.000000000000000000e+00
-7.050000000000003375e+00 0.000000000000000000e+00
-6.950000000000003730e+00 0.000000000000000000e+00
-6.850000000000004086e+00 0.000000000000000000e+00
-6.750000000000004441e+00 0.000000000000000000e+00
-6.650000000000004796e+00 0.000000000000000000e+00
-6.550000000000005151e+00 8.868166545586664913e-07
-6.450000000000005507e+00 1.773633309117332983e-06
-6.350000000000005862e+00 1.773633309117332983e-06
-6.250000000000006217e+00 3.547266618234665965e-06
-6.150000000000006573e+00 4.434083272793332668e-06
-6.050000000000006928e+00 2.660449963675999262e-06
-5.950000000000007283e+00 8.868166545586665336e-06
-5.850000000000007638e+00 5.320899927351998524e-06
-5.750000000000007994e+00 1.064179985470399705e-05
-5.650000000000008349e+00 1.152861650926266629e-05
-5.550000000000008704e+00 1.596269978205599896e-05
-5.450000000000009059e+00 1.862314974573199653e-05
-5.350000000000009415e+00 2.571768298220133015e-05
-5.250000000000009770e+00 4.522764938249199254e-05
-5.150000000000010125e+00 4.079356610969865648e-05
-5.050000000000010481e+00 5.320899927351999202e-05
-4.950000000000010836e+00 1.002102819651292959e-04
-4.850000000000011191e+00 1.250411482927719941e-04
-4.750000000000011546e+00 1.427774813839453112e-04
-4.650000000000011902e+00 1.605138144751186284e-04
-4.550000000000012257e+00 1.649478977479119576e-04
-4.450000000000012612e+00 2.633845464039238676e-04
-4.350000000000012967e+00 3.006308458953878878e-04
-4.250000000000013323e+00 4.230115442244838301e-04
-4.150000000000013678e+00 4.655787436432997912e-04
-4.050000000000014033e+00 6.181112082273903727e-04
-3.950000000000014388e+00 7.378314565928102090e-04
-3.850000000000014744e+00 9.551015369596832895e-04
-3.750000000000015099e+00 1.236222416454780312e-03
-3.650000000000015454e+00 1.563457761986928284e-03
-3.550000000000015810e+00 1.761217875953510932e-03
-3.450000000000016165e+00 2.138114954140943758e-03
-3.350000000000016520e+00 2.944231293134771076e-03
-3.250000000000016875e+00 3.584512917726128366e-03
-3.150000000000017231e+00 4.697467819197253744e-03
-3.050000000000017586e+00 5.602907623501652071e-03
-2.950000000000017941e+00 7.069702370141685288e-03
-2.850000000000018296e+00 8.879695162095923439e-03
-2.750000000000018652e+00 1.108166091536508940e-02
-2.650000000000019007e+00 1.386005749409739522e-02
-2.550000000000019362e+00 1.722907396476584807e-02
-2.450000000000019718e+00 2.140509359108279386e-02
-2.350000000000020073e+00 2.608659871049819751e-02
-2.250000000000020428e+00 3.188194554803930325e-02
-2.150000000000020783e+00 3.803024541409481818e-02
-2.050000000000021139e+00 4.591847955639448420e-02
-1.950000000000021272e+00 5.561759330730299544e-02
-1.850000000000021627e+00 6.635073527742643695e-02
-1.750000000000021982e+00 7.891071955594017306e-02
-1.650000000000022338e+00 9.347934355702949838e-02
-1.550000000000022693e+00 1.095768394705781829e-01
-1.450000000000023048e+00 1.276820882900478182e-01
-1.350000000000023404e+00 1.468284598619692127e-01
-1.250000000000023759e+00 1.687620961791688745e-01
-1.150000000000024114e+00 1.926644654694890935e-01
-1.050000000000024469e+00 2.194090821376703249e-01
-9.500000000000248246e-01 2.449290050059058088e-01
-8.500000000000251799e-01 2.699709336973318274e-01
-7.500000000000255351e-01 2.966046982836902934e-01
-6.500000000000258904e-01 3.228225458590615604e-01
-5.500000000000262457e-01 3.470636791114222186e-01
-4.500000000000266565e-01 3.673957245504888003e-01
-3.500000000000270117e-01 3.880895911846157231e-01
-2.500000000000273670e-01 4.060999506220481781e-01
-1.500000000000277223e-01 4.190572287618054004e-01
-5.000000000002806366e-02 4.241218386759903480e-01
4.999999999997158107e-02 4.256684469215405997e-01
1.499999999999712119e-01 4.179735388099348747e-01
2.499999999999708566e-01 4.075516694855609301e-01
3.499999999999705014e-01 3.915543838539766175e-01
4.499999999999701461e-01 3.697129764688505960e-01
5.499999999999698463e-01 3.496664859925520119e-01
6.499999999999694911e-01 3.255229025721927405e-01
7.499999999999691358e-01 2.973611528900289014e-01
8.499999999999687805e-01 2.707628609698525257e-01
9.499999999999684253e-01 2.430374250817322612e-01
1.049999999999968070e+00 2.168373138394501520e-01
1.149999999999967715e+00 1.925881992371971663e-01
1.249999999999967359e+00 1.678992235742833294e-01
1.349999999999967004e+00 1.463965801511991349e-01
1.449999999999966649e+00 1.272040941132406844e-01
1.549999999999966294e+00 1.097187301353075850e-01
1.649999999999965938e+00 9.445395506038944955e-02
1.749999999999965583e+00 7.937718511623807760e-02
1.849999999999965228e+00 6.668063107292224179e-02
1.949999999999964873e+00 5.591467688658015994e-02
2.049999999999964295e+00 4.621999721894444468e-02
2.149999999999963940e+00 3.857031675672107501e-02
2.249999999999963585e+00 3.178173526607416810e-02
2.349999999999963229e+00 2.538690037005138234e-02
2.449999999999962874e+00 2.137405500817324278e-02
2.549999999999962519e+00 1.736209646294964784e-02
2.649999999999962164e+00 1.391681375998915157e-02
2.749999999999961808e+00 1.085463585179807094e-02
2.849999999999961453e+00 8.617197432346557912e-03
2.949999999999961098e+00 6.992549321195081630e-03
3.049999999999960743e+00 5.645474822920467164e-03
3.149999999999960387e+00 4.438517356066123964e-03
3.249999999999960032e+00 3.623532850526709446e-03
3.349999999999959677e+00 2.962854442880503113e-03
3.449999999999959321e+00 2.243646136033425158e-03
3.549999999999958966e+00 1.907542623955690636e-03
3.649999999999958611e+00 1.481870629767531025e-03
3.749999999999958256e+00 1.202523383581551118e-03
3.849999999999957900e+00 8.992320877224873948e-04
3.949999999999957545e+00 7.945877224845648238e-04
4.049999999999957190e+00 5.338636260443170621e-04
4.149999999999956835e+00 4.123697443697798399e-04
4.249999999999956479e+00 3.706893616055225446e-04
4.349999999999956124e+00 2.518559298946613199e-04
4.449999999999955769e+00 2.261382469124599017e-04
4.549999999999955413e+00 1.773633309117332796e-04
4.649999999999955058e+00 1.782501475662919455e-04
4.749999999999954703e+00 1.232675149836546353e-04
4.849999999999954348e+00 1.250411482927719670e-04
4.949999999999953992e+00 9.488938203777732791e-05
5.049999999999953637e+00 5.232218261896132616e-05
5.149999999999953282e+00 5.852989920087198715e-05
5.249999999999952927e+00 2.926494960043599358e-05
5.349999999999952571e+00 1.950996640029066238e-05
5.449999999999952216e+00 1.773633309117333067e-05
5.549999999999951861e+00 6.207716581910665227e-06
5.649999999999951505e+00 1.241543316382133215e-05
5.749999999999951150e+00 1.241543316382133215e-05
5.849999999999950795e+00 9.754983200145331192e-06
5.949999999999950440e+00 1.773633309117332983e-06
6.049999999999950084e+00 5.320899927351998524e-06
6.149999999999949729e+00 3.547266618234665965e-06
6.249999999999949374e+00 3.547266618234665965e-06
6.349999999999949019e+00 0.000000000000000000e+00
6.449999999999948663e+00 0.000000000000000000e+00
6.549999999999948308e+00 0.000000000000000000e+00
6.649999999999947953e+00 0.000000000000000000e+00
6.749999999999947597e+00 0.000000000000000000e+00
6.849999999999947242e+00 0.000000000000000000e+00
6.949999999999946887e+00 0.000000000000000000e+00
7.049999999999946532e+00 0.000000000000000000e+00
7.149999999999946176e+00 0.000000000000000000e+00
7.249999999999945821e+00 0.000000000000000000e+00
7.349999999999945466e+00 0.000000000000000000e+00
7.449999999999945111e+00 0.000000000000000000e+00
7.549999999999944755e+00 0.000000000000000000e+00
7.649999999999944400e+00 0.000000000000000000e+00
7.749999999999944045e+00 0.000000000000000000e+00
7.849999999999943689e+00 0.000000000000000000e+00
7.949999999999943334e+00 0.000000000000000000e+00
