-7.950000000000000178e+00 0.000000000000000000e+00
-7.850000000000000533e+00 0.000000000000000000e+00
-7.750000000000000888e+00 0.000000000000000000e+00
-7.650000000000001243e+00 0.000000000000000000e+00
-7.550000000000001599e+00 0.000000000000000000e+00
-7.450000000000001954e+00 0.000000000000000000e+00
-7.350000000000002309e+00 0.000000000000000000e+00
-7.250000000000002665e+00 0.000000000000000000e+00
-7.150000000000003020e+00 0.000000000000000000e+00
-7.050000000000003375e+00 0.000000000000000000e+00
-6.950000000000003730e+00 0.000000000000000000e+00
-6.850000000000004086e+00 0.000000000000000000e+00
-6.750000000000004441e+00 0.000000000000000000e+00
-6.650000000000004796e+00 0.000000000000000000e+00
-6.550000000000005151e+00 0.000000000000000000e+00
-6.450000000000005507e+00 0.000000000000000000e+00
-6.350000000000005862e+00 0.000000000000000000e+00
-6.250000000000006217e+00 0.000000000000000000e+00
-6.150000000000006573e+00 0.000000000000000000e+00
-6.050000000000006928e+00 0.000000000000000000e+00
-5.950000000000007283e+00 0.000000000000000000e+00
-5.850000000000007638e+00 0.000000000000000000e+00
-5.750000000000007994e+00 0.000000000000000000e+00
-5.650000000000008349e+00 0.000000000000000000e+00
-5.550000000000008704e+00 0.000000000000000000e+00
-5.450000000000009059e+00 0.000000000000000000e+00
-5.350000000000009415e+00 8.868166545586664913e-07
-5.250000000000009770e+00 0.000000000000000000e+00
-5.150000000000010125e+00 0.000000000000000000e+00
-5.050000000000010481e+00 0.000000000000000000e+00
-4.950000000000010836e+00 8.868166545586664913e-07
-4.850000000000011191e+00 3.547266618234665965e-06
-4.750000000000011546e+00 3.547266618234665965e-06
-4.650000000000011902e+00 2.660449963675999262e-06
-4.550000000000012257e+00 1.241543316382133215e-05
-4.450000000000012612e+00 2.305723301852532920e-05
-4.350000000000012967e+00 3.813311614602265891e-05
-4.250000000000013323e+00 5.852989920087198715e-05
-4.150000000000013678e+00 9.400256538321866205e-05
-4.050000000000014033e+00 1.081916318561573157e-04
-3.950000000000014388e+00 1.747028809480572820e-04
-3.850000000000014744e+00 2.500822965855439340e-04
-3.750000000000015099e+00 3.733498115691985422e-04
-3.650000000000015454e+00 5.569208590628423744e-04
-3.550000000000015810e+00 7.209819401561956120e-04
-3.450000000000016165e+00 1.136898951144209736e-03
-3.350000000000016520e+00 1.582967728387218824e-03
-3.250000000000016875e+00 2.211720736469312970e-03
-3.150000000000017231e+00 3.047102025063576532e-03
-3.050000000000017586e+00 4.178680076280433947e-03
-2.950000000000017941e+00 5.492055541681818351e-03
-2.850000000000018296e+00 7.423542215310592260e-03
-2.750000000000018652e+00 9.675169701235046549e-03
-2.650000000000019007e+00 1.247218942971307747e-02
-2.550000000000019362e+00 1.641497627588094782e-02
-2.450000000000019718e+00 2.065484670132613360e-02
-2.350000000000020073e+00 2.644930672221270512e-02
-2.250000000000020428e+00 3.230318345895467902e-02
-2.150000000000020783e+00 4.011515136896234845e-02
-2.050000000000021139e+00 4.912077449600599222e-02
-1.950000000000021272e+00 6.010488557937001403e-02
-1.850000000000021627e+00 7.218244159780393132e-02
-1.750000000000021982e+00 8.674840514892942500e-02
-1.650000000000022338e+00 1.023005088199243906e-01
-1.550000000000022693e+00 1.194435615691978314e-01
-1.450000000000023048e+00 1.377510045859067223e-01
-1.350000000000023404e+00 1.588182210316023413e-01
-1.250000000000023759e+00 1.811677743597903678e-01
-1.150000000000024114e+00 2.049114034689447639e-01
-1.050000000000024469e+00 2.277832918066681200e-01
-9.500000000000248246e-01 2.526416494506024124e-01
-8.500000000000251799e-01 2.768854431529251814e-01
-7.500000000000255351e-01 3.016772895477654592e-01
-6.500000000000258904e-01 3.215623793929336949e-01
-5.500000000000262457e-01 3.430889668656902924e-01
-4.500000000000266565e-01 3.600138627179426121e-01
-3.500000000000270117e-01 3.756519876044303041e-01
-2.500000000000273670e-01 3.878066966718116126e-01
-1.500000000000277223e-01 3.960407893093891296e-01
-5.000000000002806366e-02 4.005981400971660999e-01
4.999999999997158107e-02 3.986755215900829596e-01
1.499999999999712119e-01 3.962651539229924968e-01
2.499999999999708566e-01 3.870342793656909586e-01
3.499999999999705014e-01 3.762825142458215977e-01
4.499999999999701461e-01 3.605051591445678216e-01
5.499999999999698463e-01 3.419041798151999934e-01
6.499999999999694911e-01 3.210781774995448146e-01
7.499999999999691358e-01 2.999320343715941584e-01
8.499999999999687805e-01 2.759046239329832062e-01
9.499999999999684253e-01 2.519978205593929044e-01
1.049999999999968070e+00 2.279748442040527845e-01
1.149999999999967715e+00 2.042693482110441994e-01
1.249999999999967359e+00 1.809717878791328172e-01
1.349999999999967004e+00 1.589210917635311415e-01
1.449999999999966649e+00 1.384249852433712957e-01
1.549999999999966294e+00 1.199073666795320431e-01
1.649999999999965938e+00 1.019963307074107373e-01
1.749999999999965583e+00 8.701267651198783815e-02
1.849999999999965228e+00 7.277572193970364978e-02
1.949999999999964873e+00 6.054740708999478693e-02
2.049999999999964295e+00 4.971582847121486931e-02
2.149999999999963940e+00 4.021358801761835272e-02
2.249999999999963585e+00 3.273506316972477070e-02
2.349999999999963229e+00 2.604314469442481350e-02
2.449999999999962874e+00 2.062469493507113061e-02
2.549999999999962519e+00 1.623229204504186146e-02
2.649999999999962164e+00 1.255821064520526963e-02
2.749999999999961808e+00 9.831249432437370872e-03
2.849999999999961453e+00 7.594697829640414607e-03
2.949999999999961098e+00 5.627738489829294498e-03
3.049999999999960743e+00 4.152962393298233017e-03
3.149999999999960387e+00 3.119820990737386807e-03
3.249999999999960032e+00 2.159398553850351739e-03
3.349999999999959677e+00 1.613119494642213572e-03
3.449999999999959321e+00 1.101426284961863102e-03
3.549999999999958966e+00 8.132108722302968610e-04
3.649999999999958611e+00 5.312031760806410104e-04
3.749999999999958256e+00 3.476321285869972324e-04
3.849999999999957900e+00 2.323459634943706440e-04
3.949999999999957545e+00 1.436642980385039771e-04
4.049999999999957190e+00 1.294752315655653234e-04
4.149999999999956835e+00 8.158713221939731296e-05
4.249999999999956479e+00 6.030353250998931886e-05
4.349999999999956124e+00 3.192539956411199792e-05
4.449999999999955769e+00 2.926494960043599358e-05
4.549999999999955413e+00 1.064179985470399705e-05
4.649999999999955058e+00 2.660449963675999262e-06
4.749999999999954703e+00 8.868166545586664913e-07
4.849999999999954348e+00 1.773633309117332983e-06
4.949999999999953992e+00 0.000000000000000000e+00
5.049999999999953637e+00 0.000000000000000000e+00
5.149999999999953282e+00 0.000000000000000000e+00
5.249999999999952927e+00 0.000000000000000000e+00
5.349999999999952571e+00 0.000000000000000000e+00
5.449999999999952216e+00 0.000000000000000000e+00
5.549999999999951861e+00 0.000000000000000000e+00
5.649999999999951505e+00 0.000000000000000000e+00
5.749999999999951150e+00 0.000000000000000000e+00
5.849999999999950795e+00 0.000000000000000000e+00
5.949999999999950440e+00 0.000000000000000000e+00
6.049999999999950084e+00 0.000000000000000000e+00
6.149999999999949729e+00 0.000000000000000000e+00
6.249999999999949374e+00 0.000000000000000000e+00
6.349999999999949019e+00 0.000000000000000000e+00
6.449999999999948663e+00 0.000000000000000000e+00
6.549999999999948308e+00 0.000000000000000000e+00
6.649999999999947953e+00 0.000000000000000000e+00
6.749999999999947597e+00 0.000000000000000000e+00
6.849999999999947242e+00 0.000000000000000000e+00
6.949999999999946887e+00 0.000000000000000000e+00
7.049999999999946532e+00 0.000000000000000000e+00
7.149999999999946176e+00 0.000000000000000000e+00
7.249999999999945821e+00 0.000000000000000000e+00
7.349999999999945466e+00 0.000000000000000000e+00
7.449999999999945111e+00 0.000000000000000000e+00
7.549999999999944755e+00 0.000000000000000000e+00
7.649999999999944400e+00 0.000000000000000000e+00
7.749999999999944045e+00 0.000000000000000000e+00
7.849999999999943689e+00 0.000000000000000000e+00
7.949999999999943334e+00 0.000000000000000000e+00
