-7.950000000000000178e+00 0.000000000000000000e+00
-7.850000000000000533e+00 0.000000000000000000e+00
-7.750000000000000888e+00 0.000000000000000000e+00
-7.650000000000001243e+00 0.000000000000000000e+00
-7.550000000000001599e+00 0.000000000000000000e+00
-7.450000000000001954e+00 0.000000000000000000e+00
-7.350000000000002309e+00 0.000000000000000000e+00
-7.250000000000002665e+00 0.000000000000000000e+00
-7.150000000000003020e+00 0.000000000000000000e+00
-7.050000000000003375e+00 0.000000000000000000e+00
-6.950000000000003730e+00 0.000000000000000000e+00
-6.850000000000004086e+00 0.000000000000000000e+00
-6.750000000000004441e+00 0.000000000000000000e+00
-6.650000000000004796e+00 0.000000000000000000e+00
-6.550000000000005151e+00 0.000000000000000000e+00
-6.450000000000005507e+00 0.000000000000000000e+00
-6.350000000000005862e+00 0.000000000000000000e+00
-6.250000000000006217e+00 0.000000000000000000e+00
-6.150000000000006573e+00 0.000000000000000000e+00
-6.050000000000006928e+00 0.000000000000000000e+00
-5.950000000000007283e+00 0.000000000000000000e+00
-5.850000000000007638e+00 0.000000000000000000e+00
-5.750000000000007994e+00 0.000000000000000000e+00
-5.650000000000008349e+00 0.000000000000000000e+00
-5.550000000000008704e+00 0.000000000000000000e+00
-5.450000000000009059e+00 0.000000000000000000e+00
-5.350000000000009415e+00 0.000000000000000000e+00
-5.250000000000009770e+00 0.000000000000000000e+00
-5.150000000000010125e+00 0.000000000000000000e+00
-5.050000000000010481e+00 0.000000000000000000e+00
-4.950000000000010836e+00 0.000000000000000000e+00
-4.850000000000011191e+00 0.000000000000000000e+00
-4.750000000000011546e+00 0.000000000000000000e+00
-4.650000000000011902e+00 0.000000000000000000e+00
-4.550000000000012257e+00 0.000000000000000000e+00
-4.450000000000012612e+00 0.000000000000000000e+00
-4.350000000000012967e+00 2.075150971667278374e-04
-4.250000000000013323e+00 2.429877633490744987e-04
-4.150000000000013678e+00 1.649478977479118763e-04
-4.050000000000014033e+00 1.418906647293865641e-04
-3.950000000000014388e+00 1.312488648746825738e-04
-3.850000000000014744e+00 4.398610606610983188e-04
-3.750000000000015099e+00 3.839916114239023699e-04
-3.650000000000015454e+00 1.624648111151476282e-03
-3.550000000000015810e+00 1.033141402560845776e-03
-3.450000000000016165e+00 1.473002463221944258e-03
-3.350000000000016520e+00 1.829502758354527824e-03
-3.250000000000016875e+00 2.001545189338909108e-03
-3.150000000000017231e+00 2.834266027969504966e-03
-3.050000000000017586e+00 4.298400324645856169e-03
-2.950000000000017941e+00 5.737703754994577521e-03
-2.850000000000018296e+00 7.011172470940820606e-03
-2.750000000000018652e+00 9.246837257083251327e-03
-2.650000000000019007e+00 9.393162005085397420e-03
-2.550000000000019362e+00 1.327741895205245340e-02
-2.450000000000019718e+00 1.737805916273178417e-02
-2.350000000000020073e+00 2.332948573147523852e-02
-2.250000000000020428e+00 3.289202971758175414e-02
-2.150000000000020783e+00 3.654216706774528201e-02
-2.050000000000021139e+00 4.779498359744052682e-02
-1.950000000000021272e+00 5.122519041727353895e-02
-1.850000000000021627e+00 6.959116333318318692e-02
-1.750000000000021982e+00 8.555829719851193449e-02
-1.650000000000022338e+00 9.880556438430918020e-02
-1.550000000000022693e+00 1.167130530898119745e-01
-1.450000000000023048e+00 1.428785784825650218e-01
-1.350000000000023404e+00 1.581823734902841061e-01
-1.250000000000023759e+00 1.701242465605715404e-01
-1.150000000000024114e+00 2.038933379495113107e-01
-1.050000000000024469e+00 2.257781993507095575e-01
-9.500000000000248246e-01 2.595792161392121988e-01
-8.500000000000251799e-01 2.825548620255199372e-01
-7.500000000000255351e-01 2.993032813635120304e-01
-6.500000000000258904e-01 3.333277759489634007e-01
-5.500000000000262457e-01 3.580061098120232987e-01
-4.500000000000266565e-01 3.802403769751152574e-01
-3.500000000000270117e-01 3.982170373796758422e-01
-2.500000000000273670e-01 4.025730807868683758e-01
-1.500000000000277223e-01 4.086593034871053298e-01
-5.000000000002806366e-02 4.147898670200695914e-01
4.999999999997158107e-02 3.960931114920067109e-01
1.499999999999712119e-01 3.996386044769349444e-01
2.499999999999708566e-01 3.922771394274418011e-01
3.499999999999705014e-01 3.792622182051386126e-01
4.499999999999701461e-01 3.646900469374307896e-01
5.499999999999698463e-01 3.389971948215572684e-01
6.499999999999694911e-01 3.149502744165449952e-01
7.499999999999691358e-01 2.965993773837630187e-01
8.499999999999687805e-01 2.584866580207962894e-01
9.499999999999684253e-01 2.328878084703071560e-01
1.049999999999968070e+00 2.226548310933550434e-01
1.149999999999967715e+00 1.941968846485667421e-01
1.249999999999967359e+00 1.777420016232303113e-01
1.349999999999967004e+00 1.558864051716325194e-01
1.449999999999966649e+00 1.297102379790236182e-01
1.549999999999966294e+00 1.115517801602805281e-01
1.649999999999965938e+00 9.101133280739313880e-02
1.749999999999965583e+00 8.345742854386227483e-02
1.849999999999965228e+00 6.650238092535573631e-02
1.949999999999964873e+00 5.430333102524664834e-02
2.049999999999964295e+00 4.496515165274379139e-02
2.149999999999963940e+00 3.904565048356462009e-02
2.249999999999963585e+00 3.474370289230030440e-02
2.349999999999963229e+00 2.870980237468287802e-02
2.449999999999962874e+00 1.971925513076680514e-02
2.549999999999962519e+00 1.625446246140597323e-02
2.649999999999962164e+00 1.548913968852187045e-02
2.749999999999961808e+00 1.141244352751553080e-02
2.849999999999961453e+00 8.623405148928529884e-03
2.949999999999961098e+00 5.505357791500206308e-03
3.049999999999960743e+00 5.249067778332752038e-03
3.149999999999960387e+00 5.956747468670559043e-03
3.249999999999960032e+00 4.729393218761389350e-03
3.349999999999959677e+00 4.154736026607350891e-03
3.449999999999959321e+00 3.203181756265901722e-03
3.549999999999958966e+00 2.676412663458054095e-03
3.649999999999958611e+00 2.202852569923736611e-03
3.749999999999958256e+00 1.636176727660738992e-03
3.849999999999957900e+00 8.921375544860180680e-04
3.949999999999957545e+00 4.043883944787517387e-04
4.049999999999957190e+00 4.629182936796236852e-04
4.149999999999956835e+00 5.045986764438809263e-04
4.249999999999956479e+00 4.558237604431543584e-04
4.349999999999956124e+00 4.398610606610983188e-04
4.449999999999955769e+00 2.979703959317117818e-04
4.549999999999955413e+00 6.349607246640049697e-04
4.649999999999955058e+00 1.755896976026158666e-04
4.749999999999954703e+00 1.019839152742466005e-04
4.849999999999954348e+00 6.739806574645861861e-05
4.949999999999953992e+00 7.537941563748661131e-05
5.049999999999953637e+00 1.977601139665825130e-04
5.149999999999953282e+00 4.363137940428637096e-04
5.249999999999952927e+00 7.183214901925194789e-05
5.349999999999952571e+00 1.037575485833639187e-04
5.449999999999952216e+00 9.045529876498393086e-05
5.549999999999951861e+00 0.000000000000000000e+00
5.649999999999951505e+00 0.000000000000000000e+00
5.749999999999951150e+00 0.000000000000000000e+00
5.849999999999950795e+00 0.000000000000000000e+00
5.949999999999950440e+00 0.000000000000000000e+00
6.049999999999950084e+00 0.000000000000000000e+00
6.149999999999949729e+00 0.000000000000000000e+00
6.249999999999949374e+00 0.000000000000000000e+00
6.349999999999949019e+00 0.000000000000000000e+00
6.449999999999948663e+00 0.000000000000000000e+00
6.549999999999948308e+00 0.000000000000000000e+00
6.649999999999947953e+00 0.000000000000000000e+00
6.749999999999947597e+00 0.000000000000000000e+00
6.849999999999947242e+00 0.000000000000000000e+00
6.949999999999946887e+00 0.000000000000000000e+00
7.049999999999946532e+00 0.000000000000000000e+00
7.149999999999946176e+00 0.000000000000000000e+00
7.249999999999945821e+00 0.000000000000000000e+00
7.349999999999945466e+00 0.000000000000000000e+00
7.449999999999945111e+00 0.000000000000000000e+00
7.549999999999944755e+00 0.000000000000000000e+00
7.649999999999944400e+00 0.000000000000000000e+00
7.749999999999944045e+00 0.000000000000000000e+00
7.849999999999943689e+00 0.000000000000000000e+00
7.949999999999943334e+00 0.000000000000000000e+00
