-7.950000000000000178e+00 4.385759730538937753e-05
-7.850000000000000533e+00 4.953495617987344220e-05
-7.750000000000000888e+00 6.003807009766895167e-05
-7.650000000000001243e+00 7.153472181849918770e-05
-7.550000000000001599e+00 8.076042998953579109e-05
-7.450000000000001954e+00 8.445071325795044329e-05
-7.350000000000002309e+00 1.029021296000236365e-04
-7.250000000000002665e+00 1.163858569269232918e-04
-7.150000000000003020e+00 1.280244426196156210e-04
-7.050000000000003375e+00 1.373920847625143514e-04
-6.950000000000003730e+00 1.635079355851410353e-04
-6.850000000000004086e+00 1.769916629120407041e-04
-6.750000000000004441e+00 2.080752027498409531e-04
-6.650000000000004796e+00 2.407200162781242877e-04
-6.550000000000005151e+00 2.661261972414405126e-04
-6.450000000000005507e+00 2.930936518952397419e-04
-6.350000000000005862e+00 3.298545506075240691e-04
-6.250000000000006217e+00 3.646283737137389703e-04
-6.150000000000006573e+00 4.093375748503010015e-04
-6.050000000000006928e+00 4.539048420150007838e-04
-5.950000000000007283e+00 5.220331485088090719e-04
-5.850000000000007638e+00 5.910130588337898783e-04
-5.750000000000007994e+00 6.282008770519896101e-04
-5.650000000000008349e+00 7.039925004360212540e-04
-5.550000000000008704e+00 7.975269878931452250e-04
-5.450000000000009059e+00 8.876550600255786894e-04
-5.350000000000009415e+00 9.921206984967434993e-04
-5.250000000000009770e+00 1.063938170668636291e-03
-5.150000000000010125e+00 1.204877487137372138e-03
-5.050000000000010481e+00 1.322686036553904002e-03
-4.950000000000010836e+00 1.480090811348972694e-03
-4.850000000000011191e+00 1.667157551082561152e-03
-4.750000000000011546e+00 1.837765538031794132e-03
-4.650000000000011902e+00 2.059040600164808305e-03
-4.550000000000012257e+00 2.269105113701375132e-03
-4.450000000000012612e+00 2.509967063951358632e-03
-4.350000000000012967e+00 2.795112413422317851e-03
-4.250000000000013323e+00 3.105669531808240378e-03
-4.150000000000013678e+00 3.476975507741471468e-03
-4.050000000000014033e+00 3.855368123954844295e-03
-3.950000000000014388e+00 4.207938815602302318e-03
-3.850000000000014744e+00 4.750978191946746143e-03
-3.750000000000015099e+00 5.256268719727514270e-03
-3.650000000000015454e+00 5.835655486362284136e-03
-3.550000000000015810e+00 6.525748515868840319e-03
-3.450000000000016165e+00 7.276142249200531070e-03
-3.350000000000016520e+00 8.051717527839240968e-03
-3.250000000000016875e+00 9.071107430378694617e-03
-3.150000000000017231e+00 1.005128779379366871e-02
-3.050000000000017586e+00 1.127367009826383062e-02
-2.950000000000017941e+00 1.262389244294921664e-02
-2.850000000000018296e+00 1.406115048732497520e-02
-2.750000000000018652e+00 1.577107263237051069e-02
-2.650000000000019007e+00 1.754598936062601311e-02
-2.550000000000019362e+00 1.967190768370622594e-02
-2.450000000000019718e+00 2.222002816392107394e-02
-2.350000000000020073e+00 2.491821420323632116e-02
-2.250000000000020428e+00 2.810995942464225919e-02
-2.150000000000020783e+00 3.157501024356698660e-02
-2.050000000000021139e+00 3.582237317563598256e-02
-1.950000000000021272e+00 4.031707561150566638e-02
-1.850000000000021627e+00 4.580031351609457901e-02
-1.750000000000021982e+00 5.193819224975398940e-02
-1.650000000000022338e+00 5.905192291948194866e-02
-1.550000000000022693e+00 6.750973477503265097e-02
-1.450000000000023048e+00 7.714878931742844004e-02
-1.350000000000023404e+00 8.843653211311915119e-02
-1.250000000000023759e+00 1.017351630120323647e-01
-1.150000000000024114e+00 1.173693520632369258e-01
-1.050000000000024469e+00 1.357838521615369887e-01
-9.500000000000248246e-01 1.579406157720705250e-01
-8.500000000000251799e-01 1.845621337504105286e-01
-7.500000000000255351e-01 2.170196838430533126e-01
-6.500000000000258904e-01 2.568241241231222771e-01
-5.500000000000262457e-01 3.062289894358437015e-01
-4.500000000000266565e-01 3.692813124115220669e-01
-3.500000000000270117e-01 4.482635623090192034e-01
-2.500000000000273670e-01 5.545255964770037238e-01
-1.500000000000277223e-01 6.969835449772496805e-01
-5.000000000002806366e-02 9.026901748389057900e-01
4.999999999997158107e-02 8.846317278437145770e-01
1.499999999999712119e-01 6.624147963437401199e-01
2.499999999999708566e-01 5.159799473591326624e-01
3.499999999999705014e-01 4.124587900634950621e-01
4.499999999999701461e-01 3.355573827183123692e-01
5.499999999999698463e-01 2.768276968537645710e-01
6.499999999999694911e-01 2.311669502532241460e-01
7.499999999999691358e-01 1.944938170271250377e-01
8.499999999999687805e-01 1.646679261742458877e-01
9.499999999999684253e-01 1.404368702083196863e-01
1.049999999999968070e+00 1.203614263611707813e-01
1.149999999999967715e+00 1.034150476817882747e-01
1.249999999999967359e+00 8.963621280522343637e-02
1.349999999999967004e+00 7.755704506483955540e-02
1.449999999999966649e+00 6.758364996425322846e-02
1.549999999999966294e+00 5.877755114078859339e-02
1.649999999999965938e+00 5.145732554103693568e-02
1.749999999999965583e+00 4.516716171388249212e-02
1.849999999999965228e+00 3.969441462971770584e-02
1.949999999999964873e+00 3.496050539487634973e-02
2.049999999999964295e+00 3.086854675091222494e-02
2.149999999999963940e+00 2.727170409236656656e-02
2.249999999999963585e+00 2.406278486036526887e-02
2.349999999999963229e+00 2.142573324726104386e-02
2.449999999999962874e+00 1.895972659892491280e-02
2.549999999999962519e+00 1.677913352173887249e-02
2.649999999999962164e+00 1.504975971700597999e-02
2.749999999999961808e+00 1.328149265121222021e-02
2.849999999999961453e+00 1.189095658815667728e-02
2.949999999999961098e+00 1.057420495625316544e-02
3.049999999999960743e+00 9.421539054135204608e-03
3.149999999999960387e+00 8.543231519626662968e-03
3.249999999999960032e+00 7.565851837577691405e-03
3.349999999999959677e+00 6.769177571105987508e-03
3.449999999999959321e+00 6.060076565273204291e-03
3.549999999999958966e+00 5.442629142372798490e-03
3.649999999999958611e+00 4.866381686973939025e-03
3.749999999999958256e+00 4.376422263334937661e-03
3.849999999999957900e+00 3.887590488338530433e-03
3.949999999999957545e+00 3.525944963214555465e-03
4.049999999999957190e+00 3.168265766170415276e-03
4.149999999999956835e+00 2.856722933113764983e-03
4.249999999999956479e+00 2.594559711181170132e-03
4.349999999999956124e+00 2.282165274293347645e-03
4.449999999999955769e+00 2.094666027102195290e-03
4.549999999999955413e+00 1.841454703709879178e-03
4.649999999999955058e+00 1.681919801746549177e-03
4.749999999999954703e+00 1.468884733113844532e-03
4.849999999999954348e+00 1.346954510561663727e-03
4.949999999999953992e+00 1.225038816683768047e-03
5.049999999999953637e+00 1.089910969929071011e-03
5.149999999999953282e+00 9.603274887996331166e-04
5.249999999999952927e+00 8.799906255450252665e-04
5.349999999999952571e+00 7.644563724492760108e-04
5.449999999999952216e+00 7.027150946892625309e-04
5.549999999999951861e+00 6.320319767019366881e-04
5.649999999999951505e+00 5.678789390105972107e-04
5.749999999999951150e+00 5.061365436602538806e-04
5.849999999999950795e+00 4.673885693419003442e-04
5.949999999999950440e+00 4.206922925992691038e-04
6.049999999999950084e+00 3.778282330969144663e-04
6.149999999999949729e+00 3.251707295360747310e-04
6.249999999999949374e+00 2.939452557264123685e-04
6.349999999999949019e+00 2.698164805098551377e-04
6.449999999999948663e+00 2.374555349252959488e-04
6.549999999999948308e+00 2.082171367217030395e-04
6.649999999999947953e+00 1.845141634207320949e-04
6.749999999999947597e+00 1.557015671327254447e-04
6.849999999999947242e+00 1.416501039183773762e-04
6.949999999999946887e+00 1.236244894918904827e-04
7.049999999999946532e+00 1.055988750654035757e-04
7.149999999999946176e+00 9.850217647229848471e-05
7.249999999999945821e+00 8.785712858264088209e-05
7.349999999999945466e+00 7.863142041160426515e-05
7.449999999999945111e+00 6.713476869077403589e-05
7.549999999999944755e+00 5.904453229463424544e-05
7.649999999999944400e+00 4.967689015173554212e-05
7.749999999999944045e+00 5.237363561711547453e-05
7.849999999999943689e+00 4.314792744607887114e-05
7.949999999999943334e+00 3.661896474042220016e-05
