-7.950000000000000178e+00 0.000000000000000000e+00
-7.850000000000000533e+00 0.000000000000000000e+00
-7.750000000000000888e+00 0.000000000000000000e+00
-7.650000000000001243e+00 0.000000000000000000e+00
-7.550000000000001599e+00 0.000000000000000000e+00
-7.450000000000001954e+00 0.000000000000000000e+00
-7.350000000000002309e+00 0.000000000000000000e+00
-7.250000000000002665e+00 0.000000000000000000e+00
-7.150000000000003020e+00 0.000000000000000000e+00
-7.050000000000003375e+00 0.000000000000000000e+00
-6.950000000000003730e+00 0.000000000000000000e+00
-6.850000000000004086e+00 0.000000000000000000e+00
-6.750000000000004441e+00 0.000000000000000000e+00
-6.650000000000004796e+00 0.000000000000000000e+00
-6.550000000000005151e+00 0.000000000000000000e+00
-6.450000000000005507e+00 0.000000000000000000e+00
-6.350000000000005862e+00 0.000000000000000000e+00
-6.250000000000006217e+00 0.000000000000000000e+00
-6.150000000000006573e+00 0.000000000000000000e+00
-6.050000000000006928e+00 0.000000000000000000e+00
-5.950000000000007283e+00 0.000000000000000000e+00
-5.850000000000007638e+00 0.000000000000000000e+00
-5.750000000000007994e+00 0.000000000000000000e+00
-5.650000000000008349e+00 0.000000000000000000e+00
-5.550000000000008704e+00 0.000000000000000000e+00
-5.450000000000009059e+00 0.000000000000000000e+00
-5.350000000000009415e+00 0.000000000000000000e+00
-5.250000000000009770e+00 0.000000000000000000e+00
-5.150000000000010125e+00 4.346980605014545316e-05
-5.050000000000010481e+00 3.104986146438961714e-05
-4.950000000000010836e+00 5.855116733284899543e-05
-4.850000000000011191e+00 9.403672329215141115e-05
-4.750000000000011546e+00 8.427819540334325428e-05
-4.650000000000011902e+00 1.233123069585759495e-04
-4.550000000000012257e+00 2.918686977652623226e-04
-4.450000000000012612e+00 2.599316974018901728e-04
-4.350000000000012967e+00 3.477584484011636795e-04
-4.250000000000013323e+00 5.447032839752919634e-04
-4.150000000000013678e+00 5.544618118641002694e-04
-4.050000000000014033e+00 1.072550928869916119e-03
-3.950000000000014388e+00 1.076986623364829636e-03
-3.850000000000014744e+00 1.616367073946228545e-03
-3.750000000000015099e+00 1.682902491369919372e-03
-3.650000000000015454e+00 1.865653104560327947e-03
-3.550000000000015810e+00 2.138891885446957478e-03
-3.450000000000016165e+00 2.953285394712952365e-03
-3.350000000000016520e+00 3.459841706031993244e-03
-3.250000000000016875e+00 3.682513569676618484e-03
-3.150000000000017231e+00 4.187295603197697252e-03
-3.050000000000017586e+00 6.589667741642499590e-03
-2.950000000000017941e+00 9.096722270167237334e-03
-2.850000000000018296e+00 1.149643299191510301e-02
-2.750000000000018652e+00 1.310038012127559201e-02
-2.650000000000019007e+00 1.382339832394638424e-02
-2.550000000000019362e+00 1.827062562454602468e-02
-2.450000000000019718e+00 2.137916032658095100e-02
-2.350000000000020073e+00 2.515925917514568941e-02
-2.250000000000020428e+00 3.072960432185726370e-02
-2.150000000000020783e+00 3.503932509311460247e-02
-2.050000000000021139e+00 4.511722298555660704e-02
-1.950000000000021272e+00 5.169713219931026948e-02
-1.850000000000021627e+00 6.047803302143939241e-02
-1.750000000000021982e+00 7.727068524027932983e-02
-1.650000000000022338e+00 8.892325467841492859e-02
-1.550000000000022693e+00 1.046460173850816688e-01
-1.450000000000023048e+00 1.257812145144410199e-01
-1.350000000000023404e+00 1.449292205100799757e-01
-1.250000000000023759e+00 1.631874261900397860e-01
-1.150000000000024114e+00 1.881745804187821558e-01
-1.050000000000024469e+00 2.105712890624955036e-01
-9.500000000000248246e-01 2.429421003474705187e-01
-8.500000000000251799e-01 2.751363709915474742e-01
-7.500000000000255351e-01 3.002548217773390316e-01
-6.500000000000258904e-01 3.267855976903121240e-01
-5.500000000000262457e-01 3.433307381563364680e-01
-4.500000000000266565e-01 3.745225418445655707e-01
-3.500000000000270117e-01 3.980734181958561768e-01
-2.500000000000273670e-01 4.115614780159879693e-01
-1.500000000000277223e-01 4.261274115983835209e-01
-5.000000000002806366e-02 4.384515451830499067e-01
4.999999999997158107e-02 4.404316392055787066e-01
1.499999999999712119e-01 4.272735950558690377e-01
2.499999999999708566e-01 4.155979600063595125e-01
3.499999999999705014e-01 4.069900512695309169e-01
4.499999999999701461e-01 3.728192351585182251e-01
5.499999999999698463e-01 3.539329351380781086e-01
6.499999999999694911e-01 3.275778127271032902e-01
7.499999999999691358e-01 2.962254368981604991e-01
8.499999999999687805e-01 2.629222426303555737e-01
9.499999999999684253e-01 2.368785059729248688e-01
1.049999999999968070e+00 2.126658240029937197e-01
1.149999999999967715e+00 1.819087183752685077e-01
1.249999999999967359e+00 1.573030338730880828e-01
1.349999999999967004e+00 1.400260038154036435e-01
1.449999999999966649e+00 1.245409943336634462e-01
1.549999999999966294e+00 1.040906684343182176e-01
1.649999999999965938e+00 8.634079334347634360e-02
1.749999999999965583e+00 7.285362066224551625e-02
1.849999999999965228e+00 5.982421165288929338e-02
1.949999999999964873e+00 5.312720010447018887e-02
2.049999999999964295e+00 4.380070885946645010e-02
2.149999999999963940e+00 3.630615944086172664e-02
2.249999999999963585e+00 2.867587777071261765e-02
2.349999999999963229e+00 2.513353214707519934e-02
2.449999999999962874e+00 2.029507659202425124e-02
2.549999999999962519e+00 1.770374386809615147e-02
2.649999999999962164e+00 1.493675764216951390e-02
2.749999999999961808e+00 1.294069511945872969e-02
2.849999999999961453e+00 1.199323077534534404e-02
2.949999999999961098e+00 9.544727414153443557e-03
3.049999999999960743e+00 6.579909213753688466e-03
3.149999999999960387e+00 5.731804426326355360e-03
3.249999999999960032e+00 4.119873046875026021e-03
3.349999999999959677e+00 3.299269565316152036e-03
3.449999999999959321e+00 3.119180368822691181e-03
3.549999999999958966e+00 1.974771189135181640e-03
3.649999999999958611e+00 1.920655716297246839e-03
3.749999999999958256e+00 1.710403797238378492e-03
3.849999999999957900e+00 1.838151798691869693e-03
3.949999999999957545e+00 1.279254292332854389e-03
4.049999999999957190e+00 8.560890375181714942e-04
4.149999999999956835e+00 9.909341501635213299e-04
4.249999999999956479e+00 9.199630382449178537e-04
4.349999999999956124e+00 5.180891170058151991e-04
4.449999999999955769e+00 3.725983375726752973e-04
4.549999999999955413e+00 3.823568654614834406e-04
4.649999999999955058e+00 5.278476448946261071e-04
4.749999999999954703e+00 1.818634742914248636e-04
4.849999999999954348e+00 5.766402843386643571e-05
4.949999999999953992e+00 6.653541742369200576e-05
5.049999999999953637e+00 7.540680641351760291e-05
5.149999999999953282e+00 0.000000000000000000e+00
5.249999999999952927e+00 0.000000000000000000e+00
5.349999999999952571e+00 0.000000000000000000e+00
5.449999999999952216e+00 0.000000000000000000e+00
5.549999999999951861e+00 0.000000000000000000e+00
5.649999999999951505e+00 0.000000000000000000e+00
5.749999999999951150e+00 0.000000000000000000e+00
5.849999999999950795e+00 0.000000000000000000e+00
5.949999999999950440e+00 0.000000000000000000e+00
6.049999999999950084e+00 0.000000000000000000e+00
6.149999999999949729e+00 0.000000000000000000e+00
6.249999999999949374e+00 0.000000000000000000e+00
6.349999999999949019e+00 0.000000000000000000e+00
6.449999999999948663e+00 0.000000000000000000e+00
6.549999999999948308e+00 0.000000000000000000e+00
6.649999999999947953e+00 0.000000000000000000e+00
6.749999999999947597e+00 0.000000000000000000e+00
6.849999999999947242e+00 0.000000000000000000e+00
6.949999999999946887e+00 0.000000000000000000e+00
7.049999999999946532e+00 0.000000000000000000e+00
7.149999999999946176e+00 0.000000000000000000e+00
7.249999999999945821e+00 0.000000000000000000e+00
7.349999999999945466e+00 0.000000000000000000e+00
7.449999999999945111e+00 0.000000000000000000e+00
7.549999999999944755e+00 0.000000000000000000e+00
7.649999999999944400e+00 0.000000000000000000e+00
7.749999999999944045e+00 0.000000000000000000e+00
7.849999999999943689e+00 0.000000000000000000e+00
7.949999999999943334e+00 0.000000000000000000e+00
