-7.950000000000000178e+00 0.000000000000000000e+00
-7.850000000000000533e+00 0.000000000000000000e+00
-7.750000000000000888e+00 0.000000000000000000e+00
-7.650000000000001243e+00 0.000000000000000000e+00
-7.550000000000001599e+00 0.000000000000000000e+00
-7.450000000000001954e+00 0.000000000000000000e+00
-7.350000000000002309e+00 0.000000000000000000e+00
-7.250000000000002665e+00 0.000000000000000000e+00
-7.150000000000003020e+00 0.000000000000000000e+00
-7.050000000000003375e+00 0.000000000000000000e+00
-6.950000000000003730e+00 0.000000000000000000e+00
-6.850000000000004086e+00 0.000000000000000000e+00
-6.750000000000004441e+00 0.000000000000000000e+00
-6.650000000000004796e+00 0.000000000000000000e+00
-6.550000000000005151e+00 0.000000000000000000e+00
-6.450000000000005507e+00 8.868166545586664913e-07
-6.350000000000005862e+00 1.773633309117332983e-06
-6.250000000000006217e+00 1.773633309117332983e-06
-6.150000000000006573e+00 1.773633309117332983e-06
-6.050000000000006928e+00 2.660449963675999262e-06
-5.950000000000007283e+00 1.773633309117332983e-06
-5.850000000000007638e+00 2.660449963675999262e-06
-5.750000000000007994e+00 3.547266618234665965e-06
-5.650000000000008349e+00 5.320899927351998524e-06
-5.550000000000008704e+00 9.754983200145331192e-06
-5.450000000000009059e+00 2.217041636396666334e-05
-5.350000000000009415e+00 1.773633309117333067e-05
-5.250000000000009770e+00 1.950996640029066238e-05
-5.150000000000010125e+00 2.483086632764266430e-05
-5.050000000000010481e+00 3.281221621867066378e-05
-4.950000000000010836e+00 4.256719941881599497e-05
-4.850000000000011191e+00 4.966173265528532859e-05
-4.750000000000011546e+00 9.932346531057064363e-05
-4.650000000000011902e+00 1.197202483654199854e-04
-4.550000000000012257e+00 1.339093148383586527e-04
-4.450000000000012612e+00 1.622874477842359601e-04
-4.350000000000012967e+00 1.888919474209959357e-04
-4.250000000000013323e+00 2.793472461859799073e-04
-4.150000000000013678e+00 3.724629949146398764e-04
-4.050000000000014033e+00 3.946334112786065228e-04
-3.950000000000014388e+00 5.320899927351997304e-04
-3.850000000000014744e+00 6.624520409553235571e-04
-3.750000000000015099e+00 9.329311205957166973e-04
-3.650000000000015454e+00 1.113841718125684532e-03
-3.550000000000015810e+00 1.408264847439161596e-03
-3.450000000000016165e+00 1.724858393116605361e-03
-3.350000000000016520e+00 2.258722019160922315e-03
-3.250000000000016875e+00 2.951325826371240402e-03
-3.150000000000017231e+00 3.640382366963324477e-03
-3.050000000000017586e+00 4.945776482473680617e-03
-2.950000000000017941e+00 6.509234244460608901e-03
-2.850000000000018296e+00 8.151618688703256982e-03
-2.750000000000018652e+00 1.001038639665822148e-02
-2.650000000000019007e+00 1.286593602433712576e-02
-2.550000000000019362e+00 1.584120590038148174e-02
-2.450000000000019718e+00 2.008728404240855622e-02
-2.350000000000020073e+00 2.494083159280834766e-02
-2.250000000000020428e+00 3.092950446104326609e-02
-2.150000000000020783e+00 3.819696694515185842e-02
-2.050000000000021139e+00 4.668202869596955323e-02
-1.950000000000021272e+00 5.706487808754279190e-02
-1.850000000000021627e+00 6.911760323964931396e-02
-1.750000000000021982e+00 8.250144019024807651e-02
-1.650000000000022338e+00 9.815375414320817726e-02
-1.550000000000022693e+00 1.156825721372145427e-01
-1.450000000000023048e+00 1.351943121708141515e-01
-1.350000000000023404e+00 1.554536386442068319e-01
-1.250000000000023759e+00 1.778404382718861143e-01
-1.150000000000024114e+00 2.015964828142043919e-01
-1.050000000000024469e+00 2.268530211360360593e-01
-9.500000000000248246e-01 2.521343903241948237e-01
-8.500000000000251799e-01 2.745859275676545419e-01
-7.500000000000255351e-01 3.006175436455678640e-01
-6.500000000000258904e-01 3.228030358926612386e-01
-5.500000000000262457e-01 3.451047011215021554e-01
-4.500000000000266565e-01 3.627257480475828411e-01
-3.500000000000270117e-01 3.804124194061013764e-01
-2.500000000000273670e-01 3.925015040410454459e-01
-1.500000000000277223e-01 4.011479664229924413e-01
-5.000000000002806366e-02 4.063376174854698708e-01
4.999999999997158107e-02 4.083382758581542982e-01
1.499999999999712119e-01 4.042438433640568318e-01
2.499999999999708566e-01 3.940002241872496702e-01
3.499999999999705014e-01 3.808717904331627713e-01
4.499999999999701461e-01 3.647636527197588019e-01
5.499999999999698463e-01 3.471346244437870654e-01
6.499999999999694911e-01 3.249234145137109842e-01
7.499999999999691358e-01 3.016746290978020162e-01
8.499999999999687805e-01 2.750160336451156207e-01
9.499999999999684253e-01 2.509256592240314276e-01
1.049999999999968070e+00 2.255937414865627488e-01
1.149999999999967715e+00 2.016177664139137682e-01
1.249999999999967359e+00 1.772515920132592682e-01
1.349999999999967004e+00 1.541367159121871389e-01
1.449999999999966649e+00 1.350426665228845746e-01
1.549999999999966294e+00 1.156337972212138632e-01
1.649999999999965938e+00 9.896253093216561547e-02
1.749999999999965583e+00 8.279763695287063741e-02
1.849999999999965228e+00 6.926215435434240897e-02
1.949999999999964873e+00 5.719346650245381997e-02
2.049999999999964295e+00 4.714406017299463403e-02
2.149999999999963940e+00 3.824928912777082052e-02
2.249999999999963585e+00 3.121505942381114923e-02
2.349999999999963229e+00 2.492930297629908018e-02
2.449999999999962874e+00 2.022119335724691797e-02
2.549999999999962519e+00 1.592900074918279091e-02
2.649999999999962164e+00 1.256264472847806214e-02
2.749999999999961808e+00 9.927025631129706568e-03
2.849999999999961453e+00 7.792457943606998991e-03
2.949999999999961098e+00 5.966502451870704313e-03
3.049999999999960743e+00 4.994551398474406968e-03
3.149999999999960387e+00 3.925050513076655187e-03
3.249999999999960032e+00 3.028478875317844494e-03
3.349999999999959677e+00 2.375781817562666424e-03
3.449999999999959321e+00 1.815313691881589604e-03
3.549999999999958966e+00 1.382547164456960449e-03
3.649999999999958611e+00 1.004763269614968686e-03
3.749999999999958256e+00 8.930243711405766796e-04
3.849999999999957900e+00 7.670964061932462365e-04
3.949999999999957545e+00 4.611446603705064620e-04
4.049999999999957190e+00 3.671420949872878812e-04
4.149999999999956835e+00 2.855549627678906225e-04
4.249999999999956479e+00 2.687054463312759170e-04
4.349999999999956124e+00 2.030810138939345894e-04
4.449999999999955769e+00 1.560797312023252720e-04
4.549999999999955413e+00 1.179466150563026402e-04
4.649999999999955058e+00 1.046443652379226523e-04
4.749999999999954703e+00 7.183214901925198854e-05
4.849999999999954348e+00 5.143536596440265353e-05
4.949999999999953992e+00 3.458584952778799549e-05
5.049999999999953637e+00 3.547266618234666134e-05
5.149999999999953282e+00 3.369903287322932963e-05
5.249999999999952927e+00 2.749131629131866186e-05
5.349999999999952571e+00 1.507588312749732972e-05
5.449999999999952216e+00 7.094533236469331930e-06
5.549999999999951861e+00 1.330224981837999800e-05
5.649999999999951505e+00 1.152861650926266460e-05
5.749999999999951150e+00 7.094533236469332777e-06
5.849999999999950795e+00 2.660449963675999262e-06
5.949999999999950440e+00 2.660449963675999262e-06
6.049999999999950084e+00 2.660449963675999262e-06
6.149999999999949729e+00 5.320899927351998524e-06
6.249999999999949374e+00 0.000000000000000000e+00
6.349999999999949019e+00 0.000000000000000000e+00
6.449999999999948663e+00 0.000000000000000000e+00
6.549999999999948308e+00 0.000000000000000000e+00
6.649999999999947953e+00 0.000000000000000000e+00
6.749999999999947597e+00 0.000000000000000000e+00
6.849999999999947242e+00 0.000000000000000000e+00
6.949999999999946887e+00 0.000000000000000000e+00
7.049999999999946532e+00 0.000000000000000000e+00
7.149999999999946176e+00 0.000000000000000000e+00
7.249999999999945821e+00 0.000000000000000000e+00
7.349999999999945466e+00 0.000000000000000000e+00
7.449999999999945111e+00 0.000000000000000000e+00
7.549999999999944755e+00 0.000000000000000000e+00
7.649999999999944400e+00 0.000000000000000000e+00
7.749999999999944045e+00 0.000000000000000000e+00
7.849999999999943689e+00 0.000000000000000000e+00
7.949999999999943334e+00 0.000000000000000000e+00
