-7.950000000000000178e+00 0.000000000000000000e+00
-7.850000000000000533e+00 0.000000000000000000e+00
-7.750000000000000888e+00 0.000000000000000000e+00
-7.650000000000001243e+00 0.000000000000000000e+00
-7.550000000000001599e+00 0.000000000000000000e+00
-7.450000000000001954e+00 0.000000000000000000e+00
-7.350000000000002309e+00 0.000000000000000000e+00
-7.250000000000002665e+00 0.000000000000000000e+00
-7.150000000000003020e+00 0.000000000000000000e+00
-7.050000000000003375e+00 0.000000000000000000e+00
-6.950000000000003730e+00 0.000000000000000000e+00
-6.850000000000004086e+00 0.000000000000000000e+00
-6.750000000000004441e+00 0.000000000000000000e+00
-6.650000000000004796e+00 0.000000000000000000e+00
-6.550000000000005151e+00 0.000000000000000000e+00
-6.450000000000005507e+00 0.000000000000000000e+00
-6.350000000000005862e+00 0.000000000000000000e+00
-6.250000000000006217e+00 0.000000000000000000e+00
-6.150000000000006573e+00 0.000000000000000000e+00
-6.050000000000006928e+00 0.000000000000000000e+00
-5.950000000000007283e+00 0.000000000000000000e+00
-5.850000000000007638e+00 0.000000000000000000e+00
-5.750000000000007994e+00 0.000000000000000000e+00
-5.650000000000008349e+00 0.000000000000000000e+00
-5.550000000000008704e+00 0.000000000000000000e+00
-5.450000000000009059e+00 0.000000000000000000e+00
-5.350000000000009415e+00 0.000000000000000000e+00
-5.250000000000009770e+00 0.000000000000000000e+00
-5.150000000000010125e+00 0.000000000000000000e+00
-5.050000000000010481e+00 0.000000000000000000e+00
-4.950000000000010836e+00 0.000000000000000000e+00
-4.850000000000011191e+00 2.660449963675999262e-06
-4.750000000000011546e+00 8.868166545586665336e-06
-4.650000000000011902e+00 1.241543316382133215e-05
-4.550000000000012257e+00 1.950996640029066238e-05
-4.450000000000012612e+00 5.054854930984398090e-05
-4.350000000000012967e+00 4.877491600072666274e-05
-4.250000000000013323e+00 4.168038276425732911e-05
-4.150000000000013678e+00 5.852989920087198715e-05
-4.050000000000014033e+00 1.064179985470399840e-04
-3.950000000000014388e+00 1.303620482201239892e-04
-3.850000000000014744e+00 1.888919474209959086e-04
-3.750000000000015099e+00 3.423112286596452373e-04
-3.650000000000015454e+00 4.345401607337464863e-04
-3.550000000000015810e+00 7.005851571013462431e-04
-3.450000000000016165e+00 1.026046869324376666e-03
-3.350000000000016520e+00 1.396736230929898886e-03
-3.250000000000016875e+00 1.978487956320384121e-03
-3.150000000000017231e+00 2.803227445059943475e-03
-3.050000000000017586e+00 3.976485879041058782e-03
-2.950000000000017941e+00 5.258822761532889502e-03
-2.850000000000018296e+00 7.204498501634602065e-03
-2.750000000000018652e+00 9.010057210316045964e-03
-2.650000000000019007e+00 1.213431228432622702e-02
-2.550000000000019362e+00 1.563191716990563335e-02
-2.450000000000019718e+00 2.039057533826764065e-02
-2.350000000000020073e+00 2.646970350526755417e-02
-2.250000000000020428e+00 3.274038406965212866e-02
-2.150000000000020783e+00 4.091328635806518177e-02
-2.050000000000021139e+00 5.064964640846519178e-02
-1.950000000000021272e+00 6.087818970214517456e-02
-1.850000000000021627e+00 7.377516430939119740e-02
-1.750000000000021982e+00 8.756959737105071695e-02
-1.650000000000022338e+00 1.031039647089545125e-01
-1.550000000000022693e+00 1.206451981361248982e-01
-1.450000000000023048e+00 1.396381504268076057e-01
-1.350000000000023404e+00 1.601794845963499248e-01
-1.250000000000023759e+00 1.821423858631503467e-01
-1.150000000000024114e+00 2.055977995595730801e-01
-1.050000000000024469e+00 2.295347546994215560e-01
-9.500000000000248246e-01 2.547318763053970647e-01
-8.500000000000251799e-01 2.778476392231213898e-01
-7.500000000000255351e-01 3.012675802533595903e-01
-6.500000000000258904e-01 3.210152135170710741e-01
-5.500000000000262457e-01 3.403761947193953974e-01
-4.500000000000266565e-01 3.605681231270416731e-01
-3.500000000000270117e-01 3.740681330593882969e-01
-2.500000000000273670e-01 3.854043103546119786e-01
-1.500000000000277223e-01 3.934557187613503260e-01
-5.000000000002806366e-02 3.960452233926616827e-01
4.999999999997158107e-02 3.951096318221022363e-01
1.499999999999712119e-01 3.926105824895559371e-01
2.499999999999708566e-01 3.851613225912629557e-01
3.499999999999705014e-01 3.739847722938597907e-01
4.499999999999701461e-01 3.591456692131295148e-01
5.499999999999698463e-01 3.420026164638559907e-01
6.499999999999694911e-01 3.239479161936967833e-01
7.499999999999691358e-01 3.003674613489825118e-01
8.499999999999687805e-01 2.776427845759181778e-01
9.499999999999684253e-01 2.546768936728143196e-01
1.049999999999968070e+00 2.306184446512922759e-01
1.149999999999967715e+00 2.054044735288793888e-01
1.249999999999967359e+00 1.814630843057583320e-01
1.349999999999967004e+00 1.590860396612790995e-01
1.449999999999966649e+00 1.399033086065206155e-01
1.549999999999966294e+00 1.208589209498734940e-01
1.649999999999965938e+00 1.031722495913555415e-01
1.749999999999965583e+00 8.772301665228937617e-02
1.849999999999965228e+00 7.336279456502144136e-02
1.949999999999964873e+00 5.993018269842194379e-02
2.049999999999964295e+00 5.009627281602054699e-02
2.149999999999963940e+00 4.040070633173024200e-02
2.249999999999963585e+00 3.276610175263433566e-02
2.349999999999963229e+00 2.602984244460643595e-02
2.449999999999962874e+00 2.045442613739586329e-02
2.549999999999962519e+00 1.563191716990563682e-02
2.649999999999962164e+00 1.223895664956414948e-02
2.749999999999961808e+00 8.981679077370168657e-03
2.849999999999961453e+00 6.946434855158030788e-03
2.949999999999961098e+00 5.377656193243750618e-03
3.049999999999960743e+00 3.727290399110073406e-03
3.149999999999960387e+00 2.786377928623328878e-03
3.249999999999960032e+00 2.162945820468586619e-03
3.349999999999959677e+00 1.446397963585184391e-03
3.449999999999959321e+00 1.028707319288052610e-03
3.549999999999958966e+00 6.784147407373796509e-04
3.649999999999958611e+00 4.487292272066851400e-04
3.749999999999958256e+00 3.157067290228852616e-04
3.849999999999957900e+00 2.562900131674545950e-04
3.949999999999957545e+00 1.525324645840906356e-04
4.049999999999957190e+00 1.010970986196879889e-04
4.149999999999956835e+00 6.385079912822399584e-05
4.249999999999956479e+00 7.094533236469330914e-05
4.349999999999956124e+00 3.192539956411199792e-05
4.449999999999955769e+00 1.950996640029066238e-05
4.549999999999955413e+00 1.241543316382133045e-05
4.649999999999955058e+00 1.507588312749733141e-05
4.749999999999954703e+00 8.868166545586665336e-06
4.849999999999954348e+00 1.773633309117332983e-06
4.949999999999953992e+00 0.000000000000000000e+00
5.049999999999953637e+00 0.000000000000000000e+00
5.149999999999953282e+00 0.000000000000000000e+00
5.249999999999952927e+00 0.000000000000000000e+00
5.349999999999952571e+00 0.000000000000000000e+00
5.449999999999952216e+00 0.000000000000000000e+00
5.549999999999951861e+00 0.000000000000000000e+00
5.649999999999951505e+00 0.000000000000000000e+00
5.749999999999951150e+00 0.000000000000000000e+00
5.849999999999950795e+00 0.000000000000000000e+00
5.949999999999950440e+00 0.000000000000000000e+00
6.049999999999950084e+00 0.000000000000000000e+00
6.149999999999949729e+00 0.000000000000000000e+00
6.249999999999949374e+00 0.000000000000000000e+00
6.349999999999949019e+00 0.000000000000000000e+00
6.449999999999948663e+00 0.000000000000000000e+00
6.549999999999948308e+00 0.000000000000000000e+00
6.649999999999947953e+00 0.000000000000000000e+00
6.749999999999947597e+00 0.000000000000000000e+00
6.849999999999947242e+00 0.000000000000000000e+00
6.949999999999946887e+00 0.000000000000000000e+00
7.049999999999946532e+00 0.000000000000000000e+00
7.149999999999946176e+00 0.000000000000000000e+00
7.249999999999945821e+00 0.000000000000000000e+00
7.349999999999945466e+00 0.000000000000000000e+00
7.449999999999945111e+00 0.000000000000000000e+00
7.549999999999944755e+00 0.000000000000000000e+00
7.649999999999944400e+00 0.000000000000000000e+00
7.749999999999944045e+00 0.000000000000000000e+00
7.849999999999943689e+00 0.000000000000000000e+00
7.949999999999943334e+00 0.000000000000000000e+00
