-7.950000000000000178e+00 0.000000000000000000e+00
-7.850000000000000533e+00 0.000000000000000000e+00
-7.750000000000000888e+00 0.000000000000000000e+00
-7.650000000000001243e+00 0.000000000000000000e+00
-7.550000000000001599e+00 0.000000000000000000e+00
-7.450000000000001954e+00 0.000000000000000000e+00
-7.350000000000002309e+00 0.000000000000000000e+00
-7.250000000000002665e+00 0.000000000000000000e+00
-7.150000000000003020e+00 0.000000000000000000e+00
-7.050000000000003375e+00 0.000000000000000000e+00
-6.950000000000003730e+00 0.000000000000000000e+00
-6.850000000000004086e+00 0.000000000000000000e+00
-6.750000000000004441e+00 0.000000000000000000e+00
-6.650000000000004796e+00 0.000000000000000000e+00
-6.550000000000005151e+00 0.000000000000000000e+00
-6.450000000000005507e+00 0.000000000000000000e+00
-6.350000000000005862e+00 0.000000000000000000e+00
-6.250000000000006217e+00 0.000000000000000000e+00
-6.150000000000006573e+00 0.000000000000000000e+00
-6.050000000000006928e+00 0.000000000000000000e+00
-5.950000000000007283e+00 0.000000000000000000e+00
-5.850000000000007638e+00 8.871388989825613036e-07
-5.750000000000007994e+00 0.000000000000000000e+00
-5.650000000000008349e+00 0.000000000000000000e+00
-5.550000000000008704e+00 0.000000000000000000e+00
-5.450000000000009059e+00 8.871388989825613036e-07
-5.350000000000009415e+00 0.000000000000000000e+00
-5.250000000000009770e+00 3.548555595930245214e-06
-5.150000000000010125e+00 8.871388989825613036e-07
-5.050000000000010481e+00 8.871388989825613036e-07
-4.950000000000010836e+00 4.435694494912806200e-06
-4.850000000000011191e+00 3.548555595930245214e-06
-4.750000000000011546e+00 2.661416696947683805e-06
-4.650000000000011902e+00 9.758527888808173810e-06
-4.550000000000012257e+00 1.064566678779073522e-05
-4.450000000000012612e+00 1.419422238372097916e-05
-4.350000000000012967e+00 1.685563908066866509e-05
-4.250000000000013323e+00 3.814697265625013553e-05
-4.150000000000013678e+00 5.677688953488391665e-05
-4.050000000000014033e+00 9.137530659520379977e-05
-3.950000000000014388e+00 1.375065293422970134e-04
-3.850000000000014744e+00 2.244461414425880010e-04
-3.750000000000015099e+00 3.504198650981117246e-04
-3.650000000000015454e+00 4.790550054505830053e-04
-3.550000000000015810e+00 7.097111191860486397e-04
-3.450000000000016165e+00 9.820627611736945130e-04
-3.350000000000016520e+00 1.427406488462939355e-03
-3.250000000000016875e+00 2.091873523800876974e-03
-3.150000000000017231e+00 2.799810365188959600e-03
-3.050000000000017586e+00 3.727757653524718662e-03
-2.950000000000017941e+00 5.206618198128663312e-03
-2.850000000000018296e+00 6.911699161973166097e-03
-2.750000000000018652e+00 9.020428324854739069e-03
-2.650000000000019007e+00 1.176168752271088830e-02
-2.550000000000019362e+00 1.549299373183159016e-02
-2.450000000000019718e+00 2.007240472837962947e-02
-2.350000000000020073e+00 2.557177876317259443e-02
-2.250000000000020428e+00 3.219693206077443859e-02
-2.150000000000020783e+00 4.037635270939376325e-02
-2.050000000000021139e+00 5.002487537472822404e-02
-1.950000000000021272e+00 6.049488866052052383e-02
-1.850000000000021627e+00 7.389778314634801171e-02
-1.750000000000021982e+00 8.733705032703376059e-02
-1.650000000000022338e+00 1.038316238758155985e-01
-1.550000000000022693e+00 1.214750422987800893e-01
-1.450000000000023048e+00 1.407694262127508755e-01
-1.350000000000023404e+00 1.612747547238331247e-01
-1.250000000000023759e+00 1.851795994958169433e-01
-1.150000000000024114e+00 2.070182977720707029e-01
-1.050000000000024469e+00 2.304671531499780657e-01
-9.500000000000248246e-01 2.548075831213624243e-01
-8.500000000000251799e-01 2.782129686932185431e-01
-7.500000000000255351e-01 3.007063754769210284e-01
-6.500000000000258904e-01 3.230267901753224313e-01
-5.500000000000262457e-01 3.408955418786299152e-01
-4.500000000000266565e-01 3.586755796920391148e-01
-3.500000000000270117e-01 3.720562957053935582e-01
-2.500000000000273670e-01 3.836538625317933437e-01
-1.500000000000277223e-01 3.921189419058849213e-01
-5.000000000002806366e-02 3.945434925168045948e-01
4.999999999997158107e-02 3.962583320085381611e-01
1.499999999999712119e-01 3.923291938249439115e-01
2.499999999999708566e-01 3.826966396597911713e-01
3.499999999999705014e-01 3.713181961414400156e-01
4.499999999999701461e-01 3.578248134879147280e-01
5.499999999999698463e-01 3.405602033748141855e-01
6.499999999999694911e-01 3.214281658793558538e-01
7.499999999999691358e-01 3.013983438181275232e-01
8.499999999999687805e-01 2.778208532998682201e-01
9.499999999999684253e-01 2.540127066678741219e-01
1.049999999999968070e+00 2.308725756268130980e-01
1.149999999999967715e+00 2.073367806368054678e-01
1.249999999999967359e+00 1.845515051553373309e-01
1.349999999999967004e+00 1.617369540902031111e-01
1.449999999999966649e+00 1.413904234420386152e-01
1.549999999999966294e+00 1.221208794172394529e-01
1.649999999999965938e+00 1.042104321856811844e-01
1.749999999999965583e+00 8.786401083302936010e-02
1.849999999999965228e+00 7.399802984193298849e-02
1.949999999999964873e+00 6.097128224927417239e-02
2.049999999999964295e+00 5.007455515307124294e-02
2.149999999999963940e+00 4.009779109511323048e-02
2.249999999999963585e+00 3.192635469658476610e-02
2.349999999999963229e+00 2.548395201217332207e-02
2.449999999999962874e+00 1.991094544876480243e-02
2.549999999999962519e+00 1.516830089480396791e-02
2.649999999999962164e+00 1.183620719022542532e-02
2.749999999999961808e+00 9.098496547965205516e-03
2.849999999999961453e+00 6.836292355559648454e-03
2.949999999999961098e+00 5.218151003815435680e-03
3.049999999999960743e+00 3.857279932776173058e-03
3.149999999999960387e+00 2.829973087754366658e-03
3.249999999999960032e+00 2.028886661973114923e-03
3.349999999999959677e+00 1.474424850109015087e-03
3.449999999999959321e+00 9.891598723655550991e-04
3.549999999999958966e+00 7.212439248728218753e-04
3.649999999999958611e+00 4.799421443495655243e-04
3.749999999999958256e+00 3.238056981286348518e-04
3.849999999999957900e+00 2.599316974018904438e-04
3.949999999999957545e+00 1.428293627361923717e-04
4.049999999999957190e+00 9.048816769622125360e-05
4.149999999999956835e+00 6.121258402979672878e-05
4.249999999999956479e+00 4.169552825218037439e-05
4.349999999999956124e+00 2.483988917151171608e-05
4.449999999999955769e+00 1.330708348473841945e-05
4.549999999999955413e+00 1.064566678779073522e-05
4.649999999999955058e+00 8.871388989825612401e-06
4.749999999999954703e+00 7.097111191860489582e-06
4.849999999999954348e+00 7.097111191860489582e-06
4.949999999999953992e+00 4.435694494912806200e-06
5.049999999999953637e+00 8.871388989825613036e-07
5.149999999999953282e+00 3.548555595930245214e-06
5.249999999999952927e+00 0.000000000000000000e+00
5.349999999999952571e+00 8.871388989825613036e-07
5.449999999999952216e+00 8.871388989825613036e-07
5.549999999999951861e+00 8.871388989825613036e-07
5.649999999999951505e+00 0.000000000000000000e+00
5.749999999999951150e+00 0.000000000000000000e+00
5.849999999999950795e+00 0.000000000000000000e+00
5.949999999999950440e+00 0.000000000000000000e+00
6.049999999999950084e+00 0.000000000000000000e+00
6.149999999999949729e+00 0.000000000000000000e+00
6.249999999999949374e+00 0.000000000000000000e+00
6.349999999999949019e+00 0.000000000000000000e+00
6.449999999999948663e+00 0.000000000000000000e+00
6.549999999999948308e+00 0.000000000000000000e+00
6.649999999999947953e+00 0.000000000000000000e+00
6.749999999999947597e+00 0.000000000000000000e+00
6.849999999999947242e+00 0.000000000000000000e+00
6.949999999999946887e+00 0.000000000000000000e+00
7.049999999999946532e+00 0.000000000000000000e+00
7.149999999999946176e+00 0.000000000000000000e+00
7.249999999999945821e+00 0.000000000000000000e+00
7.349999999999945466e+00 0.000000000000000000e+00
7.449999999999945111e+00 0.000000000000000000e+00
7.549999999999944755e+00 0.000000000000000000e+00
7.649999999999944400e+00 0.000000000000000000e+00
7.749999999999944045e+00 0.000000000000000000e+00
7.849999999999943689e+00 0.000000000000000000e+00
7.949999999999943334e+00 0.000000000000000000e+00
