-7.950000000000000178e+00 0.000000000000000000e+00
-7.850000000000000533e+00 0.000000000000000000e+00
-7.750000000000000888e+00 0.000000000000000000e+00
-7.650000000000001243e+00 0.000000000000000000e+00
-7.550000000000001599e+00 0.000000000000000000e+00
-7.450000000000001954e+00 0.000000000000000000e+00
-7.350000000000002309e+00 0.000000000000000000e+00
-7.250000000000002665e+00 0.000000000000000000e+00
-7.150000000000003020e+00 0.000000000000000000e+00
-7.050000000000003375e+00 0.000000000000000000e+00
-6.950000000000003730e+00 0.000000000000000000e+00
-6.850000000000004086e+00 0.000000000000000000e+00
-6.750000000000004441e+00 0.000000000000000000e+00
-6.650000000000004796e+00 0.000000000000000000e+00
-6.550000000000005151e+00 0.000000000000000000e+00
-6.450000000000005507e+00 0.000000000000000000e+00
-6.350000000000005862e+00 0.000000000000000000e+00
-6.250000000000006217e+00 9.758527888808173810e-06
-6.150000000000006573e+00 9.758527888808173810e-06
-6.050000000000006928e+00 1.862991687863378790e-05
-5.950000000000007283e+00 1.330708348473841945e-05
-5.850000000000007638e+00 2.750130586845939861e-05
-5.750000000000007994e+00 1.951705577761634762e-05
-5.650000000000008349e+00 2.040419467659890734e-05
-5.550000000000008704e+00 3.016272256540708453e-05
-5.450000000000009059e+00 1.144409179687503253e-04
-5.350000000000009415e+00 1.437165016351748094e-04
-5.250000000000009770e+00 6.830969522165722006e-05
-5.150000000000010125e+00 8.693961210029098764e-05
-5.050000000000010481e+00 1.525878906250004879e-04
-4.950000000000010836e+00 2.173490302507274149e-04
-4.850000000000011191e+00 2.856587254723845807e-04
-4.750000000000011546e+00 3.415484761082858835e-04
-4.650000000000011902e+00 4.861521166424432661e-04
-4.550000000000012257e+00 5.677688953488387600e-04
-4.450000000000012612e+00 8.436690929324150347e-04
-4.350000000000012967e+00 8.481047874273279011e-04
-4.250000000000013323e+00 1.062792400981107162e-03
-4.150000000000013678e+00 1.157716263172241201e-03
-4.050000000000014033e+00 1.318288403888084577e-03
-3.950000000000014388e+00 1.710403797238375890e-03
-3.850000000000014744e+00 1.955254133357562426e-03
-3.750000000000015099e+00 2.183248830396080937e-03
-3.650000000000015454e+00 2.357128054596662262e-03
-3.550000000000015810e+00 2.924896949945503082e-03
-3.450000000000016165e+00 3.774776015170798298e-03
-3.350000000000016520e+00 4.837568416151915435e-03
-3.250000000000016875e+00 5.549053813135937027e-03
-3.150000000000017231e+00 6.755562715752233202e-03
-3.050000000000017586e+00 8.332008539244265682e-03
-2.950000000000017941e+00 9.463997774346026570e-03
-2.850000000000018296e+00 1.133940940679518256e-02
-2.750000000000018652e+00 1.348805982013097544e-02
-2.650000000000019007e+00 1.615036365597767587e-02
-2.550000000000019362e+00 1.969448355741305196e-02
-2.450000000000019718e+00 2.280124398165001703e-02
-2.350000000000020073e+00 2.673215644304179767e-02
-2.250000000000020428e+00 3.009086431458981442e-02
-2.150000000000020783e+00 3.562572390534208405e-02
-2.050000000000021139e+00 4.246911337209365034e-02
-1.950000000000021272e+00 5.022803018259522356e-02
-1.850000000000021627e+00 6.022874699082557404e-02
-1.750000000000021982e+00 7.117692814316860239e-02
-1.650000000000022338e+00 8.095053739325883124e-02
-1.550000000000022693e+00 9.434544762899561843e-02
-1.450000000000023048e+00 1.105304097020326781e-01
-1.350000000000023404e+00 1.311067093250334048e-01
-1.250000000000023759e+00 1.516634918922563913e-01
-1.150000000000024114e+00 1.725733557412748032e-01
-1.050000000000024469e+00 1.954366994458532347e-01
-9.500000000000248246e-01 2.198081792787023869e-01
-8.500000000000251799e-01 2.494838625885678896e-01
-7.500000000000255351e-01 2.850057912427276241e-01
-6.500000000000258904e-01 3.164743822674372375e-01
-5.500000000000262457e-01 3.563113545262504012e-01
-4.500000000000266565e-01 3.871580611827744600e-01
-3.500000000000270117e-01 4.140454669331385951e-01
-2.500000000000273670e-01 4.408973871275445044e-01
-1.500000000000277223e-01 4.607692984647547285e-01
-5.000000000002806366e-02 4.822974981263647432e-01
4.999999999997158107e-02 4.808700916379026191e-01
1.499999999999712119e-01 4.628673819608479789e-01
2.499999999999708566e-01 4.421074445857567925e-01
3.499999999999705014e-01 4.147090468295780985e-01
4.499999999999701461e-01 3.860234105309752195e-01
5.499999999999698463e-01 3.516600852788840381e-01
6.499999999999694911e-01 3.165675318518302306e-01
7.499999999999691358e-01 2.837833138399297184e-01
8.499999999999687805e-01 2.530004811841349288e-01
9.499999999999684253e-01 2.218166617459990109e-01
1.049999999999968070e+00 1.950570039970890845e-01
1.149999999999967715e+00 1.700991253520126034e-01
1.249999999999967359e+00 1.463734826376235088e-01
1.349999999999967004e+00 1.296322844749244196e-01
1.449999999999966649e+00 1.110715644304120509e-01
1.549999999999966294e+00 9.527516919512939164e-02
1.649999999999965938e+00 8.307789647301883074e-02
1.749999999999965583e+00 7.012211999227851988e-02
1.849999999999965228e+00 5.870375522347461017e-02
1.949999999999964873e+00 4.987761031749711471e-02
2.049999999999964295e+00 4.123421602470990488e-02
2.149999999999963940e+00 3.622897835665023214e-02
2.249999999999963585e+00 3.080678540606875473e-02
2.349999999999963229e+00 2.564895984738407853e-02
2.449999999999962874e+00 2.239759578261294598e-02
2.549999999999962519e+00 1.838240512581782934e-02
2.649999999999962164e+00 1.579284667968769776e-02
2.749999999999961808e+00 1.387396524118839417e-02
2.849999999999961453e+00 1.189475835755827646e-02
2.949999999999961098e+00 9.336249772892536020e-03
3.049999999999960743e+00 7.934570312500072858e-03
3.149999999999960387e+00 6.570150685864877341e-03
3.249999999999960032e+00 5.089515863462963641e-03
3.349999999999959677e+00 4.024062045784901169e-03
3.449999999999959321e+00 3.305479537609022460e-03
3.549999999999958966e+00 2.374870832576313727e-03
3.649999999999958611e+00 2.277285553688232836e-03
3.749999999999958256e+00 2.114051996275441957e-03
3.849999999999957900e+00 1.839038937590848147e-03
3.949999999999957545e+00 1.692661019258725075e-03
4.049999999999957190e+00 1.324498376180962373e-03
4.149999999999956835e+00 1.234897347383723774e-03
4.249999999999956479e+00 8.658475654069789328e-04
4.349999999999956124e+00 8.028607035792173149e-04
4.449999999999955769e+00 8.250391760537812130e-04
4.549999999999955413e+00 7.088239802870658496e-04
4.649999999999955058e+00 4.648607830668617788e-04
4.749999999999954703e+00 3.983253656431697595e-04
4.849999999999954348e+00 3.149343091388090649e-04
4.949999999999953992e+00 2.688030863917159055e-04
5.049999999999953637e+00 1.596850018168609385e-04
5.149999999999953282e+00 2.031548078670063510e-04
5.249999999999952927e+00 8.427819540334326783e-05
5.349999999999952571e+00 3.282413926235476368e-05
5.449999999999952216e+00 3.637269485828501609e-05
5.549999999999951861e+00 7.895536200944789599e-05
5.649999999999951505e+00 2.040419467659891072e-05
5.749999999999951150e+00 1.241994458575585804e-05
5.849999999999950795e+00 1.330708348473841945e-05
5.949999999999950440e+00 1.064566678779073522e-05
6.049999999999950084e+00 1.419422238372097916e-05
6.149999999999949729e+00 1.596850018168610198e-05
6.249999999999949374e+00 2.395275027252915297e-05
6.349999999999949019e+00 0.000000000000000000e+00
6.449999999999948663e+00 0.000000000000000000e+00
6.549999999999948308e+00 0.000000000000000000e+00
6.649999999999947953e+00 0.000000000000000000e+00
6.749999999999947597e+00 0.000000000000000000e+00
6.849999999999947242e+00 0.000000000000000000e+00
6.949999999999946887e+00 0.000000000000000000e+00
7.049999999999946532e+00 0.000000000000000000e+00
7.149999999999946176e+00 0.000000000000000000e+00
7.249999999999945821e+00 0.000000000000000000e+00
7.349999999999945466e+00 0.000000000000000000e+00
7.449999999999945111e+00 0.000000000000000000e+00
7.549999999999944755e+00 0.000000000000000000e+00
7.649999999999944400e+00 0.000000000000000000e+00
7.749999999999944045e+00 0.000000000000000000e+00
7.849999999999943689e+00 0.000000000000000000e+00
7.949999999999943334e+00 0.000000000000000000e+00
