-7.950000000000000178e+00 0.000000000000000000e+00
-7.850000000000000533e+00 0.000000000000000000e+00
-7.750000000000000888e+00 2.040419467659890056e-05
-7.650000000000001243e+00 1.241994458575585804e-05
-7.550000000000001599e+00 1.774277797965122480e-05
-7.450000000000001954e+00 6.209972292877929019e-06
-7.350000000000002309e+00 4.435694494912806200e-06
-7.250000000000002665e+00 3.548555595930245214e-06
-7.150000000000003020e+00 4.435694494912806200e-06
-7.050000000000003375e+00 6.209972292877929019e-06
-6.950000000000003730e+00 8.871388989825612401e-06
-6.850000000000004086e+00 1.153280568677329663e-05
-6.750000000000004441e+00 1.419422238372098086e-05
-6.650000000000004796e+00 7.984250090843050991e-06
-6.550000000000005151e+00 1.153280568677329663e-05
-6.450000000000005507e+00 2.750130586845939861e-05
-6.350000000000005862e+00 3.548555595930244960e-05
-6.250000000000006217e+00 4.169552825218038116e-05
-6.150000000000006573e+00 3.637269485828500932e-05
-6.050000000000006928e+00 7.629394531250024395e-05
-5.950000000000007283e+00 7.806822311046539048e-05
-5.850000000000007638e+00 9.935955668604685076e-05
-5.750000000000007994e+00 1.268608625545062426e-04
-5.650000000000008349e+00 1.321836959484016280e-04
-5.550000000000008704e+00 2.040419467659890869e-04
-5.450000000000009059e+00 2.581574196039252973e-04
-5.350000000000009415e+00 2.333175304324136253e-04
-5.250000000000009770e+00 3.362256427143906065e-04
-5.150000000000010125e+00 3.646140874818325716e-04
-5.050000000000010481e+00 4.923620889353212248e-04
-4.950000000000010836e+00 5.482518395712225817e-04
-4.850000000000011191e+00 5.801888399345947857e-04
-4.750000000000011546e+00 5.686560342478214417e-04
-4.650000000000011902e+00 6.972911746002927224e-04
-4.550000000000012257e+00 8.303620094476767610e-04
-4.450000000000012612e+00 1.002466955850293264e-03
-4.350000000000012967e+00 9.873855945675899526e-04
-4.250000000000013323e+00 1.249091569767444947e-03
-4.150000000000013678e+00 1.509023267169335011e-03
-4.050000000000014033e+00 1.609269962754364056e-03
-3.950000000000014388e+00 1.949931299963666986e-03
-3.850000000000014744e+00 2.320755359738377408e-03
-3.750000000000015099e+00 2.491086028343029307e-03
-3.650000000000015454e+00 3.083694812863379577e-03
-3.550000000000015810e+00 3.623075263444778919e-03
-3.450000000000016165e+00 4.339883493822692048e-03
-3.350000000000016520e+00 5.431064339571254132e-03
-3.250000000000016875e+00 6.162066792332893637e-03
-3.150000000000017231e+00 7.148565248001513377e-03
-3.050000000000017586e+00 8.503226346747900372e-03
-2.950000000000017941e+00 9.920874307322051153e-03
-2.850000000000018296e+00 1.140505768531989428e-02
-2.750000000000018652e+00 1.330797062363751372e-02
-2.650000000000019007e+00 1.545484675917533669e-02
-2.550000000000019362e+00 1.823957576308163353e-02
-2.450000000000019718e+00 2.122568529705697038e-02
-2.350000000000020073e+00 2.532781556595238570e-02
-2.250000000000020428e+00 2.953196680823079456e-02
-2.150000000000020783e+00 3.385854321856879984e-02
-2.050000000000021139e+00 3.984495650890319818e-02
-1.950000000000021272e+00 4.792945329533138121e-02
-1.850000000000021627e+00 5.539916282476460563e-02
-1.750000000000021982e+00 6.541939668877237712e-02
-1.650000000000022338e+00 7.811524147211076907e-02
-1.550000000000022693e+00 9.085366892260050842e-02
-1.450000000000023048e+00 1.055624318677306078e-01
-1.350000000000023404e+00 1.216569057730715331e-01
-1.250000000000023759e+00 1.422376410905670241e-01
-1.150000000000024114e+00 1.659677194994510496e-01
-1.050000000000024469e+00 1.901874985805736273e-01
-9.500000000000248246e-01 2.163270462390948223e-01
-8.500000000000251799e-01 2.484388129655666633e-01
-7.500000000000255351e-01 2.831321538880766653e-01
-6.500000000000258904e-01 3.159802459007037267e-01
-5.500000000000262457e-01 3.543117434479433614e-01
-4.500000000000266565e-01 3.928437343863541154e-01
-3.500000000000270117e-01 4.294754738031435481e-01
-2.500000000000273670e-01 4.562253730241658811e-01
-1.500000000000277223e-01 4.776488902956965710e-01
-5.000000000002806366e-02 4.888711973678261380e-01
4.999999999997158107e-02 4.892526670943881939e-01
1.499999999999712119e-01 4.777145385742215256e-01
2.499999999999708566e-01 4.622490461482577917e-01
3.499999999999705014e-01 4.288988335188050893e-01
4.499999999999701461e-01 3.921038605446022229e-01
5.499999999999698463e-01 3.546160320902942420e-01
6.499999999999694911e-01 3.170190855514122275e-01
7.499999999999691358e-01 2.833299858625497603e-01
8.499999999999687805e-01 2.487289073855339094e-01
9.499999999999684253e-01 2.181226153706354587e-01
1.049999999999968070e+00 1.891752730968345175e-01
1.149999999999967715e+00 1.652367170466892410e-01
1.249999999999967359e+00 1.411713001339900408e-01
1.349999999999967004e+00 1.207103285678571697e-01
1.449999999999966649e+00 1.050381327784319918e-01
1.549999999999966294e+00 8.994257727334548091e-02
1.649999999999965938e+00 7.657694262127517915e-02
1.749999999999965583e+00 6.442225256631600727e-02
1.849999999999965228e+00 5.457234937091284821e-02
1.949999999999964873e+00 4.661116489144328384e-02
2.049999999999964295e+00 3.982987514762049291e-02
2.149999999999963940e+00 3.365361413290382520e-02
2.249999999999963585e+00 2.889943677325622004e-02
2.349999999999963229e+00 2.481948497683537230e-02
2.449999999999962874e+00 2.155215241188256081e-02
2.549999999999962519e+00 1.865298249000750877e-02
2.649999999999962164e+00 1.540161842523638316e-02
2.749999999999961808e+00 1.293359800826686737e-02
2.849999999999961453e+00 1.108657482058515026e-02
2.949999999999961098e+00 9.764737861101118258e-03
3.049999999999960743e+00 8.464192235192668015e-03
3.149999999999960387e+00 7.156549498092355452e-03
3.249999999999960032e+00 5.970444790152657812e-03
3.349999999999959677e+00 5.147179891896832421e-03
3.449999999999959321e+00 3.977930823037804757e-03
3.549999999999958966e+00 3.425243288971667466e-03
3.649999999999958611e+00 3.160875897074862800e-03
3.749999999999958256e+00 2.685369447220209600e-03
3.849999999999957900e+00 2.292366914970935497e-03
3.949999999999957545e+00 1.814199048419335662e-03
4.049999999999957190e+00 1.778713492460033165e-03
4.149999999999956835e+00 1.470876294513084794e-03
4.249999999999956479e+00 1.477086266805962807e-03
4.349999999999956124e+00 1.090293706849566717e-03
4.449999999999955769e+00 8.543147597202059140e-04
4.549999999999955413e+00 6.910812023074148179e-04
4.649999999999955058e+00 5.695431731468040149e-04
4.749999999999954703e+00 6.139001180959320278e-04
4.849999999999954348e+00 5.420418672783446773e-04
4.949999999999953992e+00 4.160681436228210622e-04
5.049999999999953637e+00 3.087243368459312689e-04
5.149999999999953282e+00 2.750130586845939726e-04
5.249999999999952927e+00 2.625931140988380552e-04
5.349999999999952571e+00 2.253332803415705201e-04
5.449999999999952216e+00 2.031548078670065136e-04
5.549999999999951861e+00 1.880734465843029307e-04
5.649999999999951505e+00 1.321836959484016009e-04
5.749999999999951150e+00 1.162151957667155260e-04
5.849999999999950795e+00 9.581100109011661189e-05
5.949999999999950440e+00 9.581100109011662545e-05
6.049999999999950084e+00 1.064566678779073285e-04
6.149999999999949729e+00 6.476113962572696765e-05
6.249999999999949374e+00 6.298686182776184821e-05
6.349999999999949019e+00 5.056691724200599187e-05
6.449999999999948663e+00 2.661416696947683890e-05
6.549999999999948308e+00 1.774277797965122480e-05
6.649999999999947953e+00 2.217847247456403015e-05
6.749999999999947597e+00 1.330708348473841945e-05
6.849999999999947242e+00 6.209972292877929019e-06
6.949999999999946887e+00 9.758527888808173810e-06
7.049999999999946532e+00 1.596850018168610198e-05
7.149999999999946176e+00 3.548555595930245214e-06
7.249999999999945821e+00 8.871388989825613036e-07
7.349999999999945466e+00 0.000000000000000000e+00
7.449999999999945111e+00 8.871388989825613036e-07
7.549999999999944755e+00 8.871388989825613036e-07
7.649999999999944400e+00 8.871388989825613036e-07
7.749999999999944045e+00 0.000000000000000000e+00
7.849999999999943689e+00 0.000000000000000000e+00
7.949999999999943334e+00 0.000000000000000000e+00
