-7.950000000000000178e+00 8.161677870639562934e-05
-7.850000000000000533e+00 7.008397301962233949e-05
-7.750000000000000888e+00 8.782675099927356090e-05
-7.650000000000001243e+00 8.250391760537818906e-05
-7.550000000000001599e+00 9.669813998909918516e-05
-7.450000000000001954e+00 1.064566678779073556e-04
-7.350000000000002309e+00 1.064566678779073420e-04
-7.250000000000002665e+00 1.392808071402621057e-04
-7.150000000000003020e+00 1.428293627361923446e-04
-7.050000000000003375e+00 1.623464185138087125e-04
-6.950000000000003730e+00 1.827506131904075995e-04
-6.850000000000004086e+00 2.004933911700588480e-04
-6.750000000000004441e+00 2.226788489902841600e-04
-6.650000000000004796e+00 2.288818359375008132e-04
-6.550000000000005151e+00 2.519544326567086713e-04
-6.450000000000005507e+00 2.838914330200809294e-04
-6.350000000000005862e+00 3.238126834742961844e-04
-6.250000000000006217e+00 3.326840724641217544e-04
-6.150000000000006573e+00 3.699369208757280654e-04
-6.050000000000006928e+00 3.939036418395797210e-04
-5.950000000000007283e+00 4.302763366978647371e-04
-5.850000000000007638e+00 5.305160469372328285e-04
-5.750000000000007994e+00 5.260873377879813489e-04
-5.650000000000008349e+00 5.801888399345948941e-04
-5.550000000000008704e+00 6.644670353379380535e-04
-5.450000000000009059e+00 7.611861313640209655e-04
-5.350000000000009415e+00 7.833506331472624151e-04
-5.250000000000009770e+00 8.916095202057797327e-04
-5.150000000000010125e+00 1.021997982319232216e-03
-5.050000000000010481e+00 1.091201801785533125e-03
-4.950000000000010836e+00 1.189667234226936179e-03
-4.850000000000011191e+00 1.368876277167074221e-03
-4.750000000000011546e+00 1.470038053033731387e-03
-4.650000000000011902e+00 1.678501723603310295e-03
-4.550000000000012257e+00 1.815994282254284426e-03
-4.450000000000012612e+00 2.012974044556719265e-03
-4.350000000000012967e+00 2.185106932341980557e-03
-4.250000000000013323e+00 2.501801548587432103e-03
-4.150000000000013678e+00 2.783918703809547777e-03
-4.050000000000014033e+00 3.020833687257519669e-03
-3.950000000000014388e+00 3.538922804263335085e-03
-3.850000000000014744e+00 3.868079277168511194e-03
-3.750000000000015099e+00 4.403876245425677322e-03
-3.650000000000015454e+00 4.791541973589738199e-03
-3.550000000000015810e+00 5.404568923478018233e-03
-3.450000000000016165e+00 6.114370852157673467e-03
-3.350000000000016520e+00 6.718484500982159664e-03
-3.250000000000016875e+00 7.730842706288838101e-03
-3.150000000000017231e+00 8.706576744293424361e-03
-3.050000000000017586e+00 9.720681286015424999e-03
-2.950000000000017941e+00 1.107099749976049943e-02
-2.850000000000018296e+00 1.237778802469013256e-02
-2.750000000000018652e+00 1.389311207364596346e-02
-2.650000000000019007e+00 1.585643428124232715e-02
-2.550000000000019362e+00 1.801679911925208738e-02
-2.450000000000019718e+00 2.057007568001752856e-02
-2.350000000000020073e+00 2.329356415851137688e-02
-2.250000000000020428e+00 2.672181813146310217e-02
-2.150000000000020783e+00 3.054740555097409938e-02
-2.050000000000021139e+00 3.505605499597336944e-02
-1.950000000000021272e+00 3.990270436148500577e-02
-1.850000000000021627e+00 4.617981979685922833e-02
-1.750000000000021982e+00 5.277770230499943815e-02
-1.650000000000022338e+00 6.059225739369311636e-02
-1.550000000000022693e+00 7.080294670715514549e-02
-1.450000000000023048e+00 8.207409531614730247e-02
-1.350000000000023404e+00 9.444460461065751211e-02
-1.250000000000023759e+00 1.112109849444655879e-01
-1.150000000000024114e+00 1.293979331133342514e-01
-1.050000000000024469e+00 1.510114517868499651e-01
-9.500000000000248246e-01 1.758922192011710961e-01
-8.500000000000251799e-01 2.062804147538328248e-01
-7.500000000000255351e-01 2.422999375208294837e-01
-6.500000000000258904e-01 2.846791914063346862e-01
-5.500000000000262457e-01 3.344402652021646327e-01
-4.500000000000266565e-01 3.930613698157764957e-01
-3.500000000000270117e-01 4.610425931284063417e-01
-2.500000000000273670e-01 5.380060698518497331e-01
-1.500000000000277223e-01 6.200651885868979640e-01
-5.000000000002806366e-02 6.937542216635035341e-01
4.999999999997158107e-02 6.912457211684269742e-01
1.499999999999712119e-01 6.131788113029470466e-01
2.499999999999708566e-01 5.286429893662720758e-01
3.499999999999705014e-01 4.511012168315686188e-01
4.499999999999701461e-01 3.825054158223134548e-01
5.499999999999698463e-01 3.233925289034560446e-01
6.499999999999694911e-01 2.741420070366639150e-01
7.499999999999691358e-01 2.317643947073887434e-01
8.499999999999687805e-01 1.969382414078196530e-01
9.499999999999684253e-01 1.665306126235281958e-01
1.049999999999968070e+00 1.424479069803172848e-01
1.149999999999967715e+00 1.212618635198893235e-01
1.249999999999967359e+00 1.033682090593007752e-01
1.349999999999967004e+00 8.853090876865743475e-02
1.449999999999966649e+00 7.649613614266548289e-02
1.549999999999966294e+00 6.584771712868510429e-02
1.649999999999965938e+00 5.697656564061226447e-02
1.749999999999965583e+00 4.875945905215034459e-02
1.849999999999965228e+00 4.263894109581068542e-02
1.949999999999964873e+00 3.697578166129768945e-02
2.049999999999964295e+00 3.204384122526182654e-02
2.149999999999963940e+00 2.785813828087485913e-02
2.249999999999963585e+00 2.438746928906784101e-02
2.349999999999963229e+00 2.119979760603626570e-02
2.449999999999962874e+00 1.860574758264593384e-02
2.549999999999962519e+00 1.639684157763594136e-02
2.649999999999962164e+00 1.448206053703980992e-02
2.749999999999961808e+00 1.279642677551631053e-02
2.849999999999961453e+00 1.103104830792363614e-02
2.949999999999961098e+00 9.910542981089016934e-03
3.049999999999960743e+00 8.669351837264461375e-03
3.149999999999960387e+00 7.696076640932646845e-03
3.249999999999960032e+00 6.815238523736550161e-03
3.349999999999959677e+00 6.070845163342236499e-03
3.449999999999959321e+00 5.580236396167890731e-03
3.549999999999958966e+00 4.910376673979434912e-03
3.649999999999958611e+00 4.205143161362258353e-03
3.749999999999958256e+00 3.726046243837704587e-03
3.849999999999957900e+00 3.398740887532767686e-03
3.949999999999957545e+00 3.152102302924293664e-03
4.049999999999957190e+00 2.743061417036720892e-03
4.149999999999956835e+00 2.345616204946872861e-03
4.249999999999956479e+00 2.238314310243950684e-03
4.349999999999956124e+00 1.917142087429618818e-03
4.449999999999955769e+00 1.773425585794444117e-03
4.549999999999955413e+00 1.570277763273099370e-03
4.649999999999955058e+00 1.446092288106863404e-03
4.749999999999954703e+00 1.299700399083418643e-03
4.849999999999954348e+00 1.157744204554886532e-03
4.949999999999953992e+00 1.056589414033890645e-03
5.049999999999953637e+00 9.510338557462887175e-04
5.149999999999953282e+00 8.507662041242756209e-04
5.249999999999952927e+00 7.895536200944790412e-04
5.349999999999952571e+00 6.609254650876691473e-04
5.449999999999952216e+00 6.334381299105322580e-04
5.549999999999951861e+00 5.659946175508739387e-04
5.649999999999951505e+00 5.251862281976762189e-04
5.749999999999951150e+00 4.240663644049867784e-04
5.849999999999950795e+00 4.045353379360478807e-04
5.949999999999950440e+00 3.397811836559822322e-04
6.049999999999950084e+00 3.450970317042163392e-04
6.149999999999949729e+00 3.246998223732787577e-04
6.249999999999949374e+00 2.874330032703498357e-04
6.349999999999949019e+00 2.510603084120648738e-04
6.449999999999948663e+00 2.013805300690414213e-04
6.549999999999948308e+00 1.907348632812506776e-04
6.649999999999947953e+00 1.969448355741286092e-04
6.749999999999947597e+00 1.800891964934599339e-04
6.849999999999947242e+00 1.463779183321225834e-04
6.949999999999946887e+00 1.481521961300877300e-04
7.049999999999946532e+00 1.233123069585760037e-04
7.149999999999946176e+00 1.357322515443318669e-04
7.249999999999945821e+00 9.935955668604685076e-05
7.349999999999945466e+00 1.029081122819771032e-04
7.449999999999945111e+00 7.895536200944795020e-05
7.549999999999944755e+00 9.669813998909918516e-05
7.649999999999944400e+00 7.185825081758745892e-05
7.749999999999944045e+00 4.701836164607574623e-05
7.849999999999943689e+00 4.435694494912806709e-05
7.949999999999943334e+00 5.943830623183160258e-05
