-7.950000000000000178e+00 0.000000000000000000e+00
-7.850000000000000533e+00 0.000000000000000000e+00
-7.750000000000000888e+00 0.000000000000000000e+00
-7.650000000000001243e+00 0.000000000000000000e+00
-7.550000000000001599e+00 0.000000000000000000e+00
-7.450000000000001954e+00 0.000000000000000000e+00
-7.350000000000002309e+00 0.000000000000000000e+00
-7.250000000000002665e+00 8.871388989825613036e-07
-7.150000000000003020e+00 0.000000000000000000e+00
-7.050000000000003375e+00 8.871388989825613036e-07
-6.950000000000003730e+00 8.871388989825613036e-07
-6.850000000000004086e+00 8.871388989825613036e-07
-6.750000000000004441e+00 0.000000000000000000e+00
-6.650000000000004796e+00 8.871388989825613036e-07
-6.550000000000005151e+00 0.000000000000000000e+00
-6.450000000000005507e+00 8.871388989825613036e-07
-6.350000000000005862e+00 2.661416696947683805e-06
-6.250000000000006217e+00 8.871388989825613036e-07
-6.150000000000006573e+00 1.774277797965122607e-06
-6.050000000000006928e+00 0.000000000000000000e+00
-5.950000000000007283e+00 0.000000000000000000e+00
-5.850000000000007638e+00 1.774277797965122607e-06
-5.750000000000007994e+00 1.774277797965122607e-06
-5.650000000000008349e+00 6.209972292877929019e-06
-5.550000000000008704e+00 3.548555595930245214e-06
-5.450000000000009059e+00 3.548555595930245214e-06
-5.350000000000009415e+00 7.097111191860490429e-06
-5.250000000000009770e+00 6.209972292877929019e-06
-5.150000000000010125e+00 7.097111191860490429e-06
-5.050000000000010481e+00 6.209972292877929019e-06
-4.950000000000010836e+00 8.871388989825612401e-06
-4.850000000000011191e+00 1.685563908066866509e-05
-4.750000000000011546e+00 1.862991687863378790e-05
-4.650000000000011902e+00 2.838844476744195833e-05
-4.550000000000012257e+00 4.524408384811062002e-05
-4.450000000000012612e+00 4.790550054505830595e-05
-4.350000000000012967e+00 5.588975063590135694e-05
-4.250000000000013323e+00 7.274538971657003219e-05
-4.150000000000013678e+00 1.002466955850294240e-04
-4.050000000000014033e+00 1.401679460392446790e-04
-3.950000000000014388e+00 1.933962799781983432e-04
-3.850000000000014744e+00 2.617059751998555362e-04
-3.750000000000015099e+00 3.938896711482572184e-04
-3.650000000000015454e+00 5.615589230559610723e-04
-3.550000000000015810e+00 7.762465366097406590e-04
-3.450000000000016165e+00 1.081422317859740984e-03
-3.350000000000016520e+00 1.513458961664247877e-03
-3.250000000000016875e+00 2.072356468023260363e-03
-3.150000000000017231e+00 2.903605616369918721e-03
-3.050000000000017586e+00 3.957526628361202753e-03
-2.950000000000017941e+00 5.305090615915729162e-03
-2.850000000000018296e+00 6.896617800690462569e-03
-2.750000000000018652e+00 9.039945380632356114e-03
-2.650000000000019007e+00 1.213339872138458758e-02
-2.550000000000019362e+00 1.585849495821240601e-02
-2.450000000000019718e+00 2.010256745094503653e-02
-2.350000000000020073e+00 2.524531164834700747e-02
-2.250000000000020428e+00 3.237968267396485605e-02
-2.150000000000020783e+00 4.013593806776948048e-02
-2.050000000000021139e+00 4.948993061864172260e-02
-1.950000000000021272e+00 5.988453709802053077e-02
-1.850000000000021627e+00 7.303548413653701554e-02
-1.750000000000021982e+00 8.677105570948293045e-02
-1.650000000000022338e+00 1.026215664176034770e-01
-1.550000000000022693e+00 1.207972681799574649e-01
-1.450000000000023048e+00 1.403400509856433664e-01
-1.350000000000023404e+00 1.613324187522670594e-01
-1.250000000000023759e+00 1.842365708461985996e-01
-1.150000000000024114e+00 2.057913846747777553e-01
-1.050000000000024469e+00 2.295001717500870231e-01
-9.500000000000248246e-01 2.550009794013407549e-01
-8.500000000000251799e-01 2.783398295557730773e-01
-7.500000000000255351e-01 3.011401863985234129e-01
-6.500000000000258904e-01 3.222416722497231101e-01
-5.500000000000262457e-01 3.412299932435463035e-01
-4.500000000000266565e-01 3.583012070766682378e-01
-3.500000000000270117e-01 3.745314132335549884e-01
-2.500000000000273670e-01 3.834861932798853124e-01
-1.500000000000277223e-01 3.918483645416955818e-01
-5.000000000002806366e-02 3.970070772392793046e-01
4.999999999997158107e-02 3.971330509629350525e-01
1.499999999999712119e-01 3.935844953670043500e-01
2.499999999999708566e-01 3.855399198310300313e-01
3.499999999999705014e-01 3.738767047261058463e-01
4.499999999999701461e-01 3.598013589548477720e-01
5.499999999999698463e-01 3.414792792741602190e-01
6.499999999999694911e-01 3.223561131676916380e-01
7.499999999999691358e-01 2.993641343227605445e-01
8.499999999999687805e-01 2.783451523891668500e-01
9.499999999999684253e-01 2.542513470317004920e-01
1.049999999999968070e+00 2.301460088685463035e-01
1.149999999999967715e+00 2.062793110692182630e-01
1.249999999999967359e+00 1.832163611123685532e-01
1.349999999999967004e+00 1.617937309797379264e-01
1.449999999999966649e+00 1.398964815361520841e-01
1.549999999999966294e+00 1.203670058139509752e-01
1.649999999999965938e+00 1.029737605604995332e-01
1.749999999999965583e+00 8.684202682140154672e-02
1.849999999999965228e+00 7.310911666515254592e-02
1.949999999999964873e+00 6.010099898937226737e-02
2.049999999999964295e+00 4.951831906340917189e-02
2.149999999999963940e+00 4.018029501271861564e-02
2.249999999999963585e+00 3.220757772756223380e-02
2.349999999999963229e+00 2.560815145803087972e-02
2.449999999999962874e+00 1.999788506086509071e-02
2.549999999999962519e+00 1.549210659293260781e-02
2.649999999999962164e+00 1.211565594340493698e-02
2.749999999999961808e+00 9.151724881904160780e-03
2.849999999999961453e+00 7.128161053324913107e-03
2.949999999999961098e+00 5.433725756268201201e-03
3.049999999999960743e+00 3.974382267441871862e-03
3.149999999999960387e+00 2.900057060773988428e-03
3.249999999999960032e+00 2.111390579578493153e-03
3.349999999999959677e+00 1.600398573764538540e-03
3.449999999999959321e+00 1.011338344840118997e-03
3.549999999999958966e+00 7.851179255995661748e-04
3.649999999999958611e+00 5.748660065406994545e-04
3.749999999999958256e+00 3.876796988553792597e-04
3.849999999999957900e+00 2.741259197856113993e-04
3.949999999999957545e+00 2.004933911700588480e-04
4.049999999999957190e+00 1.383936682412795595e-04
4.149999999999956835e+00 8.427819540334332204e-05
4.249999999999956479e+00 9.581100109011661189e-05
4.349999999999956124e+00 6.032544513081416907e-05
4.449999999999955769e+00 3.459841706031988989e-05
4.549999999999955413e+00 2.838844476744196172e-05
4.649999999999955058e+00 3.459841706031988989e-05
4.749999999999954703e+00 1.330708348473841945e-05
4.849999999999954348e+00 1.153280568677329663e-05
4.949999999999953992e+00 7.097111191860489582e-06
5.049999999999953637e+00 8.871388989825612401e-06
5.149999999999953282e+00 4.435694494912806200e-06
5.249999999999952927e+00 3.548555595930245214e-06
5.349999999999952571e+00 4.435694494912806200e-06
5.449999999999952216e+00 1.774277797965122607e-06
5.549999999999951861e+00 4.435694494912806200e-06
5.649999999999951505e+00 5.322833393895367610e-06
5.749999999999951150e+00 3.548555595930245214e-06
5.849999999999950795e+00 1.774277797965122607e-06
5.949999999999950440e+00 0.000000000000000000e+00
6.049999999999950084e+00 1.774277797965122607e-06
6.149999999999949729e+00 8.871388989825613036e-07
6.249999999999949374e+00 8.871388989825613036e-07
6.349999999999949019e+00 3.548555595930245214e-06
6.449999999999948663e+00 0.000000000000000000e+00
6.549999999999948308e+00 8.871388989825613036e-07
6.649999999999947953e+00 2.661416696947683805e-06
6.749999999999947597e+00 8.871388989825613036e-07
6.849999999999947242e+00 8.871388989825613036e-07
6.949999999999946887e+00 8.871388989825613036e-07
7.049999999999946532e+00 0.000000000000000000e+00
7.149999999999946176e+00 0.000000000000000000e+00
7.249999999999945821e+00 8.871388989825613036e-07
7.349999999999945466e+00 8.871388989825613036e-07
7.449999999999945111e+00 0.000000000000000000e+00
7.549999999999944755e+00 0.000000000000000000e+00
7.649999999999944400e+00 0.000000000000000000e+00
7.749999999999944045e+00 0.000000000000000000e+00
7.849999999999943689e+00 0.000000000000000000e+00
7.949999999999943334e+00 0.000000000000000000e+00
