-7.950000000000000178e+00 4.399953127725147576e-06
-7.850000000000000533e+00 6.812830649380874213e-06
-7.750000000000000888e+00 6.954764621242974982e-06
-7.650000000000001243e+00 1.021924597407130963e-05
-7.550000000000001599e+00 1.405146321434805328e-05
-7.450000000000001954e+00 1.547080293296906775e-05
-7.350000000000002309e+00 2.072235989186682248e-05
-7.250000000000002665e+00 2.625778479448878723e-05
-7.150000000000003020e+00 2.938033217545501941e-05
-7.050000000000003375e+00 3.349641735945596799e-05
-6.950000000000003730e+00 4.783174851752822280e-05
-6.850000000000004086e+00 5.521231505435750687e-05
-6.750000000000004441e+00 6.614123088773932288e-05
-6.650000000000004796e+00 7.508307111505172643e-05
-6.550000000000005151e+00 8.345717545491573028e-05
-6.450000000000005507e+00 1.074440166996109018e-04
-6.350000000000005862e+00 1.190826023923032310e-04
-6.250000000000006217e+00 1.481790666240340539e-04
-6.150000000000006573e+00 1.748626533341091647e-04
-6.050000000000006928e+00 2.059461931719094407e-04
-5.950000000000007283e+00 2.429909598279179136e-04
-5.850000000000007638e+00 2.818808681181337802e-04
-5.750000000000007994e+00 3.307061544386966957e-04
-5.650000000000008349e+00 3.869120072960889698e-04
-5.550000000000008704e+00 4.392856429132043698e-04
-5.450000000000009059e+00 5.034397981948739685e-04
-5.350000000000009415e+00 5.942775401866181358e-04
-5.250000000000009770e+00 6.951925941805712486e-04
-5.150000000000010125e+00 7.760949581419681774e-04
-5.050000000000010481e+00 9.161837883698608145e-04
-4.950000000000010836e+00 1.060956439669203007e-03
-4.850000000000011191e+00 1.224606309226204150e-03
-4.750000000000011546e+00 1.406565661153416115e-03
-4.650000000000011902e+00 1.617621477312358768e-03
-4.550000000000012257e+00 1.844573898319856612e-03
-4.450000000000012612e+00 2.136248210496472129e-03
-4.350000000000012967e+00 2.437291282406315630e-03
-4.250000000000013323e+00 2.817958194940468029e-03
-4.150000000000013678e+00 3.173785544808422482e-03
-4.050000000000014033e+00 3.675097451015689205e-03
-3.950000000000014388e+00 4.186342500072669053e-03
-3.850000000000014744e+00 4.784595309061804788e-03
-3.750000000000015099e+00 5.516973486279976024e-03
-3.650000000000015454e+00 6.213445721388021099e-03
-3.550000000000015810e+00 7.201588915901715668e-03
-3.450000000000016165e+00 8.162912177685058973e-03
-3.350000000000016520e+00 9.349053262946202536e-03
-3.250000000000016875e+00 1.069770874598944231e-02
-3.150000000000017231e+00 1.218659499323243925e-02
-3.050000000000017586e+00 1.385148495353609108e-02
-2.950000000000017941e+00 1.585076576359525924e-02
-2.850000000000018296e+00 1.818018834497722724e-02
-2.750000000000018652e+00 2.056779714928062830e-02
-2.650000000000019007e+00 2.344183155660079995e-02
-2.550000000000019362e+00 2.684441578164179984e-02
-2.450000000000019718e+00 3.056762437875797794e-02
-2.350000000000020073e+00 3.484112886622737354e-02
-2.250000000000020428e+00 3.997489068679143526e-02
-2.150000000000020783e+00 4.566587298739262224e-02
-2.050000000000021139e+00 5.182638627799779352e-02
-1.950000000000021272e+00 5.913925254542888588e-02
-1.850000000000021627e+00 6.754289703288350599e-02
-1.750000000000021982e+00 7.698846874946335683e-02
-1.650000000000022338e+00 8.810914073159800686e-02
-1.550000000000022693e+00 1.002111922515716708e-01
-1.450000000000023048e+00 1.147195431565208590e-01
-1.350000000000023404e+00 1.308192823409747851e-01
-1.250000000000023759e+00 1.495409789635384068e-01
-1.150000000000024114e+00 1.703204533091940420e-01
-1.050000000000024469e+00 1.941700645197171338e-01
-9.500000000000248246e-01 2.216449968255647662e-01
-8.500000000000251799e-01 2.519525724632848407e-01
-7.500000000000255351e-01 2.869883352733570425e-01
-6.500000000000258904e-01 3.249955036658069840e-01
-5.500000000000262457e-01 3.680401031803587353e-01
-4.500000000000266565e-01 4.139782871098654504e-01
-3.500000000000270117e-01 4.637501668516537112e-01
-2.500000000000273670e-01 5.135378213809580483e-01
-1.500000000000277223e-01 5.606685926567860356e-01
-5.000000000002806366e-02 5.938234799994768220e-01
4.999999999997158107e-02 5.833641488004297493e-01
1.499999999999712119e-01 5.307407183335326462e-01
2.499999999999708566e-01 4.698990661435528682e-01
3.499999999999705014e-01 4.097631688939867844e-01
4.499999999999701461e-01 3.544264772118601581e-01
5.499999999999698463e-01 3.050344474240744286e-01
6.499999999999694911e-01 2.610627284997777964e-01
7.499999999999691358e-01 2.229546439357423249e-01
8.499999999999687805e-01 1.902923468243514771e-01
9.499999999999684253e-01 1.623795269810941466e-01
1.049999999999968070e+00 1.382345265881393948e-01
1.149999999999967715e+00 1.180321445961709514e-01
1.249999999999967359e+00 1.004008171555696854e-01
1.349999999999967004e+00 8.568790698704847886e-02
1.449999999999966649e+00 7.296094701113473024e-02
1.549999999999966294e+00 6.225796882674493327e-02
1.649999999999965938e+00 5.316780536365670745e-02
1.749999999999965583e+00 4.542969821098508110e-02
1.849999999999965228e+00 3.864709726243138049e-02
1.949999999999964873e+00 3.303984147655494863e-02
2.049999999999964295e+00 2.822627934373977271e-02
2.149999999999963940e+00 2.406151304257016926e-02
2.249999999999963585e+00 2.056283616580743476e-02
2.349999999999963229e+00 1.759769579481635857e-02
2.449999999999962874e+00 1.500384687108441244e-02
2.549999999999962519e+00 1.280926826851407421e-02
2.649999999999962164e+00 1.104061898682759738e-02
2.749999999999961808e+00 9.412354696806365592e-03
2.849999999999961453e+00 8.067390614621871431e-03
2.949999999999961098e+00 6.877272025377448653e-03
3.049999999999960743e+00 5.862583825354547931e-03
3.149999999999960387e+00 5.059662228940248196e-03
3.249999999999960032e+00 4.309258437295588468e-03
3.349999999999959677e+00 3.707031477094332311e-03
3.449999999999959321e+00 3.158172807903591138e-03
3.549999999999958966e+00 2.685106879687212435e-03
3.649999999999958611e+00 2.259022213747518236e-03
3.749999999999958256e+00 1.947050226004292620e-03
3.849999999999957900e+00 1.676524075635130303e-03
3.949999999999957545e+00 1.408126934843899336e-03
4.049999999999957190e+00 1.194374373219576771e-03
4.149999999999956835e+00 1.022918135210159956e-03
4.249999999999956479e+00 8.704810494302645581e-04
4.349999999999956124e+00 7.366373139643042633e-04
4.449999999999955769e+00 6.352964580547650541e-04
4.549999999999955413e+00 5.244460260304649197e-04
4.649999999999955058e+00 4.497887568309998996e-04
4.749999999999954703e+00 3.802411106185702057e-04
4.849999999999954348e+00 3.324093621010419490e-04
4.949999999999953992e+00 2.716616221440624774e-04
5.049999999999953637e+00 2.350426574036402366e-04
5.149999999999953282e+00 2.009785041567358757e-04
5.249999999999952927e+00 1.654950111912104613e-04
5.349999999999952571e+00 1.396630283123079773e-04
5.449999999999952216e+00 1.168116588425096051e-04
5.549999999999951861e+00 9.935378030347111135e-05
5.649999999999951505e+00 8.161203382070839063e-05
5.749999999999951150e+00 7.196052373408548747e-05
5.849999999999950795e+00 5.961226818208265190e-05
5.949999999999950440e+00 4.371566333352727761e-05
6.049999999999950084e+00 4.030924800883683881e-05
6.149999999999949729e+00 2.824486040055820647e-05
6.249999999999949374e+00 2.498037904772987098e-05
6.349999999999949019e+00 1.887721825765950316e-05
6.449999999999948663e+00 1.575467087669327098e-05
6.549999999999948308e+00 1.277405746758913873e-05
6.649999999999947953e+00 9.935378030347109780e-06
6.749999999999947597e+00 9.651510086622903158e-06
6.849999999999947242e+00 7.238632564967179063e-06
6.949999999999946887e+00 6.387028733794569363e-06
7.049999999999946532e+00 3.406415324690437106e-06
7.149999999999946176e+00 4.258019155863045959e-06
7.249999999999945821e+00 2.129009577931522980e-06
7.349999999999945466e+00 2.838679437242030640e-06
7.449999999999945111e+00 2.412877521655725790e-06
7.549999999999944755e+00 1.561273690483116936e-06
7.649999999999944400e+00 9.935378030347108933e-07
7.749999999999944045e+00 9.935378030347106815e-07
7.849999999999943689e+00 8.516038311726092766e-07
7.949999999999943334e+00 8.516038311726092766e-07
