-7.950000000000000178e+00 0.000000000000000000e+00
-7.850000000000000533e+00 0.000000000000000000e+00
-7.750000000000000888e+00 0.000000000000000000e+00
-7.650000000000001243e+00 0.000000000000000000e+00
-7.550000000000001599e+00 0.000000000000000000e+00
-7.450000000000001954e+00 0.000000000000000000e+00
-7.350000000000002309e+00 0.000000000000000000e+00
-7.250000000000002665e+00 0.000000000000000000e+00
-7.150000000000003020e+00 0.000000000000000000e+00
-7.050000000000003375e+00 0.000000000000000000e+00
-6.950000000000003730e+00 0.000000000000000000e+00
-6.850000000000004086e+00 0.000000000000000000e+00
-6.750000000000004441e+00 0.000000000000000000e+00
-6.650000000000004796e+00 0.000000000000000000e+00
-6.550000000000005151e+00 8.871388989825613036e-07
-6.450000000000005507e+00 0.000000000000000000e+00
-6.350000000000005862e+00 8.871388989825613036e-07
-6.250000000000006217e+00 0.000000000000000000e+00
-6.150000000000006573e+00 0.000000000000000000e+00
-6.050000000000006928e+00 0.000000000000000000e+00
-5.950000000000007283e+00 0.000000000000000000e+00
-5.850000000000007638e+00 8.871388989825613036e-07
-5.750000000000007994e+00 0.000000000000000000e+00
-5.650000000000008349e+00 0.000000000000000000e+00
-5.550000000000008704e+00 8.871388989825613036e-07
-5.450000000000009059e+00 1.774277797965122607e-06
-5.350000000000009415e+00 1.774277797965122607e-06
-5.250000000000009770e+00 1.774277797965122607e-06
-5.150000000000010125e+00 8.871388989825613036e-07
-5.050000000000010481e+00 1.774277797965122607e-06
-4.950000000000010836e+00 8.871388989825613036e-07
-4.850000000000011191e+00 8.871388989825613036e-07
-4.750000000000011546e+00 2.661416696947683805e-06
-4.650000000000011902e+00 7.984250090843050991e-06
-4.550000000000012257e+00 8.871388989825612401e-06
-4.450000000000012612e+00 2.040419467659890734e-05
-4.350000000000012967e+00 2.750130586845939861e-05
-4.250000000000013323e+00 5.145405614098854481e-05
-4.150000000000013678e+00 6.653541742369208708e-05
-4.050000000000014033e+00 1.011338344840119973e-04
-3.950000000000014388e+00 1.756535019985471218e-04
-3.850000000000014744e+00 2.519474473110473929e-04
-3.750000000000015099e+00 3.690497819767454921e-04
-3.650000000000015454e+00 5.145405614098854481e-04
-3.550000000000015810e+00 7.558423419331417991e-04
-3.450000000000016165e+00 1.089406567950584361e-03
-3.350000000000016520e+00 1.530314600744916553e-03
-3.250000000000016875e+00 2.098083496093754337e-03
-3.150000000000017231e+00 2.926671227743465626e-03
-3.050000000000017586e+00 3.917605377906986305e-03
-2.950000000000017941e+00 5.282912143441164179e-03
-2.850000000000018296e+00 6.818549577579996121e-03
-2.750000000000018652e+00 9.216486021529888412e-03
-2.650000000000019007e+00 1.222832258357572401e-02
-2.550000000000019362e+00 1.566332440043624250e-02
-2.450000000000019718e+00 2.036249914834693114e-02
-2.350000000000020073e+00 2.575452937636300496e-02
-2.250000000000020428e+00 3.219515778297647735e-02
-2.150000000000020783e+00 4.057241040606890392e-02
-2.050000000000021139e+00 4.979954209438663959e-02
-1.950000000000021272e+00 6.047093591024800541e-02
-1.850000000000021627e+00 7.304967835892071937e-02
-1.750000000000021982e+00 8.671694023664508477e-02
-1.650000000000022338e+00 1.037109729855540396e-01
-1.550000000000022693e+00 1.207617826239981429e-01
-1.450000000000023048e+00 1.403435995412392612e-01
-1.350000000000023404e+00 1.609074792196543147e-01
-1.250000000000023759e+00 1.828526341637856378e-01
-1.150000000000024114e+00 2.062367284020670821e-01
-1.050000000000024469e+00 2.299836624500324334e-01
-9.500000000000248246e-01 2.547153206758683286e-01
-8.500000000000251799e-01 2.775520502134765088e-01
-7.500000000000255351e-01 3.003266800281564342e-01
-6.500000000000258904e-01 3.223880501680550514e-01
-5.500000000000262457e-01 3.422351216160934850e-01
-4.500000000000266565e-01 3.587252594703820296e-01
-3.500000000000270117e-01 3.725424478220360491e-01
-2.500000000000273670e-01 3.851965970771239478e-01
-1.500000000000277223e-01 3.912655142850637313e-01
-5.000000000002806366e-02 3.971845050190758175e-01
4.999999999997158107e-02 3.964605996775059649e-01
1.499999999999712119e-01 3.939287052598094974e-01
2.499999999999708566e-01 3.846164082371890114e-01
3.499999999999705014e-01 3.731749778570105924e-01
4.499999999999701461e-01 3.586800153865338792e-01
5.499999999999698463e-01 3.414571008016859532e-01
6.499999999999694911e-01 3.219018980514126715e-01
7.499999999999691358e-01 2.998724649118774677e-01
8.499999999999687805e-01 2.780710264693813105e-01
9.499999999999684253e-01 2.546301553415659114e-01
1.049999999999968070e+00 2.303438408430193984e-01
1.149999999999967715e+00 2.066492479900940149e-01
1.249999999999967359e+00 1.830274005268852366e-01
1.349999999999967004e+00 1.610627285269763120e-01
1.449999999999966649e+00 1.409282240756687676e-01
1.549999999999966294e+00 1.207600083462001817e-01
1.649999999999965938e+00 1.032017552575379693e-01
1.749999999999965583e+00 8.718002674191385748e-02
1.849999999999965228e+00 7.298757863599195095e-02
1.949999999999964873e+00 6.033609079760265254e-02
2.049999999999964295e+00 4.977470220521513361e-02
2.149999999999963940e+00 4.066644712936106493e-02
2.249999999999963585e+00 3.233976142351063787e-02
2.349999999999963229e+00 2.556379451308175149e-02
2.449999999999962874e+00 2.009813175645012301e-02
2.549999999999962519e+00 1.570679420648638663e-02
2.649999999999962164e+00 1.210146172102121408e-02
2.749999999999961808e+00 9.310522744822042479e-03
2.849999999999961453e+00 7.055415663608343400e-03
2.949999999999961098e+00 5.259846532067617708e-03
3.049999999999960743e+00 3.947768100472394230e-03
3.149999999999960387e+00 2.950623978015994454e-03
3.249999999999960032e+00 2.055500828942591687e-03
3.349999999999959677e+00 1.509910406068317584e-03
3.449999999999959321e+00 1.097390818041427086e-03
3.549999999999958966e+00 7.185825081758741555e-04
3.649999999999958611e+00 5.030077557231121040e-04
3.749999999999958256e+00 3.424356150072686194e-04
3.849999999999957900e+00 2.483988917151171540e-04
3.949999999999957545e+00 1.854120298873553193e-04
4.049999999999957190e+00 1.046823900799422362e-04
4.149999999999956835e+00 7.185825081758745892e-05
4.249999999999956479e+00 2.838844476744196172e-05
4.349999999999956124e+00 3.814697265625013553e-05
4.449999999999955769e+00 1.951705577761634762e-05
4.549999999999955413e+00 1.330708348473841945e-05
4.649999999999955058e+00 9.758527888808173810e-06
4.749999999999954703e+00 5.322833393895367610e-06
4.849999999999954348e+00 3.548555595930245214e-06
4.949999999999953992e+00 8.871388989825613036e-07
5.049999999999953637e+00 2.661416696947683805e-06
5.149999999999953282e+00 0.000000000000000000e+00
5.249999999999952927e+00 8.871388989825613036e-07
5.349999999999952571e+00 1.774277797965122607e-06
5.449999999999952216e+00 0.000000000000000000e+00
5.549999999999951861e+00 8.871388989825613036e-07
5.649999999999951505e+00 1.774277797965122607e-06
5.749999999999951150e+00 0.000000000000000000e+00
5.849999999999950795e+00 8.871388989825613036e-07
5.949999999999950440e+00 0.000000000000000000e+00
6.049999999999950084e+00 0.000000000000000000e+00
6.149999999999949729e+00 8.871388989825613036e-07
6.249999999999949374e+00 0.000000000000000000e+00
6.349999999999949019e+00 0.000000000000000000e+00
6.449999999999948663e+00 0.000000000000000000e+00
6.549999999999948308e+00 0.000000000000000000e+00
6.649999999999947953e+00 0.000000000000000000e+00
6.749999999999947597e+00 0.000000000000000000e+00
6.849999999999947242e+00 0.000000000000000000e+00
6.949999999999946887e+00 0.000000000000000000e+00
7.049999999999946532e+00 0.000000000000000000e+00
7.149999999999946176e+00 0.000000000000000000e+00
7.249999999999945821e+00 0.000000000000000000e+00
7.349999999999945466e+00 0.000000000000000000e+00
7.449999999999945111e+00 0.000000000000000000e+00
7.549999999999944755e+00 0.000000000000000000e+00
7.649999999999944400e+00 0.000000000000000000e+00
7.749999999999944045e+00 0.000000000000000000e+00
7.849999999999943689e+00 0.000000000000000000e+00
7.949999999999943334e+00 0.000000000000000000e+00
