-7.950000000000000178e+00 0.000000000000000000e+00
-7.850000000000000533e+00 0.000000000000000000e+00
-7.750000000000000888e+00 0.000000000000000000e+00
-7.650000000000001243e+00 0.000000000000000000e+00
-7.550000000000001599e+00 0.000000000000000000e+00
-7.450000000000001954e+00 0.000000000000000000e+00
-7.350000000000002309e+00 0.000000000000000000e+00
-7.250000000000002665e+00 0.000000000000000000e+00
-7.150000000000003020e+00 0.000000000000000000e+00
-7.050000000000003375e+00 0.000000000000000000e+00
-6.950000000000003730e+00 0.000000000000000000e+00
-6.850000000000004086e+00 0.000000000000000000e+00
-6.750000000000004441e+00 0.000000000000000000e+00
-6.650000000000004796e+00 0.000000000000000000e+00
-6.550000000000005151e+00 0.000000000000000000e+00
-6.450000000000005507e+00 0.000000000000000000e+00
-6.350000000000005862e+00 0.000000000000000000e+00
-6.250000000000006217e+00 0.000000000000000000e+00
-6.150000000000006573e+00 0.000000000000000000e+00
-6.050000000000006928e+00 0.000000000000000000e+00
-5.950000000000007283e+00 7.981349891027999480e-06
-5.850000000000007638e+00 6.207716581910666074e-06
-5.750000000000007994e+00 7.094533236469331930e-06
-5.650000000000008349e+00 5.320899927351998524e-06
-5.550000000000008704e+00 6.207716581910666074e-06
-5.450000000000009059e+00 3.547266618234665965e-06
-5.350000000000009415e+00 7.981349891027999480e-06
-5.250000000000009770e+00 1.064179985470399874e-05
-5.150000000000010125e+00 6.207716581910665227e-06
-5.050000000000010481e+00 1.862314974573199653e-05
-4.950000000000010836e+00 3.813311614602265891e-05
-4.850000000000011191e+00 7.537941563748665197e-05
-4.750000000000011546e+00 9.754983200145329837e-05
-4.650000000000011902e+00 1.454379313476213088e-04
-4.550000000000012257e+00 1.614006311296772942e-04
-4.450000000000012612e+00 2.172700803668732431e-04
-4.350000000000012967e+00 2.438745800036332459e-04
-4.250000000000013323e+00 3.467453119324385123e-04
-4.150000000000013678e+00 4.256719941881598277e-04
-4.050000000000014033e+00 4.912964266255011011e-04
-3.950000000000014388e+00 6.189980248819489843e-04
-3.850000000000014744e+00 7.245292067744302754e-04
-3.750000000000015099e+00 8.389285552124981166e-04
-3.650000000000015454e+00 1.177692517253908690e-03
-3.550000000000015810e+00 1.516456479295318939e-03
-3.450000000000016165e+00 1.955430723301858700e-03
-3.350000000000016520e+00 2.440519433345448869e-03
-3.250000000000016875e+00 3.017837075463140287e-03
-3.150000000000017231e+00 4.035902594896488907e-03
-3.050000000000017586e+00 4.964399632219411787e-03
-2.950000000000017941e+00 6.221018831729041576e-03
-2.850000000000018296e+00 8.026577540410485476e-03
-2.750000000000018652e+00 1.011857802851437796e-02
-2.650000000000019007e+00 1.308320610470400068e-02
-2.550000000000019362e+00 1.634757821013449117e-02
-2.450000000000019718e+00 2.013162487513649873e-02
-2.350000000000020073e+00 2.501266374182759683e-02
-2.250000000000020428e+00 3.148199123683333156e-02
-2.150000000000020783e+00 3.831934764348095268e-02
-2.050000000000021139e+00 4.687801517662701367e-02
-1.950000000000021272e+00 5.599182993552676013e-02
-1.850000000000021627e+00 6.802415830457858581e-02
-1.750000000000021982e+00 8.092201972847919145e-02
-1.650000000000022338e+00 9.726072977206756676e-02
-1.550000000000022693e+00 1.141749838244648652e-01
-1.450000000000023048e+00 1.343536099822925101e-01
-1.350000000000023404e+00 1.545331229567749043e-01
-1.250000000000023759e+00 1.765084396567392078e-01
-1.150000000000024114e+00 1.999753819696711288e-01
-1.050000000000024469e+00 2.241233994733044521e-01
-9.500000000000248246e-01 2.492274053305515713e-01
-8.500000000000251799e-01 2.741354247071388639e-01
-7.500000000000255351e-01 2.990833508331814938e-01
-6.500000000000258904e-01 3.246751058504344645e-01
-5.500000000000262457e-01 3.472100038594244653e-01
-4.500000000000266565e-01 3.657435851230459445e-01
-3.500000000000270117e-01 3.832387040841795378e-01
-2.500000000000273670e-01 3.940250550535768781e-01
-1.500000000000277223e-01 4.053683268820375551e-01
-5.000000000002806366e-02 4.098334487377403024e-01
4.999999999997158107e-02 4.087196070196145170e-01
1.499999999999712119e-01 4.058108483926616827e-01
2.499999999999708566e-01 3.967005809003804062e-01
3.499999999999705014e-01 3.828201266232276745e-01
4.499999999999701461e-01 3.657409246730823904e-01
5.499999999999698463e-01 3.479442880493989754e-01
6.499999999999694911e-01 3.247895051988727300e-01
7.499999999999691358e-01 3.021366605748267986e-01
8.499999999999687805e-01 2.757121847189439312e-01
9.499999999999684253e-01 2.492540098301882501e-01
1.049999999999968070e+00 2.241278335565771718e-01
1.149999999999967715e+00 1.998006790887229545e-01
1.249999999999967359e+00 1.757573059503279023e-01
1.349999999999967004e+00 1.549827390006362771e-01
1.449999999999966649e+00 1.326234306892487558e-01
1.549999999999966294e+00 1.136162893320930012e-01
1.649999999999965938e+00 9.594025977342976463e-02
1.749999999999965583e+00 8.092822744506114607e-02
1.849999999999965228e+00 6.810663225345256477e-02
1.949999999999964873e+00 5.719435331910834031e-02
2.049999999999964295e+00 4.656674253087689230e-02
2.149999999999963940e+00 3.812690842944171238e-02
2.249999999999963585e+00 3.065636493143917077e-02
2.349999999999963229e+00 2.517051710633905551e-02
2.449999999999962874e+00 2.031874318924838108e-02
2.549999999999962519e+00 1.650631839130050141e-02
2.649999999999962164e+00 1.324904081910647027e-02
2.749999999999961808e+00 1.027022367644390977e-02
2.849999999999961453e+00 8.321000669723962323e-03
2.949999999999961098e+00 6.635162209407938910e-03
3.049999999999960743e+00 5.108950746912474701e-03
3.149999999999960387e+00 4.021713528423551121e-03
3.249999999999960032e+00 3.198747672993108339e-03
3.349999999999959677e+00 2.430764450145303165e-03
3.449999999999959321e+00 1.955430723301858700e-03
3.549999999999958966e+00 1.437529797039597624e-03
3.649999999999958611e+00 1.112954901471125812e-03
3.749999999999958256e+00 9.231761373955714271e-04
3.849999999999957900e+00 7.546809730294248061e-04
3.949999999999957545e+00 6.119034916454796575e-04
4.049999999999957190e+00 4.682391936069757888e-04
4.149999999999956835e+00 4.159170109880145033e-04
4.249999999999956479e+00 3.361035120777345763e-04
4.349999999999956124e+00 2.642713630584825335e-04
4.449999999999955769e+00 2.110623637849626092e-04
4.549999999999955413e+00 1.711556143298226186e-04
4.649999999999955058e+00 1.365697648020346502e-04
4.749999999999954703e+00 8.690803214674932165e-05
4.849999999999954348e+00 7.449259898292798611e-05
4.949999999999953992e+00 3.547266618234666134e-05
5.049999999999953637e+00 3.281221621867066378e-05
5.149999999999953282e+00 7.094533236469332777e-06
5.249999999999952927e+00 5.320899927351998524e-06
5.349999999999952571e+00 5.320899927351998524e-06
5.449999999999952216e+00 3.547266618234665965e-06
5.549999999999951861e+00 3.547266618234665965e-06
5.649999999999951505e+00 7.981349891027999480e-06
5.749999999999951150e+00 7.981349891027999480e-06
5.849999999999950795e+00 8.868166545586664913e-07
5.949999999999950440e+00 0.000000000000000000e+00
6.049999999999950084e+00 0.000000000000000000e+00
6.149999999999949729e+00 0.000000000000000000e+00
6.249999999999949374e+00 0.000000000000000000e+00
6.349999999999949019e+00 0.000000000000000000e+00
6.449999999999948663e+00 0.000000000000000000e+00
6.549999999999948308e+00 0.000000000000000000e+00
6.649999999999947953e+00 0.000000000000000000e+00
6.749999999999947597e+00 0.000000000000000000e+00
6.849999999999947242e+00 0.000000000000000000e+00
6.949999999999946887e+00 0.000000000000000000e+00
7.049999999999946532e+00 0.000000000000000000e+00
7.149999999999946176e+00 0.000000000000000000e+00
7.249999999999945821e+00 0.000000000000000000e+00
7.349999999999945466e+00 0.000000000000000000e+00
7.449999999999945111e+00 0.000000000000000000e+00
7.549999999999944755e+00 0.000000000000000000e+00
7.649999999999944400e+00 0.000000000000000000e+00
7.749999999999944045e+00 0.000000000000000000e+00
7.849999999999943689e+00 0.000000000000000000e+00
7.949999999999943334e+00 0.000000000000000000e+00
