-7.950000000000000178e+00 0.000000000000000000e+00
-7.850000000000000533e+00 0.000000000000000000e+00
-7.750000000000000888e+00 0.000000000000000000e+00
-7.650000000000001243e+00 7.097111191860490429e-06
-7.550000000000001599e+00 7.984250090843050991e-06
-7.450000000000001954e+00 6.209972292877929019e-06
-7.350000000000002309e+00 7.097111191860490429e-06
-7.250000000000002665e+00 8.516533430232580044e-05
-7.150000000000003020e+00 1.215380291606107488e-04
-7.050000000000003375e+00 1.951705577761632187e-04
-6.950000000000003730e+00 2.111390579578493478e-04
-6.850000000000004086e+00 1.410550849382270896e-04
-6.750000000000004441e+00 1.250865847565410418e-04
-6.650000000000004796e+00 1.880734465843027952e-04
-6.550000000000005151e+00 1.392808071402619973e-04
-6.450000000000005507e+00 1.277480014534887345e-04
-6.350000000000005862e+00 1.179894735646805641e-04
-6.250000000000006217e+00 1.898477243822679417e-04
-6.150000000000006573e+00 1.366193904433143588e-04
-6.050000000000006928e+00 1.153280568677329121e-04
-5.950000000000007283e+00 3.051757812500007589e-04
-5.850000000000007638e+00 2.829973087754367525e-04
-5.750000000000007994e+00 2.333175304324134084e-04
-5.650000000000008349e+00 2.146876135537796409e-04
-5.550000000000008704e+00 1.969448355741284466e-04
-5.450000000000009059e+00 1.889605854832853956e-04
-5.350000000000009415e+00 1.783149186954946790e-04
-5.250000000000009770e+00 1.729920853015993478e-04
-5.150000000000010125e+00 2.191233080486924530e-04
-5.050000000000010481e+00 2.838844476744193258e-04
-4.950000000000010836e+00 3.938896711482568389e-04
-4.850000000000011191e+00 3.043724664989536349e-04
-4.750000000000011546e+00 6.486312567238190600e-04
-4.650000000000011902e+00 5.705560482676910088e-04
-4.550000000000012257e+00 5.607975203788816186e-04
-4.450000000000012612e+00 5.173137436374131886e-04
-4.350000000000012967e+00 4.108570757595059685e-04
-4.250000000000013323e+00 5.048868137059964265e-04
-4.150000000000013678e+00 4.640714390071370488e-04
-4.050000000000014033e+00 4.028588549773403607e-04
-3.950000000000014388e+00 8.260171244463627906e-04
-3.850000000000014744e+00 8.508500282722125880e-04
-3.750000000000015099e+00 9.560633046224117654e-04
-3.650000000000015454e+00 9.881469972446703821e-04
-3.550000000000015810e+00 1.078488472682005792e-03
-3.450000000000016165e+00 9.205288512434805365e-04
-3.350000000000016520e+00 1.010821429261185480e-03
-3.250000000000016875e+00 1.552674692206676291e-03
-3.150000000000017231e+00 1.837439293434416912e-03
-3.050000000000017586e+00 1.856956349212034174e-03
-2.950000000000017941e+00 2.048815853144750863e-03
-2.850000000000018296e+00 2.354892743985058379e-03
-2.750000000000018652e+00 3.051359647797324479e-03
-2.650000000000019007e+00 3.339665819275336282e-03
-2.550000000000019362e+00 3.582280844782914815e-03
-2.450000000000019718e+00 3.466694330125713857e-03
-2.350000000000020073e+00 3.861366359988035665e-03
-2.250000000000020428e+00 5.679868381334740937e-03
-2.150000000000020783e+00 6.627004414202046501e-03
-2.050000000000021139e+00 7.993896853201329367e-03
-1.950000000000021272e+00 1.020092380022843276e-02
-1.850000000000021627e+00 1.044305683688538308e-02
-1.750000000000021982e+00 1.272377918063899611e-02
-1.650000000000022338e+00 1.395176802116373377e-02
-1.550000000000022693e+00 1.542103768617473884e-02
-1.450000000000023048e+00 2.041141053866721636e-02
-1.350000000000023404e+00 2.405047525833070576e-02
-1.250000000000023759e+00 2.714960069975989876e-02
-1.150000000000024114e+00 3.138856690481411915e-02
-1.050000000000024469e+00 4.147447000338384815e-02
-9.500000000000248246e-01 5.246886620262253276e-02
-8.500000000000251799e-01 6.269094861485866033e-02
-7.500000000000255351e-01 8.327359791706526182e-02
-6.500000000000258904e-01 1.089090411205935610e-01
-5.500000000000262457e-01 1.458797653916312220e-01
-4.500000000000266565e-01 2.058547347745806888e-01
-3.500000000000270117e-01 2.982426021501156654e-01
-2.500000000000273670e-01 4.744638800293617953e-01
-1.500000000000277223e-01 7.862334783163298368e-01
-5.000000000002806366e-02 1.543243511586253280e+00
4.999999999997158107e-02 1.698349605351452407e+00
1.499999999999712119e-01 9.594131131635896814e-01
2.499999999999708566e-01 6.195636058416873482e-01
3.499999999999705014e-01 4.533469845056324332e-01
4.499999999999701461e-01 3.395904767340774955e-01
5.499999999999698463e-01 2.521847674445377163e-01
6.499999999999694911e-01 2.017030295075263324e-01
7.499999999999691358e-01 1.659331560091192592e-01
8.499999999999687805e-01 1.364093271285846121e-01
9.499999999999684253e-01 1.154967320094130445e-01
1.049999999999968070e+00 9.992853404619286839e-02
1.149999999999967715e+00 8.875054200693935358e-02
1.249999999999967359e+00 7.546768370095498224e-02
1.349999999999967004e+00 6.314374570596840985e-02
1.449999999999966649e+00 5.786978877566523183e-02
1.549999999999966294e+00 5.039521744565203520e-02
1.649999999999965938e+00 4.253411201347176429e-02
1.749999999999965583e+00 4.059952053258032018e-02
1.849999999999965228e+00 3.626924887438751077e-02
1.949999999999964873e+00 3.354641701838582263e-02
2.049999999999964295e+00 2.900413313402748494e-02
2.149999999999963940e+00 2.604437232388649021e-02
2.249999999999963585e+00 2.387082613861389938e-02
2.349999999999963229e+00 2.286273597950626638e-02
2.449999999999962874e+00 2.040049244339862955e-02
2.549999999999962519e+00 1.848833090742547924e-02
2.649999999999962164e+00 1.802740287396590799e-02
2.749999999999961808e+00 1.720889499610541579e-02
2.849999999999961453e+00 1.470434820667306484e-02
2.949999999999961098e+00 1.497354945776748110e-02
3.049999999999960743e+00 1.312962776355937333e-02
3.149999999999960387e+00 1.184516938870884897e-02
3.249999999999960032e+00 1.160715072064638642e-02
3.349999999999959677e+00 1.203185973685222052e-02
3.449999999999959321e+00 1.082426810565842272e-02
3.549999999999958966e+00 9.656835226671324837e-03
3.649999999999958611e+00 9.500894370128909472e-03
3.749999999999958256e+00 8.684370330436216867e-03
3.849999999999957900e+00 8.405438492835643274e-03
3.949999999999957545e+00 7.587217014147260019e-03
4.049999999999957190e+00 7.405912367508734120e-03
4.149999999999956835e+00 7.404913463079172177e-03
4.249999999999956479e+00 6.629267666196293762e-03
4.349999999999956124e+00 6.270416488885011477e-03
4.449999999999955769e+00 6.468534862530238815e-03
4.549999999999955413e+00 6.211278552516617292e-03
4.649999999999955058e+00 6.599000163445970131e-03
4.749999999999954703e+00 5.151908970909524835e-03
4.849999999999954348e+00 4.525512069425557081e-03
4.949999999999953992e+00 4.273983742854184711e-03
5.049999999999953637e+00 4.447660392030589396e-03
5.149999999999953282e+00 4.421004312987145829e-03
5.249999999999952927e+00 4.242619540835036035e-03
5.349999999999952571e+00 3.901783569984198109e-03
5.449999999999952216e+00 3.929103256865467894e-03
5.549999999999951861e+00 3.202082451130761412e-03
5.649999999999951505e+00 2.798098955501953332e-03
5.749999999999951150e+00 2.471240661319335646e-03
5.849999999999950795e+00 2.632427512453373256e-03
5.949999999999950440e+00 2.446009592790793306e-03
6.049999999999950084e+00 2.873610542100392753e-03
6.149999999999949729e+00 2.377692912223474536e-03
6.249999999999949374e+00 1.967750916745593381e-03
6.349999999999949019e+00 2.174447294862871458e-03
6.449999999999948663e+00 2.024520820934818527e-03
6.549999999999948308e+00 1.525068606153295609e-03
6.649999999999947953e+00 1.550788648878128739e-03
6.749999999999947597e+00 1.674995080081351576e-03
6.849999999999947242e+00 1.776121929219701048e-03
6.949999999999946887e+00 1.776128914565361025e-03
7.049999999999946532e+00 1.663455289048916628e-03
7.149999999999946176e+00 1.941094837702154368e-03
7.249999999999945821e+00 1.704193824945502214e-03
7.349999999999945466e+00 1.484183377997824044e-03
7.449999999999945111e+00 1.603059990461488428e-03
7.549999999999944755e+00 1.185217569040700539e-03
7.649999999999944400e+00 1.385710960210760796e-03
7.749999999999944045e+00 1.355548237645354389e-03
7.849999999999943689e+00 1.058356706486195380e-03
7.949999999999943334e+00 7.753593977107577605e-04
