-7.950000000000000178e+00 0.000000000000000000e+00
-7.850000000000000533e+00 0.000000000000000000e+00
-7.750000000000000888e+00 0.000000000000000000e+00
-7.650000000000001243e+00 0.000000000000000000e+00
-7.550000000000001599e+00 0.000000000000000000e+00
-7.450000000000001954e+00 0.000000000000000000e+00
-7.350000000000002309e+00 0.000000000000000000e+00
-7.250000000000002665e+00 0.000000000000000000e+00
-7.150000000000003020e+00 0.000000000000000000e+00
-7.050000000000003375e+00 0.000000000000000000e+00
-6.950000000000003730e+00 0.000000000000000000e+00
-6.850000000000004086e+00 0.000000000000000000e+00
-6.750000000000004441e+00 0.000000000000000000e+00
-6.650000000000004796e+00 0.000000000000000000e+00
-6.550000000000005151e+00 0.000000000000000000e+00
-6.450000000000005507e+00 0.000000000000000000e+00
-6.350000000000005862e+00 0.000000000000000000e+00
-6.250000000000006217e+00 7.984250090843050991e-06
-6.150000000000006573e+00 5.322833393895367610e-06
-6.050000000000006928e+00 1.153280568677329663e-05
-5.950000000000007283e+00 1.596850018168610198e-05
-5.850000000000007638e+00 2.661416696947683890e-05
-5.750000000000007994e+00 3.725983375726756226e-05
-5.650000000000008349e+00 1.596850018168610198e-05
-5.550000000000008704e+00 1.685563908066866509e-05
-5.450000000000009059e+00 5.943830623183156192e-05
-5.350000000000009415e+00 3.637269485828501609e-05
-5.250000000000009770e+00 4.258266715116294088e-05
-5.150000000000010125e+00 6.387400072674440793e-05
-5.050000000000010481e+00 9.403672329215146536e-05
-4.950000000000010836e+00 1.463779183321225834e-04
-4.850000000000011191e+00 1.525878906250005421e-04
-4.750000000000011546e+00 1.916220021802331967e-04
-4.650000000000011902e+00 2.031548078670065136e-04
-4.550000000000012257e+00 2.129133357558146027e-04
-4.450000000000012612e+00 2.829973087754369693e-04
-4.350000000000012967e+00 3.805825876635186194e-04
-4.250000000000013323e+00 4.373594771984025496e-04
-4.150000000000013678e+00 6.529342296511646011e-04
-4.050000000000014033e+00 9.412543718204965763e-04
-3.950000000000014388e+00 1.065453817678055099e-03
-3.850000000000014744e+00 1.343128293059596412e-03
-3.750000000000015099e+00 1.738792242005818018e-03
-3.650000000000015454e+00 2.042193745457853739e-03
-3.550000000000015810e+00 2.469794694767447549e-03
-3.450000000000016165e+00 3.283301065134456610e-03
-3.350000000000016520e+00 3.753484681595215672e-03
-3.250000000000016875e+00 4.484487134356850840e-03
-3.150000000000017231e+00 5.461227062136660322e-03
-3.050000000000017586e+00 6.722738576489877341e-03
-2.950000000000017941e+00 8.308055788971733385e-03
-2.850000000000018296e+00 1.083196595657715325e-02
-2.750000000000018652e+00 1.252728839253284751e-02
-2.650000000000019007e+00 1.470432725063608101e-02
-2.550000000000019362e+00 1.773656800735851427e-02
-2.450000000000019718e+00 2.119019974109766918e-02
-2.350000000000020073e+00 2.530031426008392398e-02
-2.250000000000020428e+00 3.128938896711526418e-02
-2.150000000000020783e+00 3.678876300190823956e-02
-2.050000000000021139e+00 4.502673481786040321e-02
-1.950000000000021272e+00 5.347318427507347788e-02
-1.850000000000021627e+00 6.403900856195557378e-02
-1.750000000000021982e+00 7.542011349700188105e-02
-1.650000000000022338e+00 8.878663528797119120e-02
-1.550000000000022693e+00 1.028575453647328775e-01
-1.450000000000023048e+00 1.196555204169670594e-01
-1.350000000000023404e+00 1.390758780545934270e-01
-1.250000000000023759e+00 1.621388280114423874e-01
-1.150000000000024114e+00 1.824303560478702235e-01
-1.050000000000024469e+00 2.081822240075359154e-01
-9.500000000000248246e-01 2.346473516419838312e-01
-8.500000000000251799e-01 2.651578326557915699e-01
-7.500000000000255351e-01 2.940874321516124823e-01
-6.500000000000258904e-01 3.235138294308643747e-01
-5.500000000000262457e-01 3.533039536586991547e-01
-4.500000000000266565e-01 3.788562153660952059e-01
-3.500000000000270117e-01 4.027557373046863343e-01
-2.500000000000273670e-01 4.196557333303049253e-01
-1.500000000000277223e-01 4.346501550009089221e-01
-5.000000000002806366e-02 4.402134030364291406e-01
4.999999999997158107e-02 4.408973871275443379e-01
1.499999999999712119e-01 4.322389114734742077e-01
2.499999999999708566e-01 4.219339060228921023e-01
3.499999999999705014e-01 4.011633229810125378e-01
4.499999999999701461e-01 3.794018057889692042e-01
5.499999999999698463e-01 3.540695545285209578e-01
6.499999999999694911e-01 3.222168323605515972e-01
7.499999999999691358e-01 2.936323298964343409e-01
8.499999999999687805e-01 2.659846461096433412e-01
9.499999999999684253e-01 2.341407953306648970e-01
1.049999999999968070e+00 2.071123344953630097e-01
1.149999999999967715e+00 1.816816108171289690e-01
1.249999999999967359e+00 1.605685921602431343e-01
1.349999999999967004e+00 1.389907127202910653e-01
1.449999999999966649e+00 1.186406335165310633e-01
1.549999999999966294e+00 1.035299966501616042e-01
1.649999999999965938e+00 8.924351182094725221e-02
1.749999999999965583e+00 7.534470669058843106e-02
1.849999999999965228e+00 6.306315577307480824e-02
1.949999999999964873e+00 5.306421324264250228e-02
2.049999999999964295e+00 4.375546477561837594e-02
2.149999999999963940e+00 3.689876822538207257e-02
2.249999999999963585e+00 3.143399260764942471e-02
2.349999999999963229e+00 2.585034037745311680e-02
2.449999999999962874e+00 2.167546471884113438e-02
2.549999999999962519e+00 1.804884089980038353e-02
2.649999999999962164e+00 1.512571822765280440e-02
2.749999999999961808e+00 1.246075297510915517e-02
2.849999999999961453e+00 1.024468000545068931e-02
2.949999999999961098e+00 8.198050565497896902e-03
3.049999999999960743e+00 6.774192632630868759e-03
3.149999999999960387e+00 5.557925202125762326e-03
3.249999999999960032e+00 4.749741665152639597e-03
3.349999999999959677e+00 3.784534543059605953e-03
3.449999999999959321e+00 3.051757812500007806e-03
3.549999999999958966e+00 2.495521722837941523e-03
3.649999999999958611e+00 1.885170160337940439e-03
3.749999999999958256e+00 1.596850018168608464e-03
3.849999999999957900e+00 1.290787098019625240e-03
3.949999999999957545e+00 1.217154569404072743e-03
4.049999999999957190e+00 9.314958439316885956e-04
4.149999999999956835e+00 5.961573401162807793e-04
4.249999999999956479e+00 4.959106445312515179e-04
4.349999999999956124e+00 4.116324491279082501e-04
4.449999999999955769e+00 2.661416696947682941e-04
4.549999999999955413e+00 2.173490302507274691e-04
4.649999999999955058e+00 1.543621684229656344e-04
4.749999999999954703e+00 1.561364462209307810e-04
4.849999999999954348e+00 1.747663630995645214e-04
4.949999999999953992e+00 1.650078352107563510e-04
5.049999999999953637e+00 1.188766124636632187e-04
5.149999999999953282e+00 7.984250090843050991e-05
5.249999999999952927e+00 7.540680641351768423e-05
5.349999999999952571e+00 3.282413926235476368e-05
5.449999999999952216e+00 2.306561137354659326e-05
5.549999999999951861e+00 2.572702807049427579e-05
5.649999999999951505e+00 1.774277797965122480e-05
5.749999999999951150e+00 9.758527888808173810e-06
5.849999999999950795e+00 7.097111191860489582e-06
5.949999999999950440e+00 7.984250090843050991e-06
6.049999999999950084e+00 7.984250090843050991e-06
6.149999999999949729e+00 2.661416696947683805e-06
6.249999999999949374e+00 2.661416696947683805e-06
6.349999999999949019e+00 0.000000000000000000e+00
6.449999999999948663e+00 0.000000000000000000e+00
6.549999999999948308e+00 0.000000000000000000e+00
6.649999999999947953e+00 0.000000000000000000e+00
6.749999999999947597e+00 0.000000000000000000e+00
6.849999999999947242e+00 0.000000000000000000e+00
6.949999999999946887e+00 0.000000000000000000e+00
7.049999999999946532e+00 0.000000000000000000e+00
7.149999999999946176e+00 0.000000000000000000e+00
7.249999999999945821e+00 0.000000000000000000e+00
7.349999999999945466e+00 0.000000000000000000e+00
7.449999999999945111e+00 0.000000000000000000e+00
7.549999999999944755e+00 0.000000000000000000e+00
7.649999999999944400e+00 0.000000000000000000e+00
7.749999999999944045e+00 0.000000000000000000e+00
7.849999999999943689e+00 0.000000000000000000e+00
7.949999999999943334e+00 0.000000000000000000e+00
