-7.950000000000000178e+00 0.000000000000000000e+00
-7.850000000000000533e+00 0.000000000000000000e+00
-7.750000000000000888e+00 0.000000000000000000e+00
-7.650000000000001243e+00 0.000000000000000000e+00
-7.550000000000001599e+00 0.000000000000000000e+00
-7.450000000000001954e+00 0.000000000000000000e+00
-7.350000000000002309e+00 0.000000000000000000e+00
-7.250000000000002665e+00 0.000000000000000000e+00
-7.150000000000003020e+00 0.000000000000000000e+00
-7.050000000000003375e+00 0.000000000000000000e+00
-6.950000000000003730e+00 0.000000000000000000e+00
-6.850000000000004086e+00 0.000000000000000000e+00
-6.750000000000004441e+00 0.000000000000000000e+00
-6.650000000000004796e+00 0.000000000000000000e+00
-6.550000000000005151e+00 2.661416696947683805e-06
-6.450000000000005507e+00 1.774277797965122607e-06
-6.350000000000005862e+00 3.548555595930245214e-06
-6.250000000000006217e+00 8.871388989825613036e-07
-6.150000000000006573e+00 2.661416696947683805e-06
-6.050000000000006928e+00 8.871388989825613036e-07
-5.950000000000007283e+00 1.774277797965122607e-06
-5.850000000000007638e+00 1.774277797965122607e-06
-5.750000000000007994e+00 3.548555595930245214e-06
-5.650000000000008349e+00 5.322833393895367610e-06
-5.550000000000008704e+00 2.661416696947683805e-06
-5.450000000000009059e+00 9.758527888808173810e-06
-5.350000000000009415e+00 9.758527888808173810e-06
-5.250000000000009770e+00 1.064566678779073522e-05
-5.150000000000010125e+00 1.241994458575585804e-05
-5.050000000000010481e+00 2.395275027252915297e-05
-4.950000000000010836e+00 3.282413926235476368e-05
-4.850000000000011191e+00 4.701836164607574623e-05
-4.750000000000011546e+00 7.008397301962233949e-05
-4.650000000000011902e+00 6.476113962572698120e-05
-4.550000000000012257e+00 5.500261173691879722e-05
-4.450000000000012612e+00 8.516533430232588176e-05
-4.350000000000012967e+00 1.206508902616283381e-04
-4.250000000000013323e+00 1.623464185138087125e-04
-4.150000000000013678e+00 2.164618913517449500e-04
-4.050000000000014033e+00 2.838844476744195968e-04
-3.950000000000014388e+00 3.921153933502920718e-04
-3.850000000000014744e+00 4.897006722383737218e-04
-3.750000000000015099e+00 6.981783134992752956e-04
-3.650000000000015454e+00 8.223777593568337100e-04
-3.550000000000015810e+00 1.165700513263084361e-03
-3.450000000000016165e+00 1.579107240188956998e-03
-3.350000000000016520e+00 2.145101857739830503e-03
-3.250000000000016875e+00 2.916025560955674747e-03
-3.150000000000017231e+00 3.522828567859746622e-03
-3.050000000000017586e+00 4.671673442042171415e-03
-2.950000000000017941e+00 6.205536598383038643e-03
-2.850000000000018296e+00 7.908843284429579318e-03
-2.750000000000018652e+00 1.011072203170432227e-02
-2.650000000000019007e+00 1.309417014898271378e-02
-2.550000000000019362e+00 1.634908276934977228e-02
-2.450000000000019718e+00 2.053016840025463294e-02
-2.350000000000020073e+00 2.563831418059628678e-02
-2.250000000000020428e+00 3.197780875272575318e-02
-2.150000000000020783e+00 3.919202227925203119e-02
-2.050000000000021139e+00 4.788066065588734294e-02
-1.950000000000021272e+00 5.819187607876177837e-02
-1.850000000000021627e+00 7.069609885992021725e-02
-1.750000000000021982e+00 8.464813232421787570e-02
-1.650000000000022338e+00 9.867379831713132821e-02
-1.550000000000022693e+00 1.156314583711822441e-01
-1.450000000000023048e+00 1.341673385265230445e-01
-1.350000000000023404e+00 1.558153019394946659e-01
-1.250000000000023759e+00 1.778030395507770589e-01
-1.150000000000024114e+00 2.000746616097341390e-01
-1.050000000000024469e+00 2.253749758698180561e-01
-9.500000000000248246e-01 2.501634109851889054e-01
-8.500000000000251799e-01 2.746271532635309875e-01
-7.500000000000255351e-01 2.981150427529930536e-01
-6.500000000000258904e-01 3.233346273732693454e-01
-5.500000000000262457e-01 3.438683443291205566e-01
-4.500000000000266565e-01 3.641962450604074863e-01
-3.500000000000270117e-01 3.818476477334645791e-01
-2.500000000000273670e-01 3.947422116301765871e-01
-1.500000000000277223e-01 4.043800886287235996e-01
-5.000000000002806366e-02 4.075338674146067874e-01
4.999999999997158107e-02 4.084414105082660451e-01
1.499999999999712119e-01 4.032826978106820448e-01
2.499999999999708566e-01 3.942950936250894101e-01
3.499999999999705014e-01 3.810855954192383654e-01
4.499999999999701461e-01 3.639070377793391931e-01
5.499999999999698463e-01 3.449879136196366547e-01
6.499999999999694911e-01 3.220660187477244474e-01
7.499999999999691358e-01 2.983687644781020110e-01
8.499999999999687805e-01 2.733292690543195347e-01
9.499999999999684253e-01 2.491290070289752800e-01
1.049999999999968070e+00 2.248480153638224288e-01
1.149999999999967715e+00 2.005652494208715608e-01
1.249999999999967359e+00 1.769771132358243237e-01
1.349999999999967004e+00 1.544287038403849566e-01
1.449999999999966649e+00 1.342977479446735012e-01
1.549999999999966294e+00 1.162897154342273087e-01
1.649999999999965938e+00 9.938262229741834375e-02
1.749999999999965583e+00 8.354364439498464245e-02
1.849999999999965228e+00 7.026494935501471917e-02
1.949999999999964873e+00 5.800468977107645085e-02
2.049999999999964295e+00 4.781146382176670179e-02
2.149999999999963940e+00 3.963115603424840344e-02
2.249999999999963585e+00 3.211176672647211849e-02
2.349999999999963229e+00 2.554516459620311680e-02
2.449999999999962874e+00 2.088147540425173282e-02
2.549999999999962519e+00 1.653272052143916343e-02
2.649999999999962164e+00 1.315981842750742377e-02
2.749999999999961808e+00 1.024201858875374224e-02
2.849999999999961453e+00 8.028607035792223456e-03
2.949999999999961098e+00 6.216182265170830390e-03
3.049999999999960743e+00 4.767484443132290195e-03
3.149999999999960387e+00 3.631059513535619260e-03
3.249999999999960032e+00 2.695127975109017256e-03
3.349999999999959677e+00 2.127359079760179038e-03
3.449999999999959321e+00 1.641206963117736260e-03
3.549999999999958966e+00 1.245543014171514654e-03
3.649999999999958611e+00 9.013331213662815382e-04
3.749999999999958256e+00 7.150339525799438625e-04
3.849999999999957900e+00 5.402675894803796392e-04
3.949999999999957545e+00 3.610655318859023869e-04
4.049999999999957190e+00 3.025143645530533644e-04
4.149999999999956835e+00 2.306561137354659326e-04
4.249999999999956479e+00 1.623464185138087125e-04
4.349999999999956124e+00 1.117795012718027139e-04
4.449999999999955769e+00 1.073438067768899017e-04
4.549999999999955413e+00 9.137530659520381332e-05
4.649999999999955058e+00 5.677688953488391665e-05
4.749999999999954703e+00 5.500261173691879722e-05
4.849999999999954348e+00 5.234119503997111808e-05
4.949999999999953992e+00 3.371127816133733017e-05
5.049999999999953637e+00 2.927558366642452143e-05
5.149999999999953282e+00 1.774277797965122480e-05
5.249999999999952927e+00 1.330708348473841945e-05
5.349999999999952571e+00 9.758527888808173810e-06
5.449999999999952216e+00 3.548555595930245214e-06
5.549999999999951861e+00 3.548555595930245214e-06
5.649999999999951505e+00 2.661416696947683805e-06
5.749999999999951150e+00 7.097111191860490429e-06
5.849999999999950795e+00 3.548555595930245214e-06
5.949999999999950440e+00 7.097111191860490429e-06
6.049999999999950084e+00 4.435694494912806200e-06
6.149999999999949729e+00 1.774277797965122607e-06
6.249999999999949374e+00 1.774277797965122607e-06
6.349999999999949019e+00 1.774277797965122607e-06
6.449999999999948663e+00 0.000000000000000000e+00
6.549999999999948308e+00 0.000000000000000000e+00
6.649999999999947953e+00 0.000000000000000000e+00
6.749999999999947597e+00 0.000000000000000000e+00
6.849999999999947242e+00 0.000000000000000000e+00
6.949999999999946887e+00 0.000000000000000000e+00
7.049999999999946532e+00 0.000000000000000000e+00
7.149999999999946176e+00 0.000000000000000000e+00
7.249999999999945821e+00 0.000000000000000000e+00
7.349999999999945466e+00 0.000000000000000000e+00
7.449999999999945111e+00 0.000000000000000000e+00
7.549999999999944755e+00 0.000000000000000000e+00
7.649999999999944400e+00 0.000000000000000000e+00
7.749999999999944045e+00 0.000000000000000000e+00
7.849999999999943689e+00 0.000000000000000000e+00
7.949999999999943334e+00 0.000000000000000000e+00
