-7.950000000000000178e+00 0.000000000000000000e+00
-7.850000000000000533e+00 0.000000000000000000e+00
-7.750000000000000888e+00 0.000000000000000000e+00
-7.650000000000001243e+00 0.000000000000000000e+00
-7.550000000000001599e+00 0.000000000000000000e+00
-7.450000000000001954e+00 0.000000000000000000e+00
-7.350000000000002309e+00 0.000000000000000000e+00
-7.250000000000002665e+00 0.000000000000000000e+00
-7.150000000000003020e+00 0.000000000000000000e+00
-7.050000000000003375e+00 0.000000000000000000e+00
-6.950000000000003730e+00 0.000000000000000000e+00
-6.850000000000004086e+00 0.000000000000000000e+00
-6.750000000000004441e+00 0.000000000000000000e+00
-6.650000000000004796e+00 0.000000000000000000e+00
-6.550000000000005151e+00 0.000000000000000000e+00
-6.450000000000005507e+00 0.000000000000000000e+00
-6.350000000000005862e+00 0.000000000000000000e+00
-6.250000000000006217e+00 0.000000000000000000e+00
-6.150000000000006573e+00 0.000000000000000000e+00
-6.050000000000006928e+00 0.000000000000000000e+00
-5.950000000000007283e+00 0.000000000000000000e+00
-5.850000000000007638e+00 0.000000000000000000e+00
-5.750000000000007994e+00 0.000000000000000000e+00
-5.650000000000008349e+00 0.000000000000000000e+00
-5.550000000000008704e+00 0.000000000000000000e+00
-5.450000000000009059e+00 0.000000000000000000e+00
-5.350000000000009415e+00 0.000000000000000000e+00
-5.250000000000009770e+00 0.000000000000000000e+00
-5.150000000000010125e+00 4.345401607337463372e-05
-5.050000000000010481e+00 1.206070650199785835e-04
-4.950000000000010836e+00 7.094533236469328203e-05
-4.850000000000011191e+00 2.394404967308398082e-04
-4.750000000000011546e+00 1.933260306937891837e-04
-4.650000000000011902e+00 1.773633309117331983e-04
-4.550000000000012257e+00 4.318797107700703261e-04
-4.450000000000012612e+00 3.254617122230304234e-04
-4.350000000000012967e+00 3.786707114965503747e-04
-4.250000000000013323e+00 6.642256742644407803e-04
-4.150000000000013678e+00 4.052752111333103504e-04
-4.050000000000014033e+00 4.256719941881597193e-04
-3.950000000000014388e+00 7.564546063385421378e-04
-3.850000000000014744e+00 7.431523565201620957e-04
-3.750000000000015099e+00 8.868166545586660728e-04
-3.650000000000015454e+00 1.617553577915006955e-03
-3.550000000000015810e+00 2.036131038866703311e-03
-3.450000000000016165e+00 2.047659655375959516e-03
-3.350000000000016520e+00 2.135454504177267815e-03
-3.250000000000016875e+00 3.274127088630594991e-03
-3.150000000000017231e+00 3.408923220123511767e-03
-3.050000000000017586e+00 5.978917885034549379e-03
-2.950000000000017941e+00 8.078012906374913357e-03
-2.850000000000018296e+00 9.267234040138084758e-03
-2.750000000000018652e+00 1.037486804168185478e-02
-2.650000000000019007e+00 1.336876106747197229e-02
-2.550000000000019362e+00 1.476549729840189937e-02
-2.450000000000019718e+00 1.545011975572121998e-02
-2.350000000000020073e+00 2.058301455230691912e-02
-2.250000000000020428e+00 2.396976735606662356e-02
-2.150000000000020783e+00 2.698405716491164216e-02
-2.050000000000021139e+00 3.240782782419265873e-02
-1.950000000000021272e+00 3.665213233291061967e-02
-1.850000000000021627e+00 4.456253689157403663e-02
-1.750000000000021982e+00 5.218738648746988618e-02
-1.650000000000022338e+00 6.676044457183208380e-02
-1.550000000000022693e+00 7.933195746685584027e-02
-1.450000000000023048e+00 9.105212637350298954e-02
-1.350000000000023404e+00 1.063080332818752277e-01
-1.250000000000023759e+00 1.284012965968946984e-01
-1.150000000000024114e+00 1.533891294723946919e-01
-1.050000000000024469e+00 1.815225010216141022e-01
-9.500000000000248246e-01 2.139427442789703093e-01
-8.500000000000251799e-01 2.461137920563957748e-01
-7.500000000000255351e-01 2.745265108517987995e-01
-6.500000000000258904e-01 3.079036292794217200e-01
-5.500000000000262457e-01 3.360387744619480754e-01
-4.500000000000266565e-01 3.755810422720659014e-01
-3.500000000000270117e-01 4.050322233699590879e-01
-2.500000000000273670e-01 4.417366778854888709e-01
-1.500000000000277223e-01 4.650528613671452427e-01
-5.000000000002806366e-02 4.701618121140584972e-01
4.999999999997158107e-02 4.543871174627704956e-01
1.499999999999712119e-01 4.539179914525073856e-01
2.499999999999708566e-01 4.512282765392295891e-01
3.499999999999705014e-01 4.309405719328903150e-01
4.499999999999701461e-01 4.007630879949137803e-01
5.499999999999698463e-01 3.797872136646384122e-01
6.499999999999694911e-01 3.421560357450955658e-01
7.499999999999691358e-01 3.141477053441699696e-01
8.499999999999687805e-01 2.709269220509467058e-01
9.499999999999684253e-01 2.401171378382704613e-01
1.049999999999968070e+00 2.112831811319494379e-01
1.149999999999967715e+00 1.818665858835828431e-01
1.249999999999967359e+00 1.614210279127332726e-01
1.349999999999967004e+00 1.430346582137683176e-01
1.449999999999966649e+00 1.225367780602987511e-01
1.549999999999966294e+00 9.792406862967804881e-02
1.649999999999965938e+00 8.538536795087281472e-02
1.749999999999965583e+00 7.527920535552221071e-02
1.849999999999965228e+00 6.509500289457079147e-02
1.949999999999964873e+00 6.114866878178506354e-02
2.049999999999964295e+00 5.011578278242063977e-02
2.149999999999963940e+00 4.749523956819970416e-02
2.249999999999963585e+00 3.804354766391317838e-02
2.349999999999963229e+00 3.520396073601621267e-02
2.449999999999962874e+00 3.249118858972113721e-02
2.549999999999962519e+00 2.713038191291382295e-02
2.649999999999962164e+00 2.174031028650603992e-02
2.749999999999961808e+00 1.949755096712707525e-02
2.849999999999961453e+00 1.794562182164937542e-02
2.949999999999961098e+00 1.570552295223412095e-02
3.049999999999960743e+00 1.182747372184900919e-02
3.149999999999960387e+00 8.027464357065061326e-03
3.249999999999960032e+00 8.527628950236169902e-03
3.349999999999959677e+00 8.424758218307367916e-03
3.449999999999959321e+00 6.004635568016739033e-03
3.549999999999958966e+00 4.452706422539061751e-03
3.649999999999958611e+00 3.971164979113706028e-03
3.749999999999958256e+00 3.314033838085735009e-03
3.849999999999957900e+00 2.823624228114792519e-03
3.949999999999957545e+00 3.105631924264448153e-03
4.049999999999957190e+00 2.027262872321110472e-03
4.149999999999956835e+00 1.817087325190706610e-03
4.249999999999956479e+00 1.521777379222670826e-03
4.349999999999956124e+00 1.151974834271707326e-03
4.449999999999955769e+00 9.604224368870352847e-04
4.549999999999955413e+00 8.460230884489674434e-04
4.649999999999955058e+00 8.078899723029447574e-04
4.749999999999954703e+00 1.504041046131499026e-03
4.849999999999954348e+00 7.608886896113355213e-04
4.949999999999953992e+00 4.336533440791876578e-04
5.049999999999953637e+00 3.352166954231758020e-04
5.149999999999953282e+00 2.997440292408291677e-04
5.249999999999952927e+00 1.401170314202692324e-04
5.349999999999952571e+00 1.454379313476212275e-04
5.449999999999952216e+00 1.853446808027611910e-04
5.549999999999951861e+00 0.000000000000000000e+00
5.649999999999951505e+00 0.000000000000000000e+00
5.749999999999951150e+00 0.000000000000000000e+00
5.849999999999950795e+00 0.000000000000000000e+00
5.949999999999950440e+00 0.000000000000000000e+00
6.049999999999950084e+00 0.000000000000000000e+00
6.149999999999949729e+00 0.000000000000000000e+00
6.249999999999949374e+00 0.000000000000000000e+00
6.349999999999949019e+00 0.000000000000000000e+00
6.449999999999948663e+00 0.000000000000000000e+00
6.549999999999948308e+00 0.000000000000000000e+00
6.649999999999947953e+00 0.000000000000000000e+00
6.749999999999947597e+00 0.000000000000000000e+00
6.849999999999947242e+00 0.000000000000000000e+00
6.949999999999946887e+00 0.000000000000000000e+00
7.049999999999946532e+00 0.000000000000000000e+00
7.149999999999946176e+00 0.000000000000000000e+00
7.249999999999945821e+00 0.000000000000000000e+00
7.349999999999945466e+00 0.000000000000000000e+00
7.449999999999945111e+00 0.000000000000000000e+00
7.549999999999944755e+00 0.000000000000000000e+00
7.649999999999944400e+00 0.000000000000000000e+00
7.749999999999944045e+00 0.000000000000000000e+00
7.849999999999943689e+00 0.000000000000000000e+00
7.949999999999943334e+00 0.000000000000000000e+00
