-7.950000000000000178e+00 3.449716786233212348e-04
-7.850000000000000533e+00 3.680289116418464929e-04
-7.750000000000000888e+00 3.928597779694891368e-04
-7.650000000000001243e+00 4.327665274246291546e-04
-7.550000000000001599e+00 4.274456274972771594e-04
-7.450000000000001954e+00 4.948436932437357645e-04
-7.350000000000002309e+00 4.992777765165290395e-04
-7.250000000000002665e+00 5.179009262622610767e-04
-7.150000000000003020e+00 5.329768093897584505e-04
-7.050000000000003375e+00 5.888462586269543452e-04
-6.950000000000003730e+00 6.686597575372342723e-04
-6.850000000000004086e+00 7.174346735379609485e-04
-6.750000000000004441e+00 8.149914883477178858e-04
-6.650000000000004796e+00 8.096775712286693669e-04
-6.550000000000005151e+00 7.733111055834604279e-04
-6.450000000000005507e+00 7.990427541822689612e-04
-6.350000000000005862e+00 8.682004876212376203e-04
-6.250000000000006217e+00 9.090010365392399427e-04
-6.150000000000006573e+00 1.038490233721412435e-03
-6.050000000000006928e+00 1.072182283786338045e-03
-5.950000000000007283e+00 1.117416915977133534e-03
-5.850000000000007638e+00 1.186588615032709579e-03
-5.750000000000007994e+00 1.265550211329949035e-03
-5.650000000000008349e+00 1.336488560886338502e-03
-5.550000000000008704e+00 1.329414976074780146e-03
-5.450000000000009059e+00 1.456222774868365724e-03
-5.350000000000009415e+00 1.550267237101406138e-03
-5.250000000000009770e+00 1.656706184073356795e-03
-5.150000000000010125e+00 1.859787197967291330e-03
-5.050000000000010481e+00 1.968013743864966379e-03
-4.950000000000010836e+00 2.184417956002191602e-03
-4.850000000000011191e+00 2.285570917088308729e-03
-4.750000000000011546e+00 2.472731128050008678e-03
-4.650000000000011902e+00 2.580992587989202301e-03
-4.550000000000012257e+00 2.860402679449914470e-03
-4.450000000000012612e+00 2.979180248694346909e-03
-4.350000000000012967e+00 3.222286719784583052e-03
-4.250000000000013323e+00 3.605538153528302196e-03
-4.150000000000013678e+00 3.713757716617673878e-03
-4.050000000000014033e+00 4.010045255748216284e-03
-3.950000000000014388e+00 4.406612904926922314e-03
-3.850000000000014744e+00 4.646234954673655188e-03
-3.750000000000015099e+00 4.970872695516860562e-03
-3.650000000000015454e+00 5.232504557036577256e-03
-3.550000000000015810e+00 5.598955354001807980e-03
-3.450000000000016165e+00 6.117072747321480181e-03
-3.350000000000016520e+00 6.900229612613033130e-03
-3.250000000000016875e+00 7.359111843093169708e-03
-3.150000000000017231e+00 7.903812787624690805e-03
-3.050000000000017586e+00 8.609202116838923780e-03
-2.950000000000017941e+00 9.565749095117455705e-03
-2.850000000000018296e+00 1.070546910081632448e-02
-2.750000000000018652e+00 1.211073134068493470e-02
-2.650000000000019007e+00 1.307305310143055434e-02
-2.550000000000019362e+00 1.421080395518781354e-02
-2.450000000000019718e+00 1.558417570953386441e-02
-2.350000000000020073e+00 1.718891583421180286e-02
-2.250000000000020428e+00 1.931556501711829271e-02
-2.150000000000020783e+00 2.136114379561986076e-02
-2.050000000000021139e+00 2.347604789495968264e-02
-1.950000000000021272e+00 2.633758178935489275e-02
-1.850000000000021627e+00 2.832814302123230418e-02
-1.750000000000021982e+00 3.203720130786179288e-02
-1.650000000000022338e+00 3.582753948314534864e-02
-1.550000000000022693e+00 4.151474356848841585e-02
-1.450000000000023048e+00 4.795773191057293300e-02
-1.350000000000023404e+00 5.550269119666695339e-02
-1.250000000000023759e+00 6.436510390821151284e-02
-1.150000000000024114e+00 7.435659482559980882e-02
-1.050000000000024469e+00 8.739457328092084532e-02
-9.500000000000248246e-01 1.035794660231974529e-01
-8.500000000000251799e-01 1.250505192215157768e-01
-7.500000000000255351e-01 1.522007183443948586e-01
-6.500000000000258904e-01 1.871106679367872394e-01
-5.500000000000262457e-01 2.362939944295768535e-01
-4.500000000000266565e-01 3.081415126099027457e-01
-3.500000000000270117e-01 4.113514274692483541e-01
-2.500000000000273670e-01 5.705326009108544483e-01
-1.500000000000277223e-01 8.384338511754239054e-01
-5.000000000002806366e-02 1.341069960465920641e+00
4.999999999997158107e-02 1.336685727461606632e+00
1.499999999999712119e-01 8.388144142279710946e-01
2.499999999999708566e-01 5.679137196050092484e-01
3.499999999999705014e-01 4.046994297090199533e-01
4.499999999999701461e-01 3.013358581529533842e-01
5.499999999999698463e-01 2.316137252672312297e-01
6.499999999999694911e-01 1.820026738346121054e-01
7.499999999999691358e-01 1.470602192695665000e-01
8.499999999999687805e-01 1.189575650940749851e-01
9.499999999999684253e-01 9.914920234654620024e-02
1.049999999999968070e+00 8.372577786697021907e-02
1.149999999999967715e+00 7.146467174946742607e-02
1.249999999999967359e+00 6.095416963929654180e-02
1.349999999999967004e+00 5.208414566670099832e-02
1.449999999999966649e+00 4.590689507741875508e-02
1.549999999999966294e+00 3.990813205118511064e-02
1.649999999999965938e+00 3.485910776513403281e-02
1.749999999999965583e+00 3.094447560204618974e-02
1.849999999999965228e+00 2.756927934602899921e-02
1.949999999999964873e+00 2.415473496522093852e-02
2.049999999999964295e+00 2.207699337167293163e-02
2.149999999999963940e+00 1.988597666182373436e-02
2.249999999999963585e+00 1.769063061082629812e-02
2.349999999999963229e+00 1.582985185407983358e-02
2.449999999999962874e+00 1.417378110556207632e-02
2.549999999999962519e+00 1.317964567018519058e-02
2.649999999999962164e+00 1.195357625700385618e-02
2.749999999999961808e+00 1.084728993746267474e-02
2.849999999999961453e+00 9.826186896417253569e-03
2.949999999999961098e+00 9.045006165875623533e-03
3.049999999999960743e+00 7.973193970929375041e-03
3.149999999999960387e+00 7.771767882603397223e-03
3.249999999999960032e+00 6.994462610670271197e-03
3.349999999999959677e+00 6.483607337986353920e-03
3.449999999999959321e+00 5.959177485960216042e-03
3.549999999999958966e+00 5.449732740553629370e-03
3.649999999999958611e+00 5.023976952665825876e-03
3.749999999999958256e+00 4.782853599133815581e-03
3.849999999999957900e+00 4.365693648267758402e-03
3.949999999999957545e+00 3.838142480929906258e-03
4.049999999999957190e+00 3.671043878224482422e-03
4.149999999999956835e+00 3.479547343306239274e-03
4.249999999999956479e+00 3.217845653703485867e-03
4.349999999999956124e+00 3.017460003814744982e-03
4.449999999999955769e+00 2.726598106736110617e-03
4.549999999999955413e+00 2.596222092899378754e-03
4.649999999999955058e+00 2.416149432365844330e-03
4.749999999999954703e+00 2.153595840150050560e-03
4.849999999999954348e+00 2.088718568201195988e-03
4.949999999999953992e+00 2.021313519646433798e-03
5.049999999999953637e+00 1.839376449295834683e-03
5.149999999999953282e+00 1.562633790607102042e-03
5.249999999999952927e+00 1.496101593090291186e-03
5.349999999999952571e+00 1.546629193975224224e-03
5.449999999999952216e+00 1.389669628926644331e-03
5.549999999999951861e+00 1.261947082245285477e-03
5.649999999999951505e+00 1.256619199509629789e-03
5.749999999999951150e+00 1.200784664313951818e-03
5.849999999999950795e+00 1.120056417515898940e-03
5.949999999999950440e+00 1.085470567988110809e-03
6.049999999999950084e+00 9.817130194047468499e-04
6.149999999999949729e+00 8.318479875926360675e-04
6.249999999999949374e+00 7.999086224119168189e-04
6.349999999999949019e+00 7.866063725935368853e-04
6.449999999999948663e+00 6.801883740464968742e-04
6.549999999999948308e+00 5.977144251725410038e-04
6.649999999999947953e+00 6.393948079367983532e-04
6.749999999999947597e+00 6.385079912822396331e-04
6.849999999999947242e+00 6.358475413185636898e-04
6.949999999999946887e+00 5.613549423356357579e-04
7.049999999999946532e+00 5.613549423356357579e-04
7.149999999999946176e+00 5.702231088812223080e-04
7.249999999999945821e+00 6.039221417544517190e-04
7.349999999999945466e+00 5.400713426262277773e-04
7.449999999999945111e+00 5.977144251725410038e-04
7.549999999999944755e+00 5.702231088812223080e-04
7.649999999999944400e+00 5.161272929531437450e-04
7.749999999999944045e+00 4.797678101162384449e-04
7.849999999999943689e+00 4.460687772430090882e-04
7.949999999999943334e+00 4.230115442244837759e-04
