-7.950000000000000178e+00 7.984250090843050991e-06
-7.850000000000000533e+00 6.209972292877929019e-06
-7.750000000000000888e+00 1.153280568677329663e-05
-7.650000000000001243e+00 1.064566678779073522e-05
-7.550000000000001599e+00 1.419422238372097916e-05
-7.450000000000001954e+00 1.241994458575585634e-05
-7.350000000000002309e+00 1.064566678779073522e-05
-7.250000000000002665e+00 1.685563908066866509e-05
-7.150000000000003020e+00 2.395275027252915297e-05
-7.050000000000003375e+00 1.685563908066866509e-05
-6.950000000000003730e+00 1.596850018168610198e-05
-6.850000000000004086e+00 2.217847247456403354e-05
-6.750000000000004441e+00 2.217847247456403015e-05
-6.650000000000004796e+00 2.927558366642452143e-05
-6.550000000000005151e+00 3.459841706031988311e-05
-6.450000000000005507e+00 4.346980605014550059e-05
-6.350000000000005862e+00 3.992125045421525496e-05
-6.250000000000006217e+00 4.701836164607574623e-05
-6.150000000000006573e+00 5.500261173691879722e-05
-6.050000000000006928e+00 8.072963980741306963e-05
-5.950000000000007283e+00 8.871388989825613417e-05
-5.850000000000007638e+00 7.540680641351771134e-05
-5.750000000000007994e+00 1.046823900799422362e-04
-5.650000000000008349e+00 1.233123069585760037e-04
-5.550000000000008704e+00 1.321836959484016280e-04
-5.450000000000009059e+00 1.561364462209307810e-04
-5.350000000000009415e+00 2.288818359375007860e-04
-5.250000000000009770e+00 2.475117528161345807e-04
-5.150000000000010125e+00 2.634802529978206827e-04
-5.050000000000010481e+00 3.264671148255825174e-04
-4.950000000000010836e+00 3.725983375726756768e-04
-4.850000000000011191e+00 4.453437272892457090e-04
-4.750000000000011546e+00 4.870392555414261105e-04
-4.650000000000011902e+00 6.130129791969495629e-04
-4.550000000000012257e+00 7.301153138626476080e-04
-4.450000000000012612e+00 9.164144826489849585e-04
-4.350000000000012967e+00 9.660942609920084110e-04
-4.250000000000013323e+00 1.096503679142444730e-03
-4.150000000000013678e+00 1.353773959847386858e-03
-4.050000000000014033e+00 1.615479935047242068e-03
-3.950000000000014388e+00 1.832835950643630328e-03
-3.850000000000014744e+00 2.102519190588666986e-03
-3.750000000000015099e+00 2.507948652769358827e-03
-3.650000000000015454e+00 2.967479617096663129e-03
-3.550000000000015810e+00 3.554765568223119260e-03
-3.450000000000016165e+00 4.151810047238384781e-03
-3.350000000000016520e+00 4.930731971236405366e-03
-3.250000000000016875e+00 5.777949619764762186e-03
-3.150000000000017231e+00 6.946297579033486672e-03
-3.050000000000017586e+00 8.346216732319307677e-03
-2.950000000000017941e+00 9.736377357716322761e-03
-2.850000000000018296e+00 1.135009000031128243e-02
-2.750000000000018652e+00 1.370540885038170481e-02
-2.650000000000019007e+00 1.571037768881062419e-02
-2.550000000000019362e+00 1.875236300273054602e-02
-2.450000000000019718e+00 2.196558708019108117e-02
-2.350000000000020073e+00 2.573681453976599948e-02
-2.250000000000020428e+00 3.041833033384496940e-02
-2.150000000000020783e+00 3.547145254641272116e-02
-2.050000000000021139e+00 4.135316947597585113e-02
-1.950000000000021272e+00 4.878210554278421263e-02
-1.850000000000021627e+00 5.668656901548421723e-02
-1.750000000000021982e+00 6.588353798123613991e-02
-1.650000000000022338e+00 7.682819153402004053e-02
-1.550000000000022693e+00 8.909024635179310647e-02
-1.450000000000023048e+00 1.035755271331818828e-01
-1.350000000000023404e+00 1.204490626694341704e-01
-1.250000000000023759e+00 1.381315571160275923e-01
-1.150000000000024114e+00 1.598444423315752150e-01
-1.050000000000024469e+00 1.831568459673345584e-01
-9.500000000000248246e-01 2.084379365561584707e-01
-8.500000000000251799e-01 2.398033959375249213e-01
-7.500000000000255351e-01 2.730092983109592142e-01
-6.500000000000258904e-01 3.077859813925544197e-01
-5.500000000000262457e-01 3.452034185186325654e-01
-4.500000000000266565e-01 3.857561651766663324e-01
-3.500000000000270117e-01 4.278379481171892262e-01
-2.500000000000273670e-01 4.668002852457537877e-01
-1.500000000000277223e-01 5.021985732817106918e-01
-5.000000000002806366e-02 5.221103290305715294e-01
4.999999999997158107e-02 5.228958241648369309e-01
1.499999999999712119e-01 5.019564612010909421e-01
2.499999999999708566e-01 4.675568540636358406e-01
3.499999999999705014e-01 4.272402889277556737e-01
4.499999999999701461e-01 3.864207579482260568e-01
5.499999999999698463e-01 3.464688208705191119e-01
6.499999999999694911e-01 3.072113319317292257e-01
7.499999999999691358e-01 2.722151553187652229e-01
8.499999999999687805e-01 2.394642154935957001e-01
9.499999999999684253e-01 2.087911086474470990e-01
1.049999999999968070e+00 1.831816160030494967e-01
1.149999999999967715e+00 1.595445544569908392e-01
1.249999999999967359e+00 1.377509745283641007e-01
1.349999999999967004e+00 1.193410122139135915e-01
1.449999999999966649e+00 1.037476600209671362e-01
1.549999999999966294e+00 8.977515949388156780e-02
1.649999999999965938e+00 7.685210237221856699e-02
1.749999999999965583e+00 6.618072951239528656e-02
1.849999999999965228e+00 5.686486297814274254e-02
1.949999999999964873e+00 4.840420532785462415e-02
2.049999999999964295e+00 4.123166637354354347e-02
2.149999999999963940e+00 3.565242888180516351e-02
2.249999999999963585e+00 3.029404007849380992e-02
2.349999999999963229e+00 2.588229833385347761e-02
2.449999999999962874e+00 2.202501141573159210e-02
2.549999999999962519e+00 1.880912592157410815e-02
2.649999999999962164e+00 1.588513706656453223e-02
2.749999999999961808e+00 1.358477193081139914e-02
2.849999999999961453e+00 1.148933588072324069e-02
2.949999999999961098e+00 9.725738676274192293e-03
3.049999999999960743e+00 8.250440657957497023e-03
3.149999999999960387e+00 7.086465525072732814e-03
3.249999999999960032e+00 5.918110580458347050e-03
3.349999999999959677e+00 4.907659374517196749e-03
3.449999999999959321e+00 4.034707712572686844e-03
3.549999999999958966e+00 3.553878429324135602e-03
3.649999999999958611e+00 2.905379894167884301e-03
3.749999999999958256e+00 2.608188363008726376e-03
3.849999999999957900e+00 2.185037078885367773e-03
3.949999999999957545e+00 1.832842935989291823e-03
4.049999999999957190e+00 1.525885891595664965e-03
4.149999999999956835e+00 1.305868459302328768e-03
4.249999999999956479e+00 1.175459041151892450e-03
4.349999999999956124e+00 1.024645428324857162e-03
4.449999999999955769e+00 8.268134538517465763e-04
4.549999999999955413e+00 7.123725358829962511e-04
4.649999999999955058e+00 5.899473678234030917e-04
4.749999999999954703e+00 5.331704782885191615e-04
4.849999999999954348e+00 4.595379496729667186e-04
4.949999999999953992e+00 3.628398096838675335e-04
5.049999999999953637e+00 3.104986146438964696e-04
5.149999999999953282e+00 2.750130586845939726e-04
5.249999999999952927e+00 2.439631972202043419e-04
5.349999999999952571e+00 2.031548078670065407e-04
5.449999999999952216e+00 1.623464185138087125e-04
5.549999999999951861e+00 1.330708348473842013e-04
5.649999999999951505e+00 1.082309456758724750e-04
5.749999999999951150e+00 1.064566678779073420e-04
5.849999999999950795e+00 9.669813998909918516e-05
5.949999999999950440e+00 7.363252861555257835e-05
6.049999999999950084e+00 6.830969522165722006e-05
6.149999999999949729e+00 6.742255632267466034e-05
6.249999999999949374e+00 4.701836164607574623e-05
6.349999999999949019e+00 4.879263944404086566e-05
6.449999999999948663e+00 2.927558366642452143e-05
6.549999999999948308e+00 2.217847247456403354e-05
6.649999999999947953e+00 2.838844476744195833e-05
6.749999999999947597e+00 1.951705577761634762e-05
6.849999999999947242e+00 1.508136128270354227e-05
6.949999999999946887e+00 1.774277797965122480e-05
7.049999999999946532e+00 1.596850018168610198e-05
7.149999999999946176e+00 1.774277797965122480e-05
7.249999999999945821e+00 1.596850018168610198e-05
7.349999999999945466e+00 1.774277797965122480e-05
7.449999999999945111e+00 1.419422238372097916e-05
7.549999999999944755e+00 8.871388989825612401e-06
7.649999999999944400e+00 1.064566678779073522e-05
7.749999999999944045e+00 5.322833393895367610e-06
7.849999999999943689e+00 9.758527888808173810e-06
7.949999999999943334e+00 9.758527888808173810e-06
