-7.950000000000000178e+00 4.169552825218036083e-05
-7.850000000000000533e+00 4.790550054505829917e-05
-7.750000000000000888e+00 4.967977834302342538e-05
-7.650000000000001243e+00 4.879263944404087244e-05
-7.550000000000001599e+00 8.516533430232584110e-05
-7.450000000000001954e+00 1.570235851199131645e-04
-7.350000000000002309e+00 1.490393350290701406e-04
-7.250000000000002665e+00 1.809763353924422904e-04
-7.150000000000003020e+00 1.321836959484014925e-04
-7.050000000000003375e+00 1.614592796148260308e-04
-6.950000000000003730e+00 1.224251680595933763e-04
-6.850000000000004086e+00 1.055695289789247417e-04
-6.750000000000004441e+00 1.295222792514538540e-04
-6.650000000000004796e+00 4.897006722383731797e-04
-6.550000000000005151e+00 6.689027298328502694e-04
-6.450000000000005507e+00 3.672755041787799661e-04
-6.350000000000005862e+00 4.435694494912801288e-04
-6.250000000000006217e+00 4.524408384811066746e-04
-6.150000000000006573e+00 3.246928370276171540e-04
-6.050000000000006928e+00 3.663883652797975555e-04
-5.950000000000007283e+00 5.207505337027629189e-04
-5.850000000000007638e+00 4.879263944404082501e-04
-5.750000000000007994e+00 4.134067269258732340e-04
-5.650000000000008349e+00 6.476113962572691615e-04
-5.550000000000008704e+00 6.316428960755830595e-04
-5.450000000000009059e+00 8.507662041242754040e-04
-5.350000000000009415e+00 9.084302325581420159e-04
-5.250000000000009770e+00 9.705299554869211689e-04
-5.150000000000010125e+00 1.085858012354653851e-03
-5.050000000000010481e+00 1.030855400617734959e-03
-4.950000000000010836e+00 1.281915709029801242e-03
-4.850000000000011191e+00 1.414986543877185064e-03
-4.750000000000011546e+00 1.314739848292154935e-03
-4.650000000000011902e+00 1.319175542787067151e-03
-4.550000000000012257e+00 1.500151878179510146e-03
-4.450000000000012612e+00 1.652739768804510579e-03
-4.350000000000012967e+00 1.763632131177330937e-03
-4.250000000000013323e+00 2.328739609829227290e-03
-4.150000000000013678e+00 3.044660701308153725e-03
-4.050000000000014033e+00 3.312576648800887383e-03
-3.950000000000014388e+00 3.480245900708591779e-03
-3.850000000000014744e+00 3.796067348746387862e-03
-3.750000000000015099e+00 3.731306209120660231e-03
-3.650000000000015454e+00 4.405531772347408975e-03
-3.550000000000015810e+00 5.203956781431718845e-03
-3.450000000000016165e+00 5.242390153260080392e-03
-3.350000000000016520e+00 6.685974702274563065e-03
-3.250000000000016875e+00 7.724653690032942839e-03
-3.150000000000017231e+00 8.084755244217596559e-03
-3.050000000000017586e+00 8.372998547584657725e-03
-2.950000000000017941e+00 9.985775153861006087e-03
-2.850000000000018296e+00 1.042221955077778615e-02
-2.750000000000018652e+00 1.251048165087180995e-02
-2.650000000000019007e+00 1.378175867845950024e-02
-2.550000000000019362e+00 1.706061706375342629e-02
-2.450000000000019718e+00 1.895909430757612701e-02
-2.350000000000020073e+00 2.235684327602503740e-02
-2.250000000000020428e+00 2.391671985960851232e-02
-2.150000000000020783e+00 2.931446410037551187e-02
-2.050000000000021139e+00 3.471154473330469170e-02
-1.950000000000021272e+00 3.741395842393843707e-02
-1.850000000000021627e+00 4.169683451181949857e-02
-1.750000000000021982e+00 4.964452330347134124e-02
-1.650000000000022338e+00 5.735678499030094635e-02
-1.550000000000022693e+00 6.995407353170486620e-02
-1.450000000000023048e+00 8.264341495823294970e-02
-1.350000000000023404e+00 9.868146822666724882e-02
-1.250000000000023759e+00 1.213053193552474512e-01
-1.150000000000024114e+00 1.410691184976564094e-01
-1.050000000000024469e+00 1.635358692023154425e-01
-9.500000000000248246e-01 1.926006491073734284e-01
-8.500000000000251799e-01 2.219862519679630664e-01
-7.500000000000255351e-01 2.692033466981018641e-01
-6.500000000000258904e-01 3.120796358687903949e-01
-5.500000000000262457e-01 3.565710137951720871e-01
-4.500000000000266565e-01 4.152182016894834238e-01
-3.500000000000270117e-01 4.660516727365802137e-01
-2.500000000000273670e-01 4.984308524656565487e-01
-1.500000000000277223e-01 5.343472645453464231e-01
-5.000000000002806366e-02 5.718282403755583498e-01
4.999999999997158107e-02 5.716751006426257220e-01
1.499999999999712119e-01 5.470427181493293656e-01
2.499999999999708566e-01 5.089360229961616966e-01
3.499999999999705014e-01 4.687029536969731791e-01
4.499999999999701461e-01 4.170108439611918127e-01
5.499999999999698463e-01 3.602971508485032781e-01
6.499999999999694911e-01 3.215606848718969846e-01
7.499999999999691358e-01 2.755449648153128761e-01
8.499999999999687805e-01 2.352360835596617739e-01
9.499999999999684253e-01 2.022911816415146891e-01
1.049999999999968070e+00 1.649357464435270704e-01
1.149999999999967715e+00 1.388735754588966975e-01
1.249999999999967359e+00 1.158868565792494365e-01
1.349999999999967004e+00 9.622418428597928619e-02
1.449999999999966649e+00 7.986718711999653275e-02
1.549999999999966294e+00 6.735703378037177780e-02
1.649999999999965938e+00 5.664471980962718090e-02
1.749999999999965583e+00 4.962806582909336239e-02
1.849999999999965228e+00 4.275732174873232705e-02
1.949999999999964873e+00 3.767312871866327489e-02
2.049999999999964295e+00 3.334117359216608178e-02
2.149999999999963940e+00 2.893176495297662340e-02
2.249999999999963585e+00 2.383619279482527414e-02
2.349999999999963229e+00 2.071836758306083714e-02
2.449999999999962874e+00 1.745815308533687008e-02
2.549999999999962519e+00 1.469157899480424620e-02
2.649999999999962164e+00 1.253261821127240813e-02
2.749999999999961808e+00 1.118181302333104074e-02
2.849999999999961453e+00 1.048433324439788233e-02
2.949999999999961098e+00 9.067446686500817837e-03
3.049999999999960743e+00 7.710124171057484641e-03
3.149999999999960387e+00 6.583457769349616157e-03
3.249999999999960032e+00 6.453935490098161760e-03
3.349999999999959677e+00 5.698093148165012806e-03
3.449999999999959321e+00 5.386707394622131106e-03
3.549999999999958966e+00 4.580298135446976560e-03
3.649999999999958611e+00 4.038256268168628413e-03
3.749999999999958256e+00 3.576944040697692048e-03
3.849999999999957900e+00 3.173295841660624464e-03
3.949999999999957545e+00 2.921348394349575824e-03
4.049999999999957190e+00 2.712870753088674793e-03
4.149999999999956835e+00 2.256881359011634735e-03
4.249999999999956479e+00 1.791133437045790058e-03
4.349999999999956124e+00 1.980094022529079248e-03
4.449999999999955769e+00 1.611044240552330937e-03
4.549999999999955413e+00 1.737017964207855040e-03
4.649999999999955058e+00 1.844361770984747056e-03
4.749999999999954703e+00 1.462004905523261230e-03
4.849999999999954348e+00 1.123117846111923229e-03
4.949999999999953992e+00 9.634328442950613417e-04
5.049999999999953637e+00 9.598842886991314823e-04
5.149999999999953282e+00 5.846245344295073268e-04
5.249999999999952927e+00 9.208501771439004269e-04
5.349999999999952571e+00 6.449499795603213332e-04
5.449999999999952216e+00 7.301153138626473912e-04
5.549999999999951861e+00 5.509132562681699763e-04
5.649999999999951505e+00 2.883201421693322463e-04
5.749999999999951150e+00 2.705773641896810520e-04
5.849999999999950795e+00 2.918686977652624852e-04
5.949999999999950440e+00 2.838844476744194342e-04
6.049999999999950084e+00 2.900944199672973386e-04
6.149999999999949729e+00 2.954172533611926698e-04
6.249999999999949374e+00 3.619526707848846891e-04
6.349999999999949019e+00 3.628398096838671540e-04
6.449999999999948663e+00 4.453437272892452753e-04
6.549999999999948308e+00 3.539684206940415297e-04
6.649999999999947953e+00 1.969448355741284466e-04
6.749999999999947597e+00 1.570235851199132458e-04
6.849999999999947242e+00 2.040419467659888972e-04
6.949999999999946887e+00 1.667821130087213620e-04
7.049999999999946532e+00 1.525878906250003795e-04
7.149999999999946176e+00 2.217847247456400644e-04
7.249999999999945821e+00 2.439631972202046129e-04
7.349999999999945466e+00 9.669813998909909029e-05
7.449999999999945111e+00 1.011338344840118889e-04
7.549999999999944755e+00 8.693961210029090632e-05
7.649999999999944400e+00 1.312965570494188921e-04
7.749999999999944045e+00 1.020209733829944215e-04
7.849999999999943689e+00 5.766402843386643571e-05
7.949999999999943334e+00 8.072963980741298831e-05
