-7.950000000000000178e+00 4.169552825218034728e-05
-7.850000000000000533e+00 1.383936682412793698e-04
-7.750000000000000888e+00 8.161677870639556158e-05
-7.650000000000001243e+00 7.185825081758740471e-05
-7.550000000000001599e+00 6.830969522165716585e-05
-7.450000000000001954e+00 6.387400072674436727e-05
-7.350000000000002309e+00 6.387400072674435372e-05
-7.250000000000002665e+00 1.898477243822678604e-04
-7.150000000000003020e+00 2.146876135537795324e-04
-7.050000000000003375e+00 2.528345862100296409e-04
-6.950000000000003730e+00 2.590445585029075995e-04
-6.850000000000004086e+00 2.900944199672976097e-04
-6.750000000000004441e+00 2.200104469476749449e-04
-6.650000000000004796e+00 2.963043922601751347e-04
-6.550000000000005151e+00 3.167085869367740488e-04
-6.450000000000005507e+00 2.581574196039251347e-04
-6.350000000000005862e+00 2.696902252906983703e-04
-6.250000000000006217e+00 4.089710324309602592e-04
-6.150000000000006573e+00 3.867925599563963070e-04
-6.050000000000006928e+00 3.273542537245648738e-04
-5.950000000000007283e+00 5.509132562681698679e-04
-5.850000000000007638e+00 5.056691724200593901e-04
-5.750000000000007994e+00 4.666350608648268169e-04
-5.650000000000008349e+00 5.322833393895361545e-04
-5.550000000000008704e+00 5.526875340661351228e-04
-5.450000000000009059e+00 6.609184797420077605e-04
-5.350000000000009415e+00 5.340576171875013010e-04
-5.250000000000009770e+00 6.298686182776179129e-04
-5.150000000000010125e+00 6.165615347928794223e-04
-5.050000000000010481e+00 6.733384243277635694e-04
-4.950000000000010836e+00 7.664880087209332204e-04
-4.850000000000011191e+00 7.399576658993908210e-04
-4.750000000000011546e+00 9.750983715494012521e-04
-4.650000000000011902e+00 7.843565229224873717e-04
-4.550000000000012257e+00 8.659733016288822692e-04
-4.450000000000012612e+00 7.524055518677919604e-04
-4.350000000000012967e+00 9.768516933103799614e-04
-4.250000000000013323e+00 1.023863069610793548e-03
-4.150000000000013678e+00 9.750634448210916076e-04
-4.050000000000014033e+00 1.029353551300561187e-03
-3.950000000000014388e+00 1.405598239308425163e-03
-3.850000000000014744e+00 1.234275651619870214e-03
-3.750000000000015099e+00 1.196114708272297440e-03
-3.650000000000015454e+00 1.616590605007387068e-03
-3.550000000000015810e+00 1.933348089363792072e-03
-3.450000000000016165e+00 1.915304941520703467e-03
-3.350000000000016520e+00 1.873602427922862329e-03
-3.250000000000016875e+00 2.767747628603693492e-03
-3.150000000000017231e+00 2.908802713541920257e-03
-3.050000000000017586e+00 3.149042721524664135e-03
-2.950000000000017941e+00 3.110476628128734829e-03
-2.850000000000018296e+00 3.011892444811088958e-03
-2.750000000000018652e+00 4.108640611051686889e-03
-2.650000000000019007e+00 5.549375139036363640e-03
-2.550000000000019362e+00 5.694062603718455171e-03
-2.450000000000019718e+00 6.664948811834113356e-03
-2.350000000000020073e+00 7.493075510670188510e-03
-2.250000000000020428e+00 9.343423722886672403e-03
-2.150000000000020783e+00 1.014671751789689852e-02
-2.050000000000021139e+00 1.219548447362204385e-02
-1.950000000000021272e+00 1.313144395343130225e-02
-1.850000000000021627e+00 1.417508253660919662e-02
-1.750000000000021982e+00 1.592577082227619734e-02
-1.650000000000022338e+00 1.627044873324073881e-02
-1.550000000000022693e+00 1.951025903628810648e-02
-1.450000000000023048e+00 2.442340889249512009e-02
-1.350000000000023404e+00 2.909622793122580361e-02
-1.250000000000023759e+00 3.360913145173279049e-02
-1.150000000000024114e+00 3.911647576592522380e-02
-1.050000000000024469e+00 5.275235248559426854e-02
-9.500000000000248246e-01 6.026155715939628121e-02
-8.500000000000251799e-01 7.369957396320907239e-02
-7.500000000000255351e-01 9.286099880786276295e-02
-6.500000000000258904e-01 1.210309699044013476e-01
-5.500000000000262457e-01 1.599567597044627143e-01
-4.500000000000266565e-01 2.202122396131334370e-01
-3.500000000000270117e-01 3.185326562786080506e-01
-2.500000000000273670e-01 4.932157750139320451e-01
-1.500000000000277223e-01 8.097632728944119673e-01
-5.000000000002806366e-02 1.585578136098326540e+00
4.999999999997158107e-02 1.630148050265979087e+00
1.499999999999712119e-01 8.942744645022899785e-01
2.499999999999708566e-01 5.850325554549280493e-01
3.499999999999705014e-01 4.142337778814745297e-01
4.499999999999701461e-01 3.202529443399557696e-01
5.499999999999698463e-01 2.467823011101046293e-01
6.499999999999694911e-01 1.966428381251496549e-01
7.499999999999691358e-01 1.597601431801348448e-01
8.499999999999687805e-01 1.350368184716738140e-01
9.499999999999684253e-01 1.155905242456071180e-01
1.049999999999968070e+00 1.001829403351769260e-01
1.149999999999967715e+00 8.736102403334340682e-02
1.249999999999967359e+00 7.369647246973534682e-02
1.349999999999967004e+00 6.245197295444066682e-02
1.449999999999966649e+00 5.568803480924077592e-02
1.549999999999966294e+00 4.872775955353930016e-02
1.649999999999965938e+00 4.454590553461176827e-02
1.749999999999965583e+00 4.103970208942589459e-02
1.849999999999965228e+00 3.779007039037875215e-02
1.949999999999964873e+00 3.449606079034552020e-02
2.049999999999964295e+00 3.122367782047960616e-02
2.149999999999963940e+00 2.695764340098791984e-02
2.249999999999963585e+00 2.578974250384151110e-02
2.349999999999963229e+00 2.360608153805138221e-02
2.449999999999962874e+00 2.073318350120841383e-02
2.549999999999962519e+00 1.829730265962645208e-02
2.649999999999962164e+00 1.711696086185730131e-02
2.749999999999961808e+00 1.602810613621395014e-02
2.849999999999961453e+00 1.430265590442115001e-02
2.949999999999961098e+00 1.421160890907202656e-02
3.049999999999960743e+00 1.333183954976211068e-02
3.149999999999960387e+00 1.146358789661575811e-02
3.249999999999960032e+00 1.128492371063719718e-02
3.349999999999959677e+00 1.153517371895255647e-02
3.449999999999959321e+00 1.009188953980151224e-02
3.549999999999958966e+00 9.539683994585998819e-03
3.649999999999958611e+00 8.237908947841160109e-03
3.749999999999958256e+00 7.384208898539136069e-03
3.849999999999957900e+00 6.961665339488306084e-03
3.949999999999957545e+00 6.894110061598065359e-03
4.049999999999957190e+00 7.112485937661002650e-03
4.149999999999956835e+00 6.853357555010157649e-03
4.249999999999956479e+00 5.531974642994110479e-03
4.349999999999956124e+00 5.111352054000132053e-03
4.449999999999955769e+00 4.753318162131219340e-03
4.549999999999955413e+00 5.235747089536203769e-03
4.649999999999955058e+00 4.807328854784236917e-03
4.749999999999954703e+00 4.125866473452399416e-03
4.849999999999954348e+00 4.461093211737232091e-03
4.949999999999953992e+00 3.973152846605494670e-03
5.049999999999953637e+00 3.681284148840231751e-03
5.149999999999953282e+00 3.783333063605872140e-03
5.249999999999952927e+00 3.530749949839645865e-03
5.349999999999952571e+00 3.503667764710866050e-03
5.449999999999952216e+00 3.069793974997439036e-03
5.549999999999951861e+00 2.807284685046535291e-03
5.649999999999951505e+00 2.295377598950947787e-03
5.749999999999951150e+00 2.610207127904840170e-03
5.849999999999950795e+00 2.854812976925887383e-03
5.949999999999950440e+00 2.548750056776899822e-03
6.049999999999950084e+00 2.570928529251465238e-03
6.149999999999949729e+00 2.427212027616288369e-03
6.249999999999949374e+00 2.247122831122830115e-03
6.349999999999949019e+00 2.223170080850300420e-03
6.449999999999948663e+00 2.128246218659168333e-03
6.549999999999948308e+00 1.540960267532708299e-03
6.649999999999947953e+00 1.592414323673695814e-03
6.749999999999947597e+00 1.812424770621375069e-03
6.849999999999947242e+00 1.572897267896080937e-03
6.949999999999946887e+00 1.524104628452040491e-03
7.049999999999946532e+00 1.139086346293607813e-03
7.149999999999946176e+00 1.168361929960031863e-03
7.249999999999945821e+00 1.290787098019625240e-03
7.349999999999945466e+00 9.758527888808167169e-04
7.449999999999945111e+00 9.483514830123573793e-04
7.549999999999944755e+00 1.040613928506543915e-03
7.649999999999944400e+00 1.095616540243461723e-03
7.749999999999944045e+00 7.975378701853216585e-04
7.849999999999943689e+00 7.105982580850318635e-04
7.949999999999943334e+00 5.429290061773270337e-04
