-7.950000000000000178e+00 4.755064498546522785e-04
-7.850000000000000533e+00 6.139001180959324615e-04
-7.750000000000000888e+00 4.373594771984023327e-04
-7.650000000000001243e+00 4.000996434411349060e-04
-7.550000000000001599e+00 7.505195085392459258e-04
-7.450000000000001954e+00 6.813226744186066204e-04
-7.350000000000002309e+00 6.981783134992749704e-04
-7.250000000000002665e+00 8.392333984375032526e-04
-7.150000000000003020e+00 8.906874545784905506e-04
-7.050000000000003375e+00 7.363252861555250788e-04
-6.950000000000003730e+00 7.576166197311073793e-04
-6.850000000000004086e+00 9.155273437500029273e-04
-6.750000000000004441e+00 1.021096872728927086e-03
-6.650000000000004796e+00 1.354661098746371599e-03
-6.550000000000005151e+00 1.297884209211485826e-03
-6.450000000000005507e+00 1.201186069222386641e-03
-6.350000000000005862e+00 1.244655875272531863e-03
-6.250000000000006217e+00 1.289899959120644618e-03
-6.150000000000006573e+00 1.195863235828491201e-03
-6.050000000000006928e+00 1.302319903706398909e-03
-5.950000000000007283e+00 1.255322498097306578e-03
-5.850000000000007638e+00 1.414183229126136747e-03
-5.750000000000007994e+00 1.465623314575803006e-03
-5.650000000000008349e+00 1.738848124771109763e-03
-5.550000000000008704e+00 1.978368642150741749e-03
-5.450000000000009059e+00 1.990788586736497341e-03
-5.350000000000009415e+00 2.028928574047085195e-03
-5.250000000000009770e+00 2.405955620769011701e-03
-5.150000000000010125e+00 2.374898773958960575e-03
-5.050000000000010481e+00 2.720009776354501314e-03
-4.950000000000010836e+00 2.803477671661136397e-03
-4.850000000000011191e+00 2.823064580895364925e-03
-4.750000000000011546e+00 3.052763702275237100e-03
-4.650000000000011902e+00 3.164550188892701309e-03
-4.550000000000012257e+00 3.354404898620629363e-03
-4.450000000000012612e+00 3.643619165034607792e-03
-4.350000000000012967e+00 4.537198552716874105e-03
-4.250000000000013323e+00 5.259441382019268765e-03
-4.150000000000013678e+00 5.264428918821422408e-03
-4.050000000000014033e+00 5.640331324891887863e-03
-3.950000000000014388e+00 6.240603033602668340e-03
-3.850000000000014744e+00 7.202191746643163243e-03
-3.750000000000015099e+00 7.838326219978954817e-03
-3.650000000000015454e+00 9.123196730223496337e-03
-3.550000000000015810e+00 9.002392162357316513e-03
-3.450000000000016165e+00 9.250015680704031656e-03
-3.350000000000016520e+00 1.069353037626190502e-02
-3.250000000000016875e+00 1.174746535894452548e-02
-3.150000000000017231e+00 1.128629982373247249e-02
-3.050000000000017586e+00 1.208586344415957248e-02
-2.950000000000017941e+00 1.453153075501299740e-02
-2.850000000000018296e+00 1.604665222894464949e-02
-2.750000000000018652e+00 1.803849560287602155e-02
-2.650000000000019007e+00 2.018455445297147322e-02
-2.550000000000019362e+00 2.141694406126281452e-02
-2.450000000000019718e+00 2.335995288367618411e-02
-2.350000000000020073e+00 2.682320343839091764e-02
-2.250000000000020428e+00 3.068175470407749975e-02
-2.150000000000020783e+00 3.400510275588811138e-02
-2.050000000000021139e+00 3.892907291252442614e-02
-1.950000000000021272e+00 4.501338582230160479e-02
-1.850000000000021627e+00 4.916247857007773059e-02
-1.750000000000021982e+00 5.448722594868422170e-02
-1.650000000000022338e+00 6.144249969689229152e-02
-1.550000000000022693e+00 6.875871324076415769e-02
-1.450000000000023048e+00 7.907817835686369035e-02
-1.350000000000023404e+00 9.047310030562841221e-02
-1.250000000000023759e+00 1.044539762621616713e-01
-1.150000000000024114e+00 1.175798249537176321e-01
-1.050000000000024469e+00 1.375937413828742517e-01
-9.500000000000248246e-01 1.529023778720127180e-01
-8.500000000000251799e-01 1.784479755596461437e-01
-7.500000000000255351e-01 2.149866631868802003e-01
-6.500000000000258904e-01 2.649035590883748736e-01
-5.500000000000262457e-01 3.112388656943081977e-01
-4.500000000000266565e-01 3.795911994658842659e-01
-3.500000000000270117e-01 4.659745405497890958e-01
-2.500000000000273670e-01 5.772316916437298939e-01
-1.500000000000277223e-01 7.707705076001454270e-01
-5.000000000002806366e-02 1.055009161197016709e+00
4.999999999997158107e-02 9.899557616941672133e-01
1.499999999999712119e-01 7.166249628491380141e-01
2.499999999999708566e-01 5.299827227813402875e-01
3.499999999999705014e-01 4.024446519210073681e-01
4.499999999999701461e-01 3.107269795642496057e-01
5.499999999999698463e-01 2.478904284044273210e-01
6.499999999999694911e-01 1.981663420138749243e-01
7.499999999999691358e-01 1.606397728325318630e-01
8.499999999999687805e-01 1.290886499488352324e-01
9.499999999999684253e-01 1.060812265046481573e-01
1.049999999999968070e+00 8.717724657434078317e-02
1.149999999999967715e+00 7.156982589523278038e-02
1.249999999999967359e+00 6.183925335976145354e-02
1.349999999999967004e+00 5.111444260562882091e-02
1.449999999999966649e+00 4.546003580922956810e-02
1.549999999999966294e+00 3.643070116865668173e-02
1.649999999999965938e+00 3.219522763643309360e-02
1.749999999999965583e+00 2.878895654627740969e-02
1.849999999999965228e+00 2.424409506937006895e-02
1.949999999999964873e+00 2.068332210387820169e-02
2.049999999999964295e+00 1.739267944045369552e-02
2.149999999999963940e+00 1.557349285523217976e-02
2.249999999999963585e+00 1.312244682821957394e-02
2.349999999999963229e+00 1.165433673058833414e-02
2.449999999999962874e+00 9.798169725436005340e-03
2.549999999999962519e+00 9.246194696627314108e-03
2.649999999999962164e+00 7.455955383826147302e-03
2.749999999999961808e+00 6.840127310327692028e-03
2.849999999999961453e+00 6.134816958908245743e-03
2.949999999999961098e+00 5.273335234539553232e-03
3.049999999999960743e+00 4.862561982927979948e-03
3.149999999999960387e+00 4.503249772803055023e-03
3.249999999999960032e+00 4.395919936717486431e-03
3.349999999999959677e+00 4.103143144016257321e-03
3.449999999999959321e+00 2.964943936621622974e-03
3.549999999999958966e+00 2.899260731368611364e-03
3.649999999999958611e+00 2.467224087564101002e-03
3.749999999999958256e+00 2.495598561640224693e-03
3.849999999999957900e+00 2.028020479111119437e-03
3.949999999999957545e+00 1.749465850176254444e-03
4.049999999999957190e+00 1.740594461186430880e-03
4.149999999999956835e+00 1.537439653319424204e-03
4.249999999999956479e+00 1.558730986895005746e-03
4.349999999999956124e+00 1.642122043399365464e-03
4.449999999999955769e+00 1.335178969697060729e-03
4.549999999999955413e+00 1.328962012058522088e-03
4.649999999999955058e+00 1.287273469152003507e-03
4.749999999999954703e+00 9.962919102857218604e-04
4.849999999999954348e+00 1.112514091398102188e-03
4.949999999999953992e+00 9.084651592864503595e-04
5.049999999999953637e+00 8.241939492287678280e-04
5.149999999999953282e+00 7.576305904224291772e-04
5.249999999999952927e+00 7.957635923873567288e-04
5.349999999999952571e+00 4.125195880268907149e-04
5.449999999999952216e+00 3.140471702398264916e-04
5.549999999999951861e+00 2.120261968568320295e-04
5.649999999999951505e+00 1.783149186954947332e-04
5.749999999999951150e+00 1.809763353924423988e-04
5.849999999999950795e+00 2.031548078670063781e-04
5.949999999999950440e+00 1.632335574127911774e-04
6.049999999999950084e+00 2.519474473110471218e-04
6.149999999999949729e+00 1.481521961300876487e-04
6.249999999999949374e+00 1.454907794331399560e-04
6.349999999999949019e+00 2.164618913517447332e-04
6.449999999999948663e+00 1.215380291606108030e-04
6.549999999999948308e+00 1.508136128270352600e-04
6.649999999999947953e+00 1.091180845748549399e-04
6.749999999999947597e+00 9.137530659520373200e-05
6.849999999999947242e+00 1.472650572311049941e-04
6.949999999999946887e+00 3.459841706031988311e-05
7.049999999999946532e+00 3.814697265625012875e-05
7.149999999999946176e+00 3.725983375726756226e-05
7.249999999999945821e+00 4.435694494912805353e-05
7.349999999999945466e+00 5.145405614098853803e-05
7.449999999999945111e+00 7.984250090843045570e-05
7.549999999999944755e+00 6.387400072674435372e-05
7.649999999999944400e+00 2.306561137354657971e-05
7.749999999999944045e+00 2.661416696947681857e-05
7.849999999999943689e+00 2.750130586845937828e-05
7.949999999999943334e+00 2.927558366642449771e-05
