-7.950000000000000178e+00 2.013805300690412316e-04
-7.850000000000000533e+00 3.104986146438960901e-04
-7.750000000000000888e+00 2.936429755632274691e-04
-7.650000000000001243e+00 3.477584484011636253e-04
-7.550000000000001599e+00 2.590445585029076537e-04
-7.450000000000001954e+00 2.395275027252913400e-04
-7.350000000000002309e+00 2.909815588662798577e-04
-7.250000000000002665e+00 3.362256427143904438e-04
-7.150000000000003020e+00 5.305090615915710080e-04
-7.050000000000003375e+00 6.901940634084319194e-04
-6.950000000000003730e+00 7.114853969840137862e-04
-6.850000000000004086e+00 5.473647006722397916e-04
-6.750000000000004441e+00 5.012334779251466322e-04
-6.650000000000004796e+00 5.863988122274723649e-04
-6.550000000000005151e+00 5.704303120457863713e-04
-6.450000000000005507e+00 6.343043127725306709e-04
-6.350000000000005862e+00 9.749656499818353363e-04
-6.250000000000006217e+00 8.037478424781996714e-04
-6.150000000000006573e+00 6.955168968023274674e-04
-6.050000000000006928e+00 6.848712300145366966e-04
-5.950000000000007283e+00 1.071663789970933329e-03
-5.850000000000007638e+00 1.228687375090845761e-03
-5.750000000000007994e+00 1.528540322946953141e-03
-5.650000000000008349e+00 1.555154489916429471e-03
-5.550000000000008704e+00 1.406150081615665072e-03
-5.450000000000009059e+00 1.572038070379742827e-03
-5.350000000000009415e+00 1.317436191717408396e-03
-5.250000000000009770e+00 1.367996123613753143e-03
-5.150000000000010125e+00 1.632363515510556074e-03
-5.050000000000010481e+00 1.847938267963321161e-03
-4.950000000000010836e+00 2.094562881880474361e-03
-4.850000000000011191e+00 2.109637257817513142e-03
-4.750000000000011546e+00 2.515953858897189074e-03
-4.650000000000011902e+00 2.729747348206325568e-03
-4.550000000000012257e+00 2.947990502701695534e-03
-4.450000000000012612e+00 2.906287989103855697e-03
-4.350000000000012967e+00 3.594756672133956298e-03
-4.250000000000013323e+00 3.920392530825846794e-03
-4.150000000000013678e+00 4.196362581866038347e-03
-4.050000000000014033e+00 4.605340599642665685e-03
-3.950000000000014388e+00 5.338990498409927968e-03
-3.850000000000014744e+00 5.724909890158667511e-03
-3.750000000000015099e+00 6.117828598260008008e-03
-3.650000000000015454e+00 6.647310814039377597e-03
-3.550000000000015810e+00 7.267979732081094463e-03
-3.450000000000016165e+00 7.629841593372387737e-03
-3.350000000000016520e+00 8.519243744349216940e-03
-3.250000000000016875e+00 9.234689832323183384e-03
-3.150000000000017231e+00 1.017732730258462913e-02
-3.050000000000017586e+00 1.136742064289691587e-02
-2.950000000000017941e+00 1.230741765249839491e-02
-2.850000000000018296e+00 1.267376410570423065e-02
-2.750000000000018652e+00 1.321419934348048650e-02
-2.650000000000019007e+00 1.570206512747369942e-02
-2.550000000000019362e+00 1.720470378870864875e-02
-2.450000000000019718e+00 1.883536287987787328e-02
-2.350000000000020073e+00 2.130672927741913969e-02
-2.250000000000020428e+00 2.316325952054586190e-02
-2.150000000000020783e+00 2.684108592328380075e-02
-2.050000000000021139e+00 3.122972712982227325e-02
-1.950000000000021272e+00 3.454847183884211109e-02
-1.850000000000021627e+00 4.136576405420312047e-02
-1.750000000000021982e+00 5.012626766700153946e-02
-1.650000000000022338e+00 5.632978550048821365e-02
-1.550000000000022693e+00 6.210804946080754341e-02
-1.450000000000023048e+00 6.845374003453812140e-02
-1.350000000000023404e+00 7.900717930356239427e-02
-1.250000000000023759e+00 9.088078603445765014e-02
-1.150000000000024114e+00 1.041564634051021787e-01
-1.050000000000024469e+00 1.234229478485018294e-01
-9.500000000000248246e-01 1.427762042557060296e-01
-8.500000000000251799e-01 1.745096935585820352e-01
-7.500000000000255351e-01 2.071528774415810070e-01
-6.500000000000258904e-01 2.435669744436003703e-01
-5.500000000000262457e-01 2.971281810593506267e-01
-4.500000000000266565e-01 3.674639688047179331e-01
-3.500000000000270117e-01 4.649165750226592619e-01
-2.500000000000273670e-01 5.903921387523480835e-01
-1.500000000000277223e-01 7.621983568477599391e-01
-5.000000000002806366e-02 9.498523194544146175e-01
4.999999999997158107e-02 9.353505043598449031e-01
1.499999999999712119e-01 7.378242644956334306e-01
2.499999999999708566e-01 5.560186847490496964e-01
3.499999999999705014e-01 4.359390350995639984e-01
4.499999999999701461e-01 3.415788693472536774e-01
5.499999999999698463e-01 2.753480968185398892e-01
6.499999999999694911e-01 2.241450800299276680e-01
7.499999999999691358e-01 1.833822351304410236e-01
8.499999999999687805e-01 1.492115447556535690e-01
9.499999999999684253e-01 1.224507623660929384e-01
1.049999999999968070e+00 1.016355639214769624e-01
1.149999999999967715e+00 8.905545933040014128e-02
1.249999999999967359e+00 7.504307946493436743e-02
1.349999999999967004e+00 6.548725233652583078e-02
1.449999999999966649e+00 5.834818715862394312e-02
1.549999999999966294e+00 4.751856827818919105e-02
1.649999999999965938e+00 4.123086305879244268e-02
1.749999999999965583e+00 3.584466559440357969e-02
1.849999999999965228e+00 3.073044954868228013e-02
1.949999999999964873e+00 2.728230829663289697e-02
2.049999999999964295e+00 2.345214547571376068e-02
2.149999999999963940e+00 2.064715198404408827e-02
2.249999999999963585e+00 1.828644044712316244e-02
2.349999999999963229e+00 1.814691515288475304e-02
2.449999999999962874e+00 1.551277623074433405e-02
2.549999999999962519e+00 1.324046424316690021e-02
2.649999999999962164e+00 1.088392295760575584e-02
2.749999999999961808e+00 9.517407727272175072e-03
2.849999999999961453e+00 9.095534761404825211e-03
2.949999999999961098e+00 8.028802625470740986e-03
3.049999999999960743e+00 7.243160798946570583e-03
3.149999999999960387e+00 6.447180660843705551e-03
3.249999999999960032e+00 5.630991917742755176e-03
3.349999999999959677e+00 5.766773066706717618e-03
3.449999999999959321e+00 5.258470418972351068e-03
3.549999999999958966e+00 4.655062290059654856e-03
3.649999999999958611e+00 3.477849927146770687e-03
3.749999999999958256e+00 3.342138631639421896e-03
3.849999999999957900e+00 3.531022378320437024e-03
3.949999999999957545e+00 2.830965006838270792e-03
4.049999999999957190e+00 2.492965086325914063e-03
4.149999999999956835e+00 2.516016727008140580e-03
4.249999999999956479e+00 2.411355292965182071e-03
4.349999999999956124e+00 1.901243440704545717e-03
4.449999999999955769e+00 2.151423595563290488e-03
4.549999999999955413e+00 2.154958180467898658e-03
4.649999999999955058e+00 1.520597984930076784e-03
4.749999999999954703e+00 1.398151860833499573e-03
4.849999999999954348e+00 1.301460706190061233e-03
4.949999999999953992e+00 1.246458094453142340e-03
5.049999999999953637e+00 1.218069649685700863e-03
5.149999999999953282e+00 1.373298000970666483e-03
5.249999999999952927e+00 1.287238542423696248e-03
5.349999999999952571e+00 1.207396041515264870e-03
5.449999999999952216e+00 1.088519429051601787e-03
5.549999999999951861e+00 1.145296318586485175e-03
5.649999999999951505e+00 1.053921011991281647e-03
5.749999999999951150e+00 6.724512854287807793e-04
5.849999999999950795e+00 6.068030069040714417e-04
5.949999999999950440e+00 7.558423419331415823e-04
6.049999999999950084e+00 5.136534225109025496e-04
6.149999999999949729e+00 5.021206168241293139e-04
6.249999999999949374e+00 4.879263944404082501e-04
6.349999999999949019e+00 4.027610601380825174e-04
6.449999999999948663e+00 2.998529478561055362e-04
6.549999999999948308e+00 2.803358920784892495e-04
6.649999999999947953e+00 3.211442814316869693e-04
6.749999999999947597e+00 4.284880882085766543e-04
6.849999999999947242e+00 2.563831418059599881e-04
6.949999999999946887e+00 1.454907794331399289e-04
7.049999999999946532e+00 1.481521961300876216e-04
7.149999999999946176e+00 1.543621684229655260e-04
7.249999999999945821e+00 1.641206963117736693e-04
7.349999999999945466e+00 1.641206963117736693e-04
7.449999999999945111e+00 9.492386219113399797e-05
7.549999999999944755e+00 1.100052234738374860e-04
7.649999999999944400e+00 1.579107240188957107e-04
7.749999999999944045e+00 9.403672329215141115e-05
7.849999999999943689e+00 8.250391760537813485e-05
7.949999999999943334e+00 4.790550054505829239e-05
