-7.950000000000000178e+00 0.000000000000000000e+00
-7.850000000000000533e+00 0.000000000000000000e+00
-7.750000000000000888e+00 0.000000000000000000e+00
-7.650000000000001243e+00 0.000000000000000000e+00
-7.550000000000001599e+00 0.000000000000000000e+00
-7.450000000000001954e+00 0.000000000000000000e+00
-7.350000000000002309e+00 0.000000000000000000e+00
-7.250000000000002665e+00 0.000000000000000000e+00
-7.150000000000003020e+00 0.000000000000000000e+00
-7.050000000000003375e+00 0.000000000000000000e+00
-6.950000000000003730e+00 0.000000000000000000e+00
-6.850000000000004086e+00 0.000000000000000000e+00
-6.750000000000004441e+00 0.000000000000000000e+00
-6.650000000000004796e+00 0.000000000000000000e+00
-6.550000000000005151e+00 0.000000000000000000e+00
-6.450000000000005507e+00 0.000000000000000000e+00
-6.350000000000005862e+00 0.000000000000000000e+00
-6.250000000000006217e+00 0.000000000000000000e+00
-6.150000000000006573e+00 0.000000000000000000e+00
-6.050000000000006928e+00 0.000000000000000000e+00
-5.950000000000007283e+00 0.000000000000000000e+00
-5.850000000000007638e+00 0.000000000000000000e+00
-5.750000000000007994e+00 0.000000000000000000e+00
-5.650000000000008349e+00 0.000000000000000000e+00
-5.550000000000008704e+00 3.193700036337217686e-05
-5.450000000000009059e+00 6.564827852470947315e-05
-5.350000000000009415e+00 4.258266715116291377e-05
-5.250000000000009770e+00 6.209972292877927495e-05
-5.150000000000010125e+00 1.055695289789247010e-04
-5.050000000000010481e+00 1.020209733829944892e-04
-4.950000000000010836e+00 1.011338344840119160e-04
-4.850000000000011191e+00 1.747663630995644130e-04
-4.750000000000011546e+00 1.978319744731109927e-04
-4.650000000000011902e+00 1.286351403524713349e-04
-4.550000000000012257e+00 2.013805300690412858e-04
-4.450000000000012612e+00 2.439631972202041792e-04
-4.350000000000012967e+00 2.936429755632275775e-04
-4.250000000000013323e+00 2.998529478561055362e-04
-4.150000000000013678e+00 4.222781159156988040e-04
-4.050000000000014033e+00 4.595379496729663392e-04
-3.950000000000014388e+00 4.959106445312513010e-04
-3.850000000000014744e+00 9.031073991642463595e-04
-3.750000000000015099e+00 1.220703125000003469e-03
-3.650000000000015454e+00 1.681128213571951623e-03
-3.550000000000015810e+00 2.102519190588670022e-03
-3.450000000000016165e+00 2.295915470566869260e-03
-3.350000000000016520e+00 2.798036087390999224e-03
-3.250000000000016875e+00 3.982366517532726080e-03
-3.150000000000017231e+00 4.345206327216593126e-03
-3.050000000000017586e+00 5.675914675690445221e-03
-2.950000000000017941e+00 7.498985113099630034e-03
-2.850000000000018296e+00 9.331814078397622503e-03
-2.750000000000018652e+00 1.066961953806333865e-02
-2.650000000000019007e+00 1.325651656749652664e-02
-2.550000000000019362e+00 1.617254212845223998e-02
-2.450000000000019718e+00 2.042548601017469059e-02
-2.350000000000020073e+00 2.518321192541822517e-02
-2.250000000000020428e+00 3.071895865506947543e-02
-2.150000000000020783e+00 3.672134044558555965e-02
-2.050000000000021139e+00 4.545699718386694843e-02
-1.950000000000021272e+00 5.505317865416138601e-02
-1.850000000000021627e+00 6.664630978606507494e-02
-1.750000000000021982e+00 7.992234340933813963e-02
-1.650000000000022338e+00 9.328088095021669357e-02
-1.550000000000022693e+00 1.120518529137878166e-01
-1.450000000000023048e+00 1.265068941338091391e-01
-1.350000000000023404e+00 1.493365265602254466e-01
-1.250000000000023759e+00 1.722078545148942319e-01
-1.150000000000024114e+00 1.957924421443454077e-01
-1.050000000000024469e+00 2.246262306390766628e-01
-9.500000000000248246e-01 2.536853524141493010e-01
-8.500000000000251799e-01 2.761113366415287040e-01
-7.500000000000255351e-01 3.016609369322267309e-01
-6.500000000000258904e-01 3.248835718908932857e-01
-5.500000000000262457e-01 3.504766419876421679e-01
-4.500000000000266565e-01 3.664992576421666204e-01
-3.500000000000270117e-01 3.821253222088460966e-01
-2.500000000000273670e-01 4.006434595862088388e-01
-1.500000000000277223e-01 4.110779873160420039e-01
-5.000000000002806366e-02 4.145591203556500126e-01
4.999999999997158107e-02 4.194428199945491320e-01
1.499999999999712119e-01 4.080803449763800161e-01
2.499999999999708566e-01 4.012050185092645993e-01
3.499999999999705014e-01 3.863844760628615260e-01
4.499999999999701461e-01 3.710662486941284088e-01
5.499999999999698463e-01 3.451245330100802811e-01
6.499999999999694911e-01 3.245943646098247704e-01
7.499999999999691358e-01 3.016689211823173622e-01
8.499999999999687805e-01 2.728537626044654218e-01
9.499999999999684253e-01 2.494545870049015845e-01
1.049999999999968070e+00 2.241356428279393520e-01
1.149999999999967715e+00 1.992531709892763903e-01
1.249999999999967359e+00 1.713286998660025207e-01
1.349999999999967004e+00 1.487173036087354738e-01
1.449999999999966649e+00 1.272006367528133453e-01
1.549999999999966294e+00 1.100832916969455288e-01
1.649999999999965938e+00 9.480409843976962680e-02
1.749999999999965583e+00 7.848517839298634058e-02
1.849999999999965228e+00 6.691333859465871392e-02
1.949999999999964873e+00 5.394336789153419964e-02
2.049999999999964295e+00 4.538957462754422689e-02
2.149999999999963940e+00 3.755347673283121468e-02
2.249999999999963585e+00 3.107736277025843069e-02
2.349999999999963229e+00 2.498804136764205819e-02
2.449999999999962874e+00 2.003958058911727014e-02
2.549999999999962519e+00 1.653094624364119872e-02
2.649999999999962164e+00 1.253615978152267454e-02
2.749999999999961808e+00 1.100318376408078794e-02
2.849999999999961453e+00 8.429593818132345706e-03
2.949999999999961098e+00 6.958717523619242264e-03
3.049999999999960743e+00 5.698980287063991693e-03
3.149999999999960387e+00 4.889909611191890076e-03
3.249999999999960032e+00 3.865264182867023373e-03
3.349999999999959677e+00 3.490004428597402036e-03
3.449999999999959321e+00 2.573589945948411440e-03
3.549999999999958966e+00 1.884283021438959383e-03
3.649999999999958611e+00 1.462004905523260146e-03
3.749999999999958256e+00 1.244655875272532297e-03
3.849999999999957900e+00 1.125779262808869214e-03
3.949999999999957545e+00 7.247924804687517347e-04
4.049999999999957190e+00 4.950235056322688362e-04
4.149999999999956835e+00 5.482518395712224733e-04
4.249999999999956479e+00 2.945301144622101508e-04
4.349999999999956124e+00 2.350918082303786363e-04
4.449999999999955769e+00 2.670288085937507589e-04
4.549999999999955413e+00 2.350918082303785550e-04
4.649999999999955058e+00 1.392808071402620244e-04
4.749999999999954703e+00 1.126666401707851787e-04
4.849999999999954348e+00 1.561364462209305912e-04
4.949999999999953992e+00 9.403672329215143825e-05
5.049999999999953637e+00 8.782675099927352025e-05
5.149999999999953282e+00 4.879263944404085211e-05
5.249999999999952927e+00 3.193700036337219041e-05
5.349999999999952571e+00 1.774277797965122480e-05
5.449999999999952216e+00 1.419422238372098086e-05
5.549999999999951861e+00 0.000000000000000000e+00
5.649999999999951505e+00 0.000000000000000000e+00
5.749999999999951150e+00 0.000000000000000000e+00
5.849999999999950795e+00 0.000000000000000000e+00
5.949999999999950440e+00 0.000000000000000000e+00
6.049999999999950084e+00 0.000000000000000000e+00
6.149999999999949729e+00 0.000000000000000000e+00
6.249999999999949374e+00 0.000000000000000000e+00
6.349999999999949019e+00 0.000000000000000000e+00
6.449999999999948663e+00 0.000000000000000000e+00
6.549999999999948308e+00 0.000000000000000000e+00
6.649999999999947953e+00 0.000000000000000000e+00
6.749999999999947597e+00 0.000000000000000000e+00
6.849999999999947242e+00 0.000000000000000000e+00
6.949999999999946887e+00 0.000000000000000000e+00
7.049999999999946532e+00 0.000000000000000000e+00
7.149999999999946176e+00 0.000000000000000000e+00
7.249999999999945821e+00 0.000000000000000000e+00
7.349999999999945466e+00 0.000000000000000000e+00
7.449999999999945111e+00 0.000000000000000000e+00
7.549999999999944755e+00 0.000000000000000000e+00
7.649999999999944400e+00 0.000000000000000000e+00
7.749999999999944045e+00 0.000000000000000000e+00
7.849999999999943689e+00 0.000000000000000000e+00
7.949999999999943334e+00 0.000000000000000000e+00
