-7.950000000000000178e+00 0.000000000000000000e+00
-7.850000000000000533e+00 0.000000000000000000e+00
-7.750000000000000888e+00 0.000000000000000000e+00
-7.650000000000001243e+00 0.000000000000000000e+00
-7.550000000000001599e+00 0.000000000000000000e+00
-7.450000000000001954e+00 0.000000000000000000e+00
-7.350000000000002309e+00 0.000000000000000000e+00
-7.250000000000002665e+00 0.000000000000000000e+00
-7.150000000000003020e+00 0.000000000000000000e+00
-7.050000000000003375e+00 0.000000000000000000e+00
-6.950000000000003730e+00 0.000000000000000000e+00
-6.850000000000004086e+00 0.000000000000000000e+00
-6.750000000000004441e+00 0.000000000000000000e+00
-6.650000000000004796e+00 0.000000000000000000e+00
-6.550000000000005151e+00 0.000000000000000000e+00
-6.450000000000005507e+00 0.000000000000000000e+00
-6.350000000000005862e+00 0.000000000000000000e+00
-6.250000000000006217e+00 0.000000000000000000e+00
-6.150000000000006573e+00 0.000000000000000000e+00
-6.050000000000006928e+00 0.000000000000000000e+00
-5.950000000000007283e+00 0.000000000000000000e+00
-5.850000000000007638e+00 0.000000000000000000e+00
-5.750000000000007994e+00 1.241994458575585804e-05
-5.650000000000008349e+00 1.153280568677329663e-05
-5.550000000000008704e+00 9.758527888808173810e-06
-5.450000000000009059e+00 1.419422238372098086e-05
-5.350000000000009415e+00 2.306561137354659326e-05
-5.250000000000009770e+00 3.371127816133730984e-05
-5.150000000000010125e+00 2.040419467659891072e-05
-5.050000000000010481e+00 4.169552825218034728e-05
-4.950000000000010836e+00 2.750130586845938845e-05
-4.850000000000011191e+00 3.016272256540707098e-05
-4.750000000000011546e+00 2.040419467659890734e-05
-4.650000000000011902e+00 5.766402843386645604e-05
-4.550000000000012257e+00 1.880734465843028223e-04
-4.450000000000012612e+00 1.783149186954946790e-04
-4.350000000000012967e+00 1.366193904433143859e-04
-4.250000000000013323e+00 1.233123069585760037e-04
-4.150000000000013678e+00 2.004933911700587396e-04
-4.050000000000014033e+00 2.483988917151170456e-04
-3.950000000000014388e+00 4.249395326126465238e-04
-3.850000000000014744e+00 4.630865052688966864e-04
-3.750000000000015099e+00 6.121258402979668813e-04
-3.650000000000015454e+00 8.418948151344498882e-04
-3.550000000000015810e+00 1.210057458212213458e-03
-3.450000000000016165e+00 1.624351324037067584e-03
-3.350000000000016520e+00 2.234702886537070186e-03
-3.250000000000016875e+00 2.731500669967304278e-03
-3.150000000000017231e+00 3.543232762536351228e-03
-3.050000000000017586e+00 4.971526389898283348e-03
-2.950000000000017941e+00 6.209085153978969804e-03
-2.850000000000018296e+00 8.451772290606909821e-03
-2.750000000000018652e+00 9.380606717841662515e-03
-2.650000000000019007e+00 1.242704169694782042e-02
-2.550000000000019362e+00 1.686184905296169920e-02
-2.450000000000019718e+00 1.971843630768558078e-02
-2.350000000000020073e+00 2.475206242051269240e-02
-2.250000000000020428e+00 3.062492193177732483e-02
-2.150000000000020783e+00 3.830399624137047210e-02
-2.050000000000021139e+00 4.868174708166859987e-02
-1.950000000000021272e+00 5.744490512581841568e-02
-1.850000000000021627e+00 7.025873938272184094e-02
-1.750000000000021982e+00 8.223422738008644151e-02
-1.650000000000022338e+00 9.766423425008929904e-02
-1.550000000000022693e+00 1.141623563544671149e-01
-1.450000000000023048e+00 1.357145087663484961e-01
-1.350000000000023404e+00 1.572320627611696886e-01
-1.250000000000023759e+00 1.788516377293744852e-01
-1.150000000000024114e+00 2.058144502861514735e-01
-1.050000000000024469e+00 2.285589173782664740e-01
-9.500000000000248246e-01 2.501465553461079128e-01
-8.500000000000251799e-01 2.767722551212709603e-01
-7.500000000000255351e-01 3.004056353901660703e-01
-6.500000000000258904e-01 3.259241858193997476e-01
-5.500000000000262457e-01 3.452922022619874243e-01
-4.500000000000266565e-01 3.656635727993244878e-01
-3.500000000000270117e-01 3.797282729037949056e-01
-2.500000000000273670e-01 3.913817294808308311e-01
-1.500000000000277223e-01 3.948247155477824233e-01
-5.000000000002806366e-02 3.990581423737274980e-01
4.999999999997158107e-02 4.054411067519077538e-01
1.499999999999712119e-01 3.976883999136983650e-01
2.499999999999708566e-01 3.874632369640245710e-01
3.499999999999705014e-01 3.750645837118437020e-01
4.499999999999701461e-01 3.654613051303564064e-01
5.499999999999698463e-01 3.455317297647125807e-01
6.499999999999694911e-01 3.227757298669104991e-01
7.499999999999691358e-01 3.009396930073534038e-01
8.499999999999687805e-01 2.753625914107874495e-01
9.499999999999684253e-01 2.568692939225978300e-01
1.049999999999968070e+00 2.304041662881501917e-01
1.149999999999967715e+00 2.060779305391493010e-01
1.249999999999967359e+00 1.801450862440911183e-01
1.349999999999967004e+00 1.567148607830630702e-01
1.449999999999966649e+00 1.374320096747786435e-01
1.549999999999966294e+00 1.167128806890417869e-01
1.649999999999965938e+00 9.953698446584130499e-02
1.749999999999965583e+00 8.369534514671064795e-02
1.849999999999965228e+00 6.963596787563615387e-02
1.949999999999964873e+00 5.839591802552768218e-02
2.049999999999964295e+00 4.733507023301306016e-02
2.149999999999963940e+00 3.833504610283486325e-02
2.249999999999963585e+00 3.173828125000045797e-02
2.349999999999963229e+00 2.513264500817621871e-02
2.449999999999962874e+00 1.989497694858310961e-02
2.549999999999962519e+00 1.656377038290355458e-02
2.649999999999962164e+00 1.311280006586134673e-02
2.749999999999961808e+00 1.002821811409894230e-02
2.849999999999961453e+00 7.704801337663585298e-03
2.949999999999961098e+00 6.171825320221701293e-03
3.049999999999960743e+00 4.757725915243484274e-03
3.149999999999960387e+00 3.655012263808155026e-03
3.249999999999960032e+00 2.844167310138090432e-03
3.349999999999959677e+00 2.266639886900442390e-03
3.449999999999959321e+00 1.634996990824859114e-03
3.549999999999958966e+00 1.234897347383723774e-03
3.649999999999958611e+00 7.434223973473857734e-04
3.749999999999958256e+00 7.647137309229670981e-04
3.849999999999957900e+00 5.234119503997108555e-04
3.949999999999957545e+00 3.734854764716581416e-04
4.049999999999957190e+00 2.670288085937508132e-04
4.149999999999956835e+00 2.430760583212216602e-04
4.249999999999956479e+00 1.339579737463667203e-04
4.349999999999956124e+00 1.020209733829945570e-04
4.449999999999955769e+00 9.314958439316891920e-05
4.549999999999955413e+00 1.073438067768899017e-04
4.649999999999955058e+00 1.020209733829944757e-04
4.749999999999954703e+00 5.588975063590135694e-05
4.849999999999954348e+00 3.637269485828500932e-05
4.949999999999953992e+00 2.395275027252915297e-05
5.049999999999953637e+00 1.153280568677329663e-05
5.149999999999953282e+00 1.862991687863378790e-05
5.249999999999952927e+00 9.758527888808173810e-06
5.349999999999952571e+00 1.241994458575585804e-05
5.449999999999952216e+00 1.596850018168610198e-05
5.549999999999951861e+00 1.064566678779073522e-05
5.649999999999951505e+00 1.153280568677329663e-05
5.749999999999951150e+00 0.000000000000000000e+00
5.849999999999950795e+00 0.000000000000000000e+00
5.949999999999950440e+00 0.000000000000000000e+00
6.049999999999950084e+00 0.000000000000000000e+00
6.149999999999949729e+00 0.000000000000000000e+00
6.249999999999949374e+00 0.000000000000000000e+00
6.349999999999949019e+00 0.000000000000000000e+00
6.449999999999948663e+00 0.000000000000000000e+00
6.549999999999948308e+00 0.000000000000000000e+00
6.649999999999947953e+00 0.000000000000000000e+00
6.749999999999947597e+00 0.000000000000000000e+00
6.849999999999947242e+00 0.000000000000000000e+00
6.949999999999946887e+00 0.000000000000000000e+00
7.049999999999946532e+00 0.000000000000000000e+00
7.149999999999946176e+00 0.000000000000000000e+00
7.249999999999945821e+00 0.000000000000000000e+00
7.349999999999945466e+00 0.000000000000000000e+00
7.449999999999945111e+00 0.000000000000000000e+00
7.549999999999944755e+00 0.000000000000000000e+00
7.649999999999944400e+00 0.000000000000000000e+00
7.749999999999944045e+00 0.000000000000000000e+00
7.849999999999943689e+00 0.000000000000000000e+00
7.949999999999943334e+00 0.000000000000000000e+00
