-7.950000000000000178e+00 1.676692519077040708e-04
-7.850000000000000533e+00 1.641206963117738320e-04
-7.750000000000000888e+00 1.996062522710762748e-04
-7.650000000000001243e+00 2.084776412609018990e-04
-7.550000000000001599e+00 2.102519190588670185e-04
-7.450000000000001954e+00 2.208975858466577622e-04
-7.350000000000002309e+00 2.652545307957858292e-04
-7.250000000000002665e+00 2.546088640079950585e-04
-7.150000000000003020e+00 2.776744753815416382e-04
-7.050000000000003375e+00 2.945370998078715918e-04
-6.950000000000003730e+00 3.300156704215127562e-04
-6.850000000000004086e+00 3.681626430777629189e-04
-6.750000000000004441e+00 3.406822932462873622e-04
-6.650000000000004796e+00 3.876796988553792597e-04
-6.550000000000005151e+00 4.249954153779370762e-04
-6.450000000000005507e+00 5.154346856545291913e-04
-6.350000000000005862e+00 4.764005740992966181e-04
-6.250000000000006217e+00 5.473856567092240605e-04
-6.150000000000006573e+00 6.369727148151399943e-04
-6.050000000000006928e+00 7.044162271747983137e-04
-5.950000000000007283e+00 7.425631998310485305e-04
-5.850000000000007638e+00 7.381344906817969426e-04
-5.750000000000007994e+00 8.073313248024365733e-04
-5.650000000000008349e+00 9.404231156868044471e-04
-5.550000000000008704e+00 9.803164247583744800e-04
-5.450000000000009059e+00 1.108113323631492028e-03
-5.350000000000009415e+00 1.160475474708447035e-03
-5.250000000000009770e+00 1.313028438605140860e-03
-5.150000000000010125e+00 1.427567151413148975e-03
-5.050000000000010481e+00 1.529525256685191877e-03
-4.950000000000010836e+00 1.627997674472255992e-03
-4.850000000000011191e+00 1.841868002583665464e-03
-4.750000000000011546e+00 2.021056089486820105e-03
-4.650000000000011902e+00 2.131033371578012342e-03
-4.550000000000012257e+00 2.358168871100192743e-03
-4.450000000000012612e+00 2.557782108716930188e-03
-4.350000000000012967e+00 2.897549321681589483e-03
-4.250000000000013323e+00 3.131984507419807544e-03
-4.150000000000013678e+00 3.413151655631988489e-03
-4.050000000000014033e+00 3.722839970179176502e-03
-3.950000000000014388e+00 4.069690323644375995e-03
-3.850000000000014744e+00 4.514223750836918181e-03
-3.750000000000015099e+00 5.051871835694324818e-03
-3.650000000000015454e+00 5.444846426560959879e-03
-3.550000000000015810e+00 6.036791603243495639e-03
-3.450000000000016165e+00 6.690501206263071467e-03
-3.350000000000016520e+00 7.417368334393232426e-03
-3.250000000000016875e+00 8.151912357405140946e-03
-3.150000000000017231e+00 9.174874317425640857e-03
-3.050000000000017586e+00 1.010905951943693627e-02
-2.950000000000017941e+00 1.119681754581147368e-02
-2.850000000000018296e+00 1.262528580681494816e-02
-2.750000000000018652e+00 1.416915197814276606e-02
-2.650000000000019007e+00 1.552399469587634716e-02
-2.550000000000019362e+00 1.748671616374584611e-02
-2.450000000000019718e+00 1.944653172782025152e-02
-2.350000000000020073e+00 2.220839769537717723e-02
-2.250000000000020428e+00 2.489955100880496264e-02
-2.150000000000020783e+00 2.791960932269412637e-02
-2.050000000000021139e+00 3.150527806012279330e-02
-1.950000000000021272e+00 3.554148063666704577e-02
-1.850000000000021627e+00 4.083565315731425838e-02
-1.750000000000021982e+00 4.644584271567776812e-02
-1.650000000000022338e+00 5.287338058452200479e-02
-1.550000000000022693e+00 6.058916987091082784e-02
-1.450000000000023048e+00 6.969701979671577563e-02
-1.350000000000023404e+00 8.042326953205423956e-02
-1.250000000000023759e+00 9.327960961730641376e-02
-1.150000000000024114e+00 1.084898225860772697e-01
-1.050000000000024469e+00 1.271806097668028435e-01
-9.500000000000248246e-01 1.494016788792084660e-01
-8.500000000000251799e-01 1.766254220378164763e-01
-7.500000000000255351e-01 2.122529830890671487e-01
-6.500000000000258904e-01 2.553954907682534081e-01
-5.500000000000262457e-01 3.086946351561745683e-01
-4.500000000000266565e-01 3.775355798860656753e-01
-3.500000000000270117e-01 4.652829703732846989e-01
-2.500000000000273670e-01 5.767792787466323734e-01
-1.500000000000277223e-01 7.216056051151230610e-01
-5.000000000002806366e-02 8.824052515538085562e-01
4.999999999997158107e-02 8.718514350761183973e-01
1.499999999999712119e-01 6.981911316085607222e-01
2.499999999999708566e-01 5.503351211198603821e-01
3.499999999999705014e-01 4.381943028437275678e-01
4.499999999999701461e-01 3.530695813410730244e-01
5.499999999999698463e-01 2.876829109967228848e-01
6.499999999999694911e-01 2.351080701150742580e-01
7.499999999999691358e-01 1.954490285809462879e-01
8.499999999999687805e-01 1.634584087042782741e-01
9.499999999999684253e-01 1.368741948969977029e-01
1.049999999999968070e+00 1.164169954175218041e-01
1.149999999999967715e+00 9.864814812786336373e-02
1.249999999999967359e+00 8.424172491364476101e-02
1.349999999999967004e+00 7.279509743629548890e-02
1.449999999999966649e+00 6.308633314997910690e-02
1.549999999999966294e+00 5.496058789742118422e-02
1.649999999999965938e+00 4.762095947489226877e-02
1.749999999999965583e+00 4.183529803351740406e-02
1.849999999999965228e+00 3.675215979064314076e-02
1.949999999999964873e+00 3.235519205207640359e-02
2.049999999999964295e+00 2.840316289075058009e-02
2.149999999999963940e+00 2.511684415629040351e-02
2.249999999999963585e+00 2.238049565643413646e-02
2.349999999999963229e+00 2.003097464326257515e-02
2.449999999999962874e+00 1.786356159148058675e-02
2.549999999999962519e+00 1.573849370509727841e-02
2.649999999999962164e+00 1.422914911202750182e-02
2.749999999999961808e+00 1.234658448562119329e-02
2.849999999999961453e+00 1.116031212938562410e-02
2.949999999999961098e+00 1.006557574269546784e-02
3.049999999999960743e+00 8.963658420665515658e-03
3.149999999999960387e+00 8.157081513194486960e-03
3.249999999999960032e+00 7.318588561397070327e-03
3.349999999999959677e+00 6.419022732483081056e-03
3.449999999999959321e+00 5.963857609194071416e-03
3.549999999999958966e+00 5.341100072799627105e-03
3.649999999999958611e+00 4.815843991145331814e-03
3.749999999999958256e+00 4.341259606917962158e-03
3.849999999999957900e+00 3.962332546176164025e-03
3.949999999999957545e+00 3.505393145089191406e-03
4.049999999999957190e+00 3.164703866497243362e-03
4.149999999999956835e+00 2.986319094345135303e-03
4.249999999999956479e+00 2.685620919664015623e-03
4.349999999999956124e+00 2.516219302032314184e-03
4.449999999999955769e+00 2.213586186603019521e-03
4.549999999999955413e+00 1.944720232100352218e-03
4.649999999999955058e+00 1.913670370635962587e-03
4.749999999999954703e+00 1.705143831955432173e-03
4.849999999999954348e+00 1.562363366638869211e-03
4.949999999999953992e+00 1.400890116332720488e-03
5.049999999999953637e+00 1.309528780428839516e-03
5.149999999999953282e+00 1.186139634667989721e-03
5.249999999999952927e+00 1.077049491475780057e-03
5.349999999999952571e+00 1.011401212951070503e-03
5.449999999999952216e+00 8.987206020889628756e-04
5.549999999999951861e+00 7.762884486837082210e-04
5.649999999999951505e+00 7.461327114639625504e-04
5.749999999999951150e+00 7.079508120794060499e-04
5.849999999999950795e+00 6.068169775953942153e-04
5.949999999999950440e+00 5.908694334506919485e-04
6.049999999999950084e+00 5.411617137250234908e-04
6.149999999999949729e+00 4.808432539398707086e-04
6.249999999999949374e+00 4.604390592632717945e-04
6.349999999999949019e+00 4.160751289684825032e-04
6.449999999999948663e+00 3.930165029405972019e-04
6.549999999999948308e+00 3.371127816133732340e-04
6.649999999999947953e+00 3.522011282417380953e-04
6.749999999999947597e+00 2.776744753815416924e-04
6.849999999999947242e+00 2.883201421693324090e-04
6.949999999999946887e+00 2.714645030886637337e-04
7.049999999999946532e+00 2.475117528161345807e-04
7.149999999999946176e+00 2.049360710106329386e-04
7.249999999999945821e+00 2.102519190588670185e-04
7.349999999999945466e+00 1.729920853015994562e-04
7.449999999999945111e+00 1.721049464026168829e-04
7.549999999999944755e+00 1.623464185138087125e-04
7.649999999999944400e+00 1.543621684229656615e-04
7.749999999999944045e+00 1.401679460392446790e-04
7.849999999999943689e+00 1.339579737463667474e-04
7.949999999999943334e+00 1.055695289789247959e-04
