-7.950000000000000178e+00 0.000000000000000000e+00
-7.850000000000000533e+00 0.000000000000000000e+00
-7.750000000000000888e+00 0.000000000000000000e+00
-7.650000000000001243e+00 0.000000000000000000e+00
-7.550000000000001599e+00 0.000000000000000000e+00
-7.450000000000001954e+00 0.000000000000000000e+00
-7.350000000000002309e+00 0.000000000000000000e+00
-7.250000000000002665e+00 0.000000000000000000e+00
-7.150000000000003020e+00 0.000000000000000000e+00
-7.050000000000003375e+00 0.000000000000000000e+00
-6.950000000000003730e+00 0.000000000000000000e+00
-6.850000000000004086e+00 0.000000000000000000e+00
-6.750000000000004441e+00 0.000000000000000000e+00
-6.650000000000004796e+00 0.000000000000000000e+00
-6.550000000000005151e+00 1.419422238372098033e-07
-6.450000000000005507e+00 0.000000000000000000e+00
-6.350000000000005862e+00 0.000000000000000000e+00
-6.250000000000006217e+00 0.000000000000000000e+00
-6.150000000000006573e+00 2.838844476744196066e-07
-6.050000000000006928e+00 1.419422238372098033e-07
-5.950000000000007283e+00 0.000000000000000000e+00
-5.850000000000007638e+00 0.000000000000000000e+00
-5.750000000000007994e+00 2.838844476744196066e-07
-5.650000000000008349e+00 2.838844476744196066e-07
-5.550000000000008704e+00 7.097111191860490429e-07
-5.450000000000009059e+00 7.097111191860490429e-07
-5.350000000000009415e+00 7.097111191860490429e-07
-5.250000000000009770e+00 5.677688953488392131e-07
-5.150000000000010125e+00 2.696902252906986448e-06
-5.050000000000010481e+00 2.554960029069776724e-06
-4.950000000000010836e+00 2.554960029069776300e-06
-4.850000000000011191e+00 6.245457848837231239e-06
-4.750000000000011546e+00 9.368186773255846858e-06
-4.650000000000011902e+00 1.107149345930236524e-05
-4.550000000000012257e+00 2.143327579941867932e-05
-4.450000000000012612e+00 2.739484920058149280e-05
-4.350000000000012967e+00 3.690497819767455192e-05
-4.250000000000013323e+00 6.316428960755836016e-05
-4.150000000000013678e+00 8.743640988372121023e-05
-4.050000000000014033e+00 1.342773437500004445e-04
-3.950000000000014388e+00 1.913381177325587450e-04
-3.850000000000014744e+00 2.857296965843034511e-04
-3.750000000000015099e+00 3.982898800872114627e-04
-3.650000000000015454e+00 5.504519440407004086e-04
-3.550000000000015810e+00 7.791208666424439058e-04
-3.450000000000016165e+00 1.104594385901166900e-03
-3.350000000000016520e+00 1.544473337572687885e-03
-3.250000000000016875e+00 2.117068268532001050e-03
-3.150000000000017231e+00 2.876459166061087237e-03
-3.050000000000017586e+00 3.987724836482612126e-03
-2.950000000000017941e+00 5.320846202761590239e-03
-2.850000000000018296e+00 7.166946765988211655e-03
-2.750000000000018652e+00 9.385929551235152463e-03
-2.650000000000019007e+00 1.227317632630762524e-02
-2.550000000000019362e+00 1.584628792696145261e-02
-2.450000000000019718e+00 2.019610737645242959e-02
-2.350000000000020073e+00 2.567947742550727441e-02
-2.250000000000020428e+00 3.210946016533287872e-02
-2.150000000000020783e+00 4.000911269077217502e-02
-2.050000000000021139e+00 4.959844544876951256e-02
-1.950000000000021272e+00 6.029875999274010578e-02
-1.850000000000021627e+00 7.283495525981753538e-02
-1.750000000000021982e+00 8.690881063772400161e-02
-1.650000000000022338e+00 1.030104526253702302e-01
-1.550000000000022693e+00 1.206618198128718844e-01
-1.450000000000023048e+00 1.398312590843150682e-01
-1.350000000000023404e+00 1.607447424600453867e-01
-1.250000000000023759e+00 1.829308798146986326e-01
-1.150000000000024114e+00 2.059851358103396701e-01
-1.050000000000024469e+00 2.297523675963138723e-01
-9.500000000000248246e-01 2.541044013444959671e-01
-8.500000000000251799e-01 2.776969022529183206e-01
-7.500000000000255351e-01 3.006173067314719671e-01
-6.500000000000258904e-01 3.221621491188214059e-01
-5.500000000000262457e-01 3.416462743005037050e-01
-4.500000000000266565e-01 3.594786178233935203e-01
-3.500000000000270117e-01 3.740078238553695145e-01
-2.500000000000273670e-01 3.855274289153253764e-01
-1.500000000000277223e-01 3.930214105650339240e-01
-5.000000000002806366e-02 3.966250397438135789e-01
4.999999999997158107e-02 3.969906829124182357e-01
1.499999999999712119e-01 3.925608080486825413e-01
2.499999999999708566e-01 3.853386457576213897e-01
3.499999999999705014e-01 3.738206020621278047e-01
4.499999999999701461e-01 3.596116176871290704e-01
5.499999999999698463e-01 3.418201535247040734e-01
6.499999999999694911e-01 3.223050849382254057e-01
7.499999999999691358e-01 3.006870003633762556e-01
8.499999999999687805e-01 2.776223825854038374e-01
9.499999999999684253e-01 2.541796307231298790e-01
1.049999999999968070e+00 2.299390216206600446e-01
1.149999999999967715e+00 2.064326796420981325e-01
1.249999999999967359e+00 1.830990813499457359e-01
1.349999999999967004e+00 1.607962674872981113e-01
1.449999999999966649e+00 1.398806549782105613e-01
1.549999999999966294e+00 1.206016363099648714e-01
1.649999999999965938e+00 1.029471463935388020e-01
1.749999999999965583e+00 8.683698787246232897e-02
1.849999999999965228e+00 7.281238644622739509e-02
1.949999999999964873e+00 6.021913040516747861e-02
2.049999999999964295e+00 4.956381154615323303e-02
2.149999999999963940e+00 4.003593977107740287e-02
2.249999999999963585e+00 3.215261060137940274e-02
2.349999999999963229e+00 2.567209642986774398e-02
2.449999999999962874e+00 2.026381381722277067e-02
2.549999999999962519e+00 1.584813317587133522e-02
2.649999999999962164e+00 1.223414221475239635e-02
2.749999999999961808e+00 9.399697946947362798e-03
2.849999999999961453e+00 7.089020485101587936e-03
2.949999999999961098e+00 5.327659429505776645e-03
3.049999999999960743e+00 3.963026889534939333e-03
3.149999999999960387e+00 2.908963935319808670e-03
3.249999999999960032e+00 2.112384175145373601e-03
3.349999999999959677e+00 1.534679324127919981e-03
3.449999999999959321e+00 1.121201626090120775e-03
3.549999999999958966e+00 7.944506268168624510e-04
3.649999999999958611e+00 5.476130995639562175e-04
3.749999999999958256e+00 3.919024800145369785e-04
3.849999999999957900e+00 2.792003542877918225e-04
3.949999999999957545e+00 1.880734465843029036e-04
4.049999999999957190e+00 1.332837481831399451e-04
4.149999999999956835e+00 8.757835210755843605e-05
4.249999999999956479e+00 5.223473837209319871e-05
4.349999999999956124e+00 4.343432049418619414e-05
4.449999999999955769e+00 2.398823582848845943e-05
4.549999999999955413e+00 1.603947129360470811e-05
4.649999999999955058e+00 1.391033793604656141e-05
4.749999999999954703e+00 8.942360101744216839e-06
4.849999999999954348e+00 5.109920058139552600e-06
4.949999999999953992e+00 2.129133357558147129e-06
5.049999999999953637e+00 2.696902252906986448e-06
5.149999999999953282e+00 1.277480014534888362e-06
5.249999999999952927e+00 1.277480014534888362e-06
5.349999999999952571e+00 1.419422238372098033e-07
5.449999999999952216e+00 2.838844476744196066e-07
5.549999999999951861e+00 5.677688953488392131e-07
5.649999999999951505e+00 1.419422238372098033e-07
5.749999999999951150e+00 4.258266715116293834e-07
5.849999999999950795e+00 0.000000000000000000e+00
5.949999999999950440e+00 0.000000000000000000e+00
6.049999999999950084e+00 0.000000000000000000e+00
6.149999999999949729e+00 0.000000000000000000e+00
6.249999999999949374e+00 0.000000000000000000e+00
6.349999999999949019e+00 0.000000000000000000e+00
6.449999999999948663e+00 0.000000000000000000e+00
6.549999999999948308e+00 0.000000000000000000e+00
6.649999999999947953e+00 0.000000000000000000e+00
6.749999999999947597e+00 0.000000000000000000e+00
6.849999999999947242e+00 0.000000000000000000e+00
6.949999999999946887e+00 0.000000000000000000e+00
7.049999999999946532e+00 0.000000000000000000e+00
7.149999999999946176e+00 0.000000000000000000e+00
7.249999999999945821e+00 0.000000000000000000e+00
7.349999999999945466e+00 0.000000000000000000e+00
7.449999999999945111e+00 0.000000000000000000e+00
7.549999999999944755e+00 0.000000000000000000e+00
7.649999999999944400e+00 0.000000000000000000e+00
7.749999999999944045e+00 0.000000000000000000e+00
7.849999999999943689e+00 0.000000000000000000e+00
7.949999999999943334e+00 0.000000000000000000e+00
