-7.950000000000000178e+00 0.000000000000000000e+00
-7.850000000000000533e+00 0.000000000000000000e+00
-7.750000000000000888e+00 0.000000000000000000e+00
-7.650000000000001243e+00 0.000000000000000000e+00
-7.550000000000001599e+00 0.000000000000000000e+00
-7.450000000000001954e+00 0.000000000000000000e+00
-7.350000000000002309e+00 0.000000000000000000e+00
-7.250000000000002665e+00 0.000000000000000000e+00
-7.150000000000003020e+00 8.871388989825613036e-07
-7.050000000000003375e+00 0.000000000000000000e+00
-6.950000000000003730e+00 0.000000000000000000e+00
-6.850000000000004086e+00 0.000000000000000000e+00
-6.750000000000004441e+00 0.000000000000000000e+00
-6.650000000000004796e+00 0.000000000000000000e+00
-6.550000000000005151e+00 0.000000000000000000e+00
-6.450000000000005507e+00 0.000000000000000000e+00
-6.350000000000005862e+00 0.000000000000000000e+00
-6.250000000000006217e+00 8.871388989825613036e-07
-6.150000000000006573e+00 8.871388989825613036e-07
-6.050000000000006928e+00 0.000000000000000000e+00
-5.950000000000007283e+00 2.661416696947683805e-06
-5.850000000000007638e+00 0.000000000000000000e+00
-5.750000000000007994e+00 8.871388989825613036e-07
-5.650000000000008349e+00 2.661416696947683805e-06
-5.550000000000008704e+00 8.871388989825613036e-07
-5.450000000000009059e+00 1.774277797965122607e-06
-5.350000000000009415e+00 4.435694494912806200e-06
-5.250000000000009770e+00 2.661416696947683805e-06
-5.150000000000010125e+00 8.871388989825613036e-07
-5.050000000000010481e+00 4.435694494912806200e-06
-4.950000000000010836e+00 7.097111191860489582e-06
-4.850000000000011191e+00 4.435694494912806200e-06
-4.750000000000011546e+00 7.984250090843050991e-06
-4.650000000000011902e+00 1.064566678779073522e-05
-4.550000000000012257e+00 9.758527888808173810e-06
-4.450000000000012612e+00 1.951705577761634762e-05
-4.350000000000012967e+00 3.104986146438964425e-05
-4.250000000000013323e+00 3.992125045421525496e-05
-4.150000000000013678e+00 7.008397301962233949e-05
-4.050000000000014033e+00 1.037952511809596629e-04
-3.950000000000014388e+00 1.481521961300877300e-04
-3.850000000000014744e+00 2.262204192405530933e-04
-3.750000000000015099e+00 3.167085869367743198e-04
-3.650000000000015454e+00 5.065563113190423971e-04
-3.550000000000015810e+00 7.008397301962230154e-04
-3.450000000000016165e+00 1.026419706122822309e-03
-3.350000000000016520e+00 1.462892044422241852e-03
-3.250000000000016875e+00 2.123810524164248745e-03
-3.150000000000017231e+00 2.800697504087941957e-03
-3.050000000000017586e+00 3.780098848564688533e-03
-2.950000000000017941e+00 5.214602448219507122e-03
-2.850000000000018296e+00 7.063399913699186343e-03
-2.750000000000018652e+00 9.291005689044425433e-03
-2.650000000000019007e+00 1.213428586028356994e-02
-2.550000000000019362e+00 1.577066820721313364e-02
-2.450000000000019718e+00 2.029064089752934119e-02
-2.350000000000020073e+00 2.592663432276562374e-02
-2.250000000000020428e+00 3.205676411473519505e-02
-2.150000000000020783e+00 4.045175951580728957e-02
-2.050000000000021139e+00 4.956533742505524198e-02
-1.950000000000021272e+00 6.061376527298419081e-02
-1.850000000000021627e+00 7.289975188499271674e-02
-1.750000000000021982e+00 8.752246235692112686e-02
-1.650000000000022338e+00 1.038493666537953219e-01
-1.550000000000022693e+00 1.206588745117162520e-01
-1.450000000000023048e+00 1.403923921806833064e-01
-1.350000000000023404e+00 1.612916103629138398e-01
-1.250000000000023759e+00 1.838666339253228199e-01
-1.150000000000024114e+00 2.068532899368598910e-01
-1.050000000000024469e+00 2.298443816428921704e-01
-9.500000000000248246e-01 2.541377932526306394e-01
-8.500000000000251799e-01 2.778723073560092072e-01
-7.500000000000255351e-01 3.008234778115866370e-01
-6.500000000000258904e-01 3.226355619208712833e-01
-5.500000000000262457e-01 3.402834160383316764e-01
-4.500000000000266565e-01 3.590934221134597371e-01
-3.500000000000270117e-01 3.731838492460003986e-01
-2.500000000000273670e-01 3.845667284588462076e-01
-1.500000000000277223e-01 3.917046480400601105e-01
-5.000000000002806366e-02 3.954022429710195574e-01
4.999999999997158107e-02 3.966610930686762515e-01
1.499999999999712119e-01 3.916700496230000050e-01
2.499999999999708566e-01 3.847193163494711521e-01
3.499999999999705014e-01 3.735112034997247754e-01
4.499999999999701461e-01 3.582550758539212454e-01
5.499999999999698463e-01 3.426520768986152099e-01
6.499999999999694911e-01 3.226071734761036813e-01
7.499999999999691358e-01 3.004943492800642990e-01
8.499999999999687805e-01 2.780355409134220857e-01
9.499999999999684253e-01 2.538876200831176044e-01
1.049999999999968070e+00 2.303021453147672537e-01
1.149999999999967715e+00 2.070528961891310304e-01
1.249999999999967359e+00 1.833955631699630828e-01
1.349999999999967004e+00 1.614246811977612106e-01
1.449999999999966649e+00 1.403382767078453774e-01
1.549999999999966294e+00 1.211255095725810443e-01
1.649999999999965938e+00 1.028229469476725638e-01
1.749999999999965583e+00 8.722793224245894983e-02
1.849999999999965228e+00 7.315258647120270741e-02
1.949999999999964873e+00 6.047803302143986426e-02
2.049999999999964295e+00 4.990866017896149892e-02
2.149999999999963940e+00 4.006674123364883933e-02
2.249999999999963585e+00 3.232024436773302256e-02
2.349999999999963229e+00 2.569597820903015556e-02
2.449999999999962874e+00 2.018950706304532827e-02
2.549999999999962519e+00 1.602172851562520470e-02
2.649999999999962164e+00 1.225671102834316635e-02
2.749999999999961808e+00 9.309635605923060123e-03
2.849999999999961453e+00 6.972911746002964303e-03
2.949999999999961098e+00 5.234119503997122433e-03
3.049999999999960743e+00 3.894539766533439834e-03
3.149999999999960387e+00 2.833521643350296951e-03
3.249999999999960032e+00 2.051952273346661394e-03
3.349999999999959677e+00 1.414986543877183546e-03
3.449999999999959321e+00 1.069002373273985392e-03
3.549999999999958966e+00 6.955168968023276842e-04
3.649999999999958611e+00 4.701836164607573810e-04
3.749999999999958256e+00 3.326770871184604760e-04
3.849999999999957900e+00 2.696902252906986414e-04
3.949999999999957545e+00 1.623464185138087125e-04
4.049999999999957190e+00 1.011338344840119837e-04
4.149999999999956835e+00 7.540680641351769778e-05
4.249999999999956479e+00 4.346980605014550059e-05
4.349999999999956124e+00 3.104986146438964425e-05
4.449999999999955769e+00 1.774277797965122480e-05
4.549999999999955413e+00 1.508136128270354227e-05
4.649999999999955058e+00 1.064566678779073522e-05
4.749999999999954703e+00 8.871388989825612401e-06
4.849999999999954348e+00 2.661416696947683805e-06
4.949999999999953992e+00 2.661416696947683805e-06
5.049999999999953637e+00 3.548555595930245214e-06
5.149999999999953282e+00 8.871388989825613036e-07
5.249999999999952927e+00 2.661416696947683805e-06
5.349999999999952571e+00 3.548555595930245214e-06
5.449999999999952216e+00 8.871388989825613036e-07
5.549999999999951861e+00 8.871388989825613036e-07
5.649999999999951505e+00 1.774277797965122607e-06
5.749999999999951150e+00 0.000000000000000000e+00
5.849999999999950795e+00 1.774277797965122607e-06
5.949999999999950440e+00 1.774277797965122607e-06
6.049999999999950084e+00 0.000000000000000000e+00
6.149999999999949729e+00 0.000000000000000000e+00
6.249999999999949374e+00 8.871388989825613036e-07
6.349999999999949019e+00 0.000000000000000000e+00
6.449999999999948663e+00 8.871388989825613036e-07
6.549999999999948308e+00 1.774277797965122607e-06
6.649999999999947953e+00 8.871388989825613036e-07
6.749999999999947597e+00 0.000000000000000000e+00
6.849999999999947242e+00 0.000000000000000000e+00
6.949999999999946887e+00 1.774277797965122607e-06
7.049999999999946532e+00 0.000000000000000000e+00
7.149999999999946176e+00 0.000000000000000000e+00
7.249999999999945821e+00 0.000000000000000000e+00
7.349999999999945466e+00 0.000000000000000000e+00
7.449999999999945111e+00 0.000000000000000000e+00
7.549999999999944755e+00 8.871388989825613036e-07
7.649999999999944400e+00 0.000000000000000000e+00
7.749999999999944045e+00 0.000000000000000000e+00
7.849999999999943689e+00 0.000000000000000000e+00
7.949999999999943334e+00 0.000000000000000000e+00
