-7.950000000000000178e+00 0.000000000000000000e+00
-7.850000000000000533e+00 0.000000000000000000e+00
-7.750000000000000888e+00 0.000000000000000000e+00
-7.650000000000001243e+00 0.000000000000000000e+00
-7.550000000000001599e+00 0.000000000000000000e+00
-7.450000000000001954e+00 0.000000000000000000e+00
-7.350000000000002309e+00 0.000000000000000000e+00
-7.250000000000002665e+00 0.000000000000000000e+00
-7.150000000000003020e+00 0.000000000000000000e+00
-7.050000000000003375e+00 0.000000000000000000e+00
-6.950000000000003730e+00 0.000000000000000000e+00
-6.850000000000004086e+00 0.000000000000000000e+00
-6.750000000000004441e+00 0.000000000000000000e+00
-6.650000000000004796e+00 0.000000000000000000e+00
-6.550000000000005151e+00 0.000000000000000000e+00
-6.450000000000005507e+00 0.000000000000000000e+00
-6.350000000000005862e+00 0.000000000000000000e+00
-6.250000000000006217e+00 0.000000000000000000e+00
-6.150000000000006573e+00 0.000000000000000000e+00
-6.050000000000006928e+00 0.000000000000000000e+00
-5.950000000000007283e+00 0.000000000000000000e+00
-5.850000000000007638e+00 0.000000000000000000e+00
-5.750000000000007994e+00 0.000000000000000000e+00
-5.650000000000008349e+00 0.000000000000000000e+00
-5.550000000000008704e+00 0.000000000000000000e+00
-5.450000000000009059e+00 0.000000000000000000e+00
-5.350000000000009415e+00 0.000000000000000000e+00
-5.250000000000009770e+00 0.000000000000000000e+00
-5.150000000000010125e+00 2.660449963675999262e-06
-5.050000000000010481e+00 2.660449963675999262e-06
-4.950000000000010836e+00 1.773633309117332983e-06
-4.850000000000011191e+00 8.868166545586664913e-07
-4.750000000000011546e+00 2.660449963675999262e-06
-4.650000000000011902e+00 2.660449963675999262e-06
-4.550000000000012257e+00 7.981349891027999480e-06
-4.450000000000012612e+00 1.241543316382133215e-05
-4.350000000000012967e+00 2.660449963675999601e-05
-4.250000000000013323e+00 5.409581592807865787e-05
-4.150000000000013678e+00 7.094533236469332269e-05
-4.050000000000014033e+00 1.090784485107159816e-04
-3.950000000000014388e+00 1.631742644387946259e-04
-3.850000000000014744e+00 2.358932301126052803e-04
-3.750000000000015099e+00 3.520662118597905617e-04
-3.650000000000015454e+00 5.037118597893224230e-04
-3.550000000000015810e+00 7.263028400835474987e-04
-3.450000000000016165e+00 1.001216002996734022e-03
-3.350000000000016520e+00 1.433095713766804240e-03
-3.250000000000016875e+00 1.992677022793322775e-03
-3.150000000000017231e+00 2.759773428986568578e-03
-3.050000000000017586e+00 3.841689747548141572e-03
-2.950000000000017941e+00 5.186990612513637730e-03
-2.850000000000018296e+00 6.948208488467147795e-03
-2.750000000000018652e+00 9.148400608427198488e-03
-2.650000000000019007e+00 1.219550263349077415e-02
-2.550000000000019362e+00 1.563635125317841199e-02
-2.450000000000019718e+00 2.024779785688368694e-02
-2.350000000000020073e+00 2.557135823419958570e-02
-2.250000000000020428e+00 3.261889018797757556e-02
-2.150000000000020783e+00 4.044061308118539200e-02
-2.050000000000021139e+00 5.016012361514876616e-02
-1.950000000000021272e+00 6.119478324782262613e-02
-1.850000000000021627e+00 7.361997139484345587e-02
-1.750000000000021982e+00 8.745963210588540704e-02
-1.650000000000022338e+00 1.033017248229211177e-01
-1.550000000000022693e+00 1.211462495459505601e-01
-1.450000000000023048e+00 1.403369619505997201e-01
-1.350000000000023404e+00 1.609740723188345379e-01
-1.250000000000023759e+00 1.843008976003461252e-01
-1.150000000000024114e+00 2.063081396998747707e-01
-1.050000000000024469e+00 2.297901578959344049e-01
-9.500000000000248246e-01 2.539789689656768990e-01
-8.500000000000251799e-01 2.775310456774436885e-01
-7.500000000000255351e-01 2.987649836541950710e-01
-6.500000000000258904e-01 3.213681665455850878e-01
-5.500000000000262457e-01 3.408586229794753342e-01
-4.500000000000266565e-01 3.584220268230097206e-01
-3.500000000000270117e-01 3.736477819651277121e-01
-2.500000000000273670e-01 3.839153451916081927e-01
-1.500000000000277223e-01 3.921600796290402036e-01
-5.000000000002806366e-02 3.964886317199413091e-01
4.999999999997158107e-02 3.965090285029960748e-01
1.499999999999712119e-01 3.934007361287678584e-01
2.499999999999708566e-01 3.848518235788219721e-01
3.499999999999705014e-01 3.736850282646191346e-01
4.499999999999701461e-01 3.588042448011245500e-01
5.499999999999698463e-01 3.406998827983091505e-01
6.499999999999694911e-01 3.226434088948406109e-01
7.499999999999691358e-01 2.996890466082451354e-01
8.499999999999687805e-01 2.780631356701789292e-01
9.499999999999684253e-01 2.545066248751390869e-01
1.049999999999968070e+00 2.307257494664937403e-01
1.149999999999967715e+00 2.066885840446803513e-01
1.249999999999967359e+00 1.841962532351083259e-01
1.349999999999967004e+00 1.617926040909921648e-01
1.449999999999966649e+00 1.405710815474031650e-01
1.549999999999966294e+00 1.206443113194703154e-01
1.649999999999965938e+00 1.026995763144757240e-01
1.749999999999965583e+00 8.707741412777061929e-02
1.849999999999965228e+00 7.360755596167964376e-02
1.949999999999964873e+00 6.084360385261738946e-02
2.049999999999964295e+00 4.987545546903544846e-02
2.149999999999963940e+00 4.054082336315052021e-02
2.249999999999963585e+00 3.234042975844614309e-02
2.349999999999963229e+00 2.586223409689483721e-02
2.449999999999962874e+00 2.008551040909943575e-02
2.549999999999962519e+00 1.561772810343268342e-02
2.649999999999962164e+00 1.207755601843447067e-02
2.749999999999961808e+00 9.269007673447177478e-03
2.849999999999961453e+00 7.034229703959338220e-03
2.949999999999961098e+00 5.254388678260096118e-03
3.049999999999960743e+00 3.831934764347995868e-03
3.149999999999960387e+00 2.847568277787876443e-03
3.249999999999960032e+00 2.004205639302585051e-03
3.349999999999959677e+00 1.407378030784602876e-03
3.449999999999959321e+00 9.817060365964432652e-04
3.549999999999958966e+00 7.085665069923741816e-04
3.649999999999958611e+00 5.338636260443170621e-04
3.749999999999958256e+00 3.582739284417012227e-04
3.849999999999957900e+00 2.261382469124599559e-04
3.949999999999957545e+00 1.649478977479119576e-04
4.049999999999957190e+00 1.028707319288053071e-04
4.149999999999956835e+00 4.700128269160933102e-05
4.249999999999956479e+00 3.990674945513999062e-05
4.349999999999956124e+00 3.015176625499465943e-05
4.449999999999955769e+00 8.868166545586665336e-06
4.549999999999955413e+00 1.418906647293866386e-05
4.649999999999955058e+00 3.547266618234665965e-06
4.749999999999954703e+00 4.434083272793332668e-06
4.849999999999954348e+00 0.000000000000000000e+00
4.949999999999953992e+00 0.000000000000000000e+00
5.049999999999953637e+00 0.000000000000000000e+00
5.149999999999953282e+00 8.868166545586664913e-07
5.249999999999952927e+00 0.000000000000000000e+00
5.349999999999952571e+00 0.000000000000000000e+00
5.449999999999952216e+00 0.000000000000000000e+00
5.549999999999951861e+00 0.000000000000000000e+00
5.649999999999951505e+00 0.000000000000000000e+00
5.749999999999951150e+00 0.000000000000000000e+00
5.849999999999950795e+00 0.000000000000000000e+00
5.949999999999950440e+00 0.000000000000000000e+00
6.049999999999950084e+00 0.000000000000000000e+00
6.149999999999949729e+00 0.000000000000000000e+00
6.249999999999949374e+00 0.000000000000000000e+00
6.349999999999949019e+00 0.000000000000000000e+00
6.449999999999948663e+00 0.000000000000000000e+00
6.549999999999948308e+00 0.000000000000000000e+00
6.649999999999947953e+00 0.000000000000000000e+00
6.749999999999947597e+00 0.000000000000000000e+00
6.849999999999947242e+00 0.000000000000000000e+00
6.949999999999946887e+00 0.000000000000000000e+00
7.049999999999946532e+00 0.000000000000000000e+00
7.149999999999946176e+00 0.000000000000000000e+00
7.249999999999945821e+00 0.000000000000000000e+00
7.349999999999945466e+00 0.000000000000000000e+00
7.449999999999945111e+00 0.000000000000000000e+00
7.549999999999944755e+00 0.000000000000000000e+00
7.649999999999944400e+00 0.000000000000000000e+00
7.749999999999944045e+00 0.000000000000000000e+00
7.849999999999943689e+00 0.000000000000000000e+00
7.949999999999943334e+00 0.000000000000000000e+00
