-7.950000000000000178e+00 0.000000000000000000e+00
-7.850000000000000533e+00 0.000000000000000000e+00
-7.750000000000000888e+00 0.000000000000000000e+00
-7.650000000000001243e+00 0.000000000000000000e+00
-7.550000000000001599e+00 0.000000000000000000e+00
-7.450000000000001954e+00 0.000000000000000000e+00
-7.350000000000002309e+00 0.000000000000000000e+00
-7.250000000000002665e+00 0.000000000000000000e+00
-7.150000000000003020e+00 0.000000000000000000e+00
-7.050000000000003375e+00 0.000000000000000000e+00
-6.950000000000003730e+00 0.000000000000000000e+00
-6.850000000000004086e+00 0.000000000000000000e+00
-6.750000000000004441e+00 0.000000000000000000e+00
-6.650000000000004796e+00 0.000000000000000000e+00
-6.550000000000005151e+00 0.000000000000000000e+00
-6.450000000000005507e+00 0.000000000000000000e+00
-6.350000000000005862e+00 0.000000000000000000e+00
-6.250000000000006217e+00 0.000000000000000000e+00
-6.150000000000006573e+00 0.000000000000000000e+00
-6.050000000000006928e+00 0.000000000000000000e+00
-5.950000000000007283e+00 2.838844476744196066e-07
-5.850000000000007638e+00 0.000000000000000000e+00
-5.750000000000007994e+00 2.838844476744196066e-07
-5.650000000000008349e+00 1.419422238372098033e-07
-5.550000000000008704e+00 9.935955668604687024e-07
-5.450000000000009059e+00 8.516533430232588726e-07
-5.350000000000009415e+00 1.277480014534888362e-06
-5.250000000000009770e+00 2.838844476744196172e-06
-5.150000000000010125e+00 2.129133357558146705e-06
-5.050000000000010481e+00 3.974382267441874810e-06
-4.950000000000010836e+00 8.658475654069799085e-06
-4.850000000000011191e+00 1.206508902616283246e-05
-4.750000000000011546e+00 2.001385356104658377e-05
-4.650000000000011902e+00 2.271075581395356937e-05
-4.550000000000012257e+00 3.889216933139548298e-05
-4.450000000000012612e+00 5.635106286337227986e-05
-4.350000000000012967e+00 7.650685864825606912e-05
-4.250000000000013323e+00 1.107149345930236151e-04
-4.150000000000013678e+00 1.507426417151167420e-04
-4.050000000000014033e+00 2.156102380087215951e-04
-3.950000000000014388e+00 3.101437590843036897e-04
-3.850000000000014744e+00 4.298010537790721789e-04
-3.750000000000015099e+00 5.943120912063979550e-04
-3.650000000000015454e+00 8.107739825581414955e-04
-3.550000000000015810e+00 1.093239007994190135e-03
-3.450000000000016165e+00 1.472224745639546693e-03
-3.350000000000016520e+00 1.983358693677347937e-03
-3.250000000000016875e+00 2.655455123546547700e-03
-3.150000000000017231e+00 3.516618595566914363e-03
-3.050000000000017586e+00 4.578630314316874811e-03
-2.950000000000017941e+00 6.005149663880729460e-03
-2.850000000000018296e+00 7.752458439316662307e-03
-2.750000000000018652e+00 1.004610283430196899e-02
-2.650000000000019007e+00 1.280276276344421635e-02
-2.550000000000019362e+00 1.631441338117653461e-02
-2.450000000000019718e+00 2.058701626090007550e-02
-2.350000000000020073e+00 2.577642396438808992e-02
-2.250000000000020428e+00 3.203479855559446254e-02
-2.150000000000020783e+00 3.947001612463826858e-02
-2.050000000000021139e+00 4.857504201490292495e-02
-1.950000000000021272e+00 5.871610419695493660e-02
-1.850000000000021627e+00 7.085670648619850354e-02
-1.750000000000021982e+00 8.431921670603789720e-02
-1.650000000000022338e+00 1.001875056776955625e-01
-1.550000000000022693e+00 1.171988553779151204e-01
-1.450000000000023048e+00 1.360520473746484882e-01
-1.350000000000023404e+00 1.572047033975447483e-01
-1.250000000000023759e+00 1.793760787609193219e-01
-1.150000000000024114e+00 2.022090468295983379e-01
-1.050000000000024469e+00 2.270037983739305321e-01
-9.500000000000248246e-01 2.514729344567786518e-01
-8.500000000000251799e-01 2.764172931050261628e-01
-7.500000000000255351e-01 3.003568427507311567e-01
-6.500000000000258904e-01 3.232201864553032045e-01
-5.500000000000262457e-01 3.443765329760117289e-01
-4.500000000000266565e-01 3.626491812772456025e-01
-3.500000000000270117e-01 3.784984499909068156e-01
-2.500000000000273670e-01 3.904345135356014351e-01
-1.500000000000277223e-01 3.988704237826944943e-01
-5.000000000002806366e-02 4.031191803688136122e-01
4.999999999997158107e-02 4.034032067587117742e-01
1.499999999999712119e-01 3.989358591478834315e-01
2.499999999999708566e-01 3.905386991278971820e-01
3.499999999999705014e-01 3.781027150708489160e-01
4.499999999999701461e-01 3.628769985465035153e-01
5.499999999999698463e-01 3.441609227380031388e-01
6.499999999999694911e-01 3.230690179869171730e-01
7.499999999999691358e-01 3.002187329669373517e-01
8.499999999999687805e-01 2.760881290879477756e-01
9.499999999999684253e-01 2.513461800508920430e-01
1.049999999999968070e+00 2.274653944858489041e-01
1.149999999999967715e+00 2.022458098655719738e-01
1.249999999999967359e+00 1.792816871820675506e-01
1.349999999999967004e+00 1.572776617005971767e-01
1.449999999999966649e+00 1.363648880359858429e-01
1.549999999999966294e+00 1.171371105105458166e-01
1.649999999999965938e+00 9.983307594477408564e-02
1.749999999999965583e+00 8.441815043605244151e-02
1.849999999999965228e+00 7.076387627180896756e-02
1.949999999999964873e+00 5.886812431868466977e-02
2.049999999999964295e+00 4.837078715480105928e-02
2.149999999999963940e+00 3.962132653524874648e-02
2.249999999999963585e+00 3.211201512536194375e-02
2.349999999999963229e+00 2.572844749273111437e-02
2.449999999999962874e+00 2.053165879360356952e-02
2.549999999999962519e+00 1.627608898074048988e-02
2.649999999999962164e+00 1.281979583030467759e-02
2.749999999999961808e+00 1.007307185683103609e-02
2.849999999999961453e+00 7.874670694040488556e-03
2.949999999999961098e+00 6.017356695130728766e-03
3.049999999999960743e+00 4.539880087209319237e-03
3.149999999999960387e+00 3.514489462209355840e-03
3.249999999999960032e+00 2.661132812500036082e-03
3.349999999999959677e+00 1.952557231104672889e-03
3.449999999999959321e+00 1.475773301235476986e-03
3.549999999999958966e+00 1.102891079215120515e-03
3.649999999999958611e+00 7.933150890261648613e-04
3.749999999999958256e+00 5.846600199854677920e-04
3.849999999999957900e+00 4.268202670784907349e-04
3.949999999999957545e+00 3.165311591569781738e-04
4.049999999999957190e+00 2.232751180959309761e-04
4.149999999999956835e+00 1.571300417877911991e-04
4.249999999999956479e+00 1.061727834302329039e-04
4.349999999999956124e+00 8.246843204941887583e-05
4.449999999999955769e+00 5.379610283430251330e-05
4.549999999999955413e+00 3.988576489825594850e-05
4.649999999999955058e+00 2.413017805232566830e-05
4.749999999999954703e+00 1.575558684593029036e-05
4.849999999999954348e+00 1.078760901162794410e-05
4.949999999999953992e+00 8.800417877907007962e-06
5.049999999999953637e+00 4.967977834302342877e-06
5.149999999999953282e+00 3.832440043604665086e-06
5.249999999999952927e+00 2.271075581395357276e-06
5.349999999999952571e+00 1.419422238372098086e-06
5.449999999999952216e+00 9.935955668604684906e-07
5.549999999999951861e+00 8.516533430232588726e-07
5.649999999999951505e+00 4.258266715116293834e-07
5.749999999999951150e+00 0.000000000000000000e+00
5.849999999999950795e+00 0.000000000000000000e+00
5.949999999999950440e+00 0.000000000000000000e+00
6.049999999999950084e+00 1.419422238372098033e-07
6.149999999999949729e+00 0.000000000000000000e+00
6.249999999999949374e+00 0.000000000000000000e+00
6.349999999999949019e+00 0.000000000000000000e+00
6.449999999999948663e+00 0.000000000000000000e+00
6.549999999999948308e+00 0.000000000000000000e+00
6.649999999999947953e+00 0.000000000000000000e+00
6.749999999999947597e+00 0.000000000000000000e+00
6.849999999999947242e+00 0.000000000000000000e+00
6.949999999999946887e+00 0.000000000000000000e+00
7.049999999999946532e+00 0.000000000000000000e+00
7.149999999999946176e+00 0.000000000000000000e+00
7.249999999999945821e+00 0.000000000000000000e+00
7.349999999999945466e+00 0.000000000000000000e+00
7.449999999999945111e+00 0.000000000000000000e+00
7.549999999999944755e+00 0.000000000000000000e+00
7.649999999999944400e+00 0.000000000000000000e+00
7.749999999999944045e+00 0.000000000000000000e+00
7.849999999999943689e+00 0.000000000000000000e+00
7.949999999999943334e+00 0.000000000000000000e+00
