-7.950000000000000178e+00 0.000000000000000000e+00
-7.850000000000000533e+00 0.000000000000000000e+00
-7.750000000000000888e+00 0.000000000000000000e+00
-7.650000000000001243e+00 0.000000000000000000e+00
-7.550000000000001599e+00 0.000000000000000000e+00
-7.450000000000001954e+00 0.000000000000000000e+00
-7.350000000000002309e+00 8.868166545586665336e-06
-7.250000000000002665e+00 7.094533236469332777e-06
-7.150000000000003020e+00 3.547266618234665965e-06
-7.050000000000003375e+00 1.773633309117332983e-06
-6.950000000000003730e+00 1.773633309117332983e-06
-6.850000000000004086e+00 1.773633309117332983e-06
-6.750000000000004441e+00 1.773633309117332983e-06
-6.650000000000004796e+00 1.773633309117332983e-06
-6.550000000000005151e+00 1.152861650926266290e-05
-6.450000000000005507e+00 1.773633309117332390e-05
-6.350000000000005862e+00 1.507588312749732802e-05
-6.250000000000006217e+00 9.754983200145331192e-06
-6.150000000000006573e+00 1.950996640029066577e-05
-6.050000000000006928e+00 1.507588312749733141e-05
-5.950000000000007283e+00 3.547266618234665457e-05
-5.850000000000007638e+00 3.458584952778799549e-05
-5.750000000000007994e+00 6.385079912822396874e-05
-5.650000000000008349e+00 6.828488240101731157e-05
-5.550000000000008704e+00 1.303620482201239350e-04
-5.450000000000009059e+00 1.933260306937892108e-04
-5.350000000000009415e+00 1.392302147657105936e-04
-5.250000000000009770e+00 1.383433981111519548e-04
-5.150000000000010125e+00 1.897787640755545745e-04
-5.050000000000010481e+00 2.616109130948065359e-04
-4.950000000000010836e+00 3.706893616055224904e-04
-4.850000000000011191e+00 3.272353455321478635e-04
-4.750000000000011546e+00 3.928597779694891910e-04
-4.650000000000011902e+00 4.646919269887411254e-04
-4.550000000000012257e+00 6.234321081547423678e-04
-4.450000000000012612e+00 7.404919065564861524e-04
-4.350000000000012967e+00 1.007423719578644629e-03
-4.250000000000013323e+00 1.200749750272433894e-03
-4.150000000000013678e+00 1.327564531874323057e-03
-4.050000000000014033e+00 1.658347144024705476e-03
-3.950000000000014388e+00 1.870296324464226778e-03
-3.850000000000014744e+00 2.393518150653839958e-03
-3.750000000000015099e+00 2.717206229567752616e-03
-3.650000000000015454e+00 3.134010057210325460e-03
-3.550000000000015810e+00 3.619985583908474566e-03
-3.450000000000016165e+00 4.251399041954245089e-03
-3.350000000000016520e+00 4.820735334180908244e-03
-3.250000000000016875e+00 5.514225958045785268e-03
-3.150000000000017231e+00 6.264472847802416040e-03
-3.050000000000017586e+00 7.585829663094829575e-03
-2.950000000000017941e+00 9.259252690247030473e-03
-2.850000000000018296e+00 1.089631623456232927e-02
-2.750000000000018652e+00 1.277370709226302754e-02
-2.650000000000019007e+00 1.498986191200515558e-02
-2.550000000000019362e+00 1.787645012259371502e-02
-2.450000000000019718e+00 2.120555984380708553e-02
-2.350000000000020073e+00 2.524234925535830468e-02
-2.250000000000020428e+00 3.000898877361130382e-02
-2.150000000000020783e+00 3.534673821740015598e-02
-2.050000000000021139e+00 4.194022004404415055e-02
-1.950000000000021272e+00 4.923073976117123968e-02
-1.850000000000021627e+00 5.719701376907200541e-02
-1.750000000000021982e+00 6.878327336088072008e-02
-1.650000000000022338e+00 8.076682681393126950e-02
-1.550000000000022693e+00 9.278053203323716192e-02
-1.450000000000023048e+00 1.083689951870691892e-01
-1.350000000000023404e+00 1.279587750862700157e-01
-1.250000000000023759e+00 1.485400160052673668e-01
-1.150000000000024114e+00 1.712363146453876328e-01
-1.050000000000024469e+00 1.990938862150396782e-01
-9.500000000000248246e-01 2.231372593534349802e-01
-8.500000000000251799e-01 2.539621194492398537e-01
-7.500000000000255351e-01 2.858839717467311359e-01
-6.500000000000258904e-01 3.191697480589342772e-01
-5.500000000000262457e-01 3.530319551966020208e-01
-4.500000000000266565e-01 3.861988980770969526e-01
-3.500000000000270117e-01 4.137913114670364045e-01
-2.500000000000273670e-01 4.435174057278440385e-01
-1.500000000000277223e-01 4.640614003473509941e-01
-5.000000000002806366e-02 4.742145642253934312e-01
4.999999999997158107e-02 4.746260471531088543e-01
1.499999999999712119e-01 4.626912686160581378e-01
2.499999999999708566e-01 4.455287059003834038e-01
3.499999999999705014e-01 4.191911380766443207e-01
4.499999999999701461e-01 3.908671009466936352e-01
5.499999999999698463e-01 3.530709751294027754e-01
6.499999999999694911e-01 3.218275375726470933e-01
7.499999999999691358e-01 2.883555297629860070e-01
8.499999999999687805e-01 2.555539553441726897e-01
9.499999999999684253e-01 2.267164513712340013e-01
1.049999999999968070e+00 1.975339757196709067e-01
1.149999999999967715e+00 1.716282876067026231e-01
1.249999999999967359e+00 1.480762108949332800e-01
1.349999999999967004e+00 1.273202670949878379e-01
1.449999999999966649e+00 1.077588653287329112e-01
1.549999999999966294e+00 9.300134938022233677e-02
1.649999999999965938e+00 8.073844868098548067e-02
1.749999999999965583e+00 6.883559554349971688e-02
1.849999999999965228e+00 5.808737769024896469e-02
1.949999999999964873e+00 4.895139251498527300e-02
2.049999999999964295e+00 4.127510755312512047e-02
2.149999999999963940e+00 3.463994534371687972e-02
2.249999999999963585e+00 3.003736690655719327e-02
2.349999999999963229e+00 2.519446115601212816e-02
2.449999999999962874e+00 2.048280427034174234e-02
2.549999999999962519e+00 1.814958965219778952e-02
2.649999999999962164e+00 1.500671142844176367e-02
2.749999999999961808e+00 1.275153667589905976e-02
2.849999999999961453e+00 1.068259342081369009e-02
2.949999999999961098e+00 8.939111877951353563e-03
3.049999999999960743e+00 7.418221315383241241e-03
3.149999999999960387e+00 6.413458045768273205e-03
3.249999999999960032e+00 5.899991202778804428e-03
3.349999999999959677e+00 5.017608631492932389e-03
3.449999999999959321e+00 3.973825429077382405e-03
3.549999999999958966e+00 3.518888485288786984e-03
3.649999999999958611e+00 2.685280830003640429e-03
3.749999999999958256e+00 2.452934866509270083e-03
3.849999999999957900e+00 2.066282805121691987e-03
3.949999999999957545e+00 1.720424309843812194e-03
4.049999999999957190e+00 1.633516277697063049e-03
4.149999999999956835e+00 1.234448783145663305e-03
4.249999999999956479e+00 1.143993484380679279e-03
4.349999999999956124e+00 9.355915705593928575e-04
4.449999999999955769e+00 7.094533236469329016e-04
4.549999999999955413e+00 6.021485084453342788e-04
4.649999999999955058e+00 5.303163594260823987e-04
4.749999999999954703e+00 3.928597779694891910e-04
4.849999999999954348e+00 3.378771453868519080e-04
4.949999999999953992e+00 3.050649291681811629e-04
5.049999999999953637e+00 2.899890460406838433e-04
5.149999999999953282e+00 2.704790796403931945e-04
5.249999999999952927e+00 1.862314974573199382e-04
5.349999999999952571e+00 1.525324645840906085e-04
5.449999999999952216e+00 1.339093148383585985e-04
5.549999999999951861e+00 9.488938203777730080e-05
5.649999999999951505e+00 7.005851571013465683e-05
5.749999999999951150e+00 6.562443243734132755e-05
5.849999999999950795e+00 1.862314974573199653e-05
5.949999999999950440e+00 2.660449963675999601e-05
6.049999999999950084e+00 3.369903287322932286e-05
6.149999999999949729e+00 3.547266618234665965e-06
6.249999999999949374e+00 5.320899927351998524e-06
6.349999999999949019e+00 6.207716581910666074e-06
6.449999999999948663e+00 8.868166545586664913e-07
6.549999999999948308e+00 4.434083272793332668e-06
6.649999999999947953e+00 3.547266618234665965e-06
6.749999999999947597e+00 0.000000000000000000e+00
6.849999999999947242e+00 0.000000000000000000e+00
6.949999999999946887e+00 0.000000000000000000e+00
7.049999999999946532e+00 0.000000000000000000e+00
7.149999999999946176e+00 0.000000000000000000e+00
7.249999999999945821e+00 0.000000000000000000e+00
7.349999999999945466e+00 0.000000000000000000e+00
7.449999999999945111e+00 0.000000000000000000e+00
7.549999999999944755e+00 0.000000000000000000e+00
7.649999999999944400e+00 0.000000000000000000e+00
7.749999999999944045e+00 0.000000000000000000e+00
7.849999999999943689e+00 0.000000000000000000e+00
7.949999999999943334e+00 0.000000000000000000e+00
