-7.950000000000000178e+00 7.984250090843050991e-06
-7.850000000000000533e+00 8.871388989825612401e-06
-7.750000000000000888e+00 1.153280568677329663e-05
-7.650000000000001243e+00 1.685563908066866170e-05
-7.550000000000001599e+00 8.871388989825612401e-06
-7.450000000000001954e+00 1.862991687863378790e-05
-7.350000000000002309e+00 2.217847247456403354e-05
-7.250000000000002665e+00 1.862991687863378790e-05
-7.150000000000003020e+00 2.129133357558147044e-05
-7.050000000000003375e+00 2.395275027252915297e-05
-6.950000000000003730e+00 2.483988917151171269e-05
-6.850000000000004086e+00 3.193700036337220396e-05
-6.750000000000004441e+00 4.879263944404087244e-05
-6.650000000000004796e+00 4.701836164607574623e-05
-6.550000000000005151e+00 5.766402843386647637e-05
-6.450000000000005507e+00 6.209972292877928850e-05
-6.350000000000005862e+00 5.322833393895367779e-05
-6.250000000000006217e+00 9.403672329215149246e-05
-6.150000000000006573e+00 1.117795012718027139e-04
-6.050000000000006928e+00 1.268608625545062426e-04
-5.950000000000007283e+00 1.312965570494190547e-04
-5.850000000000007638e+00 1.632335574127912587e-04
-5.750000000000007994e+00 1.996062522710763019e-04
-5.650000000000008349e+00 2.306561137354659326e-04
-5.550000000000008704e+00 2.732387808866288802e-04
-5.450000000000009059e+00 3.069500590479662307e-04
-5.350000000000009415e+00 3.335642260174429951e-04
-5.250000000000009770e+00 4.045353379360478807e-04
-5.150000000000010125e+00 4.746193109556701931e-04
-5.050000000000010481e+00 5.313962004905540149e-04
-4.950000000000010836e+00 6.280943404796532001e-04
-4.850000000000011191e+00 7.372124250545079773e-04
-4.750000000000011546e+00 8.055221202761650347e-04
-4.650000000000011902e+00 9.581100109011653600e-04
-4.550000000000012257e+00 1.189653263535613622e-03
-4.450000000000012612e+00 1.299658487009450972e-03
-4.350000000000012967e+00 1.489506211391718616e-03
-4.250000000000013323e+00 1.776052075763085445e-03
-4.150000000000013678e+00 2.081227857013086095e-03
-4.050000000000014033e+00 2.241799997728929038e-03
-3.950000000000014388e+00 2.643680904313690586e-03
-3.850000000000014744e+00 3.204345703125006939e-03
-3.750000000000015099e+00 3.669206486191868826e-03
-3.650000000000015454e+00 4.189069880995653292e-03
-3.550000000000015810e+00 4.815403914368670407e-03
-3.450000000000016165e+00 5.616476369458611728e-03
-3.350000000000016520e+00 6.429996710516952887e-03
-3.250000000000016875e+00 7.404955375153137245e-03
-3.150000000000017231e+00 8.487264831911875765e-03
-3.050000000000017586e+00 9.686690594027637380e-03
-2.950000000000017941e+00 1.123828255765683265e-02
-2.850000000000018296e+00 1.296553500863024087e-02
-2.750000000000018652e+00 1.498555726695921866e-02
-2.650000000000019007e+00 1.724687432046579511e-02
-2.550000000000019362e+00 1.988523937673128753e-02
-2.450000000000019718e+00 2.313396298084245337e-02
-2.350000000000020073e+00 2.656276181075575490e-02
-2.250000000000020428e+00 3.068264882832214338e-02
-2.150000000000020783e+00 3.467657609292432858e-02
-2.050000000000021139e+00 4.044384511917305247e-02
-1.950000000000021272e+00 4.657672015198750792e-02
-1.850000000000021627e+00 5.349902306867454493e-02
-1.750000000000021982e+00 6.170245933567729962e-02
-1.650000000000022338e+00 7.109910440715641600e-02
-1.550000000000022693e+00 8.199409215228867231e-02
-1.450000000000023048e+00 9.548579133750817460e-02
-1.350000000000023404e+00 1.093322901995556484e-01
-1.250000000000023759e+00 1.265695526843906571e-01
-1.150000000000024114e+00 1.450906169215837871e-01
-1.050000000000024469e+00 1.674163614387240984e-01
-9.500000000000248246e-01 1.937966450647696792e-01
-8.500000000000251799e-01 2.230663051580736300e-01
-7.500000000000255351e-01 2.567403723830732898e-01
-6.500000000000258904e-01 2.944993160731840254e-01
-5.500000000000262457e-01 3.374329689024443413e-01
-4.500000000000266565e-01 3.865011033940223273e-01
-3.500000000000270117e-01 4.394641758168369439e-01
-2.500000000000273670e-01 4.958513738733171250e-01
-1.500000000000277223e-01 5.528302237219586690e-01
-5.000000000002806366e-02 5.991763995257394226e-01
4.999999999997158107e-02 6.005649744776708765e-01
1.499999999999712119e-01 5.514420329640380425e-01
2.499999999999708566e-01 4.934739184628463837e-01
3.499999999999705014e-01 4.343825114818971045e-01
4.499999999999701461e-01 3.818053863922136748e-01
5.499999999999698463e-01 3.330956210890964053e-01
6.499999999999694911e-01 2.888464670088670139e-01
7.499999999999691358e-01 2.510700250278751211e-01
8.499999999999687805e-01 2.173574825189728554e-01
9.499999999999684253e-01 1.881775841174164743e-01
1.049999999999968070e+00 1.637268066406210032e-01
1.149999999999967715e+00 1.415916293384661961e-01
1.249999999999967359e+00 1.230273118409384026e-01
1.349999999999967004e+00 1.063808698921344109e-01
1.449999999999966649e+00 9.209766119003509610e-02
1.549999999999966294e+00 7.958646703390676036e-02
1.649999999999965938e+00 6.843766675417198297e-02
1.749999999999965583e+00 5.973477827238833637e-02
1.849999999999965228e+00 5.131928088180039843e-02
1.949999999999964873e+00 4.440232175454424113e-02
2.049999999999964295e+00 3.818610456264504016e-02
2.149999999999963940e+00 3.366518885066456523e-02
2.249999999999963585e+00 2.894738418587524884e-02
2.349999999999963229e+00 2.527198169808177186e-02
2.449999999999962874e+00 2.139426962924630832e-02
2.549999999999962519e+00 1.888454669867894661e-02
2.649999999999962164e+00 1.619738900296941592e-02
2.749999999999961808e+00 1.401504128216360737e-02
2.849999999999961453e+00 1.206334967509327047e-02
2.949999999999961098e+00 1.040704039465582473e-02
3.049999999999960743e+00 9.233348645956219666e-03
3.149999999999960387e+00 7.742955295665496576e-03
3.249999999999960032e+00 6.686386837668577623e-03
3.349999999999959677e+00 5.973106206849605748e-03
3.449999999999959321e+00 4.991930584574880148e-03
3.549999999999958966e+00 4.412628883539260888e-03
3.649999999999958611e+00 3.939783850381550420e-03
3.749999999999958256e+00 3.388870594113379577e-03
3.849999999999957900e+00 2.799810365188959600e-03
3.949999999999957545e+00 2.452939055686778440e-03
4.049999999999957190e+00 2.138004746547969917e-03
4.149999999999956835e+00 1.848797465479655368e-03
4.249999999999956479e+00 1.629674157430963024e-03
4.349999999999956124e+00 1.400792321493462590e-03
4.449999999999955769e+00 1.226913097292880832e-03
4.549999999999955413e+00 1.040613928506543481e-03
4.649999999999955058e+00 9.119787881540723090e-04
4.749999999999954703e+00 7.860050644985488565e-04
4.849999999999954348e+00 6.476113962572693783e-04
4.949999999999953992e+00 6.032544513081413654e-04
5.049999999999953637e+00 5.154277003088680214e-04
5.149999999999953282e+00 4.355851994004375657e-04
5.249999999999952927e+00 3.885668377543617788e-04
5.349999999999952571e+00 3.122728924418615619e-04
5.449999999999952216e+00 2.572702807049427783e-04
5.549999999999951861e+00 2.377532249273264374e-04
5.649999999999951505e+00 1.809763353924425072e-04
5.749999999999951150e+00 1.685563908066866441e-04
5.849999999999950795e+00 1.587978629178784737e-04
5.949999999999950440e+00 1.064566678779073556e-04
6.049999999999950084e+00 1.108923623728201542e-04
6.149999999999949729e+00 8.427819540334332204e-05
6.249999999999949374e+00 6.742255632267464679e-05
6.349999999999949019e+00 4.879263944404086566e-05
6.449999999999948663e+00 6.032544513081416229e-05
6.549999999999948308e+00 4.879263944404086566e-05
6.649999999999947953e+00 3.104986146438964425e-05
6.749999999999947597e+00 2.927558366642452143e-05
6.849999999999947242e+00 3.548555595930244960e-05
6.949999999999946887e+00 2.306561137354659326e-05
7.049999999999946532e+00 2.306561137354659326e-05
7.149999999999946176e+00 1.951705577761634762e-05
7.249999999999945821e+00 1.241994458575585634e-05
7.349999999999945466e+00 1.685563908066866170e-05
7.449999999999945111e+00 8.871388989825612401e-06
7.549999999999944755e+00 1.064566678779073522e-05
7.649999999999944400e+00 7.097111191860490429e-06
7.749999999999944045e+00 8.871388989825612401e-06
7.849999999999943689e+00 6.209972292877929019e-06
7.949999999999943334e+00 1.064566678779073522e-05
