-7.950000000000000178e+00 1.862991687863378113e-05
-7.850000000000000533e+00 4.169552825218038116e-05
-7.750000000000000888e+00 4.346980605014550059e-05
-7.650000000000001243e+00 3.016272256540708453e-05
-7.550000000000001599e+00 7.363252861555251059e-05
-7.450000000000001954e+00 6.919683412063973912e-05
-7.350000000000002309e+00 6.830969522165719295e-05
-7.250000000000002665e+00 5.943830623183158225e-05
-7.150000000000003020e+00 1.721049464026167203e-04
-7.050000000000003375e+00 1.463779183321224750e-04
-6.950000000000003730e+00 1.197637513626457242e-04
-6.850000000000004086e+00 1.818634742914249178e-04
-6.750000000000004441e+00 1.925091410792156344e-04
-6.650000000000004796e+00 2.049290856649714704e-04
-6.550000000000005151e+00 2.075905023619191902e-04
-6.450000000000005507e+00 3.628398096838672082e-04
-6.350000000000005862e+00 3.885668377543614535e-04
-6.250000000000006217e+00 4.231652548146813773e-04
-6.150000000000006573e+00 3.832440043604661223e-04
-6.050000000000006928e+00 3.930025322492742656e-04
-5.950000000000007283e+00 4.692964775617744825e-04
-5.850000000000007638e+00 4.852649777434605302e-04
-5.750000000000007994e+00 5.686560342478212248e-04
-5.650000000000008349e+00 6.813226744186064035e-04
-5.550000000000008704e+00 9.270601494367756209e-04
-5.450000000000009059e+00 9.004459824672988565e-04
-5.350000000000009415e+00 1.000692678052329202e-03
-5.250000000000009770e+00 1.110697901526166336e-03
-5.150000000000010125e+00 1.108036484829218399e-03
-5.050000000000010481e+00 1.240220180777620081e-03
-4.950000000000010836e+00 1.220703125000002819e-03
-4.850000000000011191e+00 1.648304074309597279e-03
-4.750000000000011546e+00 1.839926076489831371e-03
-4.650000000000011902e+00 2.161070357921518123e-03
-4.550000000000012257e+00 2.305673998455676915e-03
-4.450000000000012612e+00 2.503505972928787935e-03
-4.350000000000012967e+00 2.612624057503642495e-03
-4.250000000000013323e+00 2.836183060047248357e-03
-4.150000000000013678e+00 2.941752589026173925e-03
-4.050000000000014033e+00 2.908041310864835707e-03
-3.950000000000014388e+00 2.987883811773266000e-03
-3.850000000000014744e+00 3.961962322856125811e-03
-3.750000000000015099e+00 4.787008484255575458e-03
-3.650000000000015454e+00 5.123269053698272998e-03
-3.550000000000015810e+00 5.962481496098802174e-03
-3.450000000000016165e+00 6.815895146228711197e-03
-3.350000000000016520e+00 6.533805932389237167e-03
-3.250000000000016875e+00 7.865380463725091253e-03
-3.150000000000017231e+00 8.476619165124084018e-03
-3.050000000000017586e+00 9.612163941167439080e-03
-2.950000000000017941e+00 1.037421625539347234e-02
-2.850000000000018296e+00 1.223912192796806214e-02
-2.750000000000018652e+00 1.340070807263666827e-02
-2.650000000000019007e+00 1.501054384838961669e-02
-2.550000000000019362e+00 1.714759160258201923e-02
-2.450000000000019718e+00 1.811105238825974281e-02
-2.350000000000020073e+00 2.129851451092147629e-02
-2.250000000000020428e+00 2.361994744918902850e-02
-2.150000000000020783e+00 2.612378871870959032e-02
-2.050000000000021139e+00 3.017363367533032123e-02
-1.950000000000021272e+00 3.292402271996577173e-02
-1.850000000000021627e+00 3.717262870203255631e-02
-1.750000000000021982e+00 4.495238279864173514e-02
-1.650000000000022338e+00 5.157370114147544204e-02
-1.550000000000022693e+00 5.669485363543827483e-02
-1.450000000000023048e+00 6.611737242724707864e-02
-1.350000000000023404e+00 7.444694308085503254e-02
-1.250000000000023759e+00 8.561392621534630321e-02
-1.150000000000024114e+00 9.736191547521468037e-02
-1.050000000000024469e+00 1.192031913440163571e-01
-9.500000000000248246e-01 1.387135970725620893e-01
-8.500000000000251799e-01 1.590414628771196215e-01
-7.500000000000255351e-01 1.920508604917569029e-01
-6.500000000000258904e-01 2.296283877696993769e-01
-5.500000000000262457e-01 2.770192709145445908e-01
-4.500000000000266565e-01 3.433228726571219136e-01
-3.500000000000270117e-01 4.331610609249109123e-01
-2.500000000000273670e-01 5.358444336809295994e-01
-1.500000000000277223e-01 7.010976850408012773e-01
-5.000000000002806366e-02 9.574540380461544764e-01
4.999999999997158107e-02 9.512600063120758564e-01
1.499999999999712119e-01 7.045004913995094320e-01
2.499999999999708566e-01 5.489800059736461568e-01
3.499999999999705014e-01 4.321127072334122188e-01
4.499999999999701461e-01 3.509111654145014580e-01
5.499999999999698463e-01 2.863800602067451129e-01
6.499999999999694911e-01 2.377319335937459477e-01
7.499999999999691358e-01 2.037168138521800453e-01
8.499999999999687805e-01 1.705016838371267163e-01
9.499999999999684253e-01 1.438529673480096194e-01
1.049999999999968070e+00 1.260854891861007965e-01
1.149999999999967715e+00 1.093674055321947614e-01
1.249999999999967359e+00 9.243104379706525153e-02
1.349999999999967004e+00 7.901346611465762115e-02
1.449999999999966649e+00 6.669091820345793287e-02
1.549999999999966294e+00 6.103725883904462246e-02
1.649999999999965938e+00 5.479363115077080792e-02
1.749999999999965583e+00 4.931380909848386007e-02
1.849999999999965228e+00 4.251569165696306163e-02
1.949999999999964873e+00 3.692500518368584117e-02
2.049999999999964295e+00 3.253096430495119873e-02
2.149999999999963940e+00 2.989804083295583698e-02
2.249999999999963585e+00 2.701389638959820691e-02
2.349999999999963229e+00 2.487132322698773490e-02
2.449999999999962874e+00 2.359364063742864365e-02
2.549999999999962519e+00 2.187160623966421732e-02
2.649999999999962164e+00 1.786453953987316573e-02
2.749999999999961808e+00 1.562797156604450385e-02
2.849999999999961453e+00 1.406122838767599054e-02
2.949999999999961098e+00 1.307825753156631639e-02
3.049999999999960743e+00 1.168983625723896136e-02
3.149999999999960387e+00 9.716832360556057133e-03
3.249999999999960032e+00 8.723236793695580277e-03
3.349999999999959677e+00 8.033936854531782343e-03
3.449999999999959321e+00 7.340229162255714271e-03
3.549999999999958966e+00 6.361673044603971539e-03
3.649999999999958611e+00 5.760192871093789899e-03
3.749999999999958256e+00 4.959106445312528623e-03
3.849999999999957900e+00 4.763935887536364239e-03
3.949999999999957545e+00 4.262702409611213161e-03
4.049999999999957190e+00 4.109227380087230805e-03
4.149999999999956835e+00 3.843972849291442482e-03
4.249999999999956479e+00 3.057080645893907149e-03
4.349999999999956124e+00 2.816666004269632179e-03
4.449999999999955769e+00 2.334062443223116658e-03
4.549999999999955413e+00 2.415679221929513398e-03
4.649999999999955058e+00 2.232928608739106341e-03
4.749999999999954703e+00 2.515038778615562472e-03
4.849999999999954348e+00 1.878960188045062426e-03
4.949999999999953992e+00 1.909122910610472085e-03
5.049999999999953637e+00 1.422083655069043915e-03
5.149999999999953282e+00 1.325385515079945814e-03
5.249999999999952927e+00 1.311191292696224642e-03
5.349999999999952571e+00 1.192314680232561559e-03
5.449999999999952216e+00 8.126192314680252956e-04
5.549999999999951861e+00 7.868922033975309961e-04
5.649999999999951505e+00 6.786612577216587922e-04
5.749999999999951150e+00 7.567294808321241555e-04
5.849999999999950795e+00 7.097111191860487481e-04
5.949999999999950440e+00 5.766402843386643842e-04
6.049999999999950084e+00 5.393804505813968491e-04
6.149999999999949729e+00 5.988187568132284991e-04
6.249999999999949374e+00 5.810759788335770337e-04
6.349999999999949019e+00 4.471180050872104760e-04
6.449999999999948663e+00 5.686560342478226343e-04
6.549999999999948308e+00 2.315432526344483703e-04
6.649999999999947953e+00 2.741259197856112367e-04
6.749999999999947597e+00 2.936429755632275233e-04
6.849999999999947242e+00 2.457374750181693258e-04
6.949999999999946887e+00 2.031548078670064323e-04
7.049999999999946532e+00 2.554960029069774149e-04
7.149999999999946176e+00 2.625931140988378926e-04
7.249999999999945821e+00 2.714645030886634084e-04
7.349999999999945466e+00 6.919683412063977977e-05
7.449999999999945111e+00 6.653541742369210063e-05
7.549999999999944755e+00 4.435694494912806709e-05
7.649999999999944400e+00 3.282413926235477046e-05
7.749999999999944045e+00 3.725983375726757581e-05
7.849999999999943689e+00 3.992125045421525496e-05
7.949999999999943334e+00 3.725983375726757581e-05
