-7.950000000000000178e+00 1.773633309117332983e-06
-7.850000000000000533e+00 1.773633309117332983e-06
-7.750000000000000888e+00 8.868166545586664913e-07
-7.650000000000001243e+00 1.773633309117332983e-06
-7.550000000000001599e+00 3.547266618234665965e-06
-7.450000000000001954e+00 3.547266618234665965e-06
-7.350000000000002309e+00 5.320899927351998524e-06
-7.250000000000002665e+00 8.868166545586665336e-06
-7.150000000000003020e+00 1.773633309117332983e-06
-7.050000000000003375e+00 7.094533236469331930e-06
-6.950000000000003730e+00 1.064179985470399705e-05
-6.850000000000004086e+00 4.434083272793332668e-06
-6.750000000000004441e+00 9.754983200145331192e-06
-6.650000000000004796e+00 1.418906647293866386e-05
-6.550000000000005151e+00 1.596269978205599896e-05
-6.450000000000005507e+00 1.862314974573199653e-05
-6.350000000000005862e+00 1.862314974573199653e-05
-6.250000000000006217e+00 3.547266618234666134e-05
-6.150000000000006573e+00 3.103858290955333206e-05
-6.050000000000006928e+00 3.990674945513999062e-05
-5.950000000000007283e+00 5.232218261896132616e-05
-5.850000000000007638e+00 7.005851571013465683e-05
-5.750000000000007994e+00 8.956848211042531922e-05
-5.650000000000008349e+00 8.868166545586665336e-05
-5.550000000000008704e+00 1.241543316382133283e-04
-5.450000000000009059e+00 1.507588312749733039e-04
-5.350000000000009415e+00 1.871183141118786582e-04
-5.250000000000009770e+00 2.057414638576106412e-04
-5.150000000000010125e+00 2.589504631311306468e-04
-5.050000000000010481e+00 3.316694288049412470e-04
-4.950000000000010836e+00 3.547266618234665592e-04
-4.850000000000011191e+00 4.309928941155118228e-04
-4.750000000000011546e+00 5.161272929531437450e-04
-4.650000000000011902e+00 6.189980248819489843e-04
-4.550000000000012257e+00 7.582282396476594695e-04
-4.450000000000012612e+00 9.542147203051246779e-04
-4.350000000000012967e+00 1.105860368234656485e-03
-4.250000000000013323e+00 1.366584464674904355e-03
-4.150000000000013678e+00 1.494286062931352238e-03
-4.050000000000014033e+00 1.869409507809668058e-03
-3.950000000000014388e+00 2.179795336905200782e-03
-3.850000000000014744e+00 2.493728432618969038e-03
-3.750000000000015099e+00 3.043554758445341651e-03
-3.650000000000015454e+00 3.667000832216691080e-03
-3.550000000000015810e+00 4.264701291772624372e-03
-3.450000000000016165e+00 4.898775199782070405e-03
-3.350000000000016520e+00 5.673852955866344472e-03
-3.250000000000016875e+00 6.832922323374521559e-03
-3.150000000000017231e+00 7.876705525790070675e-03
-3.050000000000017586e+00 9.154615307817411812e-03
-2.950000000000017941e+00 1.084310723528881040e-02
-2.850000000000018296e+00 1.262472887710547331e-02
-2.750000000000018652e+00 1.470253331592812421e-02
-2.650000000000019007e+00 1.710848086536246454e-02
-2.550000000000019362e+00 2.010059327503524451e-02
-2.450000000000019718e+00 2.346697024416500091e-02
-2.350000000000020073e+00 2.701689032955517308e-02
-2.250000000000020428e+00 3.148379280137564296e-02
-2.150000000000020783e+00 3.686763576277665017e-02
-2.050000000000021139e+00 4.245634733699731045e-02
-1.950000000000021272e+00 4.957307193825581659e-02
-1.850000000000021627e+00 5.695496170203562941e-02
-1.750000000000021982e+00 6.651571110640761009e-02
-1.650000000000022338e+00 7.660330641447829492e-02
-1.550000000000022693e+00 8.847779538463497462e-02
-1.450000000000023048e+00 1.021170285489387403e-01
-1.350000000000023404e+00 1.173552270554534260e-01
-1.250000000000023759e+00 1.347368404676113074e-01
-1.150000000000024114e+00 1.553065667357160784e-01
-1.050000000000024469e+00 1.781252530569737424e-01
-9.500000000000248246e-01 2.047467069522957428e-01
-8.500000000000251799e-01 2.338379103165222350e-01
-7.500000000000255351e-01 2.665864014266131066e-01
-6.500000000000258904e-01 3.040927895789591329e-01
-5.500000000000262457e-01 3.421426706500015902e-01
-4.500000000000266565e-01 3.850769074216805476e-01
-3.500000000000270117e-01 4.308829009191127435e-01
-2.500000000000273670e-01 4.742733105916524528e-01
-1.500000000000277223e-01 5.165065292721144896e-01
-5.000000000002806366e-02 5.474742785742334750e-01
4.999999999997158107e-02 5.483609695382420934e-01
1.499999999999712119e-01 5.165747024295829215e-01
2.499999999999708566e-01 4.734105427288914369e-01
3.499999999999705014e-01 4.266104277616979967e-01
4.499999999999701461e-01 3.828168167720922832e-01
5.499999999999698463e-01 3.387977378851722010e-01
6.499999999999694911e-01 2.982885815576812316e-01
7.499999999999691358e-01 2.632315879880345877e-01
8.499999999999687805e-01 2.306029567824747772e-01
9.499999999999684253e-01 2.015808971860706955e-01
1.049999999999968070e+00 1.756351626674810262e-01
1.149999999999967715e+00 1.532031144419943036e-01
1.249999999999967359e+00 1.331937934542958835e-01
1.349999999999967004e+00 1.149634755553003151e-01
1.449999999999966649e+00 9.984767869553969055e-02
1.549999999999966294e+00 8.636711588431898734e-02
1.649999999999965938e+00 7.513738451887630454e-02
1.749999999999965583e+00 6.437315508618568494e-02
1.849999999999965228e+00 5.519550349377456977e-02
1.949999999999964873e+00 4.760078471570895753e-02
2.049999999999964295e+00 4.100377657087167504e-02
2.149999999999963940e+00 3.530597258252367310e-02
2.249999999999963585e+00 3.008525500590336285e-02
2.349999999999963229e+00 2.599791704504231249e-02
2.449999999999962874e+00 2.240010886030596379e-02
2.549999999999962519e+00 1.920934952001204787e-02
2.649999999999962164e+00 1.642739170904477380e-02
2.749999999999961808e+00 1.410747934071925752e-02
2.849999999999961453e+00 1.205627241872506486e-02
2.949999999999961098e+00 1.052119278968401302e-02
3.049999999999960743e+00 8.659764631765373005e-03
3.149999999999960387e+00 7.518431597348369452e-03
3.249999999999960032e+00 6.330984096894316793e-03
3.349999999999959677e+00 5.486734641754465597e-03
3.449999999999959321e+00 4.714317335633868775e-03
3.549999999999958966e+00 3.880709680348723087e-03
3.649999999999958611e+00 3.330883354522349606e-03
3.749999999999958256e+00 2.820963778151116576e-03
3.849999999999957900e+00 2.417462200326923882e-03
3.949999999999957545e+00 1.967846156465680348e-03
4.049999999999957190e+00 1.703574793407197380e-03
4.149999999999956835e+00 1.457926580094446884e-03
4.249999999999956479e+00 1.191881583726847127e-03
4.349999999999956124e+00 1.022499602706142003e-03
4.449999999999955769e+00 8.362681052488220648e-04
4.549999999999955413e+00 7.431523565201622042e-04
4.649999999999955058e+00 5.994880584816583355e-04
4.749999999999954703e+00 5.045986764438811431e-04
4.849999999999954348e+00 4.070488444424278447e-04
4.949999999999953992e+00 3.990674945513998520e-04
5.049999999999953637e+00 3.174803623320025933e-04
5.149999999999953282e+00 2.252514302579013172e-04
5.249999999999952927e+00 1.942128473483479851e-04
5.349999999999952571e+00 1.667215310570293165e-04
5.449999999999952216e+00 1.330224981837999868e-04
5.549999999999951861e+00 1.214938816745373307e-04
5.649999999999951505e+00 9.754983200145332547e-05
5.749999999999951150e+00 7.183214901925198854e-05
5.849999999999950795e+00 6.562443243734132755e-05
5.949999999999950440e+00 5.232218261896132616e-05
6.049999999999950084e+00 4.345401607337466082e-05
6.149999999999949729e+00 4.256719941881598819e-05
6.249999999999949374e+00 3.813311614602265891e-05
6.349999999999949019e+00 1.862314974573199653e-05
6.449999999999948663e+00 1.684951643661466482e-05
6.549999999999948308e+00 2.039678305484932824e-05
6.649999999999947953e+00 1.862314974573199653e-05
6.749999999999947597e+00 1.064179985470399705e-05
6.849999999999947242e+00 1.241543316382133045e-05
6.949999999999946887e+00 5.320899927351998524e-06
7.049999999999946532e+00 4.434083272793332668e-06
7.149999999999946176e+00 2.660449963675999262e-06
7.249999999999945821e+00 3.547266618234665965e-06
7.349999999999945466e+00 1.773633309117332983e-06
7.449999999999945111e+00 1.773633309117332983e-06
7.549999999999944755e+00 2.660449963675999262e-06
7.649999999999944400e+00 1.773633309117332983e-06
7.749999999999944045e+00 0.000000000000000000e+00
7.849999999999943689e+00 8.868166545586664913e-07
7.949999999999943334e+00 8.868166545586664913e-07
