-7.950000000000000178e+00 8.871388989825613036e-07
-7.850000000000000533e+00 0.000000000000000000e+00
-7.750000000000000888e+00 8.871388989825613036e-07
-7.650000000000001243e+00 0.000000000000000000e+00
-7.550000000000001599e+00 0.000000000000000000e+00
-7.450000000000001954e+00 8.871388989825613036e-07
-7.350000000000002309e+00 8.871388989825613036e-07
-7.250000000000002665e+00 1.774277797965122607e-06
-7.150000000000003020e+00 1.774277797965122607e-06
-7.050000000000003375e+00 5.322833393895367610e-06
-6.950000000000003730e+00 6.209972292877929019e-06
-6.850000000000004086e+00 4.435694494912806200e-06
-6.750000000000004441e+00 8.871388989825612401e-06
-6.650000000000004796e+00 1.064566678779073522e-05
-6.550000000000005151e+00 7.984250090843050991e-06
-6.450000000000005507e+00 1.596850018168610198e-05
-6.350000000000005862e+00 2.483988917151171608e-05
-6.250000000000006217e+00 3.282413926235476368e-05
-6.150000000000006573e+00 3.548555595930244960e-05
-6.050000000000006928e+00 3.992125045421525496e-05
-5.950000000000007283e+00 6.032544513081416907e-05
-5.850000000000007638e+00 5.855116733284904286e-05
-5.750000000000007994e+00 6.742255632267464679e-05
-5.650000000000008349e+00 9.581100109011661189e-05
-5.550000000000008704e+00 1.073438067768899153e-04
-5.450000000000009059e+00 1.321836959484016280e-04
-5.350000000000009415e+00 1.792020575944773607e-04
-5.250000000000009770e+00 2.155747524527623768e-04
-5.150000000000010125e+00 2.918686977652626478e-04
-5.050000000000010481e+00 3.211442814316871862e-04
-4.950000000000010836e+00 3.779211709665711164e-04
-4.850000000000011191e+00 4.861521166424435372e-04
-4.750000000000011546e+00 6.147872569949147095e-04
-4.650000000000011902e+00 6.547085074491299644e-04
-4.550000000000012257e+00 8.037478424781999966e-04
-4.450000000000012612e+00 9.173016215479676402e-04
-4.350000000000012967e+00 1.064566678779072743e-03
-4.250000000000013323e+00 1.296997070312503253e-03
-4.150000000000013678e+00 1.484183377997823176e-03
-4.050000000000014033e+00 1.790246298146806400e-03
-3.950000000000014388e+00 2.138004746547969917e-03
-3.850000000000014744e+00 2.622382585392447549e-03
-3.750000000000015099e+00 3.059742062590849448e-03
-3.650000000000015454e+00 3.618639568949861933e-03
-3.550000000000015810e+00 4.340770632721672670e-03
-3.450000000000016165e+00 5.077095918877207181e-03
-3.350000000000016520e+00 5.876408066860504611e-03
-3.250000000000016875e+00 6.913473439771130810e-03
-3.150000000000017231e+00 8.176759231922313409e-03
-3.050000000000017586e+00 9.395688079124369513e-03
-2.950000000000017941e+00 1.116198162699866964e-02
-2.850000000000018296e+00 1.294070210480438923e-02
-2.750000000000018652e+00 1.536260526971813464e-02
-2.650000000000019007e+00 1.780666595106945860e-02
-2.550000000000019362e+00 2.054615087112764138e-02
-2.450000000000019718e+00 2.431913863780920185e-02
-2.350000000000020073e+00 2.789254110825666391e-02
-2.250000000000020428e+00 3.256509470385220845e-02
-2.150000000000020783e+00 3.791100767981251535e-02
-2.050000000000021139e+00 4.419461948665173723e-02
-1.950000000000021272e+00 5.084727409012204657e-02
-1.850000000000021627e+00 5.849441139935181860e-02
-1.750000000000021982e+00 6.802317031332298647e-02
-1.650000000000022338e+00 7.854911526182409287e-02
-1.550000000000022693e+00 9.086525761105251897e-02
-1.450000000000023048e+00 1.045777565872795800e-01
-1.350000000000023404e+00 1.205534097629221701e-01
-1.250000000000023759e+00 1.380815560117840679e-01
-1.150000000000024114e+00 1.585922492683341234e-01
-1.050000000000024469e+00 1.822700353795980166e-01
-9.500000000000248246e-01 2.078861152049542027e-01
-8.500000000000251799e-01 2.370935358684162497e-01
-7.500000000000255351e-01 2.704066074149859555e-01
-6.500000000000258904e-01 3.058327809508213369e-01
-5.500000000000262457e-01 3.459032523590537256e-01
-4.500000000000266565e-01 3.871802186992121531e-01
-3.500000000000270117e-01 4.306237528643274692e-01
-2.500000000000273670e-01 4.737343584698804344e-01
-1.500000000000277223e-01 5.145065288058247033e-01
-5.000000000002806366e-02 5.444495552648381809e-01
4.999999999997158107e-02 5.430949081367830722e-01
1.499999999999712119e-01 5.111576004182025734e-01
2.499999999999708566e-01 4.700758954453154725e-01
3.499999999999705014e-01 4.235867715279190149e-01
4.499999999999701461e-01 3.793902659979370151e-01
5.499999999999698463e-01 3.361997759794018714e-01
6.499999999999694911e-01 2.988031062859746734e-01
7.499999999999691358e-01 2.615156245305805816e-01
8.499999999999687805e-01 2.286985264966527875e-01
9.499999999999684253e-01 2.002035901346045366e-01
1.049999999999968070e+00 1.736300848622220339e-01
1.149999999999967715e+00 1.518392571597854124e-01
1.249999999999967359e+00 1.317269381662983518e-01
1.349999999999967004e+00 1.144667567623487703e-01
1.449999999999966649e+00 9.894091094987296497e-02
1.549999999999966294e+00 8.511840675017215418e-02
1.649999999999965938e+00 7.376384612863860768e-02
1.749999999999965583e+00 6.363272688760437945e-02
1.849999999999965228e+00 5.450762315801546687e-02
1.949999999999964873e+00 4.744598355142286283e-02
2.049999999999964295e+00 4.085453454663669215e-02
2.149999999999963940e+00 3.468004082437232266e-02
2.249999999999963585e+00 2.966593875266848590e-02
2.349999999999963229e+00 2.554783299824572515e-02
2.449999999999962874e+00 2.187064226196296091e-02
2.549999999999962519e+00 1.876742340797626224e-02
2.649999999999962164e+00 1.610512655747522309e-02
2.749999999999961808e+00 1.352532663923390437e-02
2.849999999999961453e+00 1.183620719022542532e-02
2.949999999999961098e+00 9.872081667878011141e-03
3.049999999999960743e+00 8.431368095930312154e-03
3.149999999999960387e+00 7.239940554596717773e-03
3.249999999999960032e+00 5.987300429233326921e-03
3.349999999999959677e+00 5.160486975381569502e-03
3.449999999999959321e+00 4.277783770893909751e-03
3.549999999999958966e+00 3.674529319585763832e-03
3.649999999999958611e+00 3.077484840570500479e-03
3.749999999999958256e+00 2.587784168332127842e-03
3.849999999999957900e+00 2.232928608739103739e-03
3.949999999999957545e+00 1.835490381994916986e-03
4.049999999999957190e+00 1.582655795784887291e-03
4.149999999999956835e+00 1.311191292696224208e-03
4.249999999999956479e+00 1.064566678779072743e-03
4.349999999999956124e+00 8.995588435683165001e-04
4.449999999999955769e+00 7.700365643168627545e-04
4.549999999999955413e+00 6.476113962572693783e-04
4.649999999999955058e+00 5.376061727834320278e-04
4.749999999999954703e+00 4.355851994004375114e-04
4.849999999999954348e+00 3.717111986736931577e-04
4.949999999999953992e+00 3.291285315225302372e-04
5.049999999999953637e+00 2.519474473110473929e-04
5.149999999999953282e+00 2.235590025436054278e-04
5.249999999999952927e+00 1.729920853015994562e-04
5.349999999999952571e+00 1.570235851199133542e-04
5.449999999999952216e+00 1.162151957667155260e-04
5.549999999999951861e+00 8.693961210029100119e-05
5.649999999999951505e+00 8.605247320130844147e-05
5.749999999999951150e+00 5.056691724200599187e-05
5.849999999999950795e+00 6.298686182776184821e-05
5.949999999999950440e+00 4.080838935319781467e-05
6.049999999999950084e+00 4.701836164607574623e-05
6.149999999999949729e+00 2.395275027252915297e-05
6.249999999999949374e+00 1.508136128270354227e-05
6.349999999999949019e+00 1.862991687863378790e-05
6.449999999999948663e+00 9.758527888808173810e-06
6.549999999999948308e+00 1.241994458575585804e-05
6.649999999999947953e+00 1.508136128270354227e-05
6.749999999999947597e+00 3.548555595930245214e-06
6.849999999999947242e+00 1.774277797965122607e-06
6.949999999999946887e+00 2.661416696947683805e-06
7.049999999999946532e+00 3.548555595930245214e-06
7.149999999999946176e+00 8.871388989825613036e-07
7.249999999999945821e+00 8.871388989825613036e-07
7.349999999999945466e+00 1.774277797965122607e-06
7.449999999999945111e+00 1.774277797965122607e-06
7.549999999999944755e+00 1.774277797965122607e-06
7.649999999999944400e+00 8.871388989825613036e-07
7.749999999999944045e+00 0.000000000000000000e+00
7.849999999999943689e+00 0.000000000000000000e+00
7.949999999999943334e+00 8.871388989825613036e-07
