-7.950000000000000178e+00 1.650078352107564052e-04
-7.850000000000000533e+00 1.827506131904075995e-04
-7.750000000000000888e+00 1.969448355741286092e-04
-7.650000000000001243e+00 2.120261968568321379e-04
-7.550000000000001599e+00 2.297689748364833593e-04
-7.450000000000001954e+00 2.546088640079950585e-04
-7.350000000000002309e+00 2.696902252906985872e-04
-7.250000000000002665e+00 2.475117528161345807e-04
-7.150000000000003020e+00 2.608188363008730171e-04
-7.050000000000003375e+00 2.900944199672975013e-04
-6.950000000000003730e+00 3.140471702398266000e-04
-6.850000000000004086e+00 3.371127816133732340e-04
-6.750000000000004441e+00 3.344513649164255684e-04
-6.650000000000004796e+00 4.080908788776393980e-04
-6.550000000000005151e+00 4.054294621806917324e-04
-6.450000000000005507e+00 4.391337549963677503e-04
-6.350000000000005862e+00 4.790550054505829511e-04
-6.250000000000006217e+00 5.518003951671528748e-04
-6.150000000000006573e+00 6.068030069040716585e-04
-6.050000000000006928e+00 6.848782153601983003e-04
-5.950000000000007283e+00 7.798020775513321221e-04
-5.850000000000007638e+00 7.700505350081853113e-04
-5.750000000000007994e+00 8.117460632603656044e-04
-5.650000000000008349e+00 1.007838686663817653e-03
-5.550000000000008704e+00 1.033537773351666730e-03
-5.450000000000009059e+00 1.107177287312880506e-03
-5.350000000000009415e+00 1.147971705974755886e-03
-5.250000000000009770e+00 1.306790524929617517e-03
-5.150000000000010125e+00 1.480683719821522049e-03
-5.050000000000010481e+00 1.608410765238026813e-03
-4.950000000000010836e+00 1.745924279925984996e-03
-4.850000000000011191e+00 1.848853348244945596e-03
-4.750000000000011546e+00 2.004102655566893532e-03
-4.650000000000011902e+00 2.147826142547729945e-03
-4.550000000000012257e+00 2.315488409109772196e-03
-4.450000000000012612e+00 2.671273019675746326e-03
-4.350000000000012967e+00 2.759986909574001918e-03
-4.250000000000013323e+00 3.043836430520114635e-03
-4.150000000000013678e+00 3.250637588822309285e-03
-4.050000000000014033e+00 3.481286717212114454e-03
-3.950000000000014388e+00 3.920420472208483234e-03
-3.850000000000014744e+00 4.197333544912948237e-03
-3.750000000000015099e+00 4.600150487816325427e-03
-3.650000000000015454e+00 5.119343289436629335e-03
-3.550000000000015810e+00 5.597476229259929284e-03
-3.450000000000016165e+00 6.165307992719727681e-03
-3.350000000000016520e+00 6.747417802711180856e-03
-3.250000000000016875e+00 7.255748391828194255e-03
-3.150000000000017231e+00 8.392354940412063632e-03
-3.050000000000017586e+00 9.166198518114333088e-03
-2.950000000000017941e+00 1.017145262688349053e-02
-2.850000000000018296e+00 1.143043544610732563e-02
-2.750000000000018652e+00 1.251544823163697889e-02
-2.650000000000019007e+00 1.429085765559925079e-02
-2.550000000000019362e+00 1.569537316633019472e-02
-2.450000000000019718e+00 1.793666323382588079e-02
-2.350000000000020073e+00 2.010409025629919175e-02
-2.250000000000020428e+00 2.222043344595156511e-02
-2.150000000000020783e+00 2.494040131023212911e-02
-2.050000000000021139e+00 2.827137037415920762e-02
-1.950000000000021272e+00 3.236227519257693641e-02
-1.850000000000021627e+00 3.598579053279843398e-02
-1.750000000000021982e+00 4.067451520359983974e-02
-1.650000000000022338e+00 4.705284131226035449e-02
-1.550000000000022693e+00 5.403753733639395096e-02
-1.450000000000023048e+00 6.215653474504301279e-02
-1.350000000000023404e+00 7.299960740122082847e-02
-1.250000000000023759e+00 8.371817325633190698e-02
-1.150000000000024114e+00 9.766198496878655821e-02
-1.050000000000024469e+00 1.159774215857487523e-01
-9.500000000000248246e-01 1.369493851576957244e-01
-8.500000000000251799e-01 1.643775474717351637e-01
-7.500000000000255351e-01 1.971599492937633480e-01
-6.500000000000258904e-01 2.404551286877225635e-01
-5.500000000000262457e-01 2.926467744624303702e-01
-4.500000000000266565e-01 3.621020593871934201e-01
-3.500000000000270117e-01 4.544662184995571508e-01
-2.500000000000273670e-01 5.760747088418529671e-01
-1.500000000000277223e-01 7.342598661357409018e-01
-5.000000000002806366e-02 9.414919224704008105e-01
4.999999999997158107e-02 9.403659266618753509e-01
1.499999999999712119e-01 7.349629341912029545e-01
2.499999999999708566e-01 5.687982279441022859e-01
3.499999999999705014e-01 4.462783735240704597e-01
4.499999999999701461e-01 3.572864319417632384e-01
5.499999999999698463e-01 2.877313613542294424e-01
6.499999999999694911e-01 2.356531925197889454e-01
7.499999999999691358e-01 1.953443531762117380e-01
8.499999999999687805e-01 1.606934482285933830e-01
9.499999999999684253e-01 1.337388364676235786e-01
1.049999999999968070e+00 1.144490768524803886e-01
1.149999999999967715e+00 9.766582690890024399e-02
1.249999999999967359e+00 8.333948369734256456e-02
1.349999999999967004e+00 7.058816828410779953e-02
1.449999999999966649e+00 6.114604162702794860e-02
1.549999999999966294e+00 5.309645061286932810e-02
1.649999999999965938e+00 4.640223320271439494e-02
1.749999999999965583e+00 3.999174656262934058e-02
1.849999999999965228e+00 3.543304711596699519e-02
1.949999999999964873e+00 3.143188303325972210e-02
2.049999999999964295e+00 2.751024711090612265e-02
2.149999999999963940e+00 2.458495898160355242e-02
2.249999999999963585e+00 2.163816995835556034e-02
2.349999999999963229e+00 1.942595988484777797e-02
2.449999999999962874e+00 1.722109839497567088e-02
2.549999999999962519e+00 1.555660228942320512e-02
2.649999999999962164e+00 1.387522958875308382e-02
2.749999999999961808e+00 1.238649176538408545e-02
2.849999999999961453e+00 1.112035595220310126e-02
2.949999999999961098e+00 1.004037261554956845e-02
3.049999999999960743e+00 9.078043455868977166e-03
3.149999999999960387e+00 8.137480633268934574e-03
3.249999999999960032e+00 7.279428713619934092e-03
3.349999999999959677e+00 6.813687776999744622e-03
3.449999999999959321e+00 6.116333734288491829e-03
3.549999999999958966e+00 5.663843998387750947e-03
3.649999999999958611e+00 5.220218666131174953e-03
3.749999999999958256e+00 4.879578284958851521e-03
3.849999999999957900e+00 4.180435993758313193e-03
3.949999999999957545e+00 3.965741394858869617e-03
4.049999999999957190e+00 3.693382767525559864e-03
4.149999999999956835e+00 3.298591986786996756e-03
4.249999999999956479e+00 3.121108324225194477e-03
4.349999999999956124e+00 2.859430290407984597e-03
4.449999999999955769e+00 2.546200405610528003e-03
4.549999999999955413e+00 2.470800584542671638e-03
4.649999999999955058e+00 2.256119956334553221e-03
4.749999999999954703e+00 2.073327431070178493e-03
4.849999999999954348e+00 1.962428083351697074e-03
4.949999999999953992e+00 1.725534055940708368e-03
5.049999999999953637e+00 1.600433500492845149e-03
5.149999999999953282e+00 1.606629502094400388e-03
5.249999999999952927e+00 1.481535931992198230e-03
5.349999999999952571e+00 1.413226236770540956e-03
5.449999999999952216e+00 1.269502749789705193e-03
5.549999999999951861e+00 1.180802830582771724e-03
5.649999999999951505e+00 1.030855400617735175e-03
5.749999999999951150e+00 9.448168981077495346e-04
5.849999999999950795e+00 8.578703006617973770e-04
5.949999999999950440e+00 8.143935092659907674e-04
6.049999999999950084e+00 7.815693700036359902e-04
6.149999999999949729e+00 6.928554801053799644e-04
6.249999999999949374e+00 6.724652561201036613e-04
6.349999999999949019e+00 6.023673124091587922e-04
6.449999999999948663e+00 5.651074786518913654e-04
6.549999999999948308e+00 5.163148392078504862e-04
6.649999999999947953e+00 5.198633948037806709e-04
6.749999999999947597e+00 5.065563113190423971e-04
6.849999999999947242e+00 3.992125045421524411e-04
6.949999999999946887e+00 4.160681436228211164e-04
7.049999999999946532e+00 3.796954487645361003e-04
7.149999999999946176e+00 3.406613372093034728e-04
7.249999999999945821e+00 2.998529478561056988e-04
7.349999999999945466e+00 2.439631972202043419e-04
7.449999999999945111e+00 2.421889194222392224e-04
7.549999999999944755e+00 2.279946970385182399e-04
7.649999999999944400e+00 2.013805300690413942e-04
7.749999999999944045e+00 2.084776412609018448e-04
7.849999999999943689e+00 1.907348632812506505e-04
7.949999999999943334e+00 1.525878906250005421e-04
