-7.950000000000000178e+00 0.000000000000000000e+00
-7.850000000000000533e+00 0.000000000000000000e+00
-7.750000000000000888e+00 0.000000000000000000e+00
-7.650000000000001243e+00 0.000000000000000000e+00
-7.550000000000001599e+00 0.000000000000000000e+00
-7.450000000000001954e+00 0.000000000000000000e+00
-7.350000000000002309e+00 0.000000000000000000e+00
-7.250000000000002665e+00 0.000000000000000000e+00
-7.150000000000003020e+00 0.000000000000000000e+00
-7.050000000000003375e+00 0.000000000000000000e+00
-6.950000000000003730e+00 0.000000000000000000e+00
-6.850000000000004086e+00 0.000000000000000000e+00
-6.750000000000004441e+00 0.000000000000000000e+00
-6.650000000000004796e+00 0.000000000000000000e+00
-6.550000000000005151e+00 8.871388989825613036e-07
-6.450000000000005507e+00 0.000000000000000000e+00
-6.350000000000005862e+00 8.871388989825613036e-07
-6.250000000000006217e+00 0.000000000000000000e+00
-6.150000000000006573e+00 0.000000000000000000e+00
-6.050000000000006928e+00 0.000000000000000000e+00
-5.950000000000007283e+00 0.000000000000000000e+00
-5.850000000000007638e+00 8.871388989825613036e-07
-5.750000000000007994e+00 0.000000000000000000e+00
-5.650000000000008349e+00 0.000000000000000000e+00
-5.550000000000008704e+00 0.000000000000000000e+00
-5.450000000000009059e+00 1.774277797965122607e-06
-5.350000000000009415e+00 1.774277797965122607e-06
-5.250000000000009770e+00 1.774277797965122607e-06
-5.150000000000010125e+00 0.000000000000000000e+00
-5.050000000000010481e+00 2.661416696947683805e-06
-4.950000000000010836e+00 0.000000000000000000e+00
-4.850000000000011191e+00 2.661416696947683805e-06
-4.750000000000011546e+00 1.774277797965122607e-06
-4.650000000000011902e+00 6.209972292877929019e-06
-4.550000000000012257e+00 7.097111191860489582e-06
-4.450000000000012612e+00 1.330708348473841945e-05
-4.350000000000012967e+00 2.572702807049427918e-05
-4.250000000000013323e+00 3.193700036337220396e-05
-4.150000000000013678e+00 6.121258402979671523e-05
-4.050000000000014033e+00 1.046823900799422226e-04
-3.950000000000014388e+00 1.534750295239830883e-04
-3.850000000000014744e+00 2.306561137354659326e-04
-3.750000000000015099e+00 3.513070039970942436e-04
-3.650000000000015454e+00 4.950235056322691615e-04
-3.550000000000015810e+00 7.132596747819789328e-04
-3.450000000000016165e+00 1.082309456758723774e-03
-3.350000000000016520e+00 1.478860544603927954e-03
-3.250000000000016875e+00 2.001385356104655802e-03
-3.150000000000017231e+00 2.794487531795064161e-03
-3.050000000000017586e+00 3.828891488008730280e-03
-2.950000000000017941e+00 5.185326864553080686e-03
-2.850000000000018296e+00 6.890407828397584339e-03
-2.750000000000018652e+00 9.080753769985554918e-03
-2.650000000000019007e+00 1.236050627952412634e-02
-2.550000000000019362e+00 1.580349234647548951e-02
-2.450000000000019718e+00 2.046895581622483473e-02
-2.350000000000020073e+00 2.585566321084701788e-02
-2.250000000000020428e+00 3.214104231013854146e-02
-2.150000000000020783e+00 4.036925559820189746e-02
-2.050000000000021139e+00 4.989003026208286423e-02
-1.950000000000021272e+00 6.047892016033884488e-02
-1.850000000000021627e+00 7.337614547374625429e-02
-1.750000000000021982e+00 8.728027343749887590e-02
-1.650000000000022338e+00 1.036781488462916456e-01
-1.550000000000022693e+00 1.211139767668942269e-01
-1.450000000000023048e+00 1.412094471066462908e-01
-1.350000000000023404e+00 1.609536104424015290e-01
-1.250000000000023759e+00 1.833920146143672159e-01
-1.150000000000024114e+00 2.067113477130227417e-01
-1.050000000000024469e+00 2.299659196720528209e-01
-9.500000000000248246e-01 2.547836303710900863e-01
-8.500000000000251799e-01 2.781677246093704481e-01
-7.500000000000255351e-01 3.007374253383853779e-01
-6.500000000000258904e-01 3.222833677779752271e-01
-5.500000000000262457e-01 3.411403922147490109e-01
-4.500000000000266565e-01 3.587394536927656086e-01
-3.500000000000270117e-01 3.729771458825374975e-01
-2.500000000000273670e-01 3.844372061795946482e-01
-1.500000000000277223e-01 3.905930629996349213e-01
-5.000000000002806366e-02 3.960046102834288151e-01
4.999999999997158107e-02 3.963399487872444338e-01
1.499999999999712119e-01 3.912672885628618591e-01
2.499999999999708566e-01 3.838099989780140442e-01
3.499999999999705014e-01 3.735733032226539185e-01
4.499999999999701461e-01 3.593072225881145387e-01
5.499999999999698463e-01 3.419281715570453017e-01
6.499999999999694911e-01 3.213110635446901897e-01
7.499999999999691358e-01 2.999620659406747603e-01
8.499999999999687805e-01 2.781579660814816890e-01
9.499999999999684253e-01 2.546168482580811743e-01
1.049999999999968070e+00 2.306490166242694262e-01
1.149999999999967715e+00 2.068728069926376034e-01
1.249999999999967359e+00 1.835463767827901216e-01
1.349999999999967004e+00 1.618052637854247577e-01
1.449999999999966649e+00 1.409273369367697593e-01
1.549999999999966294e+00 1.210190529047031616e-01
1.649999999999965938e+00 1.032815977584465167e-01
1.749999999999965583e+00 8.677549140397788907e-02
1.849999999999965228e+00 7.321823474972737056e-02
1.949999999999964873e+00 6.048690441042968435e-02
2.049999999999964295e+00 4.965582559275146662e-02
2.149999999999963940e+00 4.061499307322007785e-02
2.249999999999963585e+00 3.274961959484058716e-02
2.349999999999963229e+00 2.592131148937172613e-02
2.449999999999962874e+00 2.006175906159183425e-02
2.549999999999962519e+00 1.570235851199147659e-02
2.649999999999962164e+00 1.235163489053429930e-02
2.749999999999961808e+00 9.171241937681777825e-03
2.849999999999961453e+00 7.046544274618517234e-03
2.949999999999961098e+00 5.155164141987673629e-03
3.049999999999960743e+00 3.837762876998556012e-03
3.149999999999960387e+00 2.809568893077767689e-03
3.249999999999960032e+00 1.996949661609743153e-03
3.349999999999959677e+00 1.392808071402619648e-03
3.449999999999959321e+00 9.944827057594503219e-04
3.549999999999958966e+00 6.937426190043625377e-04
3.649999999999958611e+00 5.198633948037807793e-04
3.749999999999958256e+00 3.131600313408441352e-04
3.849999999999957900e+00 2.421889194222392224e-04
3.949999999999957545e+00 1.676692519077040708e-04
4.049999999999957190e+00 9.758527888808173133e-05
4.149999999999956835e+00 6.476113962572696765e-05
4.249999999999956479e+00 3.282413926235476368e-05
4.349999999999956124e+00 3.725983375726757581e-05
4.449999999999955769e+00 1.596850018168610198e-05
4.549999999999955413e+00 1.419422238372097916e-05
4.649999999999955058e+00 5.322833393895367610e-06
4.749999999999954703e+00 5.322833393895367610e-06
4.849999999999954348e+00 8.871388989825613036e-07
4.949999999999953992e+00 8.871388989825613036e-07
5.049999999999953637e+00 1.774277797965122607e-06
5.149999999999953282e+00 0.000000000000000000e+00
5.249999999999952927e+00 0.000000000000000000e+00
5.349999999999952571e+00 0.000000000000000000e+00
5.449999999999952216e+00 0.000000000000000000e+00
5.549999999999951861e+00 8.871388989825613036e-07
5.649999999999951505e+00 1.774277797965122607e-06
5.749999999999951150e+00 0.000000000000000000e+00
5.849999999999950795e+00 8.871388989825613036e-07
5.949999999999950440e+00 0.000000000000000000e+00
6.049999999999950084e+00 0.000000000000000000e+00
6.149999999999949729e+00 8.871388989825613036e-07
6.249999999999949374e+00 0.000000000000000000e+00
6.349999999999949019e+00 0.000000000000000000e+00
6.449999999999948663e+00 0.000000000000000000e+00
6.549999999999948308e+00 0.000000000000000000e+00
6.649999999999947953e+00 0.000000000000000000e+00
6.749999999999947597e+00 0.000000000000000000e+00
6.849999999999947242e+00 0.000000000000000000e+00
6.949999999999946887e+00 0.000000000000000000e+00
7.049999999999946532e+00 0.000000000000000000e+00
7.149999999999946176e+00 0.000000000000000000e+00
7.249999999999945821e+00 0.000000000000000000e+00
7.349999999999945466e+00 0.000000000000000000e+00
7.449999999999945111e+00 0.000000000000000000e+00
7.549999999999944755e+00 0.000000000000000000e+00
7.649999999999944400e+00 0.000000000000000000e+00
7.749999999999944045e+00 0.000000000000000000e+00
7.849999999999943689e+00 0.000000000000000000e+00
7.949999999999943334e+00 0.000000000000000000e+00
