-7.950000000000000178e+00 5.143536596440266030e-05
-7.850000000000000533e+00 5.320899927351999202e-05
-7.750000000000000888e+00 5.941671585543065301e-05
-7.650000000000001243e+00 6.030353250998931886e-05
-7.550000000000001599e+00 6.651124909189999341e-05
-7.450000000000001954e+00 8.513439883763197638e-05
-7.350000000000002309e+00 8.868166545586665336e-05
-7.250000000000002665e+00 1.028707319288053206e-04
-7.150000000000003020e+00 1.392302147657106478e-04
-7.050000000000003375e+00 1.392302147657106478e-04
-6.950000000000003730e+00 1.702687976752639528e-04
-6.850000000000004086e+00 1.862314974573199653e-04
-6.750000000000004441e+00 1.897787640755546016e-04
-6.650000000000004796e+00 2.261382469124599288e-04
-6.550000000000005151e+00 2.580636464765719267e-04
-6.450000000000005507e+00 2.678186296767172511e-04
-6.350000000000005862e+00 3.112726457500919323e-04
-6.250000000000006217e+00 3.715761782600812105e-04
-6.150000000000006573e+00 4.150301943334558374e-04
-6.050000000000006928e+00 4.930700599346184328e-04
-5.950000000000007283e+00 5.134668429894676932e-04
-5.850000000000007638e+00 5.533735924446077110e-04
-5.750000000000007994e+00 5.986012418270996154e-04
-5.650000000000008349e+00 6.269793747729769228e-04
-5.550000000000008704e+00 6.890565405920836412e-04
-5.450000000000009059e+00 7.688700395023634598e-04
-5.350000000000009415e+00 8.486835384126434952e-04
-5.250000000000009770e+00 9.258365873592473705e-04
-5.150000000000010125e+00 9.817060365964432652e-04
-5.050000000000010481e+00 1.049104102342901870e-03
-4.950000000000010836e+00 1.082803135216131064e-03
-4.850000000000011191e+00 1.286770965764624320e-03
-4.750000000000011546e+00 1.518230112604436379e-03
-4.650000000000011902e+00 1.629082194424269448e-03
-4.550000000000012257e+00 1.753243508870786470e-03
-4.450000000000012612e+00 2.015748221428454931e-03
-4.350000000000012967e+00 2.223256335786879482e-03
-4.250000000000013323e+00 2.448507766044780501e-03
-4.150000000000013678e+00 2.706578395329655579e-03
-4.050000000000014033e+00 3.033806758053500183e-03
-3.950000000000014388e+00 3.367249820167558111e-03
-3.850000000000014744e+00 3.706921547288438701e-03
-3.750000000000015099e+00 4.109536308458072891e-03
-3.650000000000015454e+00 4.755173747018300208e-03
-3.550000000000015810e+00 5.231422221749517515e-03
-3.450000000000016165e+00 5.882317714962363372e-03
-3.350000000000016520e+00 6.783400246885307530e-03
-3.250000000000016875e+00 7.867069250331088295e-03
-3.150000000000017231e+00 8.661656972815652902e-03
-3.050000000000017586e+00 9.778152158096709359e-03
-2.950000000000017941e+00 1.094787729107619609e-02
-2.850000000000018296e+00 1.228258523584511465e-02
-2.750000000000018652e+00 1.360126763555724420e-02
-2.650000000000019007e+00 1.565694355486577788e-02
-2.550000000000019362e+00 1.782707468507886001e-02
-2.450000000000019718e+00 2.012580121301128094e-02
-2.350000000000020073e+00 2.292646596742391532e-02
-2.250000000000020428e+00 2.585210902485459566e-02
-2.150000000000020783e+00 2.918833422772932479e-02
-2.050000000000021139e+00 3.318356196425745197e-02
-1.950000000000021272e+00 3.851346273151304289e-02
-1.850000000000021627e+00 4.428062695474078991e-02
-1.750000000000021982e+00 5.106846128489916925e-02
-1.650000000000022338e+00 5.888425577385705822e-02
-1.550000000000022693e+00 6.746891331950863324e-02
-1.450000000000023048e+00 7.910272583586466788e-02
-1.350000000000023404e+00 9.229915119440297577e-02
-1.250000000000023759e+00 1.074554134282829504e-01
-1.150000000000024114e+00 1.250880308677226327e-01
-1.050000000000024469e+00 1.469626973687979676e-01
-9.500000000000248246e-01 1.717098537904971911e-01
-8.500000000000251799e-01 2.008022512149434669e-01
-7.500000000000255351e-01 2.373517572142159193e-01
-6.500000000000258904e-01 2.788684350206013240e-01
-5.500000000000262457e-01 3.295446021349993648e-01
-4.500000000000266565e-01 3.872211462987037445e-01
-3.500000000000270117e-01 4.562419049699917850e-01
-2.500000000000273670e-01 5.361849768711524078e-01
-1.500000000000277223e-01 6.218537490798281553e-01
-5.000000000002806366e-02 6.977708549223086143e-01
4.999999999997158107e-02 6.991134674060781595e-01
1.499999999999712119e-01 6.245482611824093588e-01
2.499999999999708566e-01 5.340992539277140683e-01
3.499999999999705014e-01 4.550379640763248523e-01
4.499999999999701461e-01 3.849072880251778739e-01
5.499999999999698463e-01 3.253443521638692548e-01
6.499999999999694911e-01 2.749499134332885619e-01
7.499999999999691358e-01 2.319678095106904314e-01
8.499999999999687805e-01 1.975694414030451651e-01
9.499999999999684253e-01 1.670427542046122316e-01
1.049999999999968070e+00 1.447354398838530398e-01
1.149999999999967715e+00 1.235114314605083724e-01
1.249999999999967359e+00 1.058920813568455244e-01
1.349999999999967004e+00 9.079874120858941189e-02
1.449999999999966649e+00 7.764023948194800906e-02
1.549999999999966294e+00 6.699098897078460679e-02
1.649999999999965938e+00 5.774471732117407441e-02
1.749999999999965583e+00 4.956879845957395947e-02
1.849999999999965228e+00 4.350623351387022247e-02
1.949999999999964873e+00 3.820573735238116941e-02
2.049999999999964295e+00 3.309217795198807210e-02
2.149999999999963940e+00 2.921858375330057753e-02
2.249999999999963585e+00 2.522419395376890652e-02
2.349999999999963229e+00 2.242710439720771443e-02
2.449999999999962874e+00 1.973916311724028746e-02
2.549999999999962519e+00 1.744845285324041206e-02
2.649999999999962164e+00 1.519755157937946119e-02
2.749999999999961808e+00 1.343904303304774110e-02
2.849999999999961453e+00 1.186130542807992648e-02
2.949999999999961098e+00 1.046457617995832923e-02
3.049999999999960743e+00 9.256752844874338929e-03
3.149999999999960387e+00 8.299011806375891642e-03
3.249999999999960032e+00 7.438687926521126564e-03
3.349999999999959677e+00 6.444545508335950898e-03
3.449999999999959321e+00 5.566610985939478978e-03
3.549999999999958966e+00 4.979517412196731753e-03
3.649999999999958611e+00 4.443852221610082587e-03
3.749999999999958256e+00 3.949015511174650515e-03
3.849999999999957900e+00 3.591649347812419200e-03
3.949999999999957545e+00 3.352180919848364755e-03
4.049999999999957190e+00 2.954887058606082452e-03
4.149999999999956835e+00 2.771316011112438457e-03
4.249999999999956479e+00 2.510577949055583635e-03
4.349999999999956124e+00 2.301289218579738276e-03
4.449999999999955769e+00 2.037017855521255742e-03
4.549999999999955413e+00 1.750576076098806725e-03
4.649999999999955058e+00 1.563457761986928284e-03
4.749999999999954703e+00 1.433982530421362960e-03
4.849999999999954348e+00 1.278789615873596490e-03
4.949999999999953992e+00 1.147540750998913726e-03
5.049999999999953637e+00 1.005650086269527406e-03
5.149999999999953282e+00 1.075708601979661954e-03
5.249999999999952927e+00 9.116475208863087168e-04
5.349999999999952571e+00 7.795118393570674500e-04
5.449999999999952216e+00 7.342841899745755456e-04
5.549999999999951861e+00 6.456025245187089600e-04
5.649999999999951505e+00 5.968276085179823921e-04
5.749999999999951150e+00 5.782044587722503549e-04
5.849999999999950795e+00 4.983909598619704279e-04
5.949999999999950440e+00 4.363137940428638180e-04
6.049999999999950084e+00 3.600475617508185544e-04
6.149999999999949729e+00 2.961967626225946127e-04
6.249999999999949374e+00 2.828945128042145707e-04
6.349999999999949019e+00 2.554031965128959292e-04
6.449999999999948663e+00 2.057414638576105870e-04
6.549999999999948308e+00 1.942128473483479851e-04
6.649999999999947953e+00 1.764765142571746138e-04
6.749999999999947597e+00 1.534192812386493015e-04
6.849999999999947242e+00 1.418906647293866454e-04
6.949999999999946887e+00 1.356829481474759844e-04
7.049999999999946532e+00 1.250411482927719670e-04
7.149999999999946176e+00 1.064179985470399569e-04
7.249999999999945821e+00 1.152861650926266426e-04
7.349999999999945466e+00 7.892668225572131539e-05
7.449999999999945111e+00 7.183214901925197499e-05
7.549999999999944755e+00 7.094533236469332269e-05
7.649999999999944400e+00 6.562443243734132755e-05
7.749999999999944045e+00 5.852989920087199393e-05
7.849999999999943689e+00 5.054854930984399445e-05
7.949999999999943334e+00 3.724629949146399306e-05
