-7.950000000000000178e+00 0.000000000000000000e+00
-7.850000000000000533e+00 0.000000000000000000e+00
-7.750000000000000888e+00 0.000000000000000000e+00
-7.650000000000001243e+00 0.000000000000000000e+00
-7.550000000000001599e+00 0.000000000000000000e+00
-7.450000000000001954e+00 0.000000000000000000e+00
-7.350000000000002309e+00 0.000000000000000000e+00
-7.250000000000002665e+00 0.000000000000000000e+00
-7.150000000000003020e+00 0.000000000000000000e+00
-7.050000000000003375e+00 0.000000000000000000e+00
-6.950000000000003730e+00 0.000000000000000000e+00
-6.850000000000004086e+00 0.000000000000000000e+00
-6.750000000000004441e+00 0.000000000000000000e+00
-6.650000000000004796e+00 0.000000000000000000e+00
-6.550000000000005151e+00 0.000000000000000000e+00
-6.450000000000005507e+00 0.000000000000000000e+00
-6.350000000000005862e+00 0.000000000000000000e+00
-6.250000000000006217e+00 0.000000000000000000e+00
-6.150000000000006573e+00 0.000000000000000000e+00
-6.050000000000006928e+00 0.000000000000000000e+00
-5.950000000000007283e+00 1.774277797965122607e-06
-5.850000000000007638e+00 5.322833393895367610e-06
-5.750000000000007994e+00 3.548555595930245214e-06
-5.650000000000008349e+00 1.064566678779073522e-05
-5.550000000000008704e+00 1.064566678779073522e-05
-5.450000000000009059e+00 1.330708348473841945e-05
-5.350000000000009415e+00 3.814697265625012875e-05
-5.250000000000009770e+00 7.008397301962229883e-05
-5.150000000000010125e+00 8.161677870639562934e-05
-5.050000000000010481e+00 8.960102879723868033e-05
-4.950000000000010836e+00 1.011338344840119702e-04
-4.850000000000011191e+00 1.153280568677329663e-04
-4.750000000000011546e+00 1.783149186954948145e-04
-4.650000000000011902e+00 2.324303915334309978e-04
-4.550000000000012257e+00 2.430760583212217144e-04
-4.450000000000012612e+00 2.927558366642451669e-04
-4.350000000000012967e+00 3.371127816133731797e-04
-4.250000000000013323e+00 4.036481990370653075e-04
-4.150000000000013678e+00 5.934959234193332763e-04
-4.050000000000014033e+00 8.640732876090140031e-04
-3.950000000000014388e+00 1.024645428324857379e-03
-3.850000000000014744e+00 1.273931458938956564e-03
-3.750000000000015099e+00 1.595962879269625673e-03
-3.650000000000015454e+00 2.025338106377185497e-03
-3.550000000000015810e+00 2.506167389625732836e-03
-3.450000000000016165e+00 3.127164618913525884e-03
-3.350000000000016520e+00 3.851957099382280654e-03
-3.250000000000016875e+00 4.521746968114119351e-03
-3.150000000000017231e+00 5.573006563408464988e-03
-3.050000000000017586e+00 6.921457689861973753e-03
-2.950000000000017941e+00 8.544034736101099176e-03
-2.850000000000018296e+00 1.035379809002554517e-02
-2.750000000000018652e+00 1.239687897438241163e-02
-2.650000000000019007e+00 1.520733500635920200e-02
-2.550000000000019362e+00 1.862015835074515638e-02
-2.450000000000019718e+00 2.199483472247486249e-02
-2.350000000000020073e+00 2.587872882222056609e-02
-2.250000000000020428e+00 3.153423930323445701e-02
-2.150000000000020783e+00 3.791809082031305511e-02
-2.050000000000021139e+00 4.538070323855444843e-02
-1.950000000000021272e+00 5.305622899255166280e-02
-1.850000000000021627e+00 6.378706111464454986e-02
-1.750000000000021982e+00 7.547600324763775737e-02
-1.650000000000022338e+00 8.926746457121972900e-02
-1.550000000000022693e+00 1.029710991438025913e-01
-1.450000000000023048e+00 1.212142234624791481e-01
-1.350000000000023404e+00 1.394404921420749066e-01
-1.250000000000023759e+00 1.598225083461985718e-01
-1.150000000000024114e+00 1.819539624591161586e-01
-1.050000000000024469e+00 2.066288437954172386e-01
-9.500000000000248246e-01 2.338223124659298824e-01
-8.500000000000251799e-01 2.642538381177281237e-01
-7.500000000000255351e-01 2.933564296988502851e-01
-6.500000000000258904e-01 3.228892836459804627e-01
-5.500000000000262457e-01 3.537448616914938282e-01
-4.500000000000266565e-01 3.794195485669493717e-01
-3.500000000000270117e-01 4.003906249999986677e-01
-2.500000000000273670e-01 4.205189194790154850e-01
-1.500000000000277223e-01 4.347850001135546427e-01
-5.000000000002806366e-02 4.394699806390817698e-01
4.999999999997158107e-02 4.410286836845943581e-01
1.499999999999712119e-01 4.312187017396444944e-01
2.499999999999708566e-01 4.190205418786338010e-01
3.499999999999705014e-01 4.034006872842470504e-01
4.499999999999701461e-01 3.809525245843912167e-01
5.499999999999698463e-01 3.522509197856072971e-01
6.499999999999694911e-01 3.225690265034476534e-01
7.499999999999691358e-01 2.923291228538289488e-01
8.499999999999687805e-01 2.656572918559185759e-01
9.499999999999684253e-01 2.360206426576086369e-01
1.049999999999968070e+00 2.068319986032842728e-01
1.149999999999967715e+00 1.820542091547011632e-01
1.249999999999967359e+00 1.606821459393125706e-01
1.349999999999967004e+00 1.405068330986518899e-01
1.449999999999966649e+00 1.198160925576825936e-01
1.549999999999966294e+00 1.037730727084826693e-01
1.649999999999965938e+00 8.803611577943203093e-02
1.749999999999965583e+00 7.507856502089363393e-02
1.849999999999965228e+00 6.390948628270409770e-02
1.949999999999964873e+00 5.324607671693393218e-02
2.049999999999964295e+00 4.509060881858714676e-02
2.149999999999963940e+00 3.778501998546567042e-02
2.249999999999963585e+00 3.168860147165743213e-02
2.349999999999963229e+00 2.578735351562535735e-02
2.449999999999962874e+00 2.174909724745668904e-02
2.549999999999962519e+00 1.796811125999296654e-02
2.649999999999962164e+00 1.533685728561065727e-02
2.749999999999961808e+00 1.278544581213677742e-02
2.849999999999961453e+00 1.035291095112656455e-02
2.949999999999961098e+00 8.182969204215191639e-03
3.049999999999960743e+00 6.828308105468805511e-03
3.149999999999960387e+00 5.416870117187532960e-03
3.249999999999960032e+00 4.472067189771096116e-03
3.349999999999959677e+00 3.388870594113382179e-03
3.449999999999959321e+00 2.767873364825587830e-03
3.549999999999958966e+00 2.310109692950586529e-03
3.649999999999958611e+00 1.863878826762358897e-03
3.749999999999958256e+00 1.693548158157707432e-03
3.849999999999957900e+00 1.281028570130817151e-03
3.949999999999957545e+00 1.092067984647531863e-03
4.049999999999957190e+00 7.824565089026184550e-04
4.149999999999956835e+00 6.076901458030541233e-04
4.249999999999956479e+00 5.163148392078504862e-04
4.349999999999956124e+00 4.036481990370651991e-04
4.449999999999955769e+00 2.821101698764543961e-04
4.549999999999955413e+00 1.987191133720937286e-04
4.649999999999955058e+00 1.561364462209307539e-04
4.749999999999954703e+00 1.641206963117737777e-04
4.849999999999954348e+00 1.330708348473842013e-04
4.949999999999953992e+00 1.126666401707852736e-04
5.049999999999953637e+00 9.403672329215149246e-05
5.149999999999953282e+00 5.943830623183160258e-05
5.249999999999952927e+00 4.169552825218035406e-05
5.349999999999952571e+00 1.862991687863378790e-05
5.449999999999952216e+00 0.000000000000000000e+00
5.549999999999951861e+00 0.000000000000000000e+00
5.649999999999951505e+00 0.000000000000000000e+00
5.749999999999951150e+00 0.000000000000000000e+00
5.849999999999950795e+00 0.000000000000000000e+00
5.949999999999950440e+00 0.000000000000000000e+00
6.049999999999950084e+00 0.000000000000000000e+00
6.149999999999949729e+00 0.000000000000000000e+00
6.249999999999949374e+00 0.000000000000000000e+00
6.349999999999949019e+00 0.000000000000000000e+00
6.449999999999948663e+00 0.000000000000000000e+00
6.549999999999948308e+00 0.000000000000000000e+00
6.649999999999947953e+00 0.000000000000000000e+00
6.749999999999947597e+00 0.000000000000000000e+00
6.849999999999947242e+00 0.000000000000000000e+00
6.949999999999946887e+00 0.000000000000000000e+00
7.049999999999946532e+00 0.000000000000000000e+00
7.149999999999946176e+00 0.000000000000000000e+00
7.249999999999945821e+00 0.000000000000000000e+00
7.349999999999945466e+00 0.000000000000000000e+00
7.449999999999945111e+00 0.000000000000000000e+00
7.549999999999944755e+00 0.000000000000000000e+00
7.649999999999944400e+00 0.000000000000000000e+00
7.749999999999944045e+00 0.000000000000000000e+00
7.849999999999943689e+00 0.000000000000000000e+00
7.949999999999943334e+00 0.000000000000000000e+00
