-7.950000000000000178e+00 1.011338344840119160e-04
-7.850000000000000533e+00 1.614592796148260037e-04
-7.750000000000000888e+00 1.357322515443317584e-04
-7.650000000000001243e+00 2.084776412609016822e-04
-7.550000000000001599e+00 1.987191133720935931e-04
-7.450000000000001954e+00 2.342046693313959817e-04
-7.350000000000002309e+00 2.812230309774717144e-04
-7.250000000000002665e+00 4.054224768350303456e-04
-7.150000000000003020e+00 6.227715070857576521e-04
-7.050000000000003375e+00 7.558423419331413654e-04
-6.950000000000003730e+00 6.635798964389556971e-04
-6.850000000000004086e+00 5.624460619549432119e-04
-6.750000000000004441e+00 5.509132562681699763e-04
-6.650000000000004796e+00 6.369657294694782822e-04
-6.550000000000005151e+00 6.999525912972401169e-04
-6.450000000000005507e+00 6.174486736918619956e-04
-6.350000000000005862e+00 9.323829828306726868e-04
-6.250000000000006217e+00 7.150339525799437540e-04
-6.150000000000006573e+00 6.289814793786353397e-04
-6.050000000000006928e+00 7.150339525799437540e-04
-5.950000000000007283e+00 1.053033873092299507e-03
-5.850000000000007638e+00 1.160377679869189788e-03
-5.750000000000007994e+00 1.270382903343026922e-03
-5.650000000000008349e+00 1.031742539516717532e-03
-5.550000000000008704e+00 1.022906077255198625e-03
-5.450000000000009059e+00 1.218069649685700430e-03
-5.350000000000009415e+00 1.191462468061884727e-03
-5.250000000000009770e+00 1.389287457189336637e-03
-5.150000000000010125e+00 1.713980294216953682e-03
-5.050000000000010481e+00 1.870116740437885493e-03
-4.950000000000010836e+00 1.803581323014192498e-03
-4.850000000000011191e+00 1.903821033253560698e-03
-4.750000000000011546e+00 2.180615355081782017e-03
-4.650000000000011902e+00 2.355374732835685721e-03
-4.550000000000012257e+00 2.194809577465499720e-03
-4.450000000000012612e+00 2.499091234470859554e-03
-4.350000000000012967e+00 2.926692183780455099e-03
-4.250000000000013323e+00 2.931155819658013729e-03
-4.150000000000013678e+00 2.912581785544668400e-03
-4.050000000000014033e+00 3.492763640133606570e-03
-3.950000000000014388e+00 4.431342624565841326e-03
-3.850000000000014744e+00 4.232630496539404458e-03
-3.750000000000015099e+00 5.131225362406472562e-03
-3.650000000000015454e+00 6.475946314276856061e-03
-3.550000000000015810e+00 6.858848036699923337e-03
-3.450000000000016165e+00 8.243448326950557348e-03
-3.350000000000016520e+00 8.637966679208332332e-03
-3.250000000000016875e+00 9.061069065912068926e-03
-3.150000000000017231e+00 1.063666966257908672e-02
-3.050000000000017586e+00 1.073804099881558137e-02
-2.950000000000017941e+00 1.109508995694625036e-02
-2.850000000000018296e+00 1.175865588269389347e-02
-2.750000000000018652e+00 1.202674646382816299e-02
-2.650000000000019007e+00 1.410030441130519230e-02
-2.550000000000019362e+00 1.648958601198076065e-02
-2.450000000000019718e+00 1.798000730365412539e-02
-2.350000000000020073e+00 2.082957428598842739e-02
-2.250000000000020428e+00 2.324240348688816349e-02
-2.150000000000020783e+00 2.661248350117274841e-02
-2.050000000000021139e+00 3.179312319878715987e-02
-1.950000000000021272e+00 3.665894035279328167e-02
-1.850000000000021627e+00 4.333891464314477970e-02
-1.750000000000021982e+00 4.976423117206865004e-02
-1.650000000000022338e+00 5.631059675595671832e-02
-1.550000000000022693e+00 6.177760768430060057e-02
-1.450000000000023048e+00 7.099007014672925608e-02
-1.350000000000023404e+00 8.303631271029740524e-02
-1.250000000000023759e+00 9.335640650750662295e-02
-1.150000000000024114e+00 1.115696894295178515e-01
-1.050000000000024469e+00 1.294404110003001818e-01
-9.500000000000248246e-01 1.563925220075230715e-01
-8.500000000000251799e-01 1.826873608854393261e-01
-7.500000000000255351e-01 2.175969750949692250e-01
-6.500000000000258904e-01 2.522550470072363327e-01
-5.500000000000262457e-01 3.021816665098919774e-01
-4.500000000000266565e-01 3.815705739978091371e-01
-3.500000000000270117e-01 4.670174945690910295e-01
-2.500000000000273670e-01 5.825453462934273574e-01
-1.500000000000277223e-01 7.251614254705427420e-01
-5.000000000002806366e-02 8.718182057868113510e-01
4.999999999997158107e-02 8.448249790350254029e-01
1.499999999999712119e-01 6.928507300703279359e-01
2.499999999999708566e-01 5.455836331182923882e-01
3.499999999999705014e-01 4.444493306161215740e-01
4.499999999999701461e-01 3.496518123719579707e-01
5.499999999999698463e-01 2.938661433864081518e-01
6.499999999999694911e-01 2.399244869045626394e-01
7.499999999999691358e-01 1.969509128248489727e-01
8.499999999999687805e-01 1.710231189347036773e-01
9.499999999999684253e-01 1.419472043886619850e-01
1.049999999999968070e+00 1.196004758931556861e-01
1.149999999999967715e+00 1.010922157945599031e-01
1.249999999999967359e+00 8.451860305962059783e-02
1.349999999999967004e+00 7.379215773460351402e-02
1.449999999999966649e+00 6.333406144851008723e-02
1.549999999999966294e+00 5.290869150683966127e-02
1.649999999999965938e+00 4.685138394338901613e-02
1.749999999999965583e+00 4.162503214376719884e-02
1.849999999999965228e+00 3.385955609368968000e-02
1.949999999999964873e+00 3.099541768030595473e-02
2.049999999999964295e+00 2.757847996732551432e-02
2.149999999999963940e+00 2.345164951617181165e-02
2.249999999999963585e+00 2.021131531219984290e-02
2.349999999999963229e+00 1.946756460360637292e-02
2.449999999999962874e+00 1.675600709550198464e-02
2.549999999999962519e+00 1.502853809881307852e-02
2.649999999999962164e+00 1.226579197770282653e-02
2.749999999999961808e+00 1.096135551426104249e-02
2.849999999999961453e+00 1.008192145154286797e-02
2.949999999999961098e+00 8.273890463342419010e-03
3.049999999999960743e+00 7.137374724252146252e-03
3.149999999999960387e+00 7.158575248334131391e-03
3.249999999999960032e+00 6.769086344952478587e-03
3.349999999999959677e+00 6.103760112098191581e-03
3.449999999999959321e+00 5.602484722099074568e-03
3.549999999999958966e+00 4.297391636165134692e-03
3.649999999999958611e+00 3.449216995281187068e-03
3.749999999999958256e+00 3.474056884452701287e-03
3.849999999999957900e+00 3.546795288823612752e-03
3.949999999999957545e+00 2.670309041974495978e-03
4.049999999999957190e+00 2.517721151349494677e-03
4.149999999999956835e+00 2.466267095208505428e-03
4.249999999999956479e+00 2.681848833006933094e-03
4.349999999999956124e+00 2.128267174696150434e-03
4.449999999999955769e+00 1.967702019325967902e-03
4.549999999999955413e+00 1.493962861923615318e-03
4.649999999999955058e+00 1.199439732807066825e-03
4.749999999999954703e+00 1.310325109834225687e-03
4.849999999999954348e+00 1.305009261785991526e-03
4.949999999999953992e+00 1.121371509696602112e-03
5.049999999999953637e+00 1.010479147323781971e-03
5.149999999999953282e+00 1.031749524862379027e-03
5.249999999999952927e+00 9.394800940225318635e-04
5.349999999999952571e+00 8.126192314680254040e-04
5.449999999999952216e+00 9.137530659520370219e-04
5.549999999999951861e+00 9.084302325581416907e-04
5.649999999999951505e+00 9.039945380632293664e-04
5.749999999999951150e+00 7.638265920239845248e-04
5.849999999999950795e+00 7.496323696402634610e-04
5.949999999999950440e+00 7.194696470748564035e-04
6.049999999999950084e+00 5.313962004905537981e-04
6.149999999999949729e+00 4.036481990370650364e-04
6.249999999999949374e+00 3.743726153706405523e-04
6.349999999999949019e+00 2.989658089571229087e-04
6.449999999999948663e+00 2.634802529978205201e-04
6.549999999999948308e+00 3.202571425327043419e-04
6.649999999999947953e+00 4.373594771984025496e-04
6.749999999999947597e+00 2.980786700581402812e-04
6.849999999999947242e+00 2.874330032703495646e-04
6.949999999999946887e+00 3.309028093204954379e-04
7.049999999999946532e+00 2.501731695130820837e-04
7.149999999999946176e+00 2.288818359375006234e-04
7.249999999999945821e+00 2.395275027252912858e-04
7.349999999999945466e+00 2.661416696947680773e-04
7.449999999999945111e+00 1.517007517260178333e-04
7.549999999999944755e+00 1.783149186954946248e-04
7.649999999999944400e+00 2.519474473110471218e-04
7.749999999999944045e+00 1.064566678779072336e-04
7.849999999999943689e+00 7.185825081758740471e-05
7.949999999999943334e+00 3.371127816133732340e-05
