-7.950000000000000178e+00 0.000000000000000000e+00
-7.850000000000000533e+00 0.000000000000000000e+00
-7.750000000000000888e+00 0.000000000000000000e+00
-7.650000000000001243e+00 0.000000000000000000e+00
-7.550000000000001599e+00 0.000000000000000000e+00
-7.450000000000001954e+00 0.000000000000000000e+00
-7.350000000000002309e+00 0.000000000000000000e+00
-7.250000000000002665e+00 0.000000000000000000e+00
-7.150000000000003020e+00 0.000000000000000000e+00
-7.050000000000003375e+00 0.000000000000000000e+00
-6.950000000000003730e+00 0.000000000000000000e+00
-6.850000000000004086e+00 0.000000000000000000e+00
-6.750000000000004441e+00 0.000000000000000000e+00
-6.650000000000004796e+00 0.000000000000000000e+00
-6.550000000000005151e+00 0.000000000000000000e+00
-6.450000000000005507e+00 0.000000000000000000e+00
-6.350000000000005862e+00 0.000000000000000000e+00
-6.250000000000006217e+00 0.000000000000000000e+00
-6.150000000000006573e+00 0.000000000000000000e+00
-6.050000000000006928e+00 0.000000000000000000e+00
-5.950000000000007283e+00 0.000000000000000000e+00
-5.850000000000007638e+00 0.000000000000000000e+00
-5.750000000000007994e+00 0.000000000000000000e+00
-5.650000000000008349e+00 0.000000000000000000e+00
-5.550000000000008704e+00 0.000000000000000000e+00
-5.450000000000009059e+00 0.000000000000000000e+00
-5.350000000000009415e+00 8.605247320130831950e-05
-5.250000000000009770e+00 6.032544513081408775e-05
-5.150000000000010125e+00 9.314958439316882433e-05
-5.050000000000010481e+00 2.297689748364832780e-04
-4.950000000000010836e+00 1.996062522710760579e-04
-4.850000000000011191e+00 4.453437272892459800e-04
-4.750000000000011546e+00 3.814697265625008674e-04
-4.650000000000011902e+00 3.220314203306693258e-04
-4.550000000000012257e+00 5.819631177325600407e-04
-4.450000000000012612e+00 6.804355355196252397e-04
-4.350000000000012967e+00 1.007789789244191089e-03
-4.250000000000013323e+00 1.053921011991283598e-03
-4.150000000000013678e+00 8.960102879723857734e-04
-4.050000000000014033e+00 1.030855400617735392e-03
-3.950000000000014388e+00 1.644755518713674576e-03
-3.850000000000014744e+00 1.314739848292156236e-03
-3.750000000000015099e+00 1.447810683139541576e-03
-3.650000000000015454e+00 1.741453658702772026e-03
-3.550000000000015810e+00 2.442293388899001438e-03
-3.450000000000016165e+00 3.794293070948435292e-03
-3.350000000000016520e+00 2.512377361918618872e-03
-3.250000000000016875e+00 2.899169921875019949e-03
-3.150000000000017231e+00 3.589363985283451110e-03
-3.050000000000017586e+00 6.088434263717350248e-03
-2.950000000000017941e+00 8.510323457939766162e-03
-2.850000000000018296e+00 9.961682696675255161e-03
-2.750000000000018652e+00 1.005571941996740923e-02
-2.650000000000019007e+00 1.120722571084678543e-02
-2.550000000000019362e+00 1.303473184275088202e-02
-2.450000000000019718e+00 1.515499381131923083e-02
-2.350000000000020073e+00 1.912405324536725626e-02
-2.250000000000020428e+00 2.412485521893201895e-02
-2.150000000000020783e+00 2.837158912836159480e-02
-2.050000000000021139e+00 3.349747768668287495e-02
-1.950000000000021272e+00 3.961163897847078119e-02
-1.850000000000021627e+00 4.583757977153033597e-02
-1.750000000000021982e+00 5.353528399800201731e-02
-1.650000000000022338e+00 6.667735964752910527e-02
-1.550000000000022693e+00 7.331759430641338060e-02
-1.450000000000023048e+00 8.131958717523551927e-02
-1.350000000000023404e+00 9.758173033248412898e-02
-1.250000000000023759e+00 1.241391204124248498e-01
-1.150000000000024114e+00 1.482071987418210890e-01
-1.050000000000024469e+00 1.738570457281032877e-01
-9.500000000000248246e-01 2.022783146348074990e-01
-8.500000000000251799e-01 2.392223269440361400e-01
-7.500000000000255351e-01 2.744204499000683084e-01
-6.500000000000258904e-01 3.186052899027936869e-01
-5.500000000000262457e-01 3.558145567428202538e-01
-4.500000000000266565e-01 3.901876405227994171e-01
-3.500000000000270117e-01 4.195980693018699359e-01
-2.500000000000273670e-01 4.540758354719319212e-01
-1.500000000000277223e-01 4.797079396802361728e-01
-5.000000000002806366e-02 4.827162276866850399e-01
4.999999999997158107e-02 4.656121897143003507e-01
1.499999999999712119e-01 4.753547491029267436e-01
2.499999999999708566e-01 4.647507778433885850e-01
3.499999999999705014e-01 4.381339494572139004e-01
4.499999999999701461e-01 4.121540868005084679e-01
5.499999999999698463e-01 3.836245869481276216e-01
6.499999999999694911e-01 3.444769216138230949e-01
7.499999999999691358e-01 3.003124858057734103e-01
8.499999999999687805e-01 2.615941956985785577e-01
9.499999999999684253e-01 2.253838472588080288e-01
1.049999999999968070e+00 1.982453812000318782e-01
1.149999999999967715e+00 1.744283631790478628e-01
1.249999999999967359e+00 1.560912021370782221e-01
1.349999999999967004e+00 1.320071553075006232e-01
1.449999999999966649e+00 1.167377205782135358e-01
1.549999999999966294e+00 9.833491125771998131e-02
1.649999999999965938e+00 8.315064186273540825e-02
1.749999999999965583e+00 7.283499074536679829e-02
1.849999999999965228e+00 6.242885146030189430e-02
1.949999999999964873e+00 5.519334660020036587e-02
2.049999999999964295e+00 4.620130672011323741e-02
2.149999999999963940e+00 4.128034724745700823e-02
2.249999999999963585e+00 3.429856411246415271e-02
2.349999999999963229e+00 2.975375153297644612e-02
2.449999999999962874e+00 2.500578414562171919e-02
2.549999999999962519e+00 2.055855684502207875e-02
2.649999999999962164e+00 1.988521842069430889e-02
2.749999999999961808e+00 1.725840014080690793e-02
2.849999999999961453e+00 1.526233761809612545e-02
2.949999999999961098e+00 1.232413358466583758e-02
3.049999999999960743e+00 8.710816849109823817e-03
3.149999999999960387e+00 7.206229276435383024e-03
3.249999999999960032e+00 8.182969204215191639e-03
3.349999999999959677e+00 8.143047953760983865e-03
3.449999999999959321e+00 7.257683332576375310e-03
3.549999999999958966e+00 7.349058639171580573e-03
3.649999999999958611e+00 5.788581315861237447e-03
3.749999999999958256e+00 4.999027695766752877e-03
3.849999999999957900e+00 3.705579181050166690e-03
3.949999999999957545e+00 3.979705100835782480e-03
4.049999999999957190e+00 3.136923146802343080e-03
4.149999999999956835e+00 2.931106922238388250e-03
4.249999999999956479e+00 2.748356309047977723e-03
4.349999999999956124e+00 2.355353776798703620e-03
4.449999999999955769e+00 2.143327579941870561e-03
4.549999999999955413e+00 2.201878747274721264e-03
4.649999999999955058e+00 1.443374988644628709e-03
4.749999999999954703e+00 1.375952432321954876e-03
4.849999999999954348e+00 7.682622865188981501e-04
4.949999999999953992e+00 7.212439248728214417e-04
5.049999999999953637e+00 6.538213685501468491e-04
5.149999999999953282e+00 6.449499795603212248e-04
5.249999999999952927e+00 5.109920058139546129e-04
5.349999999999952571e+00 4.648607830668615619e-04
5.449999999999952216e+00 4.169552825218034186e-04
5.549999999999951861e+00 1.676692519077038540e-04
5.649999999999951505e+00 1.836377520893899289e-04
5.749999999999951150e+00 1.117795012718025784e-04
5.849999999999950795e+00 1.108923623728200186e-04
5.949999999999950440e+00 1.472650572311049670e-04
6.049999999999950084e+00 1.907348632812504066e-04
6.149999999999949729e+00 2.288818359375005421e-04
6.249999999999949374e+00 4.346980605014545316e-05
6.349999999999949019e+00 0.000000000000000000e+00
6.449999999999948663e+00 0.000000000000000000e+00
6.549999999999948308e+00 0.000000000000000000e+00
6.649999999999947953e+00 0.000000000000000000e+00
6.749999999999947597e+00 0.000000000000000000e+00
6.849999999999947242e+00 0.000000000000000000e+00
6.949999999999946887e+00 0.000000000000000000e+00
7.049999999999946532e+00 0.000000000000000000e+00
7.149999999999946176e+00 0.000000000000000000e+00
7.249999999999945821e+00 0.000000000000000000e+00
7.349999999999945466e+00 0.000000000000000000e+00
7.449999999999945111e+00 0.000000000000000000e+00
7.549999999999944755e+00 0.000000000000000000e+00
7.649999999999944400e+00 0.000000000000000000e+00
7.749999999999944045e+00 0.000000000000000000e+00
7.849999999999943689e+00 0.000000000000000000e+00
7.949999999999943334e+00 0.000000000000000000e+00
