-7.950000000000000178e+00 0.000000000000000000e+00
-7.850000000000000533e+00 0.000000000000000000e+00
-7.750000000000000888e+00 0.000000000000000000e+00
-7.650000000000001243e+00 0.000000000000000000e+00
-7.550000000000001599e+00 0.000000000000000000e+00
-7.450000000000001954e+00 0.000000000000000000e+00
-7.350000000000002309e+00 0.000000000000000000e+00
-7.250000000000002665e+00 0.000000000000000000e+00
-7.150000000000003020e+00 0.000000000000000000e+00
-7.050000000000003375e+00 0.000000000000000000e+00
-6.950000000000003730e+00 0.000000000000000000e+00
-6.850000000000004086e+00 0.000000000000000000e+00
-6.750000000000004441e+00 0.000000000000000000e+00
-6.650000000000004796e+00 0.000000000000000000e+00
-6.550000000000005151e+00 0.000000000000000000e+00
-6.450000000000005507e+00 0.000000000000000000e+00
-6.350000000000005862e+00 0.000000000000000000e+00
-6.250000000000006217e+00 0.000000000000000000e+00
-6.150000000000006573e+00 0.000000000000000000e+00
-6.050000000000006928e+00 0.000000000000000000e+00
-5.950000000000007283e+00 0.000000000000000000e+00
-5.850000000000007638e+00 0.000000000000000000e+00
-5.750000000000007994e+00 0.000000000000000000e+00
-5.650000000000008349e+00 0.000000000000000000e+00
-5.550000000000008704e+00 0.000000000000000000e+00
-5.450000000000009059e+00 0.000000000000000000e+00
-5.350000000000009415e+00 0.000000000000000000e+00
-5.250000000000009770e+00 0.000000000000000000e+00
-5.150000000000010125e+00 8.868166545586664913e-07
-5.050000000000010481e+00 0.000000000000000000e+00
-4.950000000000010836e+00 3.547266618234665965e-06
-4.850000000000011191e+00 1.773633309117332983e-06
-4.750000000000011546e+00 1.773633309117332983e-06
-4.650000000000011902e+00 4.434083272793332668e-06
-4.550000000000012257e+00 1.418906647293866386e-05
-4.450000000000012612e+00 1.773633309117333067e-05
-4.350000000000012967e+00 2.217041636396665995e-05
-4.250000000000013323e+00 3.813311614602265891e-05
-4.150000000000013678e+00 5.941671585543065978e-05
-4.050000000000014033e+00 8.424758218307331053e-05
-3.950000000000014388e+00 1.676083477115880094e-04
-3.850000000000014744e+00 1.924392140392306534e-04
-3.750000000000015099e+00 2.970835792771532786e-04
-3.650000000000015454e+00 4.327665274246291546e-04
-3.550000000000015810e+00 7.067928736832569583e-04
-3.450000000000016165e+00 9.630828868507113364e-04
-3.350000000000016520e+00 1.342640415001820214e-03
-3.250000000000016875e+00 1.899561274064662589e-03
-3.150000000000017231e+00 2.656902697057763121e-03
-3.050000000000017586e+00 3.766310331910654487e-03
-2.950000000000017941e+00 5.064609914184541734e-03
-2.850000000000018296e+00 6.929585338721415758e-03
-2.750000000000018652e+00 9.126230192063232438e-03
-2.650000000000019007e+00 1.214672771749004607e-02
-2.550000000000019362e+00 1.557161363739562564e-02
-2.450000000000019718e+00 2.012896442517281975e-02
-2.350000000000020073e+00 2.564319038321884528e-02
-2.250000000000020428e+00 3.251601945604877530e-02
-2.150000000000020783e+00 4.045480214765831417e-02
-2.050000000000021139e+00 4.989319180212661853e-02
-1.950000000000021272e+00 6.072565723756109812e-02
-1.850000000000021627e+00 7.340270131447659829e-02
-1.750000000000021982e+00 8.806710151425810318e-02
-1.650000000000022338e+00 1.042186932437347835e-01
-1.550000000000022693e+00 1.219115723188346490e-01
-1.450000000000023048e+00 1.413603483699604757e-01
-1.350000000000023404e+00 1.622182760851802463e-01
-1.250000000000023759e+00 1.845004313476218960e-01
-1.150000000000024114e+00 2.070867647225772545e-01
-1.050000000000024469e+00 2.310201725958073160e-01
-9.500000000000248246e-01 2.544986435252482582e-01
-8.500000000000251799e-01 2.782378385511269370e-01
-7.500000000000255351e-01 3.005545796630944011e-01
-6.500000000000258904e-01 3.210542334498717176e-01
-5.500000000000262457e-01 3.414226383717745561e-01
-4.500000000000266565e-01 3.576664590333258342e-01
-3.500000000000270117e-01 3.724851653310010113e-01
-2.500000000000273670e-01 3.831269651857054370e-01
-1.500000000000277223e-01 3.906720012826906396e-01
-5.000000000002806366e-02 3.949588729908275475e-01
4.999999999997158107e-02 3.946555816949681716e-01
1.499999999999712119e-01 3.912439980248810789e-01
2.499999999999708566e-01 3.834515400812738006e-01
3.499999999999705014e-01 3.725791678963843445e-01
4.499999999999701461e-01 3.579005786301291958e-01
5.499999999999698463e-01 3.414554505879933144e-01
6.499999999999694911e-01 3.219410501044302486e-01
7.499999999999691358e-01 3.004100285484013755e-01
8.499999999999687805e-01 2.787122854613159895e-01
9.499999999999684253e-01 2.545243612082303541e-01
1.049999999999968070e+00 2.309971153627888296e-01
1.149999999999967715e+00 2.068694946422103831e-01
1.249999999999967359e+00 1.839195664388858786e-01
1.349999999999967004e+00 1.617136774087364337e-01
1.449999999999966649e+00 1.414845027015985690e-01
1.549999999999966294e+00 1.222645253473489541e-01
1.649999999999965938e+00 1.043118089924634506e-01
1.749999999999965583e+00 8.819923719578731669e-02
1.849999999999965228e+00 7.343107944742245652e-02
1.949999999999964873e+00 6.072743087087023595e-02
2.049999999999964295e+00 4.961029728932238314e-02
2.149999999999963940e+00 4.019762531783630660e-02
2.249999999999963585e+00 3.266500465401463160e-02
2.349999999999963229e+00 2.577621288140264505e-02
2.449999999999962874e+00 2.036485765528543018e-02
2.549999999999962519e+00 1.583588500045411684e-02
2.649999999999962164e+00 1.198266663639669521e-02
2.749999999999961808e+00 8.866392912277542421e-03
2.849999999999961453e+00 6.779713324101000957e-03
2.949999999999961098e+00 5.034458147929547420e-03
3.049999999999960743e+00 3.765423515256095983e-03
3.149999999999960387e+00 2.715432596258635176e-03
3.249999999999960032e+00 1.935920756901568160e-03
3.349999999999959677e+00 1.353282214856524205e-03
3.449999999999959321e+00 1.042896385760991263e-03
3.549999999999958966e+00 6.065825917181276623e-04
3.649999999999958611e+00 4.478424105521264741e-04
3.749999999999958256e+00 3.219144456047959226e-04
3.849999999999957900e+00 2.013073805848173119e-04
3.949999999999957545e+00 1.197202483654199854e-04
4.049999999999957190e+00 8.424758218307332408e-05
4.149999999999956835e+00 6.917169905557599098e-05
4.249999999999956479e+00 3.724629949146399306e-05
4.349999999999956124e+00 1.773633309117333067e-05
4.449999999999955769e+00 1.418906647293866386e-05
4.549999999999955413e+00 1.330224981837999631e-05
4.649999999999955058e+00 2.660449963675999262e-06
4.749999999999954703e+00 1.773633309117332983e-06
4.849999999999954348e+00 4.434083272793332668e-06
4.949999999999953992e+00 8.868166545586664913e-07
5.049999999999953637e+00 8.868166545586664913e-07
5.149999999999953282e+00 0.000000000000000000e+00
5.249999999999952927e+00 0.000000000000000000e+00
5.349999999999952571e+00 0.000000000000000000e+00
5.449999999999952216e+00 0.000000000000000000e+00
5.549999999999951861e+00 0.000000000000000000e+00
5.649999999999951505e+00 0.000000000000000000e+00
5.749999999999951150e+00 0.000000000000000000e+00
5.849999999999950795e+00 0.000000000000000000e+00
5.949999999999950440e+00 0.000000000000000000e+00
6.049999999999950084e+00 0.000000000000000000e+00
6.149999999999949729e+00 0.000000000000000000e+00
6.249999999999949374e+00 0.000000000000000000e+00
6.349999999999949019e+00 0.000000000000000000e+00
6.449999999999948663e+00 0.000000000000000000e+00
6.549999999999948308e+00 0.000000000000000000e+00
6.649999999999947953e+00 0.000000000000000000e+00
6.749999999999947597e+00 0.000000000000000000e+00
6.849999999999947242e+00 0.000000000000000000e+00
6.949999999999946887e+00 0.000000000000000000e+00
7.049999999999946532e+00 0.000000000000000000e+00
7.149999999999946176e+00 0.000000000000000000e+00
7.249999999999945821e+00 0.000000000000000000e+00
7.349999999999945466e+00 0.000000000000000000e+00
7.449999999999945111e+00 0.000000000000000000e+00
7.549999999999944755e+00 0.000000000000000000e+00
7.649999999999944400e+00 0.000000000000000000e+00
7.749999999999944045e+00 0.000000000000000000e+00
7.849999999999943689e+00 0.000000000000000000e+00
7.949999999999943334e+00 0.000000000000000000e+00
