-7.950000000000000178e+00 0.000000000000000000e+00
-7.850000000000000533e+00 0.000000000000000000e+00
-7.750000000000000888e+00 0.000000000000000000e+00
-7.650000000000001243e+00 0.000000000000000000e+00
-7.550000000000001599e+00 0.000000000000000000e+00
-7.450000000000001954e+00 0.000000000000000000e+00
-7.350000000000002309e+00 0.000000000000000000e+00
-7.250000000000002665e+00 0.000000000000000000e+00
-7.150000000000003020e+00 0.000000000000000000e+00
-7.050000000000003375e+00 0.000000000000000000e+00
-6.950000000000003730e+00 0.000000000000000000e+00
-6.850000000000004086e+00 0.000000000000000000e+00
-6.750000000000004441e+00 0.000000000000000000e+00
-6.650000000000004796e+00 0.000000000000000000e+00
-6.550000000000005151e+00 0.000000000000000000e+00
-6.450000000000005507e+00 0.000000000000000000e+00
-6.350000000000005862e+00 0.000000000000000000e+00
-6.250000000000006217e+00 0.000000000000000000e+00
-6.150000000000006573e+00 9.758527888808173810e-06
-6.050000000000006928e+00 7.984250090843050991e-06
-5.950000000000007283e+00 2.750130586845939861e-05
-5.850000000000007638e+00 2.129133357558147044e-05
-5.750000000000007994e+00 2.217847247456403015e-05
-5.650000000000008349e+00 5.411547283793623751e-05
-5.550000000000008704e+00 6.476113962572698120e-05
-5.450000000000009059e+00 9.492386219113406573e-05
-5.350000000000009415e+00 9.669813998909918516e-05
-5.250000000000009770e+00 1.472650572311051567e-04
-5.150000000000010125e+00 1.614592796148261122e-04
-5.050000000000010481e+00 2.430760583212217415e-04
-4.950000000000010836e+00 3.291285315225300203e-04
-4.850000000000011191e+00 4.160681436228210622e-04
-4.750000000000011546e+00 4.568765329760188904e-04
-4.650000000000011902e+00 4.746193109556700847e-04
-4.550000000000012257e+00 4.701836164607573268e-04
-4.450000000000012612e+00 4.932492278343039065e-04
-4.350000000000012967e+00 6.280943404796529832e-04
-4.250000000000013323e+00 8.294748705486940793e-04
-4.150000000000013678e+00 1.064566678779072309e-03
-4.050000000000014033e+00 1.465553461119189355e-03
-3.950000000000014388e+00 1.526766045148986043e-03
-3.850000000000014744e+00 1.917994299600294782e-03
-3.750000000000015099e+00 2.252445664516719917e-03
-3.650000000000015454e+00 2.675610919331401945e-03
-3.550000000000015810e+00 3.212329953215851183e-03
-3.450000000000016165e+00 3.788970237554518169e-03
-3.350000000000016520e+00 4.449001578397547910e-03
-3.250000000000016875e+00 5.180004031159186548e-03
-3.150000000000017231e+00 6.072465763535653954e-03
-3.050000000000017586e+00 7.120176803234070165e-03
-2.950000000000017941e+00 8.560890375181767417e-03
-2.850000000000018296e+00 1.031210256177336401e-02
-2.750000000000018652e+00 1.237115194631191809e-02
-2.650000000000019007e+00 1.467771308366660511e-02
-2.550000000000019362e+00 1.726904580759469621e-02
-2.450000000000019718e+00 2.036693484284184466e-02
-2.350000000000020073e+00 2.446817797283827589e-02
-2.250000000000020428e+00 2.894024516260942231e-02
-2.150000000000020783e+00 3.528240115143582711e-02
-2.050000000000021139e+00 4.162100858466630943e-02
-1.950000000000021272e+00 4.970461823219550490e-02
-1.850000000000021627e+00 5.920765011809675515e-02
-1.750000000000021982e+00 7.112902264262370433e-02
-1.650000000000022338e+00 8.367050525753916279e-02
-1.550000000000022693e+00 9.868799253951503203e-02
-1.450000000000023048e+00 1.165425500204373549e-01
-1.350000000000023404e+00 1.352132752884234734e-01
-1.250000000000023759e+00 1.562916955282483700e-01
-1.150000000000024114e+00 1.822103456009225297e-01
-1.050000000000024469e+00 2.067636889080627927e-01
-9.500000000000248246e-01 2.349569631177287898e-01
-8.500000000000251799e-01 2.647382159565729864e-01
-7.500000000000255351e-01 2.978781766669645892e-01
-6.500000000000258904e-01 3.259419285973794711e-01
-5.500000000000262457e-01 3.568276693654579557e-01
-4.500000000000266565e-01 3.838055632835191688e-01
-3.500000000000270117e-01 4.068702875181675060e-01
-2.500000000000273670e-01 4.240523937136628785e-01
-1.500000000000277223e-01 4.374517396438956651e-01
-5.000000000002806366e-02 4.457429397937873183e-01
4.999999999997158107e-02 4.462282047715305788e-01
1.499999999999712119e-01 4.384160596270899601e-01
2.499999999999708566e-01 4.283452588458392385e-01
3.499999999999705014e-01 4.079650169195122578e-01
4.499999999999701461e-01 3.863649590070837303e-01
5.499999999999698463e-01 3.565464463344807378e-01
6.499999999999694911e-01 3.269142328306641199e-01
7.499999999999691358e-01 2.980848800304279900e-01
8.499999999999687805e-01 2.678715905477792592e-01
9.499999999999684253e-01 2.376556396484340028e-01
1.049999999999968070e+00 2.065144028774486828e-01
1.149999999999967715e+00 1.789261573968890517e-01
1.249999999999967359e+00 1.558818373569184068e-01
1.349999999999967004e+00 1.348885824513959275e-01
1.449999999999966649e+00 1.159419569858262389e-01
1.549999999999966294e+00 9.861879570539447415e-02
1.649999999999965938e+00 8.255980735601309295e-02
1.749999999999965583e+00 6.923054539880116320e-02
1.849999999999965228e+00 5.869754525118181521e-02
1.949999999999964873e+00 4.987406176190117835e-02
2.049999999999964295e+00 4.158108733421209124e-02
2.149999999999963940e+00 3.508279489916474314e-02
2.249999999999963585e+00 2.892605094022569767e-02
2.349999999999963229e+00 2.444156380586879479e-02
2.449999999999962874e+00 2.055145973383021990e-02
2.549999999999962519e+00 1.676781232966954513e-02
2.649999999999962164e+00 1.422172368958956462e-02
2.749999999999961808e+00 1.227711522301976402e-02
2.849999999999961453e+00 1.028105270030897633e-02
2.949999999999961098e+00 8.533389069313307429e-03
3.049999999999960743e+00 7.105095441951367503e-03
3.149999999999960387e+00 6.130129791969521000e-03
3.249999999999960032e+00 5.151615586391744203e-03
3.349999999999959677e+00 4.209474075672254428e-03
3.449999999999959321e+00 3.691384958666435977e-03
3.549999999999958966e+00 2.994093784066141194e-03
3.649999999999958611e+00 2.494634583938959600e-03
3.749999999999958256e+00 2.215185830759452273e-03
3.849999999999957900e+00 1.760083575581399343e-03
3.949999999999957545e+00 1.481521961300875673e-03
4.049999999999957190e+00 1.249091569767444947e-03
4.149999999999956835e+00 1.138199207394625023e-03
4.249999999999956479e+00 8.037478424781998882e-04
4.349999999999956124e+00 6.014801735101762189e-04
4.449999999999955769e+00 4.790550054505828426e-04
4.549999999999955413e+00 5.234119503997108555e-04
4.649999999999955058e+00 4.213909770167164476e-04
4.749999999999954703e+00 3.894539766533442436e-04
4.849999999999954348e+00 3.796954487645361003e-04
4.949999999999953992e+00 3.087243368459312689e-04
5.049999999999953637e+00 2.200104469476751347e-04
5.149999999999953282e+00 1.685563908066866170e-04
5.249999999999952927e+00 1.286351403524713620e-04
5.349999999999952571e+00 1.082309456758724479e-04
5.449999999999952216e+00 6.919683412063976622e-05
5.549999999999951861e+00 6.564827852470952736e-05
5.649999999999951505e+00 5.500261173691879722e-05
5.749999999999951150e+00 4.524408384811062680e-05
5.849999999999950795e+00 5.411547283793623751e-05
5.949999999999950440e+00 2.040419467659890734e-05
6.049999999999950084e+00 4.435694494912806200e-06
6.149999999999949729e+00 2.661416696947683805e-06
6.249999999999949374e+00 4.435694494912806200e-06
6.349999999999949019e+00 4.435694494912806200e-06
6.449999999999948663e+00 0.000000000000000000e+00
6.549999999999948308e+00 0.000000000000000000e+00
6.649999999999947953e+00 0.000000000000000000e+00
6.749999999999947597e+00 0.000000000000000000e+00
6.849999999999947242e+00 0.000000000000000000e+00
6.949999999999946887e+00 0.000000000000000000e+00
7.049999999999946532e+00 0.000000000000000000e+00
7.149999999999946176e+00 0.000000000000000000e+00
7.249999999999945821e+00 0.000000000000000000e+00
7.349999999999945466e+00 0.000000000000000000e+00
7.449999999999945111e+00 0.000000000000000000e+00
7.549999999999944755e+00 0.000000000000000000e+00
7.649999999999944400e+00 0.000000000000000000e+00
7.749999999999944045e+00 0.000000000000000000e+00
7.849999999999943689e+00 0.000000000000000000e+00
7.949999999999943334e+00 0.000000000000000000e+00
