-7.950000000000000178e+00 0.000000000000000000e+00
-7.850000000000000533e+00 0.000000000000000000e+00
-7.750000000000000888e+00 0.000000000000000000e+00
-7.650000000000001243e+00 0.000000000000000000e+00
-7.550000000000001599e+00 0.000000000000000000e+00
-7.450000000000001954e+00 0.000000000000000000e+00
-7.350000000000002309e+00 0.000000000000000000e+00
-7.250000000000002665e+00 0.000000000000000000e+00
-7.150000000000003020e+00 0.000000000000000000e+00
-7.050000000000003375e+00 0.000000000000000000e+00
-6.950000000000003730e+00 0.000000000000000000e+00
-6.850000000000004086e+00 0.000000000000000000e+00
-6.750000000000004441e+00 0.000000000000000000e+00
-6.650000000000004796e+00 0.000000000000000000e+00
-6.550000000000005151e+00 0.000000000000000000e+00
-6.450000000000005507e+00 0.000000000000000000e+00
-6.350000000000005862e+00 0.000000000000000000e+00
-6.250000000000006217e+00 0.000000000000000000e+00
-6.150000000000006573e+00 0.000000000000000000e+00
-6.050000000000006928e+00 0.000000000000000000e+00
-5.950000000000007283e+00 0.000000000000000000e+00
-5.850000000000007638e+00 0.000000000000000000e+00
-5.750000000000007994e+00 0.000000000000000000e+00
-5.650000000000008349e+00 0.000000000000000000e+00
-5.550000000000008704e+00 0.000000000000000000e+00
-5.450000000000009059e+00 0.000000000000000000e+00
-5.350000000000009415e+00 0.000000000000000000e+00
-5.250000000000009770e+00 8.871388989825613036e-07
-5.150000000000010125e+00 8.871388989825613036e-07
-5.050000000000010481e+00 0.000000000000000000e+00
-4.950000000000010836e+00 8.871388989825613036e-07
-4.850000000000011191e+00 4.435694494912806200e-06
-4.750000000000011546e+00 0.000000000000000000e+00
-4.650000000000011902e+00 4.435694494912806200e-06
-4.550000000000012257e+00 1.241994458575585804e-05
-4.450000000000012612e+00 1.064566678779073522e-05
-4.350000000000012967e+00 2.306561137354659326e-05
-4.250000000000013323e+00 4.346980605014550737e-05
-4.150000000000013678e+00 5.588975063590135694e-05
-4.050000000000014033e+00 7.984250090843050991e-05
-3.950000000000014388e+00 1.268608625545062697e-04
-3.850000000000014744e+00 2.093647801598844723e-04
-3.750000000000015099e+00 2.963043922601754599e-04
-3.650000000000015454e+00 4.692964775617748619e-04
-3.550000000000015810e+00 6.573699241460776842e-04
-3.450000000000016165e+00 1.010451205941136424e-03
-3.350000000000016520e+00 1.440713571947677954e-03
-3.250000000000016875e+00 1.991626828215847279e-03
-3.150000000000017231e+00 2.729726392169336963e-03
-3.050000000000017586e+00 3.670093625090850749e-03
-2.950000000000017941e+00 5.084193030069067767e-03
-2.850000000000018296e+00 6.973798884901946660e-03
-2.750000000000018652e+00 9.251971577489191342e-03
-2.650000000000019007e+00 1.201984494231481820e-02
-2.550000000000019362e+00 1.582123512445514010e-02
-2.450000000000019718e+00 2.031902934229678354e-02
-2.350000000000020073e+00 2.583880757176635137e-02
-2.250000000000020428e+00 3.239121547965162495e-02
-2.150000000000020783e+00 4.036393276480800679e-02
-2.050000000000021139e+00 4.962743714798402428e-02
-1.950000000000021272e+00 6.044254746548055612e-02
-1.850000000000021627e+00 7.364583569903696003e-02
-1.750000000000021982e+00 8.781610533248432326e-02
-1.650000000000022338e+00 1.036364533180394731e-01
-1.550000000000022693e+00 1.213029373523775434e-01
-1.450000000000023048e+00 1.410896833552834906e-01
-1.350000000000023404e+00 1.623827912086624192e-01
-1.250000000000023759e+00 1.835002455600429905e-01
-1.150000000000024114e+00 2.069828122161114226e-01
-1.050000000000024469e+00 2.309124968772672259e-01
-9.500000000000248246e-01 2.546283810637680056e-01
-8.500000000000251799e-01 2.781845802484511632e-01
-7.500000000000255351e-01 3.007383124772844418e-01
-6.500000000000258904e-01 3.215754309365871921e-01
-5.500000000000262457e-01 3.409913528797200444e-01
-4.500000000000266565e-01 3.589168814725620660e-01
-3.500000000000270117e-01 3.731900592182932352e-01
-2.500000000000273670e-01 3.837709648664590079e-01
-1.500000000000277223e-01 3.912504329237812550e-01
-5.000000000002806366e-02 3.942658180414229663e-01
4.999999999997158107e-02 3.954785369163323350e-01
1.499999999999712119e-01 3.905593517214734911e-01
2.499999999999708566e-01 3.835012746411680107e-01
3.499999999999705014e-01 3.734597494435840104e-01
4.499999999999701461e-01 3.583109656045571634e-01
5.499999999999698463e-01 3.409629644349522204e-01
6.499999999999694911e-01 3.220216618027753608e-01
7.499999999999691358e-01 3.003124858057729107e-01
8.499999999999687805e-01 2.777339136877679526e-01
9.499999999999684253e-01 2.550089636514315528e-01
1.049999999999968070e+00 2.305638512899671477e-01
1.149999999999967715e+00 2.075071113054100802e-01
1.249999999999967359e+00 1.847759512967799833e-01
1.349999999999967004e+00 1.616624344226885168e-01
1.449999999999966649e+00 1.408554786859521624e-01
1.549999999999966294e+00 1.210394570993797714e-01
1.649999999999965938e+00 1.039744532385517978e-01
1.749999999999965583e+00 8.762448333030409264e-02
1.849999999999965228e+00 7.337170977925136506e-02
1.949999999999964873e+00 6.093934524891080062e-02
2.049999999999964295e+00 4.973744237145786423e-02
2.149999999999963940e+00 4.012263098428474339e-02
2.249999999999963585e+00 3.246750942496412495e-02
2.349999999999963229e+00 2.588316451671547960e-02
2.449999999999962874e+00 2.024450967478224478e-02
2.549999999999962519e+00 1.585139784702054716e-02
2.649999999999962164e+00 1.214759294376830875e-02
2.749999999999961808e+00 9.236890216206487814e-03
2.849999999999961453e+00 6.976460301598894596e-03
2.949999999999961098e+00 5.054030307503659843e-03
3.049999999999960743e+00 3.720660542332857642e-03
3.149999999999960387e+00 2.710209336391720784e-03
3.249999999999960032e+00 2.010256745094481101e-03
3.349999999999959677e+00 1.438052155250730234e-03
3.449999999999959321e+00 9.820627611736945130e-04
3.549999999999958966e+00 6.618056186409903337e-04
3.649999999999958611e+00 4.488922828851759478e-04
3.749999999999958256e+00 3.025143645530534186e-04
3.849999999999957900e+00 2.200104469476751889e-04
3.949999999999957545e+00 1.428293627361923717e-04
4.049999999999957190e+00 7.540680641351771134e-05
4.149999999999956835e+00 4.524408384811062680e-05
4.249999999999956479e+00 3.637269485828501609e-05
4.349999999999956124e+00 3.016272256540708453e-05
4.449999999999955769e+00 1.064566678779073522e-05
4.549999999999955413e+00 1.064566678779073522e-05
4.649999999999955058e+00 7.097111191860489582e-06
4.749999999999954703e+00 8.871388989825613036e-07
4.849999999999954348e+00 2.661416696947683805e-06
4.949999999999953992e+00 0.000000000000000000e+00
5.049999999999953637e+00 2.661416696947683805e-06
5.149999999999953282e+00 0.000000000000000000e+00
5.249999999999952927e+00 0.000000000000000000e+00
5.349999999999952571e+00 0.000000000000000000e+00
5.449999999999952216e+00 8.871388989825613036e-07
5.549999999999951861e+00 0.000000000000000000e+00
5.649999999999951505e+00 0.000000000000000000e+00
5.749999999999951150e+00 0.000000000000000000e+00
5.849999999999950795e+00 0.000000000000000000e+00
5.949999999999950440e+00 0.000000000000000000e+00
6.049999999999950084e+00 0.000000000000000000e+00
6.149999999999949729e+00 0.000000000000000000e+00
6.249999999999949374e+00 0.000000000000000000e+00
6.349999999999949019e+00 0.000000000000000000e+00
6.449999999999948663e+00 0.000000000000000000e+00
6.549999999999948308e+00 0.000000000000000000e+00
6.649999999999947953e+00 0.000000000000000000e+00
6.749999999999947597e+00 0.000000000000000000e+00
6.849999999999947242e+00 0.000000000000000000e+00
6.949999999999946887e+00 0.000000000000000000e+00
7.049999999999946532e+00 0.000000000000000000e+00
7.149999999999946176e+00 0.000000000000000000e+00
7.249999999999945821e+00 0.000000000000000000e+00
7.349999999999945466e+00 0.000000000000000000e+00
7.449999999999945111e+00 0.000000000000000000e+00
7.549999999999944755e+00 0.000000000000000000e+00
7.649999999999944400e+00 0.000000000000000000e+00
7.749999999999944045e+00 0.000000000000000000e+00
7.849999999999943689e+00 0.000000000000000000e+00
7.949999999999943334e+00 0.000000000000000000e+00
