-7.950000000000000178e+00 0.000000000000000000e+00
-7.850000000000000533e+00 0.000000000000000000e+00
-7.750000000000000888e+00 0.000000000000000000e+00
-7.650000000000001243e+00 0.000000000000000000e+00
-7.550000000000001599e+00 0.000000000000000000e+00
-7.450000000000001954e+00 0.000000000000000000e+00
-7.350000000000002309e+00 0.000000000000000000e+00
-7.250000000000002665e+00 0.000000000000000000e+00
-7.150000000000003020e+00 0.000000000000000000e+00
-7.050000000000003375e+00 0.000000000000000000e+00
-6.950000000000003730e+00 0.000000000000000000e+00
-6.850000000000004086e+00 0.000000000000000000e+00
-6.750000000000004441e+00 0.000000000000000000e+00
-6.650000000000004796e+00 0.000000000000000000e+00
-6.550000000000005151e+00 0.000000000000000000e+00
-6.450000000000005507e+00 0.000000000000000000e+00
-6.350000000000005862e+00 0.000000000000000000e+00
-6.250000000000006217e+00 0.000000000000000000e+00
-6.150000000000006573e+00 0.000000000000000000e+00
-6.050000000000006928e+00 0.000000000000000000e+00
-5.950000000000007283e+00 0.000000000000000000e+00
-5.850000000000007638e+00 0.000000000000000000e+00
-5.750000000000007994e+00 0.000000000000000000e+00
-5.650000000000008349e+00 0.000000000000000000e+00
-5.550000000000008704e+00 0.000000000000000000e+00
-5.450000000000009059e+00 0.000000000000000000e+00
-5.350000000000009415e+00 8.605247320130831950e-05
-5.250000000000009770e+00 6.032544513081408775e-05
-5.150000000000010125e+00 4.967977834302337117e-05
-5.050000000000010481e+00 1.091180845748548992e-04
-4.950000000000010836e+00 1.286351403524712265e-04
-4.850000000000011191e+00 2.058162245639539624e-04
-4.750000000000011546e+00 1.880734465843027681e-04
-4.650000000000011902e+00 1.446036405341573556e-04
-4.550000000000012257e+00 2.457374750181692174e-04
-4.450000000000012612e+00 4.267138104106131340e-04
-4.350000000000012967e+00 7.070497024891007030e-04
-4.250000000000013323e+00 7.664880087209328952e-04
-4.150000000000013678e+00 6.981783134992748619e-04
-4.050000000000014033e+00 1.055695289789249395e-03
-3.950000000000014388e+00 1.388372376907711769e-03
-3.850000000000014744e+00 1.086745151253636858e-03
-3.750000000000015099e+00 1.111585040425150644e-03
-3.650000000000015454e+00 1.241107319676603739e-03
-3.550000000000015810e+00 2.035096634265999224e-03
-3.450000000000016165e+00 3.610655318859043277e-03
-3.350000000000016520e+00 2.901831338571966585e-03
-3.250000000000016875e+00 3.073936284974581896e-03
-3.150000000000017231e+00 3.931799600290722223e-03
-3.050000000000017586e+00 6.126581236373605452e-03
-2.950000000000017941e+00 6.269410599109796062e-03
-2.850000000000018296e+00 8.253940316133811378e-03
-2.750000000000018652e+00 8.250391760537878483e-03
-2.650000000000019007e+00 9.248423021893267121e-03
-2.550000000000019362e+00 1.305602317632646031e-02
-2.450000000000019718e+00 1.588422198628289955e-02
-2.350000000000020073e+00 1.914445744004385913e-02
-2.250000000000020428e+00 2.209685569585786297e-02
-2.150000000000020783e+00 2.645004627316534240e-02
-2.050000000000021139e+00 3.244444381359058716e-02
-1.950000000000021272e+00 3.662819086119233070e-02
-1.850000000000021627e+00 4.177803216978617090e-02
-1.750000000000021982e+00 5.220191423283117998e-02
-1.650000000000022338e+00 5.962815395621400005e-02
-1.550000000000022693e+00 6.495098735010917945e-02
-1.450000000000023048e+00 7.924811784611132670e-02
-1.350000000000023404e+00 9.682588799055072415e-02
-1.250000000000023759e+00 1.195517251657860630e-01
-1.150000000000024114e+00 1.432605122410938181e-01
-1.050000000000024469e+00 1.663376564203266073e-01
-9.500000000000248246e-01 1.971852502157480924e-01
-8.500000000000251799e-01 2.336865802143859305e-01
-7.500000000000255351e-01 2.636825206667844368e-01
-6.500000000000258904e-01 3.078070352243787999e-01
-5.500000000000262457e-01 3.478187738462914513e-01
-4.500000000000266565e-01 3.855381455532332913e-01
-3.500000000000270117e-01 4.067664922669878558e-01
-2.500000000000273670e-01 4.489153484965500152e-01
-1.500000000000277223e-01 4.590473618618298168e-01
-5.000000000002806366e-02 4.720927393713688081e-01
4.999999999997158107e-02 4.703273329623931520e-01
1.499999999999712119e-01 4.813154353651899475e-01
2.499999999999708566e-01 4.618737863939877397e-01
3.499999999999705014e-01 4.480015954305957004e-01
4.499999999999701461e-01 4.113361447356462808e-01
5.499999999999698463e-01 3.836982194767434295e-01
6.499999999999694911e-01 3.504846262377327992e-01
7.499999999999691358e-01 3.107416907022123587e-01
8.499999999999687805e-01 2.796155352925100424e-01
9.499999999999684253e-01 2.379741225131676574e-01
1.049999999999968070e+00 2.065144028774483775e-01
1.149999999999967715e+00 1.816789494004315830e-01
1.249999999999967359e+00 1.719470356785933740e-01
1.349999999999967004e+00 1.401306862054832736e-01
1.449999999999966649e+00 1.231127007063015644e-01
1.549999999999966294e+00 1.078716544217819678e-01
1.649999999999965938e+00 8.764577466387959981e-02
1.749999999999965583e+00 7.489847582439981832e-02
1.849999999999965228e+00 6.396892458893549405e-02
1.949999999999964873e+00 5.619049072265671491e-02
2.049999999999964295e+00 5.079313766124670532e-02
2.149999999999963940e+00 4.400563794513129290e-02
2.249999999999963585e+00 3.495948259220615917e-02
2.349999999999963229e+00 2.973157306050187507e-02
2.449999999999962874e+00 2.632407254950981657e-02
2.549999999999962519e+00 2.015047295149009765e-02
2.649999999999962164e+00 1.976190611373573186e-02
2.749999999999961808e+00 1.810473065043628066e-02
2.849999999999961453e+00 1.480812250181704620e-02
2.949999999999961098e+00 1.404518304869203579e-02
3.049999999999960743e+00 1.164635946584315421e-02
3.149999999999960387e+00 9.864984556686155759e-03
3.249999999999960032e+00 1.052235448083224147e-02
3.349999999999959677e+00 8.716139682503721425e-03
3.449999999999959321e+00 8.967199990915790744e-03
3.549999999999958966e+00 7.664880087209375789e-03
3.649999999999958611e+00 7.235504860101814664e-03
3.749999999999958256e+00 6.773305493731897678e-03
3.849999999999957900e+00 4.762161609738412536e-03
3.949999999999957545e+00 4.650382108466607871e-03
4.049999999999957190e+00 2.877878588299433854e-03
4.149999999999956835e+00 3.043773562409177007e-03
4.249999999999956479e+00 2.353579499000738040e-03
4.349999999999956124e+00 2.342933832212948462e-03
4.449999999999955769e+00 1.679353935773987561e-03
4.549999999999955413e+00 1.891380132630821921e-03
4.649999999999955058e+00 1.644755518713674359e-03
4.749999999999954703e+00 1.081422317859742068e-03
4.849999999999954348e+00 4.684093386627922345e-04
4.949999999999953992e+00 4.320366438045067847e-04
5.049999999999953637e+00 4.763935887536348518e-04
5.149999999999953282e+00 5.331704782885186194e-04
5.249999999999952927e+00 4.914749500363388684e-04
5.349999999999952571e+00 4.409080327943324632e-04
5.449999999999952216e+00 3.291285315225298035e-04
5.549999999999951861e+00 2.643673918968029307e-04
5.649999999999951505e+00 2.838844476744192174e-04
5.749999999999951150e+00 2.359789471293609656e-04
5.849999999999950795e+00 2.741259197856113451e-04
5.949999999999950440e+00 1.472650572311049670e-04
6.049999999999950084e+00 1.907348632812504066e-04
6.149999999999949729e+00 2.288818359375005421e-04
6.249999999999949374e+00 4.346980605014545316e-05
6.349999999999949019e+00 0.000000000000000000e+00
6.449999999999948663e+00 0.000000000000000000e+00
6.549999999999948308e+00 0.000000000000000000e+00
6.649999999999947953e+00 0.000000000000000000e+00
6.749999999999947597e+00 0.000000000000000000e+00
6.849999999999947242e+00 0.000000000000000000e+00
6.949999999999946887e+00 0.000000000000000000e+00
7.049999999999946532e+00 0.000000000000000000e+00
7.149999999999946176e+00 0.000000000000000000e+00
7.249999999999945821e+00 0.000000000000000000e+00
7.349999999999945466e+00 0.000000000000000000e+00
7.449999999999945111e+00 0.000000000000000000e+00
7.549999999999944755e+00 0.000000000000000000e+00
7.649999999999944400e+00 0.000000000000000000e+00
7.749999999999944045e+00 0.000000000000000000e+00
7.849999999999943689e+00 0.000000000000000000e+00
7.949999999999943334e+00 0.000000000000000000e+00
