-7.950000000000000178e+00 1.419422238372098086e-05
-7.850000000000000533e+00 6.209972292877929019e-06
-7.750000000000000888e+00 1.153280568677329663e-05
-7.650000000000001243e+00 1.064566678779073522e-05
-7.550000000000001599e+00 1.596850018168610198e-05
-7.450000000000001954e+00 1.241994458575585804e-05
-7.350000000000002309e+00 2.306561137354658987e-05
-7.250000000000002665e+00 2.750130586845939861e-05
-7.150000000000003020e+00 3.371127816133733017e-05
-7.050000000000003375e+00 1.951705577761634762e-05
-6.950000000000003730e+00 4.080838935319782145e-05
-6.850000000000004086e+00 4.080838935319781467e-05
-6.750000000000004441e+00 4.967977834302343215e-05
-6.650000000000004796e+00 3.725983375726757581e-05
-6.550000000000005151e+00 5.943830623183160258e-05
-6.450000000000005507e+00 4.967977834302342538e-05
-6.350000000000005862e+00 5.056691724200599187e-05
-6.250000000000006217e+00 5.145405614098855159e-05
-6.150000000000006573e+00 5.234119503997111130e-05
-6.050000000000006928e+00 8.782675099927356090e-05
-5.950000000000007283e+00 7.008397301962233949e-05
-5.850000000000007638e+00 9.137530659520381332e-05
-5.750000000000007994e+00 8.782675099927356090e-05
-5.650000000000008349e+00 9.847241778706430459e-05
-5.550000000000008704e+00 1.135537790697678333e-04
-5.450000000000009059e+00 1.330708348473842013e-04
-5.350000000000009415e+00 1.312965570494190547e-04
-5.250000000000009770e+00 1.561364462209307810e-04
-5.150000000000010125e+00 1.827506131904076266e-04
-5.050000000000010481e+00 2.138004746547972573e-04
-4.950000000000010836e+00 2.191233080486926427e-04
-4.850000000000011191e+00 2.767873364825590649e-04
-4.750000000000011546e+00 3.025143645530533644e-04
-4.650000000000011902e+00 3.424356150072686194e-04
-4.550000000000012257e+00 3.841311432594489124e-04
-4.450000000000012612e+00 4.302623660065420718e-04
-4.350000000000012967e+00 4.639736441678794223e-04
-4.250000000000013323e+00 5.588975063590133525e-04
-4.150000000000013678e+00 6.564827852470950026e-04
-4.050000000000014033e+00 7.274538971656998882e-04
-3.950000000000014388e+00 8.552018986191884872e-04
-3.850000000000014744e+00 9.598842886991303981e-04
-3.750000000000015099e+00 1.172797624454944947e-03
-3.650000000000015454e+00 1.401679460392445380e-03
-3.550000000000015810e+00 1.716613769531253903e-03
-3.450000000000016165e+00 2.013805300690411394e-03
-3.350000000000016520e+00 2.549637195675877408e-03
-3.250000000000016875e+00 3.362256427143903680e-03
-3.150000000000017231e+00 3.834214321402627454e-03
-3.050000000000017586e+00 5.026529001635200722e-03
-2.950000000000017941e+00 6.316428960755860085e-03
-2.850000000000018296e+00 8.028614021137886470e-03
-2.750000000000018652e+00 9.848128917605482313e-03
-2.650000000000019007e+00 1.228511344380192952e-02
-2.550000000000019362e+00 1.548501646708640503e-02
-2.450000000000019718e+00 1.938487208166813150e-02
-2.350000000000020073e+00 2.381528565526106617e-02
-2.250000000000020428e+00 2.956746633488142179e-02
-2.150000000000020783e+00 3.626892754848709544e-02
-2.050000000000021139e+00 4.389485036294356324e-02
-1.950000000000021272e+00 5.383617077701624565e-02
-1.850000000000021627e+00 6.584978479100085658e-02
-1.750000000000021982e+00 7.850397595816101248e-02
-1.650000000000022338e+00 9.331042896236392548e-02
-1.550000000000022693e+00 1.097075080417514031e-01
-1.450000000000023048e+00 1.285320366505077194e-01
-1.350000000000023404e+00 1.497348868525968379e-01
-1.250000000000023759e+00 1.722267638455994287e-01
-1.150000000000024114e+00 1.959838615715016052e-01
-1.050000000000024469e+00 2.224465583056594031e-01
-9.500000000000248246e-01 2.487858728794019592e-01
-8.500000000000251799e-01 2.737407059137690335e-01
-7.500000000000255351e-01 2.993685211198355844e-01
-6.500000000000258904e-01 3.266501727939763455e-01
-5.500000000000262457e-01 3.479948185276451889e-01
-4.500000000000266565e-01 3.717901889624268819e-01
-3.500000000000270117e-01 3.906232746196197647e-01
-2.500000000000273670e-01 4.044692775221264691e-01
-1.500000000000277223e-01 4.143160652533652843e-01
-5.000000000002806366e-02 4.197691334317701917e-01
4.999999999997158107e-02 4.202585546901818070e-01
1.499999999999712119e-01 4.147444555467348914e-01
2.499999999999708566e-01 4.044628510041182734e-01
3.499999999999705014e-01 3.895422853931909124e-01
4.499999999999701461e-01 3.707755186077059673e-01
5.499999999999698463e-01 3.497850368844096502e-01
6.499999999999694911e-01 3.255587334904384011e-01
7.499999999999691358e-01 2.991131089410766775e-01
8.499999999999687805e-01 2.741573049436621945e-01
9.499999999999684253e-01 2.477611156855464847e-01
1.049999999999968070e+00 2.226921560737641914e-01
1.149999999999967715e+00 1.964778302899389817e-01
1.249999999999967359e+00 1.717784862731324413e-01
1.349999999999967004e+00 1.487101017173588224e-01
1.449999999999966649e+00 1.283671685222101955e-01
1.549999999999966294e+00 1.103736934721220170e-01
1.649999999999965938e+00 9.259985864566155911e-02
1.749999999999965583e+00 7.757340217985667086e-02
1.849999999999965228e+00 6.431956798509533280e-02
1.949999999999964873e+00 5.320095138396206680e-02
2.049999999999964295e+00 4.400486257176306620e-02
2.149999999999963940e+00 3.685005941008596964e-02
2.249999999999963585e+00 2.996313726917331291e-02
2.349999999999963229e+00 2.369460682361679282e-02
2.449999999999962874e+00 1.917818268889651817e-02
2.549999999999962519e+00 1.559324741276228027e-02
2.649999999999962164e+00 1.259915362869610048e-02
2.749999999999961808e+00 9.951938139477763123e-03
2.849999999999961453e+00 8.186517759811122799e-03
2.949999999999961098e+00 6.405142850654117412e-03
3.049999999999960743e+00 5.021206168241304849e-03
3.149999999999960387e+00 4.075516101925885648e-03
3.249999999999960032e+00 3.158214480377913996e-03
3.349999999999959677e+00 2.609075501907709167e-03
3.449999999999959321e+00 2.073243606922243153e-03
3.549999999999958966e+00 1.778713492460033165e-03
3.649999999999958611e+00 1.446923544240555750e-03
3.749999999999958256e+00 1.163926235465119214e-03
3.849999999999957900e+00 9.572228720021827867e-04
3.949999999999957545e+00 8.303620094476767610e-04
4.049999999999957190e+00 6.839840911155544486e-04
4.149999999999956835e+00 6.440628406613391936e-04
4.249999999999956479e+00 5.216376726017459258e-04
4.349999999999956124e+00 4.772807276526178045e-04
4.449999999999955769e+00 4.417951716933154159e-04
4.549999999999955413e+00 3.672755041787803456e-04
4.649999999999955058e+00 3.379999205123558072e-04
4.749999999999954703e+00 3.424356150072686194e-04
4.849999999999954348e+00 2.732387808866288260e-04
4.949999999999953992e+00 2.226718636446228816e-04
5.049999999999953637e+00 2.138004746547972844e-04
5.149999999999953282e+00 1.818634742914250534e-04
5.249999999999952927e+00 1.579107240188959275e-04
5.349999999999952571e+00 1.481521961300877300e-04
5.449999999999952216e+00 1.348451126453493207e-04
5.549999999999951861e+00 1.517007517260179688e-04
5.649999999999951505e+00 1.179894735646806454e-04
5.749999999999951150e+00 1.020209733829945435e-04
5.849999999999950795e+00 9.758527888808174488e-05
5.949999999999950440e+00 9.048816769622125360e-05
6.049999999999950084e+00 7.363252861555257835e-05
6.149999999999949729e+00 7.984250090843050991e-05
6.249999999999949374e+00 5.145405614098855159e-05
6.349999999999949019e+00 6.121258402979672878e-05
6.449999999999948663e+00 5.677688953488391665e-05
6.549999999999948308e+00 5.588975063590136371e-05
6.649999999999947953e+00 5.234119503997111130e-05
6.749999999999947597e+00 5.234119503997111130e-05
6.849999999999947242e+00 3.637269485828501609e-05
6.949999999999946887e+00 3.637269485828501609e-05
7.049999999999946532e+00 3.992125045421525496e-05
7.149999999999946176e+00 2.572702807049427918e-05
7.249999999999945821e+00 2.395275027252915297e-05
7.349999999999945466e+00 2.217847247456403015e-05
7.449999999999945111e+00 1.330708348473841945e-05
7.549999999999944755e+00 1.419422238372097916e-05
7.649999999999944400e+00 1.064566678779073522e-05
7.749999999999944045e+00 1.064566678779073522e-05
7.849999999999943689e+00 8.871388989825612401e-06
7.949999999999943334e+00 9.758527888808173810e-06
