-7.950000000000000178e+00 0.000000000000000000e+00
-7.850000000000000533e+00 0.000000000000000000e+00
-7.750000000000000888e+00 0.000000000000000000e+00
-7.650000000000001243e+00 0.000000000000000000e+00
-7.550000000000001599e+00 0.000000000000000000e+00
-7.450000000000001954e+00 0.000000000000000000e+00
-7.350000000000002309e+00 0.000000000000000000e+00
-7.250000000000002665e+00 0.000000000000000000e+00
-7.150000000000003020e+00 0.000000000000000000e+00
-7.050000000000003375e+00 0.000000000000000000e+00
-6.950000000000003730e+00 0.000000000000000000e+00
-6.850000000000004086e+00 0.000000000000000000e+00
-6.750000000000004441e+00 0.000000000000000000e+00
-6.650000000000004796e+00 0.000000000000000000e+00
-6.550000000000005151e+00 0.000000000000000000e+00
-6.450000000000005507e+00 0.000000000000000000e+00
-6.350000000000005862e+00 0.000000000000000000e+00
-6.250000000000006217e+00 0.000000000000000000e+00
-6.150000000000006573e+00 0.000000000000000000e+00
-6.050000000000006928e+00 0.000000000000000000e+00
-5.950000000000007283e+00 0.000000000000000000e+00
-5.850000000000007638e+00 0.000000000000000000e+00
-5.750000000000007994e+00 0.000000000000000000e+00
-5.650000000000008349e+00 0.000000000000000000e+00
-5.550000000000008704e+00 0.000000000000000000e+00
-5.450000000000009059e+00 0.000000000000000000e+00
-5.350000000000009415e+00 0.000000000000000000e+00
-5.250000000000009770e+00 0.000000000000000000e+00
-5.150000000000010125e+00 8.868166545586664913e-07
-5.050000000000010481e+00 8.868166545586664913e-07
-4.950000000000010836e+00 8.868166545586664913e-07
-4.850000000000011191e+00 1.773633309117332983e-06
-4.750000000000011546e+00 8.868166545586664913e-07
-4.650000000000011902e+00 8.868166545586664913e-07
-4.550000000000012257e+00 7.094533236469331930e-06
-4.450000000000012612e+00 9.754983200145331192e-06
-4.350000000000012967e+00 2.039678305484932824e-05
-4.250000000000013323e+00 2.926494960043599696e-05
-4.150000000000013678e+00 4.611446603705065839e-05
-4.050000000000014033e+00 8.779484880130798751e-05
-3.950000000000014388e+00 1.143993484380679767e-04
-3.850000000000014744e+00 1.924392140392306534e-04
-3.750000000000015099e+00 2.811208794950972932e-04
-3.650000000000015454e+00 4.522764938249198034e-04
-3.550000000000015810e+00 6.988115237922289114e-04
-3.450000000000016165e+00 9.533279036505659578e-04
-3.350000000000016520e+00 1.405604397475485653e-03
-3.250000000000016875e+00 1.997111106066116158e-03
-3.150000000000017231e+00 2.677299480112612599e-03
-3.050000000000017586e+00 3.676741849800229181e-03
-2.950000000000017941e+00 5.134668429894676499e-03
-2.850000000000018296e+00 6.881697239375247910e-03
-2.750000000000018652e+00 9.057945309662215547e-03
-2.650000000000019007e+00 1.201104476934257079e-02
-2.550000000000019362e+00 1.553348052124960132e-02
-2.450000000000019718e+00 1.990814707818770041e-02
-2.350000000000020073e+00 2.589681994642262577e-02
-2.250000000000020428e+00 3.229963619233645888e-02
-2.150000000000020783e+00 4.047963301398596614e-02
-2.050000000000021139e+00 4.953225742372121404e-02
-1.950000000000021272e+00 6.108659161596648179e-02
-1.850000000000021627e+00 7.385941189157427256e-02
-1.750000000000021982e+00 8.805734653105792842e-02
-1.650000000000022338e+00 1.043330925921728131e-01
-1.550000000000022693e+00 1.216162623728666431e-01
-1.450000000000023048e+00 1.413807451530152692e-01
-1.350000000000023404e+00 1.619947982882315451e-01
-1.250000000000023759e+00 1.845997548129324206e-01
-1.150000000000024114e+00 2.069227036414838516e-01
-1.050000000000024469e+00 2.309873603795885577e-01
-9.500000000000248246e-01 2.540720847144053995e-01
-8.500000000000251799e-01 2.778831118893034802e-01
-7.500000000000255351e-01 3.008924568084812012e-01
-6.500000000000258904e-01 3.222106423674160891e-01
-5.500000000000262457e-01 3.403761947193956194e-01
-4.500000000000266565e-01 3.582535316586434870e-01
-3.500000000000270117e-01 3.720994000862681839e-01
-2.500000000000273670e-01 3.840084609403366933e-01
-1.500000000000277223e-01 3.912617343579723461e-01
-5.000000000002806366e-02 3.943904235152554394e-01
4.999999999997158107e-02 3.954900761669081222e-01
1.499999999999712119e-01 3.915836488035771557e-01
2.499999999999708566e-01 3.835260326802569786e-01
3.499999999999705014e-01 3.717295975413171805e-01
4.499999999999701461e-01 3.581568686432968218e-01
5.499999999999698463e-01 3.404435927851421351e-01
6.499999999999694911e-01 3.226079362286584096e-01
7.499999999999691358e-01 3.001714748683250722e-01
8.499999999999687805e-01 2.780569279535969884e-01
9.499999999999684253e-01 2.547079322557239123e-01
1.049999999999968070e+00 2.310068703459889350e-01
1.149999999999967715e+00 2.070007435070851387e-01
1.249999999999967359e+00 1.840845143366339198e-01
1.349999999999967004e+00 1.624009603160194715e-01
1.449999999999966649e+00 1.412202313385401142e-01
1.549999999999966294e+00 1.215045234743921815e-01
1.649999999999965938e+00 1.044403974073744024e-01
1.749999999999965583e+00 8.735321410733840053e-02
1.849999999999965228e+00 7.353927107927861473e-02
1.949999999999964873e+00 6.064584373865081895e-02
2.049999999999964295e+00 4.986037958590794350e-02
2.149999999999963940e+00 4.022955071740040578e-02
2.249999999999963585e+00 3.271200593670624962e-02
2.349999999999963229e+00 2.588972541318615428e-02
2.449999999999962874e+00 2.039057533826764065e-02
2.549999999999962519e+00 1.582613001725397331e-02
2.649999999999962164e+00 1.205627241872506486e-02
2.749999999999961808e+00 9.113814758899409924e-03
2.849999999999961453e+00 6.875489522793336652e-03
2.949999999999961098e+00 4.972380982110440051e-03
3.049999999999960743e+00 3.774291681801682317e-03
3.149999999999960387e+00 2.694148996549227196e-03
3.249999999999960032e+00 1.907542623955690853e-03
3.349999999999959677e+00 1.421567097257541747e-03
3.449999999999959321e+00 1.002989636305851246e-03
3.549999999999958966e+00 6.491497911369436234e-04
3.649999999999958611e+00 4.194642776062491667e-04
3.749999999999958256e+00 2.828945128042146249e-04
3.849999999999957900e+00 1.942128473483479851e-04
3.949999999999957545e+00 1.463247480021799747e-04
4.049999999999957190e+00 8.690803214674932165e-05
4.149999999999956835e+00 5.586944923719598958e-05
4.249999999999956479e+00 3.901993280058132477e-05
4.349999999999956124e+00 2.039678305484932824e-05
4.449999999999955769e+00 1.241543316382133215e-05
4.549999999999955413e+00 7.094533236469331930e-06
4.649999999999955058e+00 4.434083272793332668e-06
4.749999999999954703e+00 2.660449963675999262e-06
4.849999999999954348e+00 1.773633309117332983e-06
4.949999999999953992e+00 1.773633309117332983e-06
5.049999999999953637e+00 8.868166545586664913e-07
5.149999999999953282e+00 0.000000000000000000e+00
5.249999999999952927e+00 0.000000000000000000e+00
5.349999999999952571e+00 0.000000000000000000e+00
5.449999999999952216e+00 0.000000000000000000e+00
5.549999999999951861e+00 0.000000000000000000e+00
5.649999999999951505e+00 0.000000000000000000e+00
5.749999999999951150e+00 0.000000000000000000e+00
5.849999999999950795e+00 0.000000000000000000e+00
5.949999999999950440e+00 0.000000000000000000e+00
6.049999999999950084e+00 0.000000000000000000e+00
6.149999999999949729e+00 0.000000000000000000e+00
6.249999999999949374e+00 0.000000000000000000e+00
6.349999999999949019e+00 0.000000000000000000e+00
6.449999999999948663e+00 0.000000000000000000e+00
6.549999999999948308e+00 0.000000000000000000e+00
6.649999999999947953e+00 0.000000000000000000e+00
6.749999999999947597e+00 0.000000000000000000e+00
6.849999999999947242e+00 0.000000000000000000e+00
6.949999999999946887e+00 0.000000000000000000e+00
7.049999999999946532e+00 0.000000000000000000e+00
7.149999999999946176e+00 0.000000000000000000e+00
7.249999999999945821e+00 0.000000000000000000e+00
7.349999999999945466e+00 0.000000000000000000e+00
7.449999999999945111e+00 0.000000000000000000e+00
7.549999999999944755e+00 0.000000000000000000e+00
7.649999999999944400e+00 0.000000000000000000e+00
7.749999999999944045e+00 0.000000000000000000e+00
7.849999999999943689e+00 0.000000000000000000e+00
7.949999999999943334e+00 0.000000000000000000e+00
