-7.950000000000000178e+00 4.700128269160932425e-05
-7.850000000000000533e+00 5.409581592807865787e-05
-7.750000000000000888e+00 6.296398247366532998e-05
-7.650000000000001243e+00 7.715304894660398368e-05
-7.550000000000001599e+00 7.449259898292798611e-05
-7.450000000000001954e+00 9.488938203777732791e-05
-7.350000000000002309e+00 8.690803214674932165e-05
-7.250000000000002665e+00 1.126257151289506586e-04
-7.150000000000003020e+00 1.303620482201239892e-04
-7.050000000000003375e+00 1.436642980385039771e-04
-6.950000000000003730e+00 1.658347144024706235e-04
-6.850000000000004086e+00 1.977601139665826485e-04
-6.750000000000004441e+00 2.146096304031972998e-04
-6.650000000000004796e+00 2.314591468398119510e-04
-6.550000000000005151e+00 2.580636464765719809e-04
-6.450000000000005507e+00 2.997440292408292762e-04
-6.350000000000005862e+00 3.316694288049412470e-04
-6.250000000000006217e+00 3.733498115691985422e-04
-6.150000000000006573e+00 4.061620277878691789e-04
-6.050000000000006928e+00 4.584842104068304644e-04
-5.950000000000007283e+00 5.054854930984397548e-04
-5.850000000000007638e+00 5.578076757174010945e-04
-5.750000000000007994e+00 6.189980248819489843e-04
-5.650000000000008349e+00 6.757542907737035991e-04
-5.550000000000008704e+00 7.733041227751568433e-04
-5.450000000000009059e+00 8.486835384126434952e-04
-5.350000000000009415e+00 9.435729204504206876e-04
-5.250000000000009770e+00 1.057972268888488637e-03
-5.150000000000010125e+00 1.165277084090087260e-03
-5.050000000000010481e+00 1.301846848892121693e-03
-4.950000000000010836e+00 1.428661630494010857e-03
-4.850000000000011191e+00 1.613119494642213572e-03
-4.750000000000011546e+00 1.738167625743288879e-03
-4.650000000000011902e+00 2.004205639302585051e-03
-4.550000000000012257e+00 2.193104569531884734e-03
-4.450000000000012612e+00 2.418355999789785753e-03
-4.350000000000012967e+00 2.665777846411653690e-03
-4.250000000000013323e+00 2.975304790085842466e-03
-4.150000000000013678e+00 3.319375686437997866e-03
-4.050000000000014033e+00 3.646604049161842036e-03
-3.950000000000014388e+00 4.067834977268904896e-03
-3.850000000000014744e+00 4.459842852625352586e-03
-3.750000000000015099e+00 4.920086730724693158e-03
-3.650000000000015454e+00 5.531976256753565538e-03
-3.550000000000015810e+00 6.100446680750580726e-03
-3.450000000000016165e+00 6.799265187351113439e-03
-3.350000000000016520e+00 7.463539741273679529e-03
-3.250000000000016875e+00 8.441705494060192799e-03
-3.150000000000017231e+00 9.304599047370683967e-03
-3.050000000000017586e+00 1.039359593355211955e-02
-2.950000000000017941e+00 1.181781649796503561e-02
-2.850000000000018296e+00 1.297964407475313622e-02
-2.750000000000018652e+00 1.430806749204880518e-02
-2.650000000000019007e+00 1.634963115577574982e-02
-2.550000000000019362e+00 1.847439498044028960e-02
-2.450000000000019718e+00 2.055772282063118850e-02
-2.350000000000020073e+00 2.317200245580382234e-02
-2.250000000000020428e+00 2.579276213708219662e-02
-2.150000000000020783e+00 2.983399261471449820e-02
-2.050000000000021139e+00 3.333695331426289599e-02
-1.950000000000021272e+00 3.768519692458012493e-02
-1.850000000000021627e+00 4.287411479218579402e-02
-1.750000000000021982e+00 4.855894472270564505e-02
-1.650000000000022338e+00 5.586829009101924870e-02
-1.550000000000022693e+00 6.425314155987150999e-02
-1.450000000000023048e+00 7.391488332073814504e-02
-1.350000000000023404e+00 8.509535795640717215e-02
-1.250000000000023759e+00 9.877498666674719430e-02
-1.150000000000024114e+00 1.154424473252699535e-01
-1.050000000000024469e+00 1.344257842889185484e-01
-9.500000000000248246e-01 1.585344187537186256e-01
-8.500000000000251799e-01 1.868356221005156304e-01
-7.500000000000255351e-01 2.216835922864056618e-01
-6.500000000000258904e-01 2.657087741477819343e-01
-5.500000000000262457e-01 3.196406058056552313e-01
-4.500000000000266565e-01 3.866946216041866058e-01
-3.500000000000270117e-01 4.685437627567560215e-01
-2.500000000000273670e-01 5.683311588682056215e-01
-1.500000000000277223e-01 6.828001119394402352e-01
-5.000000000002806366e-02 7.917945153694194715e-01
4.999999999997158107e-02 7.856552931541591622e-01
1.499999999999712119e-01 6.652930803073411337e-01
2.499999999999708566e-01 5.461936036001180383e-01
3.499999999999705014e-01 4.464996653950006333e-01
4.499999999999701461e-01 3.654244777663792076e-01
5.499999999999698463e-01 2.999204778238518943e-01
6.499999999999694911e-01 2.487605417501804750e-01
7.499999999999691358e-01 2.078058054420250100e-01
8.499999999999687805e-01 1.738864091043492155e-01
9.499999999999684253e-01 1.472034995131478174e-01
1.049999999999968070e+00 1.253327503675309429e-01
1.149999999999967715e+00 1.070811768000591024e-01
1.249999999999967359e+00 9.187465929481805627e-02
1.349999999999967004e+00 7.944622414193583393e-02
1.449999999999966649e+00 6.908491671398013512e-02
1.549999999999966294e+00 5.993968630052314700e-02
1.649999999999965938e+00 5.166982771881453024e-02
1.749999999999965583e+00 4.592319295199942530e-02
1.849999999999965228e+00 4.011603120280856499e-02
1.949999999999964873e+00 3.506641337805167097e-02
2.049999999999964295e+00 3.121030413135638185e-02
2.149999999999963940e+00 2.711853208722253897e-02
2.249999999999963585e+00 2.432319521554556288e-02
2.349999999999963229e+00 2.173275488792147589e-02
2.449999999999962874e+00 1.912281855951368514e-02
2.549999999999962519e+00 1.732957054187142520e-02
2.649999999999962164e+00 1.519667174553319955e-02
2.749999999999961808e+00 1.372635068069983678e-02
2.849999999999961453e+00 1.221162593786381464e-02
2.949999999999961098e+00 1.106766038471634905e-02
3.049999999999960743e+00 9.748894191304577350e-03
3.149999999999960387e+00 8.846945791151984359e-03
3.249999999999960032e+00 7.843076320999876894e-03
3.349999999999959677e+00 7.058257547332065160e-03
3.449999999999959321e+00 6.453413674881537665e-03
3.549999999999958966e+00 5.770571833679668215e-03
3.649999999999958611e+00 5.107198062028268232e-03
3.749999999999958256e+00 4.714352249675386047e-03
3.849999999999957900e+00 4.161851508268730321e-03
3.949999999999957545e+00 3.706928530096741635e-03
4.049999999999957190e+00 3.408965116973333709e-03
4.149999999999956835e+00 3.048889623989300707e-03
4.249999999999956479e+00 2.747364978631050732e-03
4.349999999999956124e+00 2.457389898206974004e-03
4.449999999999955769e+00 2.248967035960777044e-03
4.549999999999955413e+00 2.013960622502730322e-03
4.649999999999955058e+00 1.855220441336729188e-03
4.749999999999954703e+00 1.618440394569565458e-03
4.849999999999954348e+00 1.419807429565031476e-03
4.949999999999953992e+00 1.316035915365060347e-03
5.049999999999953637e+00 1.192768400381405847e-03
5.149999999999953282e+00 1.056198635579371197e-03
5.249999999999952927e+00 1.008310536233203349e-03
5.349999999999952571e+00 8.744012213948447508e-04
5.449999999999952216e+00 8.353812885942634532e-04
5.549999999999951861e+00 7.032456070650222948e-04
5.649999999999951505e+00 6.589047743370888936e-04
5.749999999999951150e+00 5.746571921540156915e-04
5.849999999999950795e+00 5.143536596440264133e-04
5.949999999999950440e+00 4.939568765891771528e-04
6.049999999999950084e+00 4.274456274972771594e-04
6.149999999999949729e+00 3.768970781874332056e-04
6.249999999999949374e+00 3.520662118597905617e-04
6.349999999999949019e+00 3.024044792045052737e-04
6.449999999999948663e+00 2.633845464039239761e-04
6.549999999999948308e+00 2.279118802215772876e-04
6.649999999999947953e+00 1.986469306211413144e-04
6.749999999999947597e+00 1.995337472756999802e-04
6.849999999999947242e+00 1.631742644387946530e-04
6.949999999999946887e+00 1.658347144024706506e-04
7.049999999999946532e+00 1.347961314929173185e-04
7.149999999999946176e+00 1.241543316382133283e-04
7.249999999999945821e+00 9.843664865601199133e-05
7.349999999999945466e+00 8.424758218307331053e-05
7.449999999999945111e+00 8.424758218307331053e-05
7.549999999999944755e+00 6.828488240101732512e-05
7.649999999999944400e+00 6.207716581910665058e-05
7.749999999999944045e+00 6.119034916454799827e-05
7.849999999999943689e+00 4.522764938249199254e-05
7.949999999999943334e+00 4.522764938249198576e-05
