-7.950000000000000178e+00 0.000000000000000000e+00
-7.850000000000000533e+00 0.000000000000000000e+00
-7.750000000000000888e+00 0.000000000000000000e+00
-7.650000000000001243e+00 0.000000000000000000e+00
-7.550000000000001599e+00 0.000000000000000000e+00
-7.450000000000001954e+00 0.000000000000000000e+00
-7.350000000000002309e+00 0.000000000000000000e+00
-7.250000000000002665e+00 0.000000000000000000e+00
-7.150000000000003020e+00 0.000000000000000000e+00
-7.050000000000003375e+00 0.000000000000000000e+00
-6.950000000000003730e+00 0.000000000000000000e+00
-6.850000000000004086e+00 0.000000000000000000e+00
-6.750000000000004441e+00 0.000000000000000000e+00
-6.650000000000004796e+00 0.000000000000000000e+00
-6.550000000000005151e+00 0.000000000000000000e+00
-6.450000000000005507e+00 0.000000000000000000e+00
-6.350000000000005862e+00 0.000000000000000000e+00
-6.250000000000006217e+00 0.000000000000000000e+00
-6.150000000000006573e+00 0.000000000000000000e+00
-6.050000000000006928e+00 0.000000000000000000e+00
-5.950000000000007283e+00 0.000000000000000000e+00
-5.850000000000007638e+00 1.419339718621015373e-07
-5.750000000000007994e+00 1.419339718621015373e-07
-5.650000000000008349e+00 4.258019155863046383e-07
-5.550000000000008704e+00 4.258019155863046383e-07
-5.450000000000009059e+00 5.677358874484061491e-07
-5.350000000000009415e+00 8.516038311726092766e-07
-5.250000000000009770e+00 1.135471774896812298e-06
-5.150000000000010125e+00 2.838679437242030746e-07
-5.050000000000010481e+00 2.696745465379929023e-06
-4.950000000000010836e+00 3.548349296552538723e-06
-4.850000000000011191e+00 4.541887099587249193e-06
-4.750000000000011546e+00 8.941840227312396769e-06
-4.650000000000011902e+00 1.390952924248594996e-05
-4.550000000000012257e+00 1.830948237021110008e-05
-4.450000000000012612e+00 2.625778479448878384e-05
-4.350000000000012967e+00 4.101891786814734520e-05
-4.250000000000013323e+00 5.847679640718584575e-05
-4.150000000000013678e+00 9.580543100691857263e-05
-4.050000000000014033e+00 1.237664234637525962e-04
-3.950000000000014388e+00 1.863593050549394075e-04
-3.850000000000014744e+00 2.675455369600614848e-04
-3.750000000000015099e+00 3.907442245363656813e-04
-3.650000000000015454e+00 5.708584348293716621e-04
-3.550000000000015810e+00 7.962495821463862851e-04
-3.450000000000016165e+00 1.106233376693212516e-03
-3.350000000000016520e+00 1.544667415775239326e-03
-3.250000000000016875e+00 2.137809484186955350e-03
-3.150000000000017231e+00 2.919439867231539421e-03
-3.050000000000017586e+00 3.954848191965566230e-03
-2.950000000000017941e+00 5.333594794634127258e-03
-2.850000000000018296e+00 7.049576514447063180e-03
-2.750000000000018652e+00 9.370338888364197066e-03
-2.650000000000019007e+00 1.222505686442641043e-02
-2.550000000000019362e+00 1.582890234397685281e-02
-2.450000000000019718e+00 2.025681646415972842e-02
-2.350000000000020073e+00 2.558359842814533422e-02
-2.250000000000020428e+00 3.220425047962541254e-02
-2.150000000000020783e+00 4.004042506613016833e-02
-2.050000000000021139e+00 4.949464693186324260e-02
-1.950000000000021272e+00 6.020086836339250125e-02
-1.850000000000021627e+00 7.258333000261021906e-02
-1.750000000000021982e+00 8.690929351853460272e-02
-1.650000000000022338e+00 1.031276626812964170e-01
-1.550000000000022693e+00 1.206599146215865670e-01
-1.450000000000023048e+00 1.400181471098808084e-01
-1.350000000000023404e+00 1.608831506434624525e-01
-1.250000000000023759e+00 1.831425135166169782e-01
-1.150000000000024114e+00 2.061186429476755122e-01
-1.050000000000024469e+00 2.297400042148195209e-01
-9.500000000000248246e-01 2.541793309618058938e-01
-8.500000000000251799e-01 2.778069373237115336e-01
-7.500000000000255351e-01 3.007878925098139700e-01
-6.500000000000258904e-01 3.223993268014191393e-01
-5.500000000000262457e-01 3.415460776716396918e-01
-4.500000000000266565e-01 3.595675760129377618e-01
-3.500000000000270117e-01 3.734798020008855413e-01
-2.500000000000273670e-01 3.850796397192562948e-01
-1.500000000000277223e-01 3.927569901912473793e-01
-5.000000000002806366e-02 3.965242016724101481e-01
4.999999999997158107e-02 3.973073933291448867e-01
1.499999999999712119e-01 3.927887834009442525e-01
2.499999999999708566e-01 3.857651808033502050e-01
3.499999999999705014e-01 3.737626764068067708e-01
4.499999999999701461e-01 3.593058497688241815e-01
5.499999999999698463e-01 3.418120619349095946e-01
6.499999999999694911e-01 3.225425381790278934e-01
7.499999999999691358e-01 3.004551992797692694e-01
8.499999999999687805e-01 2.778478143076078544e-01
9.499999999999684253e-01 2.538249218340662416e-01
1.049999999999968070e+00 2.297258108176333802e-01
1.149999999999967715e+00 2.059522963326530509e-01
1.249999999999967359e+00 1.831531585645066185e-01
1.349999999999967004e+00 1.610222459358872371e-01
1.449999999999966649e+00 1.399886248437336167e-01
1.549999999999966294e+00 1.207066108983291391e-01
1.649999999999965938e+00 1.029231358278431679e-01
1.749999999999965583e+00 8.697784762694395211e-02
1.849999999999965228e+00 7.288877191005736778e-02
1.949999999999964873e+00 6.019064911741839330e-02
2.049999999999964295e+00 4.945462155179811137e-02
2.149999999999963940e+00 4.014744328091411629e-02
2.249999999999963585e+00 3.226386274780748686e-02
2.349999999999963229e+00 2.567386843424963178e-02
2.449999999999962874e+00 2.023382316071806186e-02
2.549999999999962519e+00 1.578745762419309431e-02
2.649999999999962164e+00 1.228736587807386163e-02
2.749999999999961808e+00 9.344223037541572741e-03
2.849999999999961453e+00 7.166672041233307366e-03
2.949999999999961098e+00 5.327633567815917570e-03
3.049999999999960743e+00 3.926745265536867383e-03
3.149999999999960387e+00 2.931220386896093294e-03
3.249999999999960032e+00 2.113112973082949611e-03
3.349999999999959677e+00 1.535867509519788995e-03
3.449999999999959321e+00 1.108646254214868364e-03
3.549999999999958966e+00 8.007914692459735910e-04
3.649999999999958611e+00 5.448845179786073085e-04
3.749999999999958256e+00 3.927313001424351073e-04
3.849999999999957900e+00 2.745003015813044758e-04
3.949999999999957545e+00 1.869270409423878072e-04
4.049999999999957190e+00 1.239083574356146826e-04
4.149999999999956835e+00 7.962495821463899171e-05
4.249999999999956479e+00 6.188321173187627099e-05
4.349999999999956124e+00 3.860604034649162619e-05
4.449999999999955769e+00 2.838679437242030640e-05
4.549999999999955413e+00 1.887721825765950316e-05
4.649999999999955058e+00 9.651510086622903158e-06
4.749999999999954703e+00 7.238632564967178216e-06
4.849999999999954348e+00 4.116085184000945190e-06
4.949999999999953992e+00 3.122547380966233873e-06
5.049999999999953637e+00 1.703207662345218553e-06
5.149999999999953282e+00 1.419339718621015320e-06
5.249999999999952927e+00 9.935378030347106815e-07
5.349999999999952571e+00 7.096698593105076599e-07
5.449999999999952216e+00 5.677358874484061491e-07
5.549999999999951861e+00 2.838679437242030746e-07
5.649999999999951505e+00 0.000000000000000000e+00
5.749999999999951150e+00 1.419339718621015373e-07
5.849999999999950795e+00 1.419339718621015373e-07
5.949999999999950440e+00 1.419339718621015373e-07
6.049999999999950084e+00 0.000000000000000000e+00
6.149999999999949729e+00 0.000000000000000000e+00
6.249999999999949374e+00 0.000000000000000000e+00
6.349999999999949019e+00 0.000000000000000000e+00
6.449999999999948663e+00 0.000000000000000000e+00
6.549999999999948308e+00 0.000000000000000000e+00
6.649999999999947953e+00 0.000000000000000000e+00
6.749999999999947597e+00 0.000000000000000000e+00
6.849999999999947242e+00 0.000000000000000000e+00
6.949999999999946887e+00 0.000000000000000000e+00
7.049999999999946532e+00 0.000000000000000000e+00
7.149999999999946176e+00 0.000000000000000000e+00
7.249999999999945821e+00 0.000000000000000000e+00
7.349999999999945466e+00 0.000000000000000000e+00
7.449999999999945111e+00 0.000000000000000000e+00
7.549999999999944755e+00 0.000000000000000000e+00
7.649999999999944400e+00 0.000000000000000000e+00
7.749999999999944045e+00 0.000000000000000000e+00
7.849999999999943689e+00 0.000000000000000000e+00
7.949999999999943334e+00 0.000000000000000000e+00
