-7.950000000000000178e+00 0.000000000000000000e+00
-7.850000000000000533e+00 0.000000000000000000e+00
-7.750000000000000888e+00 0.000000000000000000e+00
-7.650000000000001243e+00 0.000000000000000000e+00
-7.550000000000001599e+00 0.000000000000000000e+00
-7.450000000000001954e+00 0.000000000000000000e+00
-7.350000000000002309e+00 0.000000000000000000e+00
-7.250000000000002665e+00 0.000000000000000000e+00
-7.150000000000003020e+00 0.000000000000000000e+00
-7.050000000000003375e+00 0.000000000000000000e+00
-6.950000000000003730e+00 0.000000000000000000e+00
-6.850000000000004086e+00 0.000000000000000000e+00
-6.750000000000004441e+00 0.000000000000000000e+00
-6.650000000000004796e+00 0.000000000000000000e+00
-6.550000000000005151e+00 0.000000000000000000e+00
-6.450000000000005507e+00 0.000000000000000000e+00
-6.350000000000005862e+00 0.000000000000000000e+00
-6.250000000000006217e+00 0.000000000000000000e+00
-6.150000000000006573e+00 0.000000000000000000e+00
-6.050000000000006928e+00 0.000000000000000000e+00
-5.950000000000007283e+00 0.000000000000000000e+00
-5.850000000000007638e+00 0.000000000000000000e+00
-5.750000000000007994e+00 0.000000000000000000e+00
-5.650000000000008349e+00 0.000000000000000000e+00
-5.550000000000008704e+00 0.000000000000000000e+00
-5.450000000000009059e+00 0.000000000000000000e+00
-5.350000000000009415e+00 0.000000000000000000e+00
-5.250000000000009770e+00 0.000000000000000000e+00
-5.150000000000010125e+00 0.000000000000000000e+00
-5.050000000000010481e+00 0.000000000000000000e+00
-4.950000000000010836e+00 0.000000000000000000e+00
-4.850000000000011191e+00 6.742255632267459258e-05
-4.750000000000011546e+00 8.693961210029090632e-05
-4.650000000000011902e+00 9.669813998909906319e-05
-4.550000000000012257e+00 2.058162245639539895e-04
-4.450000000000012612e+00 2.226718636446226105e-04
-4.350000000000012967e+00 4.763935887536372370e-04
-4.250000000000013323e+00 4.054224768350300745e-04
-4.150000000000013678e+00 3.983253656431695426e-04
-4.050000000000014033e+00 7.868922033975322972e-04
-3.950000000000014388e+00 8.977845657703509199e-04
-3.850000000000014744e+00 1.313852709393173879e-03
-3.750000000000015099e+00 1.344902570857560908e-03
-3.650000000000015454e+00 1.429180766260905802e-03
-3.550000000000015810e+00 2.523910167605392975e-03
-3.450000000000016165e+00 2.694240836210041838e-03
-3.350000000000016520e+00 3.475810206213679997e-03
-3.250000000000016875e+00 4.283993743186800124e-03
-3.150000000000017231e+00 5.146292752997863942e-03
-3.050000000000017586e+00 6.396271461664302521e-03
-2.950000000000017941e+00 8.735656738281333267e-03
-2.850000000000018296e+00 1.136070074037076952e-02
-2.750000000000018652e+00 1.308175020439695732e-02
-2.650000000000019007e+00 1.570590706758740601e-02
-2.550000000000019362e+00 1.878339190815795159e-02
-2.450000000000019718e+00 2.140843591024738438e-02
-2.350000000000020073e+00 2.606325371320893092e-02
-2.250000000000020428e+00 3.312487934911022280e-02
-2.150000000000020783e+00 3.657496252725343094e-02
-2.050000000000021139e+00 4.251701887263868718e-02
-1.950000000000021272e+00 4.873941111010241661e-02
-1.850000000000021627e+00 5.915353464525854865e-02
-1.750000000000021982e+00 7.680671159611132670e-02
-1.650000000000022338e+00 9.182774743368310455e-02
-1.550000000000022693e+00 1.078077804210552798e-01
-1.450000000000023048e+00 1.274295185887510118e-01
-1.350000000000023404e+00 1.388487704964540548e-01
-1.250000000000023759e+00 1.655862497728882721e-01
-1.150000000000024114e+00 1.850261244662929905e-01
-1.050000000000024469e+00 2.137907161269031464e-01
-9.500000000000248246e-01 2.338764279387680611e-01
-8.500000000000251799e-01 2.728129542151116471e-01
-7.500000000000255351e-01 2.978701924168748461e-01
-6.500000000000258904e-01 3.226541918377497931e-01
-5.500000000000262457e-01 3.479802331259048143e-01
-4.500000000000266565e-01 3.809276846952197038e-01
-3.500000000000270117e-01 4.013052652048501034e-01
-2.500000000000273670e-01 4.089018355968388474e-01
-1.500000000000277223e-01 4.322468957235657827e-01
-5.000000000002806366e-02 4.312293474064327059e-01
4.999999999997158107e-02 4.331216146779617304e-01
1.499999999999712119e-01 4.253014852834297033e-01
2.499999999999708566e-01 4.155748943949856278e-01
3.499999999999705014e-01 4.071816732717099541e-01
4.499999999999701461e-01 3.749652241551567622e-01
5.499999999999698463e-01 3.480006373205818404e-01
6.499999999999694911e-01 3.239423175190730975e-01
7.499999999999691358e-01 2.919804772665290371e-01
8.499999999999687805e-01 2.592743274777393192e-01
9.499999999999684253e-01 2.356223172919658104e-01
1.049999999999968070e+00 2.120244225790299253e-01
1.149999999999967715e+00 1.872031633243962934e-01
1.249999999999967359e+00 1.641047278115875807e-01
1.349999999999967004e+00 1.437688428302106303e-01
1.449999999999966649e+00 1.251903800077188156e-01
1.549999999999966294e+00 1.076977751975815856e-01
1.649999999999965938e+00 9.335096492323624595e-02
1.749999999999965583e+00 7.543342058048657650e-02
1.849999999999965228e+00 6.183003270348880198e-02
1.949999999999964873e+00 5.513834398846360896e-02
2.049999999999964295e+00 4.388764847156678001e-02
2.149999999999963940e+00 3.664948219476797664e-02
2.249999999999963585e+00 2.979899561682455150e-02
2.349999999999963229e+00 2.532426701035645628e-02
2.449999999999962874e+00 2.161602641260929394e-02
2.549999999999962519e+00 1.807545506676985769e-02
2.649999999999962164e+00 1.618939776753291343e-02
2.749999999999961808e+00 1.237115194631191462e-02
2.849999999999961453e+00 1.089583995730390026e-02
2.949999999999961098e+00 8.575971736464474415e-03
3.049999999999960743e+00 5.723820176235510683e-03
3.149999999999960387e+00 4.929830861646109993e-03
3.249999999999960032e+00 3.551217012627199375e-03
3.349999999999959677e+00 2.925784088844488907e-03
3.449999999999959321e+00 2.892959949582134781e-03
3.549999999999958966e+00 1.790246298146809436e-03
3.649999999999958611e+00 1.624351324037070186e-03
3.749999999999958256e+00 1.900251521620649389e-03
3.849999999999957900e+00 1.819521881813235004e-03
3.949999999999957545e+00 1.002466955850293048e-03
4.049999999999957190e+00 7.904407589934610723e-04
4.149999999999956835e+00 9.306087050327074318e-04
4.249999999999956479e+00 6.547085074491303981e-04
4.349999999999956124e+00 3.291285315225301830e-04
4.449999999999955769e+00 1.437165016351748094e-04
4.549999999999955413e+00 1.880734465843027952e-04
4.649999999999955058e+00 1.490393350290701406e-04
4.749999999999954703e+00 1.100052234738374589e-04
4.849999999999954348e+00 2.217847247456401999e-05
4.949999999999953992e+00 0.000000000000000000e+00
5.049999999999953637e+00 0.000000000000000000e+00
5.149999999999953282e+00 0.000000000000000000e+00
5.249999999999952927e+00 0.000000000000000000e+00
5.349999999999952571e+00 0.000000000000000000e+00
5.449999999999952216e+00 0.000000000000000000e+00
5.549999999999951861e+00 0.000000000000000000e+00
5.649999999999951505e+00 0.000000000000000000e+00
5.749999999999951150e+00 0.000000000000000000e+00
5.849999999999950795e+00 0.000000000000000000e+00
5.949999999999950440e+00 0.000000000000000000e+00
6.049999999999950084e+00 0.000000000000000000e+00
6.149999999999949729e+00 0.000000000000000000e+00
6.249999999999949374e+00 0.000000000000000000e+00
6.349999999999949019e+00 0.000000000000000000e+00
6.449999999999948663e+00 0.000000000000000000e+00
6.549999999999948308e+00 0.000000000000000000e+00
6.649999999999947953e+00 0.000000000000000000e+00
6.749999999999947597e+00 0.000000000000000000e+00
6.849999999999947242e+00 0.000000000000000000e+00
6.949999999999946887e+00 0.000000000000000000e+00
7.049999999999946532e+00 0.000000000000000000e+00
7.149999999999946176e+00 0.000000000000000000e+00
7.249999999999945821e+00 0.000000000000000000e+00
7.349999999999945466e+00 0.000000000000000000e+00
7.449999999999945111e+00 0.000000000000000000e+00
7.549999999999944755e+00 0.000000000000000000e+00
7.649999999999944400e+00 0.000000000000000000e+00
7.749999999999944045e+00 0.000000000000000000e+00
7.849999999999943689e+00 0.000000000000000000e+00
7.949999999999943334e+00 0.000000000000000000e+00
