-7.950000000000000178e+00 1.703207662345218553e-06
-7.850000000000000533e+00 2.696745465379929023e-06
-7.750000000000000888e+00 2.129009577931522980e-06
-7.650000000000001243e+00 2.554811493517827830e-06
-7.550000000000001599e+00 2.270943549793624596e-06
-7.450000000000001954e+00 5.109622987035654813e-06
-7.350000000000002309e+00 6.670896677518772596e-06
-7.250000000000002665e+00 7.806368452415583835e-06
-7.150000000000003020e+00 1.021924597407130963e-05
-7.050000000000003375e+00 1.178051966455442741e-05
-6.950000000000003730e+00 1.334179335503754519e-05
-6.850000000000004086e+00 1.802561442648689685e-05
-6.750000000000004441e+00 2.214169961048783865e-05
-6.650000000000004796e+00 3.051580395035183234e-05
-6.550000000000005151e+00 3.633509679669800032e-05
-6.450000000000005507e+00 3.605122885297380047e-05
-6.350000000000005862e+00 5.421877725132279386e-05
-6.250000000000006217e+00 6.018000406953105837e-05
-6.150000000000006573e+00 7.011538209987817493e-05
-6.050000000000006928e+00 8.388297737050201650e-05
-5.950000000000007283e+00 1.007731200220921241e-04
-5.850000000000007638e+00 1.125536396866465532e-04
-5.750000000000007994e+00 1.508758120894139660e-04
-5.650000000000008349e+00 1.673401528254177739e-04
-5.550000000000008704e+00 2.097784104121861522e-04
-5.450000000000009059e+00 2.381652047846064891e-04
-5.350000000000009415e+00 2.824486040055821799e-04
-5.250000000000009770e+00 3.297126166356619827e-04
-5.150000000000010125e+00 3.965635173827117103e-04
-5.050000000000010481e+00 4.771820134003851169e-04
-4.950000000000010836e+00 5.490006031626079759e-04
-4.850000000000011191e+00 6.543156102842863624e-04
-4.750000000000011546e+00 7.526758527847215953e-04
-4.650000000000011902e+00 8.775777480233696356e-04
-4.550000000000012257e+00 1.019085917969883353e-03
-4.450000000000012612e+00 1.208000034518338364e-03
-4.350000000000012967e+00 1.415365567408866229e-03
-4.250000000000013323e+00 1.628266525202016167e-03
-4.150000000000013678e+00 1.888005693709659052e-03
-4.050000000000014033e+00 2.176415524533446312e-03
-3.950000000000014388e+00 2.552256682024287016e-03
-3.850000000000014744e+00 2.925968829937195502e-03
-3.750000000000015099e+00 3.437924666443790966e-03
-3.650000000000015454e+00 3.984370458112887134e-03
-3.550000000000015810e+00 4.542596769446571869e-03
-3.450000000000016165e+00 5.309040217501980949e-03
-3.350000000000016520e+00 6.110967158522916283e-03
-3.250000000000016875e+00 7.093434111752458006e-03
-3.150000000000017231e+00 8.192429973471054838e-03
-3.050000000000017586e+00 9.453087511550125818e-03
-2.950000000000017941e+00 1.103891466157492021e-02
-2.850000000000018296e+00 1.255761151327026807e-02
-2.750000000000018652e+00 1.453120115683198890e-02
-2.650000000000019007e+00 1.681861128254247967e-02
-2.550000000000019362e+00 1.925788852296504705e-02
-2.450000000000019718e+00 2.219251420759607574e-02
-2.350000000000020073e+00 2.564094757590994547e-02
-2.250000000000020428e+00 2.951389427816000083e-02
-2.150000000000020783e+00 3.419956719678494961e-02
-2.050000000000021139e+00 3.936539938944776107e-02
-1.950000000000021272e+00 4.540837682267649666e-02
-1.850000000000021627e+00 5.232410960165653768e-02
-1.750000000000021982e+00 6.048291351728897480e-02
-1.650000000000022338e+00 6.977958755666363588e-02
-1.550000000000022693e+00 8.057155051827857850e-02
-1.450000000000023048e+00 9.322950934965135161e-02
-1.350000000000023404e+00 1.074511547490290125e-01
-1.250000000000023759e+00 1.242080437528433057e-01
-1.150000000000024114e+00 1.433467300912443232e-01
-1.050000000000024469e+00 1.659436130670770559e-01
-9.500000000000248246e-01 1.914650622969826244e-01
-8.500000000000251799e-01 2.215212974575208327e-01
-7.500000000000255351e-01 2.556849989454382244e-01
-6.500000000000258904e-01 2.943961084291689123e-01
-5.500000000000262457e-01 3.388969951986386397e-01
-4.500000000000266565e-01 3.881662532183537961e-01
-3.500000000000270117e-01 4.422847915578178024e-01
-2.500000000000273670e-01 4.980330939935270762e-01
-1.500000000000277223e-01 5.494168519159653430e-01
-5.000000000002806366e-02 5.840616928046646894e-01
4.999999999997158107e-02 5.840174060526721611e-01
1.499999999999712119e-01 5.500490224738683320e-01
2.499999999999708566e-01 4.973762448059653174e-01
3.499999999999705014e-01 4.416244834281861098e-01
4.499999999999701461e-01 3.883130475905594015e-01
5.499999999999698463e-01 3.387666830486141256e-01
6.499999999999694911e-01 2.942143111278394674e-01
7.499999999999691358e-01 2.554757592135651345e-01
8.499999999999687805e-01 2.213308522422207936e-01
9.499999999999684253e-01 1.914920498682625150e-01
1.049999999999968070e+00 1.659832148804073482e-01
1.149999999999967715e+00 1.435218587310770344e-01
1.249999999999967359e+00 1.242511771516150998e-01
1.349999999999967004e+00 1.075391638698964814e-01
1.449999999999966649e+00 9.303960393048057997e-02
1.549999999999966294e+00 8.051760666824830937e-02
1.649999999999965938e+00 6.957122401560875136e-02
1.749999999999965583e+00 6.062157518466597395e-02
1.849999999999965228e+00 5.239252401127474784e-02
1.949999999999964873e+00 4.549439439757660408e-02
2.049999999999964295e+00 3.941209678378067988e-02
2.149999999999963940e+00 3.413768286746274305e-02
2.249999999999963585e+00 2.953135774465070681e-02
2.349999999999963229e+00 2.564137114264487122e-02
2.449999999999962874e+00 2.231855492738066271e-02
2.549999999999962519e+00 1.924710154110353261e-02
2.649999999999962164e+00 1.672124346025471650e-02
2.749999999999961808e+00 1.455831166304798197e-02
2.849999999999961453e+00 1.255605135717011850e-02
2.949999999999961098e+00 1.092480421855911675e-02
3.049999999999960743e+00 9.394614067913935676e-03
3.149999999999960387e+00 8.192288039499191071e-03
3.249999999999960032e+00 7.119551080165415109e-03
3.349999999999959677e+00 6.111392960438503247e-03
3.449999999999959321e+00 5.332033520943643169e-03
3.549999999999958966e+00 4.577938328440238694e-03
3.649999999999958611e+00 3.955841729768602190e-03
3.749999999999958256e+00 3.427563486497857415e-03
3.849999999999957900e+00 2.954213690337753780e-03
3.949999999999957545e+00 2.533521397738489229e-03
4.049999999999957190e+00 2.197563686340899079e-03
4.149999999999956835e+00 1.893966920527867439e-03
4.249999999999956479e+00 1.602434542323114171e-03
4.349999999999956124e+00 1.417352643014935763e-03
4.449999999999955769e+00 1.217367676661236823e-03
4.549999999999955413e+00 1.058117760231960629e-03
4.649999999999955058e+00 8.879389279693028622e-04
4.749999999999954703e+00 7.631789667025170708e-04
4.849999999999954348e+00 6.585736294401493872e-04
4.949999999999953992e+00 5.569489055868856800e-04
5.049999999999953637e+00 4.662530975670033280e-04
5.149999999999953282e+00 3.930151680861591174e-04
5.249999999999952927e+00 3.416350702720785388e-04
5.349999999999952571e+00 3.031709638974490126e-04
5.449999999999952216e+00 2.495199225335746184e-04
5.549999999999951861e+00 2.099203443840482657e-04
5.649999999999951505e+00 1.819593519272142421e-04
5.749999999999951150e+00 1.508758120894139931e-04
5.849999999999950795e+00 1.246180272949251686e-04
5.949999999999950440e+00 1.037537334311962496e-04
6.049999999999950084e+00 8.217976970815680387e-05
6.149999999999949729e+00 7.281212756525810056e-05
6.249999999999949374e+00 5.876066435091004559e-05
6.349999999999949019e+00 5.180589972966706807e-05
6.449999999999948663e+00 3.931571020580213258e-05
6.549999999999948308e+00 3.505769104993908069e-05
6.649999999999947953e+00 3.136740778152444204e-05
6.749999999999947597e+00 2.370297330097095813e-05
6.849999999999947242e+00 2.058042592000472256e-05
6.949999999999946887e+00 1.263212349572703711e-05
7.049999999999946532e+00 1.291599143945124034e-05
7.149999999999946176e+00 8.516038311726093613e-06
7.249999999999945821e+00 6.245094761932466899e-06
7.349999999999945466e+00 5.961226818208264513e-06
7.449999999999945111e+00 5.251556958897756429e-06
7.549999999999944755e+00 2.980613409104132256e-06
7.649999999999944400e+00 3.974151212138842726e-06
7.749999999999944045e+00 2.696745465379929023e-06
7.849999999999943689e+00 1.277405746758913915e-06
7.949999999999943334e+00 8.516038311726092766e-07
