-7.950000000000000178e+00 4.373594771984024411e-04
-7.850000000000000533e+00 3.832440043604662849e-04
-7.750000000000000888e+00 4.018739212391000525e-04
-7.650000000000001243e+00 4.950235056322689446e-04
-7.550000000000001599e+00 4.488922828851757310e-04
-7.450000000000001954e+00 5.003463390261642758e-04
-7.350000000000002309e+00 4.861521166424433204e-04
-7.250000000000002665e+00 6.094644236010192699e-04
-7.150000000000003020e+00 6.893069245094496714e-04
-7.050000000000003375e+00 6.689027298328508115e-04
-6.950000000000003730e+00 5.934959234193331679e-04
-6.850000000000004086e+00 7.035011468931706268e-04
-6.750000000000004441e+00 6.431757017623565120e-04
-6.650000000000004796e+00 6.866455078125019516e-04
-6.550000000000005151e+00 8.037478424781998882e-04
-6.450000000000005507e+00 9.146402048510198120e-04
-6.350000000000005862e+00 9.474643441133745892e-04
-6.250000000000006217e+00 1.026419706122822526e-03
-6.150000000000006573e+00 1.235784486282706564e-03
-6.050000000000006928e+00 1.359983932140265087e-03
-5.950000000000007283e+00 1.218928847202037889e-03
-5.850000000000007638e+00 1.347563987554509062e-03
-5.750000000000007994e+00 1.389259515806689355e-03
-5.650000000000008349e+00 1.336918320766718182e-03
-5.550000000000008704e+00 1.585345153864480125e-03
-5.450000000000009059e+00 1.777854294943695705e-03
-5.350000000000009415e+00 1.752204105675475576e-03
-5.250000000000009770e+00 1.862307123988570824e-03
-5.150000000000010125e+00 2.015907889734456625e-03
-5.050000000000010481e+00 2.061026237360664200e-03
-4.950000000000010836e+00 2.532069051337758770e-03
-4.850000000000011191e+00 2.639503667608245670e-03
-4.750000000000011546e+00 2.809981028471784416e-03
-4.650000000000011902e+00 2.943904075489844202e-03
-4.550000000000012257e+00 3.348474340154199667e-03
-4.450000000000012612e+00 3.422099883424091753e-03
-4.350000000000012967e+00 3.501956355023844603e-03
-4.250000000000013323e+00 3.765695065811132478e-03
-4.150000000000013678e+00 4.123114247261850523e-03
-4.050000000000014033e+00 4.339031281652016084e-03
-3.950000000000014388e+00 4.667265688929906481e-03
-3.850000000000014744e+00 5.017755407484633320e-03
-3.750000000000015099e+00 5.322854349932364462e-03
-3.650000000000015454e+00 5.884378346260024997e-03
-3.550000000000015810e+00 6.140209645758747461e-03
-3.450000000000016165e+00 6.553274090747223529e-03
-3.350000000000016520e+00 7.138694954582122665e-03
-3.250000000000016875e+00 7.724367290860829557e-03
-3.150000000000017231e+00 8.461391111582493643e-03
-3.050000000000017586e+00 9.361159515520661722e-03
-2.950000000000017941e+00 1.042747951606072879e-02
-2.850000000000018296e+00 1.114924734185815391e-02
-2.750000000000018652e+00 1.217649830411468570e-02
-2.650000000000019007e+00 1.325382720941692925e-02
-2.550000000000019362e+00 1.425357686580499758e-02
-2.450000000000019718e+00 1.553108482172254647e-02
-2.350000000000020073e+00 1.709606769298441242e-02
-2.250000000000020428e+00 1.902062123216067754e-02
-2.150000000000020783e+00 2.037122384507786266e-02
-2.050000000000021139e+00 2.241373891643616209e-02
-1.950000000000021272e+00 2.530685952896854010e-02
-1.850000000000021627e+00 2.886774425999098434e-02
-1.750000000000021982e+00 3.238509631685233814e-02
-1.650000000000022338e+00 3.657900704239130940e-02
-1.550000000000022693e+00 4.074678558981144338e-02
-1.450000000000023048e+00 4.682018040432008726e-02
-1.350000000000023404e+00 5.330916137360086626e-02
-1.250000000000023759e+00 6.035140267529188335e-02
-1.150000000000024114e+00 7.028779143532710993e-02
-1.050000000000024469e+00 8.156258639475449934e-02
-9.500000000000248246e-01 9.700388856869154863e-02
-8.500000000000251799e-01 1.156729652951014736e-01
-7.500000000000255351e-01 1.402498282610823432e-01
-6.500000000000258904e-01 1.711921782703982875e-01
-5.500000000000262457e-01 2.191093164013283023e-01
-4.500000000000266565e-01 2.832807042489096094e-01
-3.500000000000270117e-01 3.787113602531171908e-01
-2.500000000000273670e-01 5.360753622231455573e-01
-1.500000000000277223e-01 8.279389956128035966e-01
-5.000000000002806366e-02 1.512467028609661313e+00
4.999999999997158107e-02 1.516987385493988816e+00
1.499999999999712119e-01 8.344551076646338217e-01
2.499999999999708566e-01 5.339105756613324871e-01
3.499999999999705014e-01 3.723062104171170894e-01
4.499999999999701461e-01 2.767274650848904338e-01
5.499999999999698463e-01 2.119582084875058503e-01
6.499999999999694911e-01 1.655491226606984057e-01
7.499999999999691358e-01 1.327074641514265074e-01
8.499999999999687805e-01 1.111730195907963542e-01
9.499999999999684253e-01 9.222156026602924828e-02
1.049999999999968070e+00 7.794553249927003991e-02
1.149999999999967715e+00 6.689124394633216841e-02
1.249999999999967359e+00 5.682904212559154733e-02
1.349999999999967004e+00 5.007730039391611321e-02
1.449999999999966649e+00 4.281338613300982726e-02
1.549999999999966294e+00 3.762108090814107048e-02
1.649999999999965938e+00 3.350787886637253410e-02
1.749999999999965583e+00 3.023792679679673800e-02
1.849999999999965228e+00 2.665097974111205539e-02
1.949999999999964873e+00 2.378765162782504189e-02
2.049999999999964295e+00 2.168189123684950703e-02
2.149999999999963940e+00 1.917065248627364965e-02
2.249999999999963585e+00 1.735039714316596177e-02
2.349999999999963229e+00 1.597186013294931914e-02
2.449999999999962874e+00 1.454258855719479937e-02
2.549999999999962519e+00 1.306441257646565740e-02
2.649999999999962164e+00 1.213110752800768480e-02
2.749999999999961808e+00 1.073502332948990737e-02
2.849999999999961453e+00 9.887170014506372479e-03
2.949999999999961098e+00 9.285543148737303992e-03
3.049999999999960743e+00 8.509268670744907920e-03
3.149999999999960387e+00 7.812319778082009274e-03
3.249999999999960032e+00 7.439190554239069608e-03
3.349999999999959677e+00 6.801896513523503218e-03
3.449999999999959321e+00 6.524277920907249097e-03
3.549999999999958966e+00 5.696612254884816581e-03
3.649999999999958611e+00 5.143708175103175323e-03
3.749999999999958256e+00 4.893744565959928447e-03
3.849999999999957900e+00 4.573997353660494772e-03
3.949999999999957545e+00 4.262464907858726226e-03
4.049999999999957190e+00 3.998230237529484983e-03
4.149999999999956835e+00 3.681458782481758941e-03
4.249999999999956479e+00 3.552823642129287335e-03
4.349999999999956124e+00 3.191737154206400300e-03
4.449999999999955769e+00 3.025136660184869764e-03
4.549999999999955413e+00 2.822352075637911059e-03
4.649999999999955058e+00 2.714107159270716298e-03
4.749999999999954703e+00 2.498434611978696783e-03
4.849999999999954348e+00 2.503743474681270967e-03
4.949999999999953992e+00 2.145381271566282506e-03
5.049999999999953637e+00 1.998968426505852609e-03
5.149999999999953282e+00 1.905825827458345213e-03
5.249999999999952927e+00 1.741677189763926646e-03
5.349999999999952571e+00 1.512760427098119604e-03
5.449999999999952216e+00 1.423243222448816563e-03
5.549999999999951861e+00 1.349561796413635117e-03
5.649999999999951505e+00 1.349568781759296395e-03
5.749999999999951150e+00 1.310401948636499532e-03
5.849999999999950795e+00 1.221716000120888620e-03
5.949999999999950440e+00 1.129439583935379961e-03
6.049999999999950084e+00 1.124123735887145800e-03
6.149999999999949729e+00 9.847660899446096863e-04
6.249999999999949374e+00 9.049235890361793933e-04
6.349999999999949019e+00 8.481327288099730147e-04
6.449999999999948663e+00 7.558772686614479742e-04
6.549999999999948308e+00 6.281222818622980968e-04
6.649999999999947953e+00 5.704582534284317018e-04
6.749999999999947597e+00 5.544757825554230430e-04
6.849999999999947242e+00 5.588975063590133525e-04
6.949999999999946887e+00 4.701836164607572184e-04
7.049999999999946532e+00 4.959106445312515179e-04
7.149999999999946176e+00 4.772807276526176961e-04
7.249999999999945821e+00 4.409080327943327342e-04
7.349999999999945466e+00 3.788083098655534728e-04
7.449999999999945111e+00 4.249395326126466322e-04
7.549999999999944755e+00 3.921153933502919634e-04
7.649999999999944400e+00 3.610655318859023327e-04
7.749999999999944045e+00 3.947768100472395748e-04
7.849999999999943689e+00 3.113857535428788802e-04
7.949999999999943334e+00 3.184828647347393580e-04
