-7.950000000000000178e+00 8.871388989825612401e-06
-7.850000000000000533e+00 1.064566678779073522e-05
-7.750000000000000888e+00 1.419422238372097916e-05
-7.650000000000001243e+00 1.685563908066866170e-05
-7.550000000000001599e+00 2.750130586845939861e-05
-7.450000000000001954e+00 2.040419467659891072e-05
-7.350000000000002309e+00 2.040419467659890734e-05
-7.250000000000002665e+00 1.774277797965122480e-05
-7.150000000000003020e+00 2.750130586845939861e-05
-7.050000000000003375e+00 2.572702807049427918e-05
-6.950000000000003730e+00 2.483988917151171608e-05
-6.850000000000004086e+00 2.927558366642451804e-05
-6.750000000000004441e+00 3.282413926235476368e-05
-6.650000000000004796e+00 3.992125045421525496e-05
-6.550000000000005151e+00 4.613122274709318652e-05
-6.450000000000005507e+00 4.790550054505830595e-05
-6.350000000000005862e+00 5.234119503997111808e-05
-6.250000000000006217e+00 5.588975063590135694e-05
-6.150000000000006573e+00 7.097111191860489921e-05
-6.050000000000006928e+00 7.629394531250025750e-05
-5.950000000000007283e+00 8.693961210029100119e-05
-5.850000000000007638e+00 8.605247320130844147e-05
-5.750000000000007994e+00 1.117795012718027139e-04
-5.650000000000008349e+00 1.197637513626457649e-04
-5.550000000000008704e+00 1.339579737463667474e-04
-5.450000000000009059e+00 1.552493073219482077e-04
-5.350000000000009415e+00 2.120261968568321379e-04
-5.250000000000009770e+00 2.333175304324136253e-04
-5.150000000000010125e+00 2.625931140988381094e-04
-5.050000000000010481e+00 2.874330032703498357e-04
-4.950000000000010836e+00 3.450970317042163392e-04
-4.850000000000011191e+00 3.788083098655536354e-04
-4.750000000000011546e+00 4.551022551780539065e-04
-4.650000000000011902e+00 5.518003951671529832e-04
-4.550000000000012257e+00 6.236586459847403337e-04
-4.450000000000012612e+00 7.780208144077056971e-04
-4.350000000000012967e+00 9.084302325581420159e-04
-4.250000000000013323e+00 9.935955668604677486e-04
-4.150000000000013678e+00 1.241994458575584577e-03
-4.050000000000014033e+00 1.493054766987648909e-03
-3.950000000000014388e+00 1.717507893775897972e-03
-3.850000000000014744e+00 2.000498217205673012e-03
-3.750000000000015099e+00 2.355360762144358393e-03
-3.650000000000015454e+00 2.827311671057418721e-03
-3.550000000000015810e+00 3.362256427143903246e-03
-3.450000000000016165e+00 3.977043684138819798e-03
-3.350000000000016520e+00 4.813622651225044416e-03
-3.250000000000016875e+00 5.679470216632035058e-03
-3.150000000000017231e+00 6.814113883085083472e-03
-3.050000000000017586e+00 8.185651576949122543e-03
-2.950000000000017941e+00 9.762104385786816302e-03
-2.850000000000018296e+00 1.136693865404628939e-02
-2.750000000000018652e+00 1.360250073809972718e-02
-2.650000000000019007e+00 1.580619567524640598e-02
-2.550000000000019362e+00 1.869560008388698041e-02
-2.450000000000019718e+00 2.216253191576521286e-02
-2.350000000000020073e+00 2.623894214193579419e-02
-2.250000000000020428e+00 3.039523678108877608e-02
-2.150000000000020783e+00 3.595407706349621618e-02
-2.050000000000021139e+00 4.150842576864345601e-02
-1.950000000000021272e+00 4.920435571731726632e-02
-1.850000000000021627e+00 5.743441313663520675e-02
-1.750000000000021982e+00 6.656931730618656506e-02
-1.650000000000022338e+00 7.797614926930328261e-02
-1.550000000000022693e+00 9.035441229749735514e-02
-1.450000000000023048e+00 1.049462615122946640e-01
-1.350000000000023404e+00 1.214090168115895679e-01
-1.250000000000023759e+00 1.396646099722714252e-01
-1.150000000000024114e+00 1.607582303242554023e-01
-1.050000000000024469e+00 1.841310781560217547e-01
-9.500000000000248246e-01 2.099835420785557405e-01
-8.500000000000251799e-01 2.401074400927777353e-01
-7.500000000000255351e-01 2.730333139293426026e-01
-6.500000000000258904e-01 3.083212474745412046e-01
-5.500000000000262457e-01 3.447784999420568930e-01
-4.500000000000266565e-01 3.843793954589020956e-01
-3.500000000000270117e-01 4.268868933054059678e-01
-2.500000000000273670e-01 4.637629382013531698e-01
-1.500000000000277223e-01 4.986255270638917381e-01
-5.000000000002806366e-02 5.190164286276971461e-01
4.999999999997158107e-02 5.195978957858877756e-01
1.499999999999712119e-01 4.977492014799931308e-01
2.499999999999708566e-01 4.646943502211368093e-01
3.499999999999705014e-01 4.265449815913232579e-01
4.499999999999701461e-01 3.861111325017900775e-01
5.499999999999698463e-01 3.459427265473856705e-01
6.499999999999694911e-01 3.082236761663444957e-01
7.499999999999691358e-01 2.729772565304107168e-01
8.499999999999687805e-01 2.395864171305941426e-01
9.499999999999684253e-01 2.106390958128298019e-01
1.049999999999968070e+00 1.840599952785725302e-01
1.149999999999967715e+00 1.609720796963297618e-01
1.249999999999967359e+00 1.392271946123078419e-01
1.349999999999967004e+00 1.212634352226628909e-01
1.449999999999966649e+00 1.049498310239275339e-01
1.549999999999966294e+00 9.047771063376464085e-02
1.649999999999965938e+00 7.829815274825130400e-02
1.749999999999965583e+00 6.679282042596487723e-02
1.849999999999965228e+00 5.729777977550057355e-02
1.949999999999964873e+00 4.897020693075116587e-02
2.049999999999964295e+00 4.182514134092589486e-02
2.149999999999963940e+00 3.591059328675474949e-02
2.249999999999963585e+00 3.049009777516896100e-02
2.349999999999963229e+00 2.626290187755398950e-02
2.449999999999962874e+00 2.206583377577611346e-02
2.549999999999962519e+00 1.863437352916585965e-02
2.649999999999962164e+00 1.578046864717590897e-02
2.749999999999961808e+00 1.330089446848263871e-02
2.849999999999961453e+00 1.137046625360523672e-02
2.949999999999961098e+00 9.585556759543624461e-03
3.049999999999960743e+00 8.013588542620471433e-03
3.149999999999960387e+00 6.666855811199638021e-03
3.249999999999960032e+00 5.775281217722152971e-03
3.349999999999959677e+00 4.865963846265016456e-03
3.449999999999959321e+00 3.947768100472394230e-03
3.549999999999958966e+00 3.364924829186511594e-03
3.649999999999958611e+00 2.891185671784163129e-03
3.749999999999958256e+00 2.389952193859016822e-03
3.849999999999957900e+00 2.037772021654262779e-03
3.949999999999957545e+00 1.677593628667344103e-03
4.049999999999957190e+00 1.433623446101478646e-03
4.149999999999956835e+00 1.188766124636630832e-03
4.249999999999956479e+00 1.004241233648258411e-03
4.349999999999956124e+00 9.261730105377932645e-04
4.449999999999955769e+00 7.318895916606126461e-04
4.549999999999955413e+00 6.839840911155544486e-04
4.649999999999955058e+00 5.092177280159900085e-04
4.749999999999954703e+00 4.817164221475306709e-04
4.849999999999954348e+00 4.027610601380827884e-04
4.949999999999953992e+00 3.326770871184604218e-04
5.049999999999953637e+00 3.007400867550882179e-04
5.149999999999953282e+00 2.661416696947684025e-04
5.249999999999952927e+00 2.253332803415705743e-04
5.349999999999952571e+00 2.217847247456403083e-04
5.449999999999952216e+00 1.623464185138086854e-04
5.549999999999951861e+00 1.366193904433144401e-04
5.649999999999951505e+00 1.117795012718027139e-04
5.749999999999951150e+00 1.082309456758724750e-04
5.849999999999950795e+00 1.046823900799422362e-04
5.949999999999950440e+00 9.137530659520382687e-05
6.049999999999950084e+00 7.540680641351771134e-05
6.149999999999949729e+00 7.895536200944795020e-05
6.249999999999949374e+00 5.411547283793623073e-05
6.349999999999949019e+00 5.411547283793623751e-05
6.449999999999948663e+00 3.548555595930244960e-05
6.549999999999948308e+00 3.903411155523269524e-05
6.649999999999947953e+00 3.282413926235476368e-05
6.749999999999947597e+00 3.282413926235476368e-05
6.849999999999947242e+00 2.838844476744196172e-05
6.949999999999946887e+00 2.927558366642452143e-05
7.049999999999946532e+00 2.572702807049427918e-05
7.149999999999946176e+00 2.572702807049427579e-05
7.249999999999945821e+00 2.750130586845939861e-05
7.349999999999945466e+00 3.371127816133732340e-05
7.449999999999945111e+00 1.774277797965122480e-05
7.549999999999944755e+00 1.330708348473841945e-05
7.649999999999944400e+00 1.508136128270354227e-05
7.749999999999944045e+00 1.064566678779073522e-05
7.849999999999943689e+00 8.871388989825612401e-06
7.949999999999943334e+00 1.064566678779073522e-05
