-7.950000000000000178e+00 0.000000000000000000e+00
-7.850000000000000533e+00 0.000000000000000000e+00
-7.750000000000000888e+00 0.000000000000000000e+00
-7.650000000000001243e+00 0.000000000000000000e+00
-7.550000000000001599e+00 0.000000000000000000e+00
-7.450000000000001954e+00 0.000000000000000000e+00
-7.350000000000002309e+00 6.209972292877929019e-06
-7.250000000000002665e+00 4.435694494912806200e-06
-7.150000000000003020e+00 2.661416696947683805e-06
-7.050000000000003375e+00 2.661416696947683805e-06
-6.950000000000003730e+00 2.661416696947683805e-06
-6.850000000000004086e+00 2.661416696947683805e-06
-6.750000000000004441e+00 3.104986146438962392e-05
-6.650000000000004796e+00 2.040419467659890734e-05
-6.550000000000005151e+00 3.282413926235475013e-05
-6.450000000000005507e+00 2.040419467659890734e-05
-6.350000000000005862e+00 3.104986146438964425e-05
-6.250000000000006217e+00 3.104986146438963747e-05
-6.150000000000006573e+00 3.282413926235477046e-05
-6.050000000000006928e+00 2.927558366642451804e-05
-5.950000000000007283e+00 2.572702807049427579e-05
-5.850000000000007638e+00 1.685563908066866509e-05
-5.750000000000007994e+00 1.419422238372098086e-05
-5.650000000000008349e+00 2.217847247456403354e-05
-5.550000000000008704e+00 2.217847247456403354e-05
-5.450000000000009059e+00 1.330708348473841945e-05
-5.350000000000009415e+00 1.774277797965122480e-05
-5.250000000000009770e+00 3.371127816133733017e-05
-5.150000000000010125e+00 6.830969522165717940e-05
-5.050000000000010481e+00 1.046823900799421684e-04
-4.950000000000010836e+00 8.339105650436072167e-05
-4.850000000000011191e+00 1.100052234738375538e-04
-4.750000000000011546e+00 3.246928370276171540e-04
-4.650000000000011902e+00 2.164618913517448958e-04
-4.550000000000012257e+00 2.989658089571229629e-04
-4.450000000000012612e+00 4.346980605014546671e-04
-4.350000000000012967e+00 4.320366438045070557e-04
-4.250000000000013323e+00 7.283410360646821362e-04
-4.150000000000013678e+00 8.853646211845953278e-04
-4.050000000000014033e+00 9.660942609920083026e-04
-3.950000000000014388e+00 1.100939373637357379e-03
-3.850000000000014744e+00 1.379500987917881049e-03
-3.750000000000015099e+00 1.784036325853929255e-03
-3.650000000000015454e+00 2.318981081940413996e-03
-3.550000000000015810e+00 2.946188283521083973e-03
-3.450000000000016165e+00 3.569846929505826692e-03
-3.350000000000016520e+00 4.537715468295806971e-03
-3.250000000000016875e+00 5.329043366188258857e-03
-3.150000000000017231e+00 6.562166435774033531e-03
-3.050000000000017586e+00 7.593021836391780632e-03
-2.950000000000017941e+00 8.844774822856192598e-03
-2.850000000000018296e+00 1.071575076081043507e-02
-2.750000000000018652e+00 1.340733018032356019e-02
-2.650000000000019007e+00 1.553380212118478723e-02
-2.550000000000019362e+00 1.820941304051622300e-02
-2.450000000000019718e+00 2.198330191678808665e-02
-2.350000000000020073e+00 2.593727998955341549e-02
-2.250000000000020428e+00 3.110220265942995055e-02
-2.150000000000020783e+00 3.606308338254049506e-02
-2.050000000000021139e+00 4.330923390943014484e-02
-1.950000000000021272e+00 5.160841830941211017e-02
-1.850000000000021627e+00 6.104757619458647810e-02
-1.750000000000021982e+00 7.195140040198040599e-02
-1.650000000000022338e+00 8.354719295058057882e-02
-1.550000000000022693e+00 1.001162861668768167e-01
-1.450000000000023048e+00 1.179255995639511834e-01
-1.350000000000023404e+00 1.350970600926567622e-01
-1.250000000000023759e+00 1.557398951330812298e-01
-1.150000000000024114e+00 1.778624778570091491e-01
-1.050000000000024469e+00 2.023146873296653991e-01
-9.500000000000248246e-01 2.286786811296290245e-01
-8.500000000000251799e-01 2.580864484920017410e-01
-7.500000000000255351e-01 2.918340993481968182e-01
-6.500000000000258904e-01 3.244612937749776771e-01
-5.500000000000262457e-01 3.530528933502871114e-01
-4.500000000000266565e-01 3.826194585755789968e-01
-3.500000000000270117e-01 4.066822140715831702e-01
-2.500000000000273670e-01 4.277269230332486627e-01
-1.500000000000277223e-01 4.478383618731844873e-01
-5.000000000002806366e-02 4.544191582258368944e-01
4.999999999997158107e-02 4.527158515397905481e-01
1.499999999999712119e-01 4.408335131268176221e-01
2.499999999999708566e-01 4.275140096974927584e-01
3.499999999999705014e-01 4.063592955123538353e-01
4.499999999999701461e-01 3.805089551348991850e-01
5.499999999999698463e-01 3.514374134152401519e-01
6.499999999999694911e-01 3.239698188249414690e-01
7.499999999999691358e-01 2.917977266533383629e-01
8.499999999999687805e-01 2.651782368504683740e-01
9.499999999999684253e-01 2.315787381904033382e-01
1.049999999999968070e+00 2.054320934206900484e-01
1.149999999999967715e+00 1.830673217773395589e-01
1.249999999999967359e+00 1.571859315384227240e-01
1.349999999999967004e+00 1.360498472701639205e-01
1.449999999999966649e+00 1.166942507721633049e-01
1.549999999999966294e+00 9.828345720157907750e-02
1.649999999999965938e+00 8.313289908475585133e-02
1.749999999999965583e+00 7.191236629042521700e-02
1.849999999999965228e+00 6.057295688363081160e-02
1.949999999999964873e+00 5.136622938998985921e-02
2.049999999999964295e+00 4.353456718977171541e-02
2.149999999999963940e+00 3.681182861328178429e-02
2.249999999999963585e+00 3.035966740098153954e-02
2.349999999999963229e+00 2.529765284338697864e-02
2.449999999999962874e+00 2.131883488145014383e-02
2.549999999999962519e+00 1.875943915788541930e-02
2.649999999999962164e+00 1.545307248137737545e-02
2.749999999999961808e+00 1.236405483512005576e-02
2.849999999999961453e+00 1.073349353879008740e-02
2.949999999999961098e+00 8.826144905977557908e-03
3.049999999999960743e+00 7.290507471838722497e-03
3.149999999999960387e+00 6.052948707758036909e-03
3.249999999999960032e+00 4.940476528433893066e-03
3.349999999999959677e+00 4.054224768350307359e-03
3.449999999999959321e+00 3.513957178869925226e-03
3.549999999999958966e+00 3.092566201853206610e-03
3.649999999999958611e+00 2.547862917877913129e-03
3.749999999999958256e+00 1.968561216842301675e-03
3.849999999999957900e+00 1.572897267896079636e-03
3.949999999999957545e+00 1.043275345203490984e-03
4.049999999999957190e+00 9.598842886991303981e-04
4.149999999999956835e+00 7.203567859738390852e-04
4.249999999999956479e+00 7.753593977107578689e-04
4.349999999999956124e+00 6.928554801053797476e-04
4.449999999999955769e+00 3.859054210574139505e-04
4.549999999999955413e+00 3.131600313408439726e-04
4.649999999999955058e+00 2.226718636446228003e-04
4.749999999999954703e+00 1.117795012718027139e-04
4.849999999999954348e+00 1.499264739280527952e-04
4.949999999999953992e+00 1.002466955850294105e-04
5.049999999999953637e+00 5.056691724200599865e-05
5.149999999999953282e+00 3.903411155523269524e-05
5.249999999999952927e+00 6.121258402979667457e-05
5.349999999999952571e+00 2.306561137354659326e-05
5.449999999999952216e+00 2.483988917151171269e-05
5.549999999999951861e+00 2.927558366642452143e-05
5.649999999999951505e+00 2.838844476744196172e-05
5.749999999999951150e+00 3.371127816133733017e-05
5.849999999999950795e+00 2.838844476744196172e-05
5.949999999999950440e+00 3.459841706031988989e-05
6.049999999999950084e+00 5.322833393895365069e-05
6.149999999999949729e+00 3.992125045421525496e-05
6.249999999999949374e+00 2.483988917151171608e-05
6.349999999999949019e+00 2.129133357558146366e-05
6.449999999999948663e+00 9.758527888808173810e-06
6.549999999999948308e+00 2.661416696947683805e-06
6.649999999999947953e+00 2.661416696947683805e-06
6.749999999999947597e+00 2.661416696947683805e-06
6.849999999999947242e+00 3.548555595930245214e-06
6.949999999999946887e+00 2.661416696947683805e-06
7.049999999999946532e+00 2.661416696947683805e-06
7.149999999999946176e+00 2.661416696947683805e-06
7.249999999999945821e+00 3.548555595930245214e-06
7.349999999999945466e+00 6.209972292877929019e-06
7.449999999999945111e+00 2.661416696947683805e-06
7.549999999999944755e+00 0.000000000000000000e+00
7.649999999999944400e+00 0.000000000000000000e+00
7.749999999999944045e+00 0.000000000000000000e+00
7.849999999999943689e+00 0.000000000000000000e+00
7.949999999999943334e+00 0.000000000000000000e+00
