-7.950000000000000178e+00 0.000000000000000000e+00
-7.850000000000000533e+00 0.000000000000000000e+00
-7.750000000000000888e+00 0.000000000000000000e+00
-7.650000000000001243e+00 0.000000000000000000e+00
-7.550000000000001599e+00 0.000000000000000000e+00
-7.450000000000001954e+00 0.000000000000000000e+00
-7.350000000000002309e+00 0.000000000000000000e+00
-7.250000000000002665e+00 0.000000000000000000e+00
-7.150000000000003020e+00 0.000000000000000000e+00
-7.050000000000003375e+00 8.868166545586665336e-06
-6.950000000000003730e+00 6.207716581910666074e-06
-6.850000000000004086e+00 3.547266618234665965e-06
-6.750000000000004441e+00 3.547266618234665965e-06
-6.650000000000004796e+00 1.773633309117332983e-06
-6.550000000000005151e+00 1.773633309117332983e-06
-6.450000000000005507e+00 0.000000000000000000e+00
-6.350000000000005862e+00 1.773633309117332983e-06
-6.250000000000006217e+00 1.330224981837999631e-05
-6.150000000000006573e+00 2.039678305484932146e-05
-6.050000000000006928e+00 1.152861650926266290e-05
-5.950000000000007283e+00 2.571768298220133015e-05
-5.850000000000007638e+00 2.305723301852532920e-05
-5.750000000000007994e+00 2.749131629131866186e-05
-5.650000000000008349e+00 4.345401607337465405e-05
-5.550000000000008704e+00 8.158713221939729941e-05
-5.450000000000009059e+00 1.055311818924812775e-04
-5.350000000000009415e+00 8.602121549219064224e-05
-5.250000000000009770e+00 1.463247480021799204e-04
-5.150000000000010125e+00 1.374565814565932890e-04
-5.050000000000010481e+00 1.924392140392305992e-04
-4.950000000000010836e+00 2.855549627678905140e-04
-4.850000000000011191e+00 3.298957954958238068e-04
-4.750000000000011546e+00 3.361035120777345220e-04
-4.650000000000011902e+00 3.644816450236118294e-04
-4.550000000000012257e+00 4.363137940428637638e-04
-4.450000000000012612e+00 4.700128269160931205e-04
-4.350000000000012967e+00 5.622417589901943695e-04
-4.250000000000013323e+00 8.433626384852913917e-04
-4.150000000000013678e+00 1.131578051216857849e-03
-4.050000000000014033e+00 1.410925297402837756e-03
-3.950000000000014388e+00 1.543947795586637526e-03
-3.850000000000014744e+00 1.722197943152929418e-03
-3.750000000000015099e+00 2.310157385125325043e-03
-3.650000000000015454e+00 2.605467331093360827e-03
-3.550000000000015810e+00 3.395620970305132484e-03
-3.450000000000016165e+00 3.787593931620062901e-03
-3.350000000000016520e+00 4.410139223120245790e-03
-3.250000000000016875e+00 4.943116032510004240e-03
-3.150000000000017231e+00 5.743024654921921601e-03
-3.050000000000017586e+00 6.623633592898676634e-03
-2.950000000000017941e+00 8.219016754449715370e-03
-2.850000000000018296e+00 1.014606934480569850e-02
-2.750000000000018652e+00 1.168558305711954459e-02
-2.650000000000019007e+00 1.386803884398842002e-02
-2.550000000000019362e+00 1.644867530875419870e-02
-2.450000000000019718e+00 1.994007247775180999e-02
-2.350000000000020073e+00 2.461980396385809663e-02
-2.250000000000020428e+00 2.914256890210746229e-02
-2.150000000000020783e+00 3.500442698874051128e-02
-2.050000000000021139e+00 4.170255318062241617e-02
-1.950000000000021272e+00 5.089086053850515323e-02
-1.850000000000021627e+00 5.957900330321664467e-02
-1.750000000000021982e+00 7.157408537277661076e-02
-1.650000000000022338e+00 8.435843426489381125e-02
-1.550000000000022693e+00 1.000879012668004497e-01
-1.450000000000023048e+00 1.190675513076649705e-01
-1.350000000000023404e+00 1.371736869437890360e-01
-1.250000000000023759e+00 1.607381790887218997e-01
-1.150000000000024114e+00 1.847744576938805117e-01
-1.050000000000024469e+00 2.116503232269364432e-01
-9.500000000000248246e-01 2.391771121844381010e-01
-8.500000000000251799e-01 2.677698547607172408e-01
-7.500000000000255351e-01 2.983189148769519461e-01
-6.500000000000258904e-01 3.281638425694681782e-01
-5.500000000000262457e-01 3.548215512055015730e-01
-4.500000000000266565e-01 3.805170637713389814e-01
-3.500000000000270117e-01 4.013847464697600786e-01
-2.500000000000273670e-01 4.190785123615151098e-01
-1.500000000000277223e-01 4.350225889938266755e-01
-5.000000000002806366e-02 4.370729090991658516e-01
4.999999999997158107e-02 4.388758073578838959e-01
1.499999999999712119e-01 4.322033988489843992e-01
2.499999999999708566e-01 4.213372343806762732e-01
3.499999999999705014e-01 4.042269938476207303e-01
4.499999999999701461e-01 3.833158571331260478e-01
5.499999999999698463e-01 3.565135973823991833e-01
6.499999999999694911e-01 3.274348792794209428e-01
7.499999999999691358e-01 3.002743456002537337e-01
8.499999999999687805e-01 2.714829560933541552e-01
9.499999999999684253e-01 2.421053807777907019e-01
1.049999999999968070e+00 2.106029927579023964e-01
1.149999999999967715e+00 1.818124900676545419e-01
1.249999999999967359e+00 1.599027978001276440e-01
1.349999999999967004e+00 1.378937820672905823e-01
1.449999999999966649e+00 1.180042581388490996e-01
1.549999999999966294e+00 1.002528491645483522e-01
1.649999999999965938e+00 8.438769921449426614e-02
1.749999999999965583e+00 7.114663974527946078e-02
1.849999999999965228e+00 5.971912033463688818e-02
1.949999999999964873e+00 5.068600589130208001e-02
2.049999999999964295e+00 4.151632168316508886e-02
2.149999999999963940e+00 3.489446172357521525e-02
2.249999999999963585e+00 2.864772520886371687e-02
2.349999999999963229e+00 2.393606832319333799e-02
2.449999999999962874e+00 1.984163582909580226e-02
2.549999999999962519e+00 1.658169780693800194e-02
2.649999999999962164e+00 1.381837711133313690e-02
2.749999999999961808e+00 1.182037918861245790e-02
2.849999999999961453e+00 9.574072602615358099e-03
2.949999999999961098e+00 8.050521590083570267e-03
3.049999999999960743e+00 6.827601423447169672e-03
3.149999999999960387e+00 5.848555836814402567e-03
3.249999999999960032e+00 5.040665864511457810e-03
3.349999999999959677e+00 4.332986174173642131e-03
3.449999999999959321e+00 3.533964368416284141e-03
3.549999999999958966e+00 2.740263462586278037e-03
3.649999999999958611e+00 2.381102717490018311e-03
3.749999999999958256e+00 2.209947103160195530e-03
3.849999999999957900e+00 1.835710474936438647e-03
3.949999999999957545e+00 1.433982530421362960e-03
4.049999999999957190e+00 1.161729817471852597e-03
4.149999999999956835e+00 1.051764552306577814e-03
4.249999999999956479e+00 8.132108722302968610e-04
4.349999999999956124e+00 6.535838744097370069e-04
4.449999999999955769e+00 5.223350095350544602e-04
4.549999999999955413e+00 4.505028605158024717e-04
4.649999999999955058e+00 3.538398451689078392e-04
4.749999999999954703e+00 3.201408122956785366e-04
4.849999999999954348e+00 3.635948283690531636e-04
4.949999999999953992e+00 2.624977297493652018e-04
5.049999999999953637e+00 1.995337472756999260e-04
5.149999999999953282e+00 1.738160642934985891e-04
5.249999999999952927e+00 1.374565814565932890e-04
5.349999999999952571e+00 8.779484880130797395e-05
5.449999999999952216e+00 4.611446603705065839e-05
5.549999999999951861e+00 5.320899927351999202e-05
5.649999999999951505e+00 3.635948283690532720e-05
5.749999999999951150e+00 2.394404967308399505e-05
5.849999999999950795e+00 2.749131629131866186e-05
5.949999999999950440e+00 2.660449963675999262e-06
6.049999999999950084e+00 5.320899927351998524e-06
6.149999999999949729e+00 5.320899927351998524e-06
6.249999999999949374e+00 5.320899927351999371e-06
6.349999999999949019e+00 1.773633309117332983e-06
6.449999999999948663e+00 0.000000000000000000e+00
6.549999999999948308e+00 0.000000000000000000e+00
6.649999999999947953e+00 0.000000000000000000e+00
6.749999999999947597e+00 0.000000000000000000e+00
6.849999999999947242e+00 0.000000000000000000e+00
6.949999999999946887e+00 0.000000000000000000e+00
7.049999999999946532e+00 0.000000000000000000e+00
7.149999999999946176e+00 0.000000000000000000e+00
7.249999999999945821e+00 0.000000000000000000e+00
7.349999999999945466e+00 0.000000000000000000e+00
7.449999999999945111e+00 0.000000000000000000e+00
7.549999999999944755e+00 0.000000000000000000e+00
7.649999999999944400e+00 0.000000000000000000e+00
7.749999999999944045e+00 0.000000000000000000e+00
7.849999999999943689e+00 0.000000000000000000e+00
7.949999999999943334e+00 0.000000000000000000e+00
