-7.950000000000000178e+00 1.241994458575585804e-05
-7.850000000000000533e+00 1.153280568677329663e-05
-7.750000000000000888e+00 9.758527888808173810e-06
-7.650000000000001243e+00 1.685563908066866509e-05
-7.550000000000001599e+00 3.016272256540708115e-05
-7.450000000000001954e+00 2.838844476744195833e-05
-7.350000000000002309e+00 3.193700036337220396e-05
-7.250000000000002665e+00 2.927558366642452143e-05
-7.150000000000003020e+00 4.258266715116294088e-05
-7.050000000000003375e+00 5.677688953488391665e-05
-6.950000000000003730e+00 5.766402843386648315e-05
-6.850000000000004086e+00 8.072963980741306963e-05
-6.750000000000004441e+00 8.427819540334332204e-05
-6.650000000000004796e+00 8.605247320130844147e-05
-6.550000000000005151e+00 1.029081122819771032e-04
-6.450000000000005507e+00 1.153280568677329663e-04
-6.350000000000005862e+00 1.259737236555236964e-04
-6.250000000000006217e+00 1.366193904433144401e-04
-6.150000000000006573e+00 1.605721407158435931e-04
-6.050000000000006928e+00 1.818634742914250534e-04
-5.950000000000007283e+00 1.996062522710762748e-04
-5.850000000000007638e+00 1.960576966751460359e-04
-5.750000000000007994e+00 2.599316974018904438e-04
-5.650000000000008349e+00 2.980786700581405523e-04
-5.550000000000008704e+00 3.344513649164255684e-04
-5.450000000000009059e+00 3.504198650981116703e-04
-5.350000000000009415e+00 4.684093386627921803e-04
-5.250000000000009770e+00 5.180891170058156327e-04
-5.150000000000010125e+00 5.491389784702052634e-04
-5.050000000000010481e+00 6.449499795603216585e-04
-4.950000000000010836e+00 6.937426190043625377e-04
-4.850000000000011191e+00 8.090706758720953278e-04
-4.750000000000011546e+00 9.687556776889560224e-04
-4.650000000000011902e+00 1.006902650345206131e-03
-4.550000000000012257e+00 1.156836109618919906e-03
-4.450000000000012612e+00 1.284577125726747444e-03
-4.350000000000012967e+00 1.437165016351747444e-03
-4.250000000000013323e+00 1.598624295966573610e-03
-4.150000000000013678e+00 1.861217410065411177e-03
-4.050000000000014033e+00 2.189465788034619144e-03
-3.950000000000014388e+00 2.363338026889539624e-03
-3.850000000000014744e+00 2.778519031613378275e-03
-3.750000000000015099e+00 3.228298453397536200e-03
-3.650000000000015454e+00 3.776550292968759541e-03
-3.550000000000015810e+00 4.208586936773269470e-03
-3.450000000000016165e+00 4.920079319102953208e-03
-3.350000000000016520e+00 5.649307494066628868e-03
-3.250000000000016875e+00 6.522245185319817951e-03
-3.150000000000017231e+00 7.399625556413580961e-03
-3.050000000000017586e+00 8.469515068586563888e-03
-2.950000000000017941e+00 9.912023874369209689e-03
-2.850000000000018296e+00 1.122852402976802499e-02
-2.750000000000018652e+00 1.331422949335002090e-02
-2.650000000000019007e+00 1.522691493024776882e-02
-2.550000000000019362e+00 1.761333952454787258e-02
-2.450000000000019718e+00 2.083811736373216913e-02
-2.350000000000020073e+00 2.409757744412471814e-02
-2.250000000000020428e+00 2.808535061919931880e-02
-2.150000000000020783e+00 3.250592184075550700e-02
-2.050000000000021139e+00 3.779426159777554695e-02
-1.950000000000021272e+00 4.359614999712156658e-02
-1.850000000000021627e+00 5.063135007038621627e-02
-1.750000000000021982e+00 6.025415269299579796e-02
-1.650000000000022338e+00 7.029246463157454161e-02
-1.550000000000022693e+00 8.107470889773377154e-02
-1.450000000000023048e+00 9.457910744136557857e-02
-1.350000000000023404e+00 1.100707599868292752e-01
-1.250000000000023759e+00 1.283168111653380794e-01
-1.150000000000024114e+00 1.483827614343256052e-01
-1.050000000000024469e+00 1.700075195290107199e-01
-9.500000000000248246e-01 1.964941759987863801e-01
-8.500000000000251799e-01 2.284267127262811781e-01
-7.500000000000255351e-01 2.632432472048741312e-01
-6.500000000000258904e-01 3.025382614205548437e-01
-5.500000000000262457e-01 3.459855117895608290e-01
-4.500000000000266565e-01 3.940803920408436634e-01
-3.500000000000270117e-01 4.433101534603333116e-01
-2.500000000000273670e-01 4.911129973655551373e-01
-1.500000000000277223e-01 5.345007395748712087e-01
-5.000000000002806366e-02 5.616141003013395139e-01
4.999999999997158107e-02 5.618425560311915978e-01
1.499999999999712119e-01 5.363450943605101440e-01
2.499999999999708566e-01 4.915466057121334886e-01
3.499999999999705014e-01 4.427635850890661029e-01
4.499999999999701461e-01 3.954026970184874590e-01
5.499999999999698463e-01 3.473456424139599319e-01
6.499999999999694911e-01 3.033290304907942936e-01
7.499999999999691358e-01 2.640230353117341555e-01
8.499999999999687805e-01 2.288249123557024589e-01
9.499999999999684253e-01 1.987862984266592081e-01
1.049999999999968070e+00 1.708723192925685197e-01
1.149999999999967715e+00 1.481243106302039536e-01
1.249999999999967359e+00 1.276284891745668726e-01
1.349999999999967004e+00 1.099580863613128789e-01
1.449999999999966649e+00 9.432028641392378732e-02
1.549999999999966294e+00 8.101107938410519183e-02
1.649999999999965938e+00 6.953828480190883676e-02
1.749999999999965583e+00 5.988240656759381830e-02
1.849999999999965228e+00 5.093647695421659599e-02
1.949999999999964873e+00 4.407702119244408245e-02
2.049999999999964295e+00 3.770281643772371849e-02
2.149999999999963940e+00 3.222736721182064418e-02
2.249999999999963585e+00 2.795760261774582825e-02
2.349999999999963229e+00 2.423684428057366197e-02
2.449999999999962874e+00 2.070150495863451456e-02
2.549999999999962519e+00 1.770734132111171852e-02
2.649999999999962164e+00 1.506992627185615996e-02
2.749999999999961808e+00 1.300461103225944090e-02
2.849999999999961453e+00 1.119837527789394049e-02
2.949999999999961098e+00 9.780734302665450991e-03
3.049999999999960743e+00 8.586631373943585249e-03
3.149999999999960387e+00 7.471497777922491736e-03
3.249999999999960032e+00 6.444183947555012781e-03
3.349999999999959677e+00 5.471879714270114214e-03
3.449999999999959321e+00 4.882826470691346843e-03
3.549999999999958966e+00 4.091484602107570666e-03
3.649999999999958611e+00 3.714450570039979846e-03
3.749999999999958256e+00 3.234508425690413996e-03
3.849999999999957900e+00 2.741259197856110198e-03
3.949999999999957545e+00 2.441406250000005204e-03
4.049999999999957190e+00 2.167280330214394618e-03
4.149999999999956835e+00 1.785810603651893534e-03
4.249999999999956479e+00 1.716613769531253903e-03
4.349999999999956124e+00 1.468214877816137291e-03
4.449999999999955769e+00 1.286351403524712373e-03
4.549999999999955413e+00 1.119569290515991418e-03
4.649999999999955058e+00 9.864984556686073793e-04
4.749999999999954703e+00 8.809289266896825699e-04
4.849999999999954348e+00 8.232648982558162833e-04
4.949999999999953992e+00 6.928554801053799644e-04
5.049999999999953637e+00 6.272072015806705184e-04
5.149999999999953282e+00 5.455904228742749704e-04
5.249999999999952927e+00 4.755064498546527122e-04
5.349999999999952571e+00 4.258266715116293139e-04
5.449999999999952216e+00 3.246928370276173708e-04
5.549999999999951861e+00 3.122728924418615619e-04
5.649999999999951505e+00 3.442098928052337117e-04
5.749999999999951150e+00 2.510603084120648196e-04
5.849999999999950795e+00 1.987191133720937015e-04
5.949999999999950440e+00 2.102519190588670185e-04
6.049999999999950084e+00 1.667821130087214975e-04
6.149999999999949729e+00 1.756535019985471218e-04
6.249999999999949374e+00 1.437165016351749178e-04
6.349999999999949019e+00 1.330708348473842013e-04
6.449999999999948663e+00 1.073438067768899017e-04
6.549999999999948308e+00 1.011338344840119837e-04
6.649999999999947953e+00 9.048816769622124005e-05
6.749999999999947597e+00 1.082309456758724750e-04
6.849999999999947242e+00 9.226244549418637303e-05
6.949999999999946887e+00 6.919683412063976622e-05
7.049999999999946532e+00 3.992125045421525496e-05
7.149999999999946176e+00 4.258266715116294088e-05
7.249999999999945821e+00 3.903411155523269524e-05
7.349999999999945466e+00 2.927558366642452143e-05
7.449999999999945111e+00 2.838844476744195833e-05
7.549999999999944755e+00 2.129133357558147044e-05
7.649999999999944400e+00 2.129133357558147044e-05
7.749999999999944045e+00 2.040419467659890734e-05
7.849999999999943689e+00 1.330708348473841945e-05
7.949999999999943334e+00 1.685563908066866509e-05
