-7.950000000000000178e+00 0.000000000000000000e+00
-7.850000000000000533e+00 0.000000000000000000e+00
-7.750000000000000888e+00 0.000000000000000000e+00
-7.650000000000001243e+00 0.000000000000000000e+00
-7.550000000000001599e+00 0.000000000000000000e+00
-7.450000000000001954e+00 0.000000000000000000e+00
-7.350000000000002309e+00 0.000000000000000000e+00
-7.250000000000002665e+00 0.000000000000000000e+00
-7.150000000000003020e+00 0.000000000000000000e+00
-7.050000000000003375e+00 0.000000000000000000e+00
-6.950000000000003730e+00 0.000000000000000000e+00
-6.850000000000004086e+00 0.000000000000000000e+00
-6.750000000000004441e+00 0.000000000000000000e+00
-6.650000000000004796e+00 0.000000000000000000e+00
-6.550000000000005151e+00 0.000000000000000000e+00
-6.450000000000005507e+00 4.435694494912806200e-06
-6.350000000000005862e+00 2.661416696947683551e-05
-6.250000000000006217e+00 2.217847247456403015e-05
-6.150000000000006573e+00 2.750130586845939861e-05
-6.050000000000006928e+00 3.814697265625012197e-05
-5.950000000000007283e+00 1.951705577761634762e-05
-5.850000000000007638e+00 1.596850018168610198e-05
-5.750000000000007994e+00 5.056691724200594444e-05
-5.650000000000008349e+00 2.306561137354659326e-05
-5.550000000000008704e+00 3.104986146438964425e-05
-5.450000000000009059e+00 4.701836164607572590e-05
-5.350000000000009415e+00 4.524408384811061325e-05
-5.250000000000009770e+00 6.209972292877926139e-05
-5.150000000000010125e+00 1.055695289789247281e-04
-5.050000000000010481e+00 1.135537790697677927e-04
-4.950000000000010836e+00 1.037952511809596358e-04
-4.850000000000011191e+00 1.694435297056691360e-04
-4.750000000000011546e+00 2.191233080486925072e-04
-4.650000000000011902e+00 2.759001975835764374e-04
-4.550000000000012257e+00 3.592912540879370778e-04
-4.450000000000012612e+00 4.373594771984024411e-04
-4.350000000000012967e+00 7.398738417514554803e-04
-4.250000000000013323e+00 7.451966751453507030e-04
-4.150000000000013678e+00 9.412543718204966848e-04
-4.050000000000014033e+00 9.572228720021826783e-04
-3.950000000000014388e+00 1.170136207757997010e-03
-3.850000000000014744e+00 1.493941905886631265e-03
-3.750000000000015099e+00 1.838151798691864489e-03
-3.650000000000015454e+00 2.125584801962214325e-03
-3.550000000000015810e+00 2.484876056050152812e-03
-3.450000000000016165e+00 3.061516340388818064e-03
-3.350000000000016520e+00 4.016964934593041450e-03
-3.250000000000016875e+00 4.959106445312527756e-03
-3.150000000000017231e+00 6.087547124818357483e-03
-3.050000000000017586e+00 7.225746332212996600e-03
-2.950000000000017941e+00 8.870501850926686138e-03
-2.850000000000018296e+00 1.067671664925520444e-02
-2.750000000000018652e+00 1.258672669876468100e-02
-2.650000000000019007e+00 1.455262649891006337e-02
-2.550000000000019362e+00 1.827772273573788353e-02
-2.450000000000019718e+00 2.244904983875394000e-02
-2.350000000000020073e+00 2.539168956667912924e-02
-2.250000000000020428e+00 3.059653348700988248e-02
-2.150000000000020783e+00 3.610389177189368692e-02
-2.050000000000021139e+00 4.226595856422664388e-02
-1.950000000000021272e+00 5.007721656976817093e-02
-1.850000000000021627e+00 6.016842154569472523e-02
-1.750000000000021982e+00 7.509453352107529900e-02
-1.650000000000022338e+00 8.846282958984255651e-02
-1.550000000000022693e+00 1.011817399845548193e-01
-1.450000000000023048e+00 1.166037626044671149e-01
-1.350000000000023404e+00 1.357251544331363746e-01
-1.250000000000023759e+00 1.593957945357883932e-01
-1.150000000000024114e+00 1.844148857648939821e-01
-1.050000000000024469e+00 2.089043550713077235e-01
-9.500000000000248246e-01 2.326016093409298824e-01
-8.500000000000251799e-01 2.630198279092436087e-01
-7.500000000000255351e-01 2.914792437886037368e-01
-6.500000000000258904e-01 3.245792832485418500e-01
-5.500000000000262457e-01 3.523884263149494878e-01
-4.500000000000266565e-01 3.781695698582825393e-01
-3.500000000000270117e-01 4.061960619549406237e-01
-2.500000000000273670e-01 4.214832394622095579e-01
-1.500000000000277223e-01 4.395604688067777932e-01
-5.000000000002806366e-02 4.494068234465858347e-01
4.999999999997158107e-02 4.466912912768001287e-01
1.499999999999712119e-01 4.391071408293975020e-01
2.499999999999708566e-01 4.238226247388263701e-01
3.499999999999705014e-01 4.065109962640802155e-01
4.499999999999701461e-01 3.794949553733628078e-01
5.499999999999698463e-01 3.516716180845714801e-01
6.499999999999694911e-01 3.220997300258853779e-01
7.499999999999691358e-01 2.948867442995956045e-01
8.499999999999687805e-01 2.641668985056280228e-01
9.499999999999684253e-01 2.355522333189457584e-01
1.049999999999968070e+00 2.080243132835169761e-01
1.149999999999967715e+00 1.835481510605879718e-01
1.249999999999967359e+00 1.561586246934008326e-01
1.349999999999967004e+00 1.359806504360432933e-01
1.449999999999966649e+00 1.170207178869887565e-01
1.549999999999966294e+00 1.019322594930941184e-01
1.649999999999965938e+00 8.712857268577287040e-02
1.749999999999965583e+00 7.312863372093021674e-02
1.849999999999965228e+00 6.201100903888147331e-02
1.949999999999964873e+00 5.071063374364174342e-02
2.049999999999964295e+00 4.348311313363072833e-02
2.149999999999963940e+00 3.594331963117784745e-02
2.249999999999963585e+00 3.052290095839433129e-02
2.349999999999963229e+00 2.580243487690806262e-02
2.449999999999962874e+00 2.246945403343053593e-02
2.549999999999962519e+00 1.773834228515647898e-02
2.649999999999962164e+00 1.469456872274727335e-02
2.749999999999961808e+00 1.231082650118110050e-02
2.849999999999961453e+00 1.022871150526900516e-02
2.949999999999961098e+00 8.410963901253712752e-03
3.049999999999960743e+00 7.058964219204272826e-03
3.149999999999960387e+00 5.350334699763841483e-03
3.249999999999960032e+00 4.378030466478943783e-03
3.349999999999959677e+00 3.446534622547248791e-03
3.449999999999959321e+00 2.867232921511636036e-03
3.549999999999958966e+00 2.385516499364104606e-03
3.649999999999958611e+00 2.143327579941865790e-03
3.749999999999958256e+00 1.674031102380091904e-03
3.849999999999957900e+00 1.344902570857561992e-03
3.949999999999957545e+00 1.129327818404799290e-03
4.049999999999957190e+00 1.155941985374276271e-03
4.149999999999956835e+00 1.189653263535614056e-03
4.249999999999956479e+00 9.740785110828513536e-04
4.349999999999956124e+00 6.715641465297982060e-04
4.449999999999955769e+00 5.047820335210770337e-04
4.549999999999955413e+00 3.397741983103207911e-04
4.649999999999955058e+00 2.448503361191868609e-04
4.749999999999954703e+00 2.368660860283437015e-04
4.849999999999954348e+00 1.410550849382271709e-04
4.949999999999953992e+00 1.401679460392445977e-04
5.049999999999953637e+00 7.363252861555257835e-05
5.149999999999953282e+00 5.855116733284903608e-05
5.249999999999952927e+00 6.209972292877928850e-05
5.349999999999952571e+00 5.855116733284903608e-05
5.449999999999952216e+00 7.540680641351767068e-05
5.549999999999951861e+00 6.298686182776183466e-05
5.649999999999951505e+00 5.234119503997110452e-05
5.749999999999951150e+00 3.371127816133733017e-05
5.849999999999950795e+00 3.282413926235476368e-05
5.949999999999950440e+00 2.483988917151171608e-05
6.049999999999950084e+00 1.774277797965122480e-05
6.149999999999949729e+00 1.774277797965122480e-05
6.249999999999949374e+00 2.572702807049427918e-05
6.349999999999949019e+00 2.927558366642452143e-05
6.449999999999948663e+00 1.596850018168610198e-05
6.549999999999948308e+00 0.000000000000000000e+00
6.649999999999947953e+00 0.000000000000000000e+00
6.749999999999947597e+00 0.000000000000000000e+00
6.849999999999947242e+00 0.000000000000000000e+00
6.949999999999946887e+00 0.000000000000000000e+00
7.049999999999946532e+00 0.000000000000000000e+00
7.149999999999946176e+00 0.000000000000000000e+00
7.249999999999945821e+00 0.000000000000000000e+00
7.349999999999945466e+00 0.000000000000000000e+00
7.449999999999945111e+00 0.000000000000000000e+00
7.549999999999944755e+00 0.000000000000000000e+00
7.649999999999944400e+00 0.000000000000000000e+00
7.749999999999944045e+00 0.000000000000000000e+00
7.849999999999943689e+00 0.000000000000000000e+00
7.949999999999943334e+00 0.000000000000000000e+00
