-7.950000000000000178e+00 1.330224981837999800e-05
-7.850000000000000533e+00 2.128359970940799410e-05
-7.750000000000000888e+00 1.950996640029066238e-05
-7.650000000000001243e+00 2.039678305484932824e-05
-7.550000000000001599e+00 3.103858290955333206e-05
-7.450000000000001954e+00 1.950996640029066238e-05
-7.350000000000002309e+00 3.103858290955332529e-05
-7.250000000000002665e+00 3.990674945513999062e-05
-7.150000000000003020e+00 4.522764938249199254e-05
-7.050000000000003375e+00 4.079356610969866326e-05
-6.950000000000003730e+00 5.232218261896132616e-05
-6.850000000000004086e+00 5.941671585543065301e-05
-6.750000000000004441e+00 6.562443243734132755e-05
-6.650000000000004796e+00 9.754983200145331192e-05
-6.550000000000005151e+00 8.247394887395597882e-05
-6.450000000000005507e+00 9.843664865601199133e-05
-6.350000000000005862e+00 1.055311818924813182e-04
-6.250000000000006217e+00 1.019839152742466412e-04
-6.150000000000006573e+00 1.312488648746826551e-04
-6.050000000000006928e+00 1.418906647293866454e-04
-5.950000000000007283e+00 1.676083477115879552e-04
-5.850000000000007638e+00 2.066282805121693071e-04
-5.750000000000007994e+00 2.536295632037785432e-04
-5.650000000000008349e+00 2.784604295314212956e-04
-5.550000000000008704e+00 2.961967626225946127e-04
-5.450000000000009059e+00 3.325562454594999128e-04
-5.350000000000009415e+00 3.662552783327292154e-04
-5.250000000000009770e+00 4.008411278605171837e-04
-5.150000000000010125e+00 4.496160438612438058e-04
-5.050000000000010481e+00 4.983909598619704279e-04
-4.950000000000010836e+00 5.844121753541609617e-04
-4.850000000000011191e+00 6.252057414638596995e-04
-4.750000000000011546e+00 7.688700395023634598e-04
-4.650000000000011902e+00 8.362681052488220648e-04
-4.550000000000012257e+00 1.063293168815840524e-03
-4.450000000000012612e+00 1.160843000817293877e-03
-4.350000000000012967e+00 1.371018547947697739e-03
-4.250000000000013323e+00 1.598043611514716198e-03
-4.150000000000013678e+00 1.787822375590270799e-03
-4.050000000000014033e+00 2.134567687522709312e-03
-3.950000000000014388e+00 2.417462200326923449e-03
-3.850000000000014744e+00 2.761554045103989385e-03
-3.750000000000015099e+00 3.247522588993834690e-03
-3.650000000000015454e+00 3.791148181046601149e-03
-3.550000000000015810e+00 4.405712122655756208e-03
-3.450000000000016165e+00 5.197646377984949106e-03
-3.350000000000016520e+00 5.848562819622706369e-03
-3.250000000000016875e+00 6.769113421096119125e-03
-3.150000000000017231e+00 7.721533559667216259e-03
-3.050000000000017586e+00 8.991475957420136736e-03
-2.950000000000017941e+00 1.037137663753002689e-02
-2.850000000000018296e+00 1.192241896635313353e-02
-2.750000000000018652e+00 1.395233530582961831e-02
-2.650000000000019007e+00 1.605502647344637587e-02
-2.550000000000019362e+00 1.875807855058282680e-02
-2.450000000000019718e+00 2.145315626063654807e-02
-2.350000000000020073e+00 2.507580229450885254e-02
-2.250000000000020428e+00 2.921811590514424017e-02
-2.150000000000020783e+00 3.435372003135182123e-02
-2.050000000000021139e+00 3.975103282997047294e-02
-1.950000000000021272e+00 4.591716678843339727e-02
-1.850000000000021627e+00 5.263839909299190822e-02
-1.750000000000021982e+00 6.159373901744112645e-02
-1.650000000000022338e+00 7.113078178762197168e-02
-1.550000000000022693e+00 8.269761520672973265e-02
-1.450000000000023048e+00 9.623874689717595854e-02
-1.350000000000023404e+00 1.118842526120402969e-01
-1.250000000000023759e+00 1.284698398432031485e-01
-1.150000000000024114e+00 1.492018745075169850e-01
-1.050000000000024469e+00 1.724391313069179588e-01
-9.500000000000248246e-01 1.994642613502716211e-01
-8.500000000000251799e-01 2.293743176958377705e-01
-7.500000000000255351e-01 2.632589815450094850e-01
-6.500000000000258904e-01 3.007895651281273230e-01
-5.500000000000262457e-01 3.434749625430975062e-01
-4.500000000000266565e-01 3.889328700294014673e-01
-3.500000000000270117e-01 4.388384982131170453e-01
-2.500000000000273670e-01 4.880558030511137346e-01
-1.500000000000277223e-01 5.373443814134593044e-01
-5.000000000002806366e-02 5.737792157347663125e-01
4.999999999997158107e-02 5.735332183810378792e-01
1.499999999999712119e-01 5.355859566608276445e-01
2.499999999999708566e-01 4.869540974538196787e-01
3.499999999999705014e-01 4.375220852261038074e-01
4.499999999999701461e-01 3.883955080163969953e-01
5.499999999999698463e-01 3.402010030418661235e-01
6.499999999999694911e-01 2.977816157092224580e-01
7.499999999999691358e-01 2.591952384934069764e-01
8.499999999999687805e-01 2.259472112428914381e-01
9.499999999999684253e-01 1.953711206757103303e-01
1.049999999999968070e+00 1.701678472156188393e-01
1.149999999999967715e+00 1.460856356974392645e-01
1.249999999999967359e+00 1.264578204414088525e-01
1.349999999999967004e+00 1.093543113355586738e-01
1.449999999999966649e+00 9.387984252728312495e-02
1.549999999999966294e+00 8.087342636549429975e-02
1.649999999999965938e+00 6.998301060394908346e-02
1.749999999999965583e+00 5.981025994861568357e-02
1.849999999999965228e+00 5.196006116314585976e-02
1.949999999999964873e+00 4.446980519730225206e-02
2.049999999999964295e+00 3.847041371832128631e-02
2.149999999999963940e+00 3.314855016342314192e-02
2.249999999999963585e+00 2.866301755904861193e-02
2.349999999999963229e+00 2.462448244542151526e-02
2.449999999999962874e+00 2.133791897520204150e-02
2.549999999999962519e+00 1.845739882502929474e-02
2.649999999999962164e+00 1.571890899575202616e-02
2.749999999999961808e+00 1.359316059511675098e-02
2.849999999999961453e+00 1.187452388419866361e-02
2.949999999999961098e+00 1.006453109224442546e-02
3.049999999999960743e+00 8.728077445399605103e-03
3.149999999999960387e+00 7.599138895721512660e-03
3.249999999999960032e+00 6.526984543168388303e-03
3.349999999999959677e+00 5.487649389642239306e-03
3.449999999999959321e+00 4.767533317715691443e-03
3.549999999999958966e+00 4.283331424326660211e-03
3.649999999999958611e+00 3.719309049219045142e-03
3.749999999999958256e+00 3.233354470945807007e-03
3.849999999999957900e+00 2.723413946149663006e-03
3.949999999999957545e+00 2.406827383280523043e-03
4.049999999999957190e+00 2.098208204685803741e-03
4.149999999999956835e+00 1.873850573890765026e-03
4.249999999999956479e+00 1.568778661914280170e-03
4.349999999999956124e+00 1.394969580429085247e-03
4.449999999999955769e+00 1.209631882434627614e-03
4.549999999999955413e+00 1.010084169542320573e-03
4.649999999999955058e+00 9.799324032873260419e-04
4.749999999999954703e+00 8.362681052488220648e-04
4.849999999999954348e+00 7.458128064838382559e-04
4.949999999999953992e+00 6.287599908903979476e-04
5.049999999999953637e+00 5.108133758340953345e-04
5.149999999999953282e+00 4.966173265528530962e-04
5.249999999999952927e+00 4.380874273519811497e-04
5.349999999999952571e+00 4.026147611696345155e-04
5.449999999999952216e+00 3.210276289502372567e-04
5.549999999999951861e+00 2.828945128042146249e-04
5.649999999999951505e+00 2.491954799309852682e-04
5.749999999999951150e+00 2.421009466945159684e-04
5.849999999999950795e+00 2.225909802942252654e-04
5.949999999999950440e+00 2.004205639302586461e-04
6.049999999999950084e+00 1.436642980385039771e-04
6.149999999999949729e+00 1.250411482927719941e-04
6.249999999999949374e+00 1.179466150563026537e-04
6.349999999999949019e+00 1.143993484380679903e-04
6.449999999999948663e+00 1.002102819651293095e-04
6.549999999999948308e+00 9.134211541954265093e-05
6.649999999999947953e+00 7.803986560116264954e-05
6.749999999999947597e+00 6.473761578278266170e-05
6.849999999999947242e+00 6.473761578278266170e-05
6.949999999999946887e+00 6.207716581910666413e-05
7.049999999999946532e+00 5.764308254631332807e-05
7.149999999999946176e+00 4.611446603705066517e-05
7.249999999999945821e+00 4.611446603705066517e-05
7.349999999999945466e+00 4.256719941881599497e-05
7.449999999999945111e+00 3.901993280058133154e-05
7.549999999999944755e+00 4.256719941881599497e-05
7.649999999999944400e+00 3.547266618234666134e-05
7.749999999999944045e+00 2.926494960043599696e-05
7.849999999999943689e+00 2.571768298220132676e-05
7.949999999999943334e+00 1.684951643661466482e-05
