-7.950000000000000178e+00 1.294752315655652963e-04
-7.850000000000000533e+00 1.197202483654199719e-04
-7.750000000000000888e+00 1.347961314929172914e-04
-7.650000000000001243e+00 1.614006311296772671e-04
-7.550000000000001599e+00 1.543060978932079403e-04
-7.450000000000001954e+00 2.358932301126051990e-04
-7.350000000000002309e+00 2.217041636396665453e-04
-7.250000000000002665e+00 2.891022293861251775e-04
-7.150000000000003020e+00 3.751234448783158197e-04
-7.050000000000003375e+00 3.919729613149304710e-04
-6.950000000000003730e+00 4.327665274246291004e-04
-6.850000000000004086e+00 4.912964266255011011e-04
-6.750000000000004441e+00 4.788809934616797791e-04
-6.650000000000004796e+00 5.001645931710877596e-04
-6.550000000000005151e+00 6.296398247366529746e-04
-6.450000000000005507e+00 8.433626384852915001e-04
-6.350000000000005862e+00 9.311574872865993656e-04
-6.250000000000006217e+00 8.921375544860181764e-04
-6.150000000000006573e+00 9.400256538321860242e-04
-6.050000000000006928e+00 1.045577784149578178e-03
-5.950000000000007283e+00 1.067776131746759217e-03
-5.850000000000007638e+00 1.195463764386599931e-03
-5.750000000000007994e+00 1.419842343606549616e-03
-5.650000000000008349e+00 1.595446006825772516e-03
-5.550000000000008704e+00 1.641539524437912604e-03
-5.450000000000009059e+00 1.781677504283092671e-03
-5.350000000000009415e+00 1.983864718714164685e-03
-5.250000000000009770e+00 2.062805366586492953e-03
-5.150000000000010125e+00 2.223319181061611527e-03
-5.050000000000010481e+00 2.347613168865897524e-03
-4.950000000000010836e+00 2.681894167976389080e-03
-4.850000000000011191e+00 2.978118861832197706e-03
-4.750000000000011546e+00 2.902704532153193781e-03
-4.650000000000011902e+00 3.142138046075729219e-03
-4.550000000000012257e+00 3.572376796894450972e-03
-4.450000000000012612e+00 3.665681081447308594e-03
-4.350000000000012967e+00 3.914792767678650087e-03
-4.250000000000013323e+00 4.019395236066751476e-03
-4.150000000000013678e+00 4.137306937081535949e-03
-4.050000000000014033e+00 4.855705238165394615e-03
-3.950000000000014388e+00 5.303631442417165026e-03
-3.850000000000014744e+00 5.679844205390843954e-03
-3.750000000000015099e+00 6.041609537984349645e-03
-3.650000000000015454e+00 5.915667607420412900e-03
-3.550000000000015810e+00 6.602915600661861395e-03
-3.450000000000016165e+00 6.950750230689662149e-03
-3.350000000000016520e+00 7.576926582507723801e-03
-3.250000000000016875e+00 8.774925106308536019e-03
-3.150000000000017231e+00 9.399460498175245954e-03
-3.050000000000017586e+00 1.018591324898610560e-02
-2.950000000000017941e+00 1.089211258396355526e-02
-2.850000000000018296e+00 1.136643380360298321e-02
-2.750000000000018652e+00 1.264127114997675751e-02
-2.650000000000019007e+00 1.444239577538544358e-02
-2.550000000000019362e+00 1.687820181312599949e-02
-2.450000000000019718e+00 1.773085158665511918e-02
-2.350000000000020073e+00 2.044679392791999215e-02
-2.250000000000020428e+00 2.270991511631228338e-02
-2.150000000000020783e+00 2.596792588337827959e-02
-2.050000000000021139e+00 2.823940549331002345e-02
-1.950000000000021272e+00 3.173282767671566779e-02
-1.850000000000021627e+00 3.580786891215406720e-02
-1.750000000000021982e+00 3.937553929625203786e-02
-1.650000000000022338e+00 4.512537917207855298e-02
-1.550000000000022693e+00 5.027261665691984405e-02
-1.450000000000023048e+00 5.827837844577741372e-02
-1.350000000000023404e+00 6.499107775858860292e-02
-1.250000000000023759e+00 7.421182724384921270e-02
-1.150000000000024114e+00 8.769109125272551986e-02
-1.050000000000024469e+00 1.012943001089909312e-01
-9.500000000000248246e-01 1.187060583045954076e-01
-8.500000000000251799e-01 1.453963487241734520e-01
-7.500000000000255351e-01 1.720406992479223685e-01
-6.500000000000258904e-01 2.102000777359759598e-01
-5.500000000000262457e-01 2.608737310393869913e-01
-4.500000000000266565e-01 3.257907281846783576e-01
-3.500000000000270117e-01 4.362966582312875485e-01
-2.500000000000273670e-01 5.905774574100071117e-01
-1.500000000000277223e-01 8.497040199837472274e-01
-5.000000000002806366e-02 1.260022515534696241e+00
4.999999999997158107e-02 1.208600710184020155e+00
1.499999999999712119e-01 7.964487386567926652e-01
2.499999999999708566e-01 5.430441336053251078e-01
3.499999999999705014e-01 3.878963908444732489e-01
4.499999999999701461e-01 2.924371069069974238e-01
5.499999999999698463e-01 2.275980658336068940e-01
6.499999999999694911e-01 1.778085338207477661e-01
7.499999999999691358e-01 1.467494982656723512e-01
8.499999999999687805e-01 1.177990822824645512e-01
9.499999999999684253e-01 9.873878778850175841e-02
1.049999999999968070e+00 8.656786464023986938e-02
1.149999999999967715e+00 7.256516233811670380e-02
1.249999999999967359e+00 6.249595276430893603e-02
1.349999999999967004e+00 5.370674781501946771e-02
1.449999999999966649e+00 4.699113667114544757e-02
1.549999999999966294e+00 4.138142080954756996e-02
1.649999999999965938e+00 3.340648113654198087e-02
1.749999999999965583e+00 2.984208568953838903e-02
1.849999999999965228e+00 2.669737797000678453e-02
1.949999999999964873e+00 2.421301348332285941e-02
2.049999999999964295e+00 2.131185215180466525e-02
2.149999999999963940e+00 1.908218559799500225e-02
2.249999999999963585e+00 1.729818281854674650e-02
2.349999999999963229e+00 1.617469085934541972e-02
2.449999999999962874e+00 1.470254728154479773e-02
2.549999999999962519e+00 1.370301413534921048e-02
2.649999999999962164e+00 1.220326751632440886e-02
2.749999999999961808e+00 1.041411840715644396e-02
2.849999999999961453e+00 9.203927900057517000e-03
2.949999999999961098e+00 8.716143826008732748e-03
3.049999999999960743e+00 8.383392061916732085e-03
3.149999999999960387e+00 8.078201442199086507e-03
3.249999999999960032e+00 6.915773343896872843e-03
3.349999999999959677e+00 6.770824209130504520e-03
3.449999999999959321e+00 5.882967116134600431e-03
3.549999999999958966e+00 5.628401856618137425e-03
3.649999999999958611e+00 5.386014614783173754e-03
3.749999999999958256e+00 4.707634788087312894e-03
3.849999999999957900e+00 4.444403863466067292e-03
3.949999999999957545e+00 4.221722106663895399e-03
4.049999999999957190e+00 3.796105974942165333e-03
4.149999999999956835e+00 3.547629724266451560e-03
4.249999999999956479e+00 3.517387181503510429e-03
4.349999999999956124e+00 3.002977659393055339e-03
4.449999999999955769e+00 2.877950476716890568e-03
4.549999999999955413e+00 2.499265799603733133e-03
4.649999999999955058e+00 2.367304688282082133e-03
4.749999999999954703e+00 2.060347418063622048e-03
4.849999999999954348e+00 1.930760461565199154e-03
4.949999999999953992e+00 1.736512700175333029e-03
5.049999999999953637e+00 1.795035616567901499e-03
5.149999999999953282e+00 1.583973252782938917e-03
5.249999999999952927e+00 1.237206992425589867e-03
5.349999999999952571e+00 1.095323310504506698e-03
5.449999999999952216e+00 1.056289412087318231e-03
5.549999999999951861e+00 1.099736445352389328e-03
5.649999999999951505e+00 9.986393467327013117e-04
5.749999999999951150e+00 8.283635662491338827e-04
5.849999999999950795e+00 8.105993019247461186e-04
5.949999999999950440e+00 7.955094531806415755e-04
6.049999999999950084e+00 7.156959542703616485e-04
6.149999999999949729e+00 5.995159897148727825e-04
6.249999999999949374e+00 4.665004743393764888e-04
6.349999999999949019e+00 5.596092402597328732e-04
6.449999999999948663e+00 5.542743747157736003e-04
6.549999999999948308e+00 6.101508067612730797e-04
6.649999999999947953e+00 6.172383571894388219e-04
6.749999999999947597e+00 5.835393243162096278e-04
6.849999999999947242e+00 4.992847593248326242e-04
6.949999999999946887e+00 4.105961110606623997e-04
7.049999999999946532e+00 3.928597779694890826e-04
7.149999999999946176e+00 3.999543112059584095e-04
7.249999999999945821e+00 3.981806778968411320e-04
7.349999999999945466e+00 4.904096099709422726e-04
7.449999999999945111e+00 3.121594624046504897e-04
7.549999999999944755e+00 2.128359970940798868e-04
7.649999999999944400e+00 1.383433981111519277e-04
7.749999999999944045e+00 1.401170314202692595e-04
7.849999999999943689e+00 2.084019138212865575e-04
7.949999999999943334e+00 1.117388984743919521e-04
