-7.950000000000000178e+00 0.000000000000000000e+00
-7.850000000000000533e+00 0.000000000000000000e+00
-7.750000000000000888e+00 0.000000000000000000e+00
-7.650000000000001243e+00 0.000000000000000000e+00
-7.550000000000001599e+00 0.000000000000000000e+00
-7.450000000000001954e+00 0.000000000000000000e+00
-7.350000000000002309e+00 0.000000000000000000e+00
-7.250000000000002665e+00 0.000000000000000000e+00
-7.150000000000003020e+00 0.000000000000000000e+00
-7.050000000000003375e+00 7.097111191860490429e-06
-6.950000000000003730e+00 1.153280568677329663e-05
-6.850000000000004086e+00 7.984250090843050991e-06
-6.750000000000004441e+00 7.097111191860490429e-06
-6.650000000000004796e+00 6.209972292877929019e-06
-6.550000000000005151e+00 1.392808071402619431e-04
-6.450000000000005507e+00 1.286351403524712536e-04
-6.350000000000005862e+00 1.463779183321224750e-04
-6.250000000000006217e+00 1.419422238372096900e-04
-6.150000000000006573e+00 2.253332803415703303e-04
-6.050000000000006928e+00 2.359789471293611282e-04
-5.950000000000007283e+00 2.767873364825589023e-04
-5.850000000000007638e+00 2.696902252906984245e-04
-5.750000000000007994e+00 2.413017805232565136e-04
-5.650000000000008349e+00 2.865458643713670998e-04
-5.550000000000008704e+00 2.945301144622102050e-04
-5.450000000000009059e+00 2.430760583212216873e-04
-5.350000000000009415e+00 3.832440043604661223e-04
-5.250000000000009770e+00 3.867925599563964154e-04
-5.150000000000010125e+00 3.566298373909894122e-04
-5.050000000000010481e+00 4.160681436228208996e-04
-4.950000000000010836e+00 5.136534225109025496e-04
-4.850000000000011191e+00 8.268134538517471184e-04
-4.750000000000011546e+00 1.085858012354653851e-03
-4.650000000000011902e+00 1.076986623364828768e-03
-4.550000000000012257e+00 1.423857932867009929e-03
-4.450000000000012612e+00 1.534750295239830720e-03
-4.350000000000012967e+00 1.159490540970206564e-03
-4.250000000000013323e+00 1.439826433048696248e-03
-4.150000000000013678e+00 2.312771109647535333e-03
-4.050000000000014033e+00 2.252445664516720784e-03
-3.950000000000014388e+00 2.387290777162069753e-03
-3.850000000000014744e+00 2.894734227380097759e-03
-3.750000000000015099e+00 3.519280012263820232e-03
-3.650000000000015454e+00 4.197941269985483795e-03
-3.550000000000015810e+00 4.530618357103947252e-03
-3.450000000000016165e+00 4.857972610828514837e-03
-3.350000000000016520e+00 5.503809729287825574e-03
-3.250000000000016875e+00 6.478775379269672945e-03
-3.150000000000017231e+00 8.116433786791501029e-03
-3.050000000000017586e+00 9.330926939498641881e-03
-2.950000000000017941e+00 9.995393974836586440e-03
-2.850000000000018296e+00 1.200653785883007765e-02
-2.750000000000018652e+00 1.277125158975305624e-02
-2.650000000000019007e+00 1.457125641578869112e-02
-2.550000000000019362e+00 1.682370208030544573e-02
-2.450000000000019718e+00 1.943011616551624729e-02
-2.350000000000020073e+00 2.179256705350683318e-02
-2.250000000000020428e+00 2.685014591660647709e-02
-2.150000000000020783e+00 3.119623938272210462e-02
-2.050000000000021139e+00 3.602227499318729625e-02
-1.950000000000021272e+00 4.151632619458636708e-02
-1.850000000000021627e+00 4.990422448446656806e-02
-1.750000000000021982e+00 5.902135094931015846e-02
-1.650000000000022338e+00 6.937337476153712656e-02
-1.550000000000022693e+00 8.202397546102767334e-02
-1.450000000000023048e+00 9.740785110828323323e-02
-1.350000000000023404e+00 1.163686707962367228e-01
-1.250000000000023759e+00 1.376644400663120660e-01
-1.150000000000024114e+00 1.589335951694179627e-01
-1.050000000000024469e+00 1.834257258925282574e-01
-9.500000000000248246e-01 2.144205847451809976e-01
-8.500000000000251799e-01 2.526589327080265290e-01
-7.500000000000255351e-01 2.914819052053000958e-01
-6.500000000000258904e-01 3.287364161291742026e-01
-5.500000000000262457e-01 3.721343639285038529e-01
-4.500000000000266565e-01 4.054934479469469166e-01
-3.500000000000270117e-01 4.399960540061779724e-01
-2.500000000000273670e-01 4.660335806913179502e-01
-1.500000000000277223e-01 4.852082008539274072e-01
-5.000000000002806366e-02 4.850050460460597623e-01
4.999999999997158107e-02 4.939092591751477190e-01
1.499999999999712119e-01 4.845091354015282903e-01
2.499999999999708566e-01 4.651553131813248032e-01
3.499999999999705014e-01 4.337372890738564468e-01
4.499999999999701461e-01 4.047553483829937626e-01
5.499999999999698463e-01 3.698774825694920443e-01
6.499999999999694911e-01 3.270047209983607539e-01
7.499999999999691358e-01 2.878029401912198804e-01
8.499999999999687805e-01 2.541644074195997249e-01
9.499999999999684253e-01 2.175646050031751766e-01
1.049999999999968070e+00 1.858254366142760017e-01
1.149999999999967715e+00 1.549423572628956247e-01
1.249999999999967359e+00 1.358954851017408205e-01
1.349999999999967004e+00 1.148055320562294257e-01
1.449999999999966649e+00 9.703791418740767560e-02
1.549999999999966294e+00 8.118829061818616522e-02
1.649999999999965938e+00 6.860422533611930385e-02
1.749999999999965583e+00 5.828679994095256611e-02
1.849999999999965228e+00 4.896740580714096375e-02
1.949999999999964873e+00 4.224200581395409770e-02
2.049999999999964295e+00 3.467559814453174960e-02
2.149999999999963940e+00 2.947696419649387806e-02
2.249999999999963585e+00 2.626108568768205018e-02
2.349999999999963229e+00 2.258212067360132469e-02
2.449999999999962874e+00 1.859176990597771056e-02
2.549999999999962519e+00 1.662054727243843927e-02
2.649999999999962164e+00 1.456327216569784991e-02
2.749999999999961808e+00 1.257962958757282215e-02
2.849999999999961453e+00 1.168450643849940421e-02
2.949999999999961098e+00 9.992732558139635901e-03
3.049999999999960743e+00 8.488144985465196843e-03
3.149999999999960387e+00 7.572617641715183832e-03
3.249999999999960032e+00 6.362560183502954762e-03
3.349999999999959677e+00 5.458565645439715855e-03
3.449999999999959321e+00 4.863295444222410710e-03
3.549999999999958966e+00 4.474728606468048389e-03
3.649999999999958611e+00 3.866151321766007464e-03
3.749999999999958256e+00 3.637269485828504428e-03
3.849999999999957900e+00 2.866345782612654547e-03
3.949999999999957545e+00 2.559395723564687232e-03
4.049999999999957190e+00 2.424550610919338697e-03
4.149999999999956835e+00 2.157521802325587396e-03
4.249999999999956479e+00 1.905574355014540274e-03
4.349999999999956124e+00 1.572010128997097279e-03
4.449999999999955769e+00 1.396356626998550374e-03
4.549999999999955413e+00 1.117795012718026055e-03
4.649999999999955058e+00 1.266834347747096195e-03
4.749999999999954703e+00 1.154167707576311342e-03
4.849999999999954348e+00 8.046349813771822446e-04
4.949999999999953992e+00 6.059158680050887600e-04
5.049999999999953637e+00 3.681626430777627020e-04
5.149999999999953282e+00 3.238056981286346891e-04
5.249999999999952927e+00 3.335642260174428867e-04
5.349999999999952571e+00 2.803358920784892495e-04
5.449999999999952216e+00 3.238056981286346891e-04
5.549999999999951861e+00 4.471180050872105302e-04
5.649999999999951505e+00 3.708240597747103134e-04
5.749999999999951150e+00 2.741259197856112367e-04
5.849999999999950795e+00 2.457374750181693258e-04
5.949999999999950440e+00 3.743726153706404981e-04
6.049999999999950084e+00 2.004933911700586854e-04
6.149999999999949729e+00 1.392808071402620515e-04
6.249999999999949374e+00 9.935955668604682365e-05
6.349999999999949019e+00 1.224251680595933763e-04
6.449999999999948663e+00 1.304094181504364001e-04
6.549999999999948308e+00 5.056691724200599187e-05
6.649999999999947953e+00 5.588975063590134339e-05
6.749999999999947597e+00 4.258266715116292055e-05
6.849999999999947242e+00 3.459841706031988311e-05
6.949999999999946887e+00 0.000000000000000000e+00
7.049999999999946532e+00 0.000000000000000000e+00
7.149999999999946176e+00 0.000000000000000000e+00
7.249999999999945821e+00 0.000000000000000000e+00
7.349999999999945466e+00 0.000000000000000000e+00
7.449999999999945111e+00 0.000000000000000000e+00
7.549999999999944755e+00 0.000000000000000000e+00
7.649999999999944400e+00 0.000000000000000000e+00
7.749999999999944045e+00 0.000000000000000000e+00
7.849999999999943689e+00 0.000000000000000000e+00
7.949999999999943334e+00 0.000000000000000000e+00
