-7.950000000000000178e+00 0.000000000000000000e+00
-7.850000000000000533e+00 0.000000000000000000e+00
-7.750000000000000888e+00 0.000000000000000000e+00
-7.650000000000001243e+00 0.000000000000000000e+00
-7.550000000000001599e+00 0.000000000000000000e+00
-7.450000000000001954e+00 0.000000000000000000e+00
-7.350000000000002309e+00 0.000000000000000000e+00
-7.250000000000002665e+00 0.000000000000000000e+00
-7.150000000000003020e+00 0.000000000000000000e+00
-7.050000000000003375e+00 0.000000000000000000e+00
-6.950000000000003730e+00 0.000000000000000000e+00
-6.850000000000004086e+00 0.000000000000000000e+00
-6.750000000000004441e+00 0.000000000000000000e+00
-6.650000000000004796e+00 0.000000000000000000e+00
-6.550000000000005151e+00 0.000000000000000000e+00
-6.450000000000005507e+00 0.000000000000000000e+00
-6.350000000000005862e+00 0.000000000000000000e+00
-6.250000000000006217e+00 0.000000000000000000e+00
-6.150000000000006573e+00 0.000000000000000000e+00
-6.050000000000006928e+00 0.000000000000000000e+00
-5.950000000000007283e+00 0.000000000000000000e+00
-5.850000000000007638e+00 0.000000000000000000e+00
-5.750000000000007994e+00 0.000000000000000000e+00
-5.650000000000008349e+00 0.000000000000000000e+00
-5.550000000000008704e+00 0.000000000000000000e+00
-5.450000000000009059e+00 0.000000000000000000e+00
-5.350000000000009415e+00 0.000000000000000000e+00
-5.250000000000009770e+00 0.000000000000000000e+00
-5.150000000000010125e+00 0.000000000000000000e+00
-5.050000000000010481e+00 0.000000000000000000e+00
-4.950000000000010836e+00 0.000000000000000000e+00
-4.850000000000011191e+00 0.000000000000000000e+00
-4.750000000000011546e+00 1.153280568677329663e-05
-4.650000000000011902e+00 1.596850018168610198e-05
-4.550000000000012257e+00 5.145405614098851770e-05
-4.450000000000012612e+00 4.080838935319780790e-05
-4.350000000000012967e+00 3.637269485828500932e-05
-4.250000000000013323e+00 8.161677870639561579e-05
-4.150000000000013678e+00 9.581100109011661189e-05
-4.050000000000014033e+00 1.792020575944773336e-04
-3.950000000000014388e+00 3.158214480377916924e-04
-3.850000000000014744e+00 3.309028093204952211e-04
-3.750000000000015099e+00 4.178424214207861545e-04
-3.650000000000015454e+00 5.793017010356121040e-04
-3.550000000000015810e+00 8.418948151344498882e-04
-3.450000000000016165e+00 1.056582428688229366e-03
-3.350000000000016520e+00 1.650078352107561992e-03
-3.250000000000016875e+00 2.243574275526895052e-03
-3.150000000000017231e+00 2.875217171602478111e-03
-3.050000000000017586e+00 4.137615824854667945e-03
-2.950000000000017941e+00 5.319284838299450334e-03
-2.850000000000018296e+00 7.040334302325639004e-03
-2.750000000000018652e+00 9.122449298237736079e-03
-2.650000000000019007e+00 1.196129377498196880e-02
-2.550000000000019362e+00 1.554977062136647659e-02
-2.450000000000019718e+00 2.030749653661001117e-02
-2.350000000000020073e+00 2.597542696220966202e-02
-2.250000000000020428e+00 3.282946209574902352e-02
-2.150000000000020783e+00 4.014569659565829507e-02
-2.050000000000021139e+00 4.939855531204652428e-02
-1.950000000000021272e+00 6.013914596202846186e-02
-1.850000000000021627e+00 7.200196731922238469e-02
-1.750000000000021982e+00 8.700703465661224767e-02
-1.650000000000022338e+00 1.030172303665496392e-01
-1.550000000000022693e+00 1.197584285292488948e-01
-1.450000000000023048e+00 1.381692220998331222e-01
-1.350000000000023404e+00 1.610671642214711596e-01
-1.250000000000023759e+00 1.821615529614783180e-01
-1.150000000000024114e+00 2.051419990007225524e-01
-1.050000000000024469e+00 2.290406338004138398e-01
-9.500000000000248246e-01 2.546966907589894302e-01
-8.500000000000251799e-01 2.792961652888760193e-01
-7.500000000000255351e-01 3.025658186091884638e-01
-6.500000000000258904e-01 3.213926803233967955e-01
-5.500000000000262457e-01 3.416779983875325999e-01
-4.500000000000266565e-01 3.593373853106801574e-01
-3.500000000000270117e-01 3.756589667741619953e-01
-2.500000000000273670e-01 3.851797414380432882e-01
-1.500000000000277223e-01 3.938266842864268646e-01
-5.000000000002806366e-02 3.963470458984365008e-01
4.999999999997158107e-02 3.974320167718922159e-01
1.499999999999712119e-01 3.932562539743806873e-01
2.499999999999708566e-01 3.844398675962920064e-01
3.499999999999705014e-01 3.740381640057206525e-01
4.499999999999701461e-01 3.587829234988159088e-01
5.499999999999698463e-01 3.445407956145493111e-01
6.499999999999694911e-01 3.249864800031754264e-01
7.499999999999691358e-01 3.013415669285927634e-01
8.499999999999687805e-01 2.757165598314816335e-01
9.499999999999684253e-01 2.518826861714167364e-01
1.049999999999968070e+00 2.289838569108791910e-01
1.149999999999967715e+00 2.059501825376957029e-01
1.249999999999967359e+00 1.836421877838801675e-01
1.349999999999967004e+00 1.604284242142037797e-01
1.449999999999966649e+00 1.404216677643496669e-01
1.549999999999966294e+00 1.201239297556297714e-01
1.649999999999965938e+00 1.019526636877706449e-01
1.749999999999965583e+00 8.668145468068569337e-02
1.849999999999965228e+00 7.268240285474195095e-02
1.949999999999964873e+00 6.052505138308592048e-02
2.049999999999964295e+00 4.894877589026234987e-02
2.149999999999963940e+00 4.002770712209360870e-02
2.249999999999963585e+00 3.217741500499683022e-02
2.349999999999963229e+00 2.593816712845239958e-02
2.449999999999962874e+00 2.085929693177716870e-02
2.549999999999962519e+00 1.636771268622840697e-02
2.649999999999962164e+00 1.219549844431336641e-02
2.749999999999961808e+00 8.938811546148343196e-03
2.849999999999961453e+00 6.990654523982616636e-03
2.949999999999961098e+00 5.183552586755115973e-03
3.049999999999960743e+00 3.997447878815422670e-03
3.149999999999960387e+00 2.942639727925152379e-03
3.249999999999960032e+00 2.113164857376458299e-03
3.349999999999959677e+00 1.596850018168608247e-03
3.449999999999959321e+00 1.071663789970932895e-03
3.549999999999958966e+00 6.804355355196240471e-04
3.649999999999958611e+00 5.784145621366296392e-04
3.749999999999958256e+00 4.293752271075593901e-04
3.849999999999957900e+00 3.575169762899720396e-04
3.949999999999957545e+00 2.324303915334310249e-04
4.049999999999957190e+00 1.552493073219482077e-04
4.149999999999956835e+00 1.357322515443318669e-04
4.249999999999956479e+00 6.830969522165722006e-05
4.349999999999956124e+00 3.814697265625013553e-05
4.449999999999955769e+00 3.459841706031988989e-05
4.549999999999955413e+00 1.774277797965122480e-05
4.649999999999955058e+00 7.984250090843050991e-06
4.749999999999954703e+00 4.435694494912806200e-06
4.849999999999954348e+00 6.209972292877929019e-06
4.949999999999953992e+00 0.000000000000000000e+00
5.049999999999953637e+00 0.000000000000000000e+00
5.149999999999953282e+00 0.000000000000000000e+00
5.249999999999952927e+00 0.000000000000000000e+00
5.349999999999952571e+00 0.000000000000000000e+00
5.449999999999952216e+00 0.000000000000000000e+00
5.549999999999951861e+00 0.000000000000000000e+00
5.649999999999951505e+00 0.000000000000000000e+00
5.749999999999951150e+00 0.000000000000000000e+00
5.849999999999950795e+00 0.000000000000000000e+00
5.949999999999950440e+00 0.000000000000000000e+00
6.049999999999950084e+00 0.000000000000000000e+00
6.149999999999949729e+00 0.000000000000000000e+00
6.249999999999949374e+00 0.000000000000000000e+00
6.349999999999949019e+00 0.000000000000000000e+00
6.449999999999948663e+00 0.000000000000000000e+00
6.549999999999948308e+00 0.000000000000000000e+00
6.649999999999947953e+00 0.000000000000000000e+00
6.749999999999947597e+00 0.000000000000000000e+00
6.849999999999947242e+00 0.000000000000000000e+00
6.949999999999946887e+00 0.000000000000000000e+00
7.049999999999946532e+00 0.000000000000000000e+00
7.149999999999946176e+00 0.000000000000000000e+00
7.249999999999945821e+00 0.000000000000000000e+00
7.349999999999945466e+00 0.000000000000000000e+00
7.449999999999945111e+00 0.000000000000000000e+00
7.549999999999944755e+00 0.000000000000000000e+00
7.649999999999944400e+00 0.000000000000000000e+00
7.749999999999944045e+00 0.000000000000000000e+00
7.849999999999943689e+00 0.000000000000000000e+00
7.949999999999943334e+00 0.000000000000000000e+00
