-7.950000000000000178e+00 6.298686182776184821e-05
-7.850000000000000533e+00 6.564827852470952736e-05
-7.750000000000000888e+00 5.943830623183160258e-05
-7.650000000000001243e+00 6.209972292877928850e-05
-7.550000000000001599e+00 7.806822311046539048e-05
-7.450000000000001954e+00 8.871388989825613417e-05
-7.350000000000002309e+00 7.274538971657003219e-05
-7.250000000000002665e+00 8.516533430232588176e-05
-7.150000000000003020e+00 9.314958439316893275e-05
-7.050000000000003375e+00 1.029081122819771167e-04
-6.950000000000003730e+00 9.669813998909918516e-05
-6.850000000000004086e+00 1.082309456758724615e-04
-6.750000000000004441e+00 1.188766124636632187e-04
-6.650000000000004796e+00 1.472650572311051567e-04
-6.550000000000005151e+00 1.446036405341574911e-04
-6.450000000000005507e+00 1.570235851199133542e-04
-6.350000000000005862e+00 1.667821130087215247e-04
-6.250000000000006217e+00 1.951705577761634898e-04
-6.150000000000006573e+00 2.182361691497100695e-04
-6.050000000000006928e+00 2.475117528161345807e-04
-5.950000000000007283e+00 2.794487531795067847e-04
-5.850000000000007638e+00 3.193700036337220396e-04
-5.750000000000007994e+00 3.282413926235476639e-04
-5.650000000000008349e+00 3.752667396152846750e-04
-5.550000000000008704e+00 3.965510878452048298e-04
-5.450000000000009059e+00 4.435694494912805624e-04
-5.350000000000009415e+00 4.932492278343040149e-04
-5.250000000000009770e+00 5.305090615915714417e-04
-5.150000000000010125e+00 6.156743958938971743e-04
-5.050000000000010481e+00 7.496393549859250646e-04
-4.950000000000010836e+00 8.188431744522260821e-04
-4.850000000000011191e+00 9.350443995276187803e-04
-4.750000000000011546e+00 1.009578037733476407e-03
-4.650000000000011902e+00 1.108050455520540522e-03
-4.550000000000012257e+00 1.275733678119566825e-03
-4.450000000000012612e+00 1.476220083943964069e-03
-4.350000000000012967e+00 1.660724018895352871e-03
-4.250000000000013323e+00 1.901180572593594211e-03
-4.150000000000013678e+00 2.122050217057606589e-03
-4.050000000000014033e+00 2.492909203560622969e-03
-3.950000000000014388e+00 2.745743789770652230e-03
-3.850000000000014744e+00 3.128107640577796732e-03
-3.750000000000015099e+00 3.653328795503779560e-03
-3.650000000000015454e+00 4.145662943056458057e-03
-3.550000000000015810e+00 4.719697693463472538e-03
-3.450000000000016165e+00 5.396535775967546342e-03
-3.350000000000016520e+00 5.959037720687787587e-03
-3.250000000000016875e+00 7.026293757546466824e-03
-3.150000000000017231e+00 7.876200764154414960e-03
-3.050000000000017586e+00 9.045470789050429061e-03
-2.950000000000017941e+00 1.047036255307532901e-02
-2.850000000000018296e+00 1.179653741221501490e-02
-2.750000000000018652e+00 1.386533833929671361e-02
-2.650000000000019007e+00 1.609483714331615828e-02
-2.550000000000019362e+00 1.852844076221254674e-02
-2.450000000000019718e+00 2.126527823626510674e-02
-2.350000000000020073e+00 2.439784252737484116e-02
-2.250000000000020428e+00 2.764850107223418285e-02
-2.150000000000020783e+00 3.207477233584997423e-02
-2.050000000000021139e+00 3.690631938404191625e-02
-1.950000000000021272e+00 4.357161746315914991e-02
-1.850000000000021627e+00 4.993735597893804445e-02
-1.750000000000021982e+00 5.763889516017785958e-02
-1.650000000000022338e+00 6.657490558271561554e-02
-1.550000000000022693e+00 7.684499129033545151e-02
-1.450000000000023048e+00 8.878123561577513922e-02
-1.350000000000023404e+00 1.028439309260390788e-01
-1.250000000000023759e+00 1.192305669136631552e-01
-1.150000000000024114e+00 1.382749243503797187e-01
-1.050000000000024469e+00 1.601052681532218747e-01
-9.500000000000248246e-01 1.838933319164403335e-01
-8.500000000000251799e-01 2.139802914228052244e-01
-7.500000000000255351e-01 2.476968644761541327e-01
-6.500000000000258904e-01 2.874338834238973628e-01
-5.500000000000262457e-01 3.328301639832763614e-01
-4.500000000000266565e-01 3.858062710610946633e-01
-3.500000000000270117e-01 4.426752693638706937e-01
-2.500000000000273670e-01 5.093959730812304132e-01
-1.500000000000277223e-01 5.787095532839050538e-01
-5.000000000002806366e-02 6.430531089459989857e-01
4.999999999997158107e-02 6.424027383382051593e-01
1.499999999999712119e-01 5.800962771192365031e-01
2.499999999999708566e-01 5.087484874211949393e-01
3.499999999999705014e-01 4.417787142189366634e-01
4.499999999999701461e-01 3.834834061269665195e-01
5.499999999999698463e-01 3.310318705669277328e-01
6.499999999999694911e-01 2.855709336481082605e-01
7.499999999999691358e-01 2.458521324818493392e-01
8.499999999999687805e-01 2.122889715899135832e-01
9.499999999999684253e-01 1.831942245519680712e-01
1.049999999999968070e+00 1.576810598242400219e-01
1.149999999999967715e+00 1.363971027736775588e-01
1.249999999999967359e+00 1.162475099757419028e-01
1.349999999999967004e+00 1.006133214520596453e-01
1.449999999999966649e+00 8.740459163423275335e-02
1.549999999999966294e+00 7.552327308172779308e-02
1.649999999999965938e+00 6.501004844767580004e-02
1.749999999999965583e+00 5.639766908962499936e-02
1.849999999999965228e+00 4.884965383532879207e-02
1.949999999999964873e+00 4.215648422702305415e-02
2.049999999999964295e+00 3.604222514039591430e-02
2.149999999999963940e+00 3.180152656961768298e-02
2.249999999999963585e+00 2.752694907238224797e-02
2.349999999999963229e+00 2.360394402227903449e-02
2.449999999999962874e+00 2.038175774633507742e-02
2.549999999999962519e+00 1.795879280888081769e-02
2.649999999999962164e+00 1.565044342303684166e-02
2.749999999999961808e+00 1.357266632678040194e-02
2.849999999999961453e+00 1.169548041653327604e-02
2.949999999999961098e+00 1.025467603509198217e-02
3.049999999999960743e+00 8.827213663863731768e-03
3.149999999999960387e+00 7.800842855160525398e-03
3.249999999999960032e+00 6.762799533857319356e-03
3.349999999999959677e+00 5.827755134329688433e-03
3.449999999999959321e+00 5.063069344789356691e-03
3.549999999999958966e+00 4.503235802111724660e-03
3.649999999999958611e+00 3.857314859504479016e-03
3.749999999999958256e+00 3.439486408775014117e-03
3.849999999999957900e+00 3.030494420307070294e-03
3.949999999999957545e+00 2.672069349081132063e-03
4.049999999999957190e+00 2.342961773595586203e-03
4.149999999999956835e+00 2.081241827704408652e-03
4.249999999999956479e+00 1.812452712004015629e-03
4.349999999999956124e+00 1.642108072708041390e-03
4.449999999999955769e+00 1.416781777712132744e-03
4.549999999999955413e+00 1.272185122523636532e-03
4.649999999999955058e+00 1.110697901526165685e-03
4.749999999999954703e+00 1.042395191650169906e-03
4.849999999999954348e+00 8.729586472901621841e-04
4.949999999999953992e+00 7.620662849173422604e-04
5.049999999999953637e+00 6.697898687318334932e-04
5.149999999999953282e+00 6.857653542591808735e-04
5.249999999999952927e+00 5.385072823737370494e-04
5.349999999999952571e+00 4.941363667332865882e-04
5.449999999999952216e+00 4.826035610465132441e-04
5.549999999999951861e+00 4.089780177766220255e-04
5.649999999999951505e+00 3.601783929869198679e-04
5.749999999999951150e+00 3.406613372093035270e-04
5.849999999999950795e+00 2.918686977652627020e-04
5.949999999999950440e+00 2.519474473110473929e-04
6.049999999999950084e+00 2.634802529978206827e-04
6.149999999999949729e+00 2.129133357558147112e-04
6.249999999999949374e+00 2.049290856649716602e-04
6.349999999999949019e+00 1.756535019985471218e-04
6.449999999999948663e+00 1.827506131904076266e-04
6.549999999999948308e+00 1.650078352107564052e-04
6.649999999999947953e+00 1.339579737463667474e-04
6.749999999999947597e+00 1.286351403524713891e-04
6.849999999999947242e+00 1.100052234738375809e-04
6.949999999999946887e+00 1.037952511809596629e-04
7.049999999999946532e+00 1.117795012718027139e-04
7.149999999999946176e+00 9.581100109011661189e-05
7.249999999999945821e+00 9.492386219113405218e-05
7.349999999999945466e+00 6.653541742369210063e-05
7.449999999999945111e+00 7.185825081758745892e-05
7.549999999999944755e+00 6.209972292877928850e-05
7.649999999999944400e+00 5.855116733284904286e-05
7.749999999999944045e+00 5.056691724200599187e-05
7.849999999999943689e+00 5.234119503997111808e-05
7.949999999999943334e+00 4.701836164607574623e-05
