-7.950000000000000178e+00 7.895536200944796375e-05
-7.850000000000000533e+00 6.564827852470952736e-05
-7.750000000000000888e+00 1.100052234738375673e-04
-7.650000000000001243e+00 1.446036405341574369e-04
-7.550000000000001599e+00 1.286351403524713620e-04
-7.450000000000001954e+00 1.401679460392446790e-04
-7.350000000000002309e+00 1.729920853015994291e-04
-7.250000000000002665e+00 1.570235851199133542e-04
-7.150000000000003020e+00 1.721049464026168558e-04
-7.050000000000003375e+00 2.643673918968031476e-04
-6.950000000000003730e+00 2.253332803415705201e-04
-6.850000000000004086e+00 3.158214480377917466e-04
-6.750000000000004441e+00 3.938896711482570015e-04
-6.650000000000004796e+00 3.619526707848848518e-04
-6.550000000000005151e+00 3.752597542696232340e-04
-6.450000000000005507e+00 4.098581713299431035e-04
-6.350000000000005862e+00 4.701836164607572184e-04
-6.250000000000006217e+00 4.790550054505828968e-04
-6.150000000000006573e+00 4.595379496729665560e-04
-6.050000000000006928e+00 4.976849223292166644e-04
-5.950000000000007283e+00 5.899473678234028748e-04
-5.850000000000007638e+00 6.201100903888100407e-04
-5.750000000000007994e+00 7.966507312863394105e-04
-5.650000000000008349e+00 8.454433707303801813e-04
-5.550000000000008704e+00 9.776340520244429250e-04
-5.450000000000009059e+00 1.146190442831129244e-03
-5.350000000000009415e+00 1.250865847565410093e-03
-5.250000000000009770e+00 1.338699583910344824e-03
-5.150000000000010125e+00 1.391920932503637074e-03
-5.050000000000010481e+00 1.557822891959036952e-03
-4.950000000000010836e+00 1.664272574491282731e-03
-4.850000000000011191e+00 1.933082646228659589e-03
-4.750000000000011546e+00 1.906461493913521764e-03
-4.650000000000011902e+00 2.216967093903079132e-03
-4.550000000000012257e+00 2.226718636446225943e-03
-4.450000000000012612e+00 2.649059620472876686e-03
-4.350000000000012967e+00 2.932077885285297274e-03
-4.250000000000013323e+00 3.388919491533011127e-03
-4.150000000000013678e+00 3.718956117991508315e-03
-4.050000000000014033e+00 4.145635001673818147e-03
-3.950000000000014388e+00 4.515543981166901533e-03
-3.850000000000014744e+00 5.033661039555367700e-03
-3.750000000000015099e+00 5.282087872653133329e-03
-3.650000000000015454e+00 5.758474476061112811e-03
-3.550000000000015810e+00 6.208281839227921053e-03
-3.450000000000016165e+00 6.948134724942402890e-03
-3.350000000000016520e+00 7.381058507645898645e-03
-3.250000000000016875e+00 8.246899087707227141e-03
-3.150000000000017231e+00 9.308811335135027537e-03
-3.050000000000017586e+00 1.034322926204002922e-02
-2.950000000000017941e+00 1.163226303829869093e-02
-2.850000000000018296e+00 1.242815236690796195e-02
-2.750000000000018652e+00 1.401712990051632961e-02
-2.650000000000019007e+00 1.556083540889393983e-02
-2.550000000000019362e+00 1.733141097365860361e-02
-2.450000000000019718e+00 1.974725085853835937e-02
-2.350000000000020073e+00 2.193866555801251075e-02
-2.250000000000020428e+00 2.418442624673141153e-02
-2.150000000000020783e+00 2.756109344197458372e-02
-2.050000000000021139e+00 3.122263001863041787e-02
-1.950000000000021272e+00 3.518807802897155890e-02
-1.850000000000021627e+00 3.918840387019947857e-02
-1.750000000000021982e+00 4.390357505967450169e-02
-1.650000000000022338e+00 5.074253581727679319e-02
-1.550000000000022693e+00 5.785853538380535122e-02
-1.450000000000023048e+00 6.595958045410477144e-02
-1.350000000000023404e+00 7.717893971036428324e-02
-1.250000000000023759e+00 8.939548500115415686e-02
-1.150000000000024114e+00 1.030590795724065506e-01
-1.050000000000024469e+00 1.197869287395470772e-01
-9.500000000000248246e-01 1.401800167165435929e-01
-8.500000000000251799e-01 1.670880501926440553e-01
-7.500000000000255351e-01 1.967180004444648578e-01
-6.500000000000258904e-01 2.343811121774496686e-01
-5.500000000000262457e-01 2.847475430136305330e-01
-4.500000000000266565e-01 3.470357375536974875e-01
-3.500000000000270117e-01 4.274971610437581226e-01
-2.500000000000273670e-01 5.421409613918961590e-01
-1.500000000000277223e-01 7.075768795408101663e-01
-5.000000000002806366e-02 9.339233633145160862e-01
4.999999999997158107e-02 9.473793394420251257e-01
1.499999999999712119e-01 7.194035726902431316e-01
2.499999999999708566e-01 5.517191136850387867e-01
3.499999999999705014e-01 4.375802211066439074e-01
4.499999999999701461e-01 3.515697996862123809e-01
5.499999999999698463e-01 2.893374250433244921e-01
6.499999999999694911e-01 2.401585518669812624e-01
7.499999999999691358e-01 2.018737443701424106e-01
8.499999999999687805e-01 1.682068999925567798e-01
9.499999999999684253e-01 1.423141865083232260e-01
1.049999999999968070e+00 1.227328096678588776e-01
1.149999999999967715e+00 1.043952993586070438e-01
1.249999999999967359e+00 9.036398920639912569e-02
1.349999999999967004e+00 7.807242828855277816e-02
1.449999999999966649e+00 6.732342029704993513e-02
1.549999999999966294e+00 5.823887348437076922e-02
1.649999999999965938e+00 5.070119654165335110e-02
1.749999999999965583e+00 4.403346756224600644e-02
1.849999999999965228e+00 3.889334985481266577e-02
1.949999999999964873e+00 3.459935309663887681e-02
2.049999999999964295e+00 3.053687164971689155e-02
2.149999999999963940e+00 2.682643066808643173e-02
2.249999999999963585e+00 2.368825714441068903e-02
2.349999999999963229e+00 2.109050488781987615e-02
2.449999999999962874e+00 1.879995416272084441e-02
2.549999999999962519e+00 1.644795335183953100e-02
2.649999999999962164e+00 1.447117736849953817e-02
2.749999999999961808e+00 1.327261080390011207e-02
2.849999999999961453e+00 1.211403534321151693e-02
2.949999999999961098e+00 1.056771033021092730e-02
3.049999999999960743e+00 9.681437614090352556e-03
3.149999999999960387e+00 8.719786032938905279e-03
3.249999999999960032e+00 8.011793308785522885e-03
3.349999999999959677e+00 7.107791785376620965e-03
3.449999999999959321e+00 6.318231179936470779e-03
3.549999999999958966e+00 5.726537475697740173e-03
3.649999999999958611e+00 4.881981243866332157e-03
3.749999999999958256e+00 4.787029440292552354e-03
3.849999999999957900e+00 4.390499308484327456e-03
3.949999999999957545e+00 3.957575525780835171e-03
4.049999999999957190e+00 3.652399744530832569e-03
4.149999999999956835e+00 3.333015770205786238e-03
4.249999999999956479e+00 3.036725348636932793e-03
4.349999999999956124e+00 2.771456847149824515e-03
4.449999999999955769e+00 2.702253027683523389e-03
4.549999999999955413e+00 2.258753431648856044e-03
4.649999999999955058e+00 1.901145645865287819e-03
4.749999999999954703e+00 1.844361770984742502e-03
4.849999999999954348e+00 1.650972476352205844e-03
4.949999999999953992e+00 1.486851780040432175e-03
5.049999999999953637e+00 1.408783556929967028e-03
5.149999999999953282e+00 1.304988305749007474e-03
5.249999999999952927e+00 1.139973485192589953e-03
5.349999999999952571e+00 1.139086346293607596e-03
5.449999999999952216e+00 9.705299554869210605e-04
5.549999999999951861e+00 8.960102879723860986e-04
5.649999999999951505e+00 8.294748705486940793e-04
5.749999999999951150e+00 7.292281749636649263e-04
5.849999999999950795e+00 6.697898687318332763e-04
5.949999999999950440e+00 5.544618118641004862e-04
6.049999999999950084e+00 5.322833393895364798e-04
6.149999999999949729e+00 4.843778388444782822e-04
6.249999999999949374e+00 4.000996434411350144e-04
6.349999999999949019e+00 3.725983375726756768e-04
6.449999999999948663e+00 3.992125045421524411e-04
6.549999999999948308e+00 3.672755041787802372e-04
6.649999999999947953e+00 3.379999205123557530e-04
6.749999999999947597e+00 2.404146416242740488e-04
6.849999999999947242e+00 2.652545307957857208e-04
6.949999999999946887e+00 1.871863076853204117e-04
7.049999999999946532e+00 1.774277797965122412e-04
7.149999999999946176e+00 1.206508902616283246e-04
7.249999999999945821e+00 1.144409179687504066e-04
7.349999999999945466e+00 1.206508902616283246e-04
7.449999999999945111e+00 1.046823900799422226e-04
7.549999999999944755e+00 7.984250090843050991e-05
7.649999999999944400e+00 4.701836164607574623e-05
7.749999999999944045e+00 5.855116733284904286e-05
7.849999999999943689e+00 4.169552825218038116e-05
7.949999999999943334e+00 5.234119503997111808e-05
