-7.950000000000000178e+00 0.000000000000000000e+00
-7.850000000000000533e+00 0.000000000000000000e+00
-7.750000000000000888e+00 0.000000000000000000e+00
-7.650000000000001243e+00 0.000000000000000000e+00
-7.550000000000001599e+00 0.000000000000000000e+00
-7.450000000000001954e+00 0.000000000000000000e+00
-7.350000000000002309e+00 0.000000000000000000e+00
-7.250000000000002665e+00 0.000000000000000000e+00
-7.150000000000003020e+00 0.000000000000000000e+00
-7.050000000000003375e+00 0.000000000000000000e+00
-6.950000000000003730e+00 0.000000000000000000e+00
-6.850000000000004086e+00 0.000000000000000000e+00
-6.750000000000004441e+00 0.000000000000000000e+00
-6.650000000000004796e+00 0.000000000000000000e+00
-6.550000000000005151e+00 0.000000000000000000e+00
-6.450000000000005507e+00 0.000000000000000000e+00
-6.350000000000005862e+00 0.000000000000000000e+00
-6.250000000000006217e+00 0.000000000000000000e+00
-6.150000000000006573e+00 0.000000000000000000e+00
-6.050000000000006928e+00 0.000000000000000000e+00
-5.950000000000007283e+00 0.000000000000000000e+00
-5.850000000000007638e+00 0.000000000000000000e+00
-5.750000000000007994e+00 0.000000000000000000e+00
-5.650000000000008349e+00 0.000000000000000000e+00
-5.550000000000008704e+00 0.000000000000000000e+00
-5.450000000000009059e+00 0.000000000000000000e+00
-5.350000000000009415e+00 0.000000000000000000e+00
-5.250000000000009770e+00 0.000000000000000000e+00
-5.150000000000010125e+00 0.000000000000000000e+00
-5.050000000000010481e+00 0.000000000000000000e+00
-4.950000000000010836e+00 0.000000000000000000e+00
-4.850000000000011191e+00 0.000000000000000000e+00
-4.750000000000011546e+00 0.000000000000000000e+00
-4.650000000000011902e+00 0.000000000000000000e+00
-4.550000000000012257e+00 0.000000000000000000e+00
-4.450000000000012612e+00 0.000000000000000000e+00
-4.350000000000012967e+00 0.000000000000000000e+00
-4.250000000000013323e+00 0.000000000000000000e+00
-4.150000000000013678e+00 0.000000000000000000e+00
-4.050000000000014033e+00 0.000000000000000000e+00
-3.950000000000014388e+00 0.000000000000000000e+00
-3.850000000000014744e+00 0.000000000000000000e+00
-3.750000000000015099e+00 0.000000000000000000e+00
-3.650000000000015454e+00 0.000000000000000000e+00
-3.550000000000015810e+00 0.000000000000000000e+00
-3.450000000000016165e+00 0.000000000000000000e+00
-3.350000000000016520e+00 0.000000000000000000e+00
-3.250000000000016875e+00 0.000000000000000000e+00
-3.150000000000017231e+00 0.000000000000000000e+00
-3.050000000000017586e+00 0.000000000000000000e+00
-2.950000000000017941e+00 0.000000000000000000e+00
-2.850000000000018296e+00 0.000000000000000000e+00
-2.750000000000018652e+00 0.000000000000000000e+00
-2.650000000000019007e+00 0.000000000000000000e+00
-2.550000000000019362e+00 0.000000000000000000e+00
-2.450000000000019718e+00 0.000000000000000000e+00
-2.350000000000020073e+00 0.000000000000000000e+00
-2.250000000000020428e+00 0.000000000000000000e+00
-2.150000000000020783e+00 0.000000000000000000e+00
-2.050000000000021139e+00 0.000000000000000000e+00
-1.950000000000021272e+00 0.000000000000000000e+00
-1.850000000000021627e+00 0.000000000000000000e+00
-1.750000000000021982e+00 0.000000000000000000e+00
-1.650000000000022338e+00 1.773633309117332983e-06
-1.550000000000022693e+00 1.268147816018892716e-04
-1.450000000000023048e+00 2.702130346440270638e-03
-1.350000000000023404e+00 2.544365663594268592e-02
-1.250000000000023759e+00 9.807837472756984754e-02
-1.150000000000024114e+00 2.826479777742459953e-01
-1.050000000000024469e+00 4.916883995868165380e-01
-9.500000000000248246e-01 5.818341993393588707e-01
-8.500000000000251799e-01 6.068894302806038255e-01
-7.500000000000255351e-01 6.264845310797276801e-01
-6.500000000000258904e-01 6.095152943947497182e-01
-5.500000000000262457e-01 5.630168367462786705e-01
-4.500000000000266565e-01 5.207990430893589817e-01
-3.500000000000270117e-01 4.869377227683456266e-01
-2.500000000000273670e-01 4.477076144206336705e-01
-1.500000000000277223e-01 4.067464399632231276e-01
-5.000000000002806366e-02 3.766195045745536762e-01
4.999999999997158107e-02 3.403114571036117697e-01
1.499999999999712119e-01 3.146744744369771585e-01
2.499999999999708566e-01 2.819536003337272390e-01
3.499999999999705014e-01 2.612570732496374837e-01
4.499999999999701461e-01 2.403273133853994770e-01
5.499999999999698463e-01 2.158236824032895851e-01
6.499999999999694911e-01 2.021445355067218730e-01
7.499999999999691358e-01 1.877887475027256725e-01
8.499999999999687805e-01 1.700054131288600834e-01
9.499999999999684253e-01 1.581291644910107763e-01
1.049999999999968070e+00 1.501513618666007466e-01
1.149999999999967715e+00 1.339022203051222215e-01
1.249999999999967359e+00 1.200465968942979467e-01
1.349999999999967004e+00 1.089409919292596562e-01
1.449999999999966649e+00 1.016309622457327727e-01
1.549999999999966294e+00 9.238412498864978506e-02
1.649999999999965938e+00 8.219194117780714848e-02
1.749999999999965583e+00 7.746786885897338770e-02
1.849999999999965228e+00 7.081763076643807220e-02
1.949999999999964873e+00 6.282209180893719158e-02
2.049999999999964295e+00 6.103870351661967036e-02
2.149999999999963940e+00 5.143181869778574999e-02
2.249999999999963585e+00 4.317466882718984378e-02
2.349999999999963229e+00 4.072616804395319534e-02
2.449999999999962874e+00 3.374869460588542092e-02
2.549999999999962519e+00 2.955582546313186704e-02
2.649999999999962164e+00 2.665948226934314325e-02
2.749999999999961808e+00 2.438036346712729729e-02
2.849999999999961453e+00 2.182899195196193881e-02
2.949999999999961098e+00 1.858679026289531203e-02
3.049999999999960743e+00 1.805558708681468880e-02
3.149999999999960387e+00 1.496503104567760943e-02
3.249999999999960032e+00 1.477525228160205505e-02
3.349999999999959677e+00 1.293599454004734292e-02
3.449999999999959321e+00 1.245090583000373237e-02
3.549999999999958966e+00 9.121796108790455535e-03
3.649999999999958611e+00 7.307369233563415327e-03
3.749999999999958256e+00 6.344286346712699545e-03
3.849999999999957900e+00 5.935463868961159302e-03
3.949999999999957545e+00 6.123468999727609691e-03
4.049999999999957190e+00 5.313805394115529712e-03
4.149999999999956835e+00 4.048318028060310554e-03
4.249999999999956479e+00 3.986240862241203185e-03
4.349999999999956124e+00 3.766310331910654487e-03
4.449999999999955769e+00 3.365469204050137303e-03
4.549999999999955413e+00 2.452048049854711580e-03
4.649999999999955058e+00 2.366913651017079658e-03
4.749999999999954703e+00 2.001545189338909108e-03
4.849999999999954348e+00 1.660120777333822699e-03
4.949999999999953992e+00 1.703574793407197380e-03
5.049999999999953637e+00 9.763851366690911616e-04
5.149999999999953282e+00 1.224693799945517601e-03
5.249999999999952927e+00 8.726275880857273107e-04
5.349999999999952571e+00 1.048217285688343367e-03
5.449999999999952216e+00 9.559883536142419012e-04
5.549999999999951861e+00 9.825928532510019853e-04
5.649999999999951505e+00 7.085665069923741816e-04
5.749999999999951150e+00 5.684494755721049763e-04
5.849999999999950795e+00 6.473761578278261833e-04
5.949999999999950440e+00 5.986012418270995070e-04
6.049999999999950084e+00 4.114829277152210656e-04
6.149999999999949729e+00 3.999543112059583553e-04
6.249999999999949374e+00 3.680289116418463844e-04
6.349999999999949019e+00 1.294752315655652421e-04
6.449999999999948663e+00 7.271896567381061374e-05
6.549999999999948308e+00 1.108520818198332456e-04
6.649999999999947953e+00 1.019839152742465870e-04
6.749999999999947597e+00 0.000000000000000000e+00
6.849999999999947242e+00 0.000000000000000000e+00
6.949999999999946887e+00 0.000000000000000000e+00
7.049999999999946532e+00 0.000000000000000000e+00
7.149999999999946176e+00 0.000000000000000000e+00
7.249999999999945821e+00 0.000000000000000000e+00
7.349999999999945466e+00 0.000000000000000000e+00
7.449999999999945111e+00 0.000000000000000000e+00
7.549999999999944755e+00 0.000000000000000000e+00
7.649999999999944400e+00 0.000000000000000000e+00
7.749999999999944045e+00 0.000000000000000000e+00
7.849999999999943689e+00 0.000000000000000000e+00
7.949999999999943334e+00 0.000000000000000000e+00
