-7.950000000000000178e+00 8.868166545586664913e-07
-7.850000000000000533e+00 1.773633309117332983e-06
-7.750000000000000888e+00 0.000000000000000000e+00
-7.650000000000001243e+00 8.868166545586664913e-07
-7.550000000000001599e+00 0.000000000000000000e+00
-7.450000000000001954e+00 3.547266618234665965e-06
-7.350000000000002309e+00 3.547266618234665965e-06
-7.250000000000002665e+00 1.773633309117332983e-06
-7.150000000000003020e+00 4.434083272793332668e-06
-7.050000000000003375e+00 4.434083272793332668e-06
-6.950000000000003730e+00 5.320899927351999371e-06
-6.850000000000004086e+00 7.981349891027997786e-06
-6.750000000000004441e+00 7.981349891027999480e-06
-6.650000000000004796e+00 7.981349891027999480e-06
-6.550000000000005151e+00 1.596269978205599896e-05
-6.450000000000005507e+00 2.128359970940799748e-05
-6.350000000000005862e+00 3.015176625499465943e-05
-6.250000000000006217e+00 3.635948283690532720e-05
-6.150000000000006573e+00 3.635948283690532720e-05
-6.050000000000006928e+00 3.635948283690532720e-05
-5.950000000000007283e+00 5.409581592807865110e-05
-5.850000000000007638e+00 5.852989920087199393e-05
-5.750000000000007994e+00 7.715304894660398368e-05
-5.650000000000008349e+00 9.222893207410133034e-05
-5.550000000000008704e+00 1.064179985470399840e-04
-5.450000000000009059e+00 1.312488648746826551e-04
-5.350000000000009415e+00 1.693819810207053140e-04
-5.250000000000009770e+00 2.190437136759906291e-04
-5.150000000000010125e+00 2.412141300399572755e-04
-5.050000000000010481e+00 3.183671789865612591e-04
-4.950000000000010836e+00 3.653684616781705495e-04
-4.850000000000011191e+00 4.726732768797691181e-04
-4.750000000000011546e+00 5.782044587722503549e-04
-4.650000000000011902e+00 6.056957750635689423e-04
-4.550000000000012257e+00 7.963613557936821555e-04
-4.450000000000012612e+00 8.974584544133700631e-04
-4.350000000000012967e+00 1.134238501180533792e-03
-4.250000000000013323e+00 1.276129165909920329e-03
-4.150000000000013678e+00 1.598930428169274918e-03
-4.050000000000014033e+00 1.790482825553946743e-03
-3.950000000000014388e+00 2.141662220759178205e-03
-3.850000000000014744e+00 2.650694980475852731e-03
-3.750000000000015099e+00 3.063958524308494497e-03
-3.650000000000015454e+00 3.537511635034518587e-03
-3.550000000000015810e+00 4.356043407192167552e-03
-3.450000000000016165e+00 5.035344964584105923e-03
-3.350000000000016520e+00 5.881368053033073258e-03
-3.250000000000016875e+00 6.860413639665840363e-03
-3.150000000000017231e+00 8.313906136487494297e-03
-3.050000000000017586e+00 9.516429520069044981e-03
-2.950000000000017941e+00 1.110205769841993845e-02
-2.850000000000018296e+00 1.293865499001093516e-02
-2.750000000000018652e+00 1.534990947375595820e-02
-2.650000000000019007e+00 1.775939032419195096e-02
-2.550000000000019362e+00 2.043048208772278024e-02
-2.450000000000019718e+00 2.415511203686934033e-02
-2.350000000000020073e+00 2.800921721758144536e-02
-2.250000000000020428e+00 3.250537765619406633e-02
-2.150000000000020783e+00 3.746534320514091632e-02
-2.050000000000021139e+00 4.398167198283827600e-02
-1.950000000000021272e+00 5.099373127043393267e-02
-1.850000000000021627e+00 5.893340776150627486e-02
-1.750000000000021982e+00 6.882230027648963966e-02
-1.650000000000022338e+00 7.864910864284539727e-02
-1.550000000000022693e+00 9.082688192605287147e-02
-1.450000000000023048e+00 1.048625430833692584e-01
-1.350000000000023404e+00 1.212784061759046572e-01
-1.250000000000023759e+00 1.385021382923178890e-01
-1.150000000000024114e+00 1.592713913248902102e-01
-1.050000000000024469e+00 1.820900706633395982e-01
-9.500000000000248246e-01 2.082289915564571603e-01
-8.500000000000251799e-01 2.378788195849725895e-01
-7.500000000000255351e-01 2.705198801893117233e-01
-6.500000000000258904e-01 3.057593345399320928e-01
-5.500000000000262457e-01 3.455552109648261094e-01
-4.500000000000266565e-01 3.874546653739932012e-01
-3.500000000000270117e-01 4.315259267873674531e-01
-2.500000000000273670e-01 4.726680537391597658e-01
-1.500000000000277223e-01 5.127867453919314755e-01
-5.000000000002806366e-02 5.431114059805206562e-01
4.999999999997158107e-02 5.414193667864310999e-01
1.499999999999712119e-01 5.100047875809643472e-01
2.499999999999708566e-01 4.676964967284287233e-01
3.499999999999705014e-01 4.232066788025273252e-01
4.499999999999701461e-01 3.792560663510233798e-01
5.499999999999698463e-01 3.371384410792184205e-01
6.499999999999694911e-01 2.983499813910948095e-01
7.499999999999691358e-01 2.625784510133564731e-01
8.499999999999687805e-01 2.293130645013984337e-01
9.499999999999684253e-01 2.009491415704179884e-01
1.049999999999968070e+00 1.746417045645095589e-01
1.149999999999967715e+00 1.520216721566813312e-01
1.249999999999967359e+00 1.319627522816023968e-01
1.349999999999967004e+00 1.150653547284499756e-01
1.449999999999966649e+00 9.914078107973192666e-02
1.549999999999966294e+00 8.565052613058579678e-02
1.649999999999965938e+00 7.365100997775300695e-02
1.749999999999965583e+00 6.381266601207974398e-02
1.849999999999965228e+00 5.480083516845443703e-02
1.949999999999964873e+00 4.753958040092780279e-02
2.049999999999964295e+00 4.062329731202447836e-02
2.149999999999963940e+00 3.481730867462861506e-02
2.249999999999963585e+00 2.958509041273226642e-02
2.349999999999963229e+00 2.552524376816252966e-02
2.449999999999962874e+00 2.189993728432655315e-02
2.549999999999962519e+00 1.865507514529624392e-02
2.649999999999962164e+00 1.606911778060305523e-02
2.749999999999961808e+00 1.348227359925539826e-02
2.849999999999961453e+00 1.185319140483112946e-02
2.949999999999961098e+00 9.792229499636789791e-03
3.049999999999960743e+00 8.435400018162031791e-03
3.149999999999960387e+00 7.100740953051238105e-03
3.249999999999960032e+00 6.084449066927007793e-03
3.349999999999959677e+00 5.112498013530709581e-03
3.449999999999959321e+00 4.320570741009820484e-03
3.549999999999958966e+00 3.711327699328016878e-03
3.649999999999958611e+00 3.022271158735933671e-03
3.749999999999958256e+00 2.641826813930265964e-03
3.849999999999957900e+00 2.220588903014899737e-03
3.949999999999957545e+00 1.811766425263354723e-03
4.049999999999957190e+00 1.527985095804581649e-03
4.149999999999956835e+00 1.246864216309484519e-03
4.249999999999956479e+00 1.035801852524521937e-03
4.349999999999956124e+00 9.391388371776273041e-04
4.449999999999955769e+00 7.546809730294248061e-04
4.549999999999955413e+00 6.464893411732676801e-04
4.649999999999955058e+00 5.223350095350544602e-04
4.749999999999954703e+00 4.176906442971318350e-04
4.849999999999954348e+00 3.387639620414105738e-04
4.949999999999953992e+00 2.944231293134772810e-04
5.049999999999953637e+00 2.243646136033426513e-04
5.149999999999953282e+00 2.128359970940799681e-04
5.249999999999952927e+00 1.516456479295319698e-04
5.349999999999952571e+00 1.445511146930626429e-04
5.449999999999952216e+00 1.135125317835093109e-04
5.549999999999951861e+00 9.932346531057064363e-05
5.649999999999951505e+00 8.602121549219064224e-05
5.749999999999951150e+00 6.473761578278266170e-05
5.849999999999950795e+00 5.498263258263732373e-05
5.949999999999950440e+00 3.635948283690532720e-05
6.049999999999950084e+00 3.547266618234666134e-05
6.149999999999949729e+00 2.394404967308399844e-05
6.249999999999949374e+00 1.330224981837999800e-05
6.349999999999949019e+00 1.950996640029066238e-05
6.449999999999948663e+00 7.981349891027999480e-06
6.549999999999948308e+00 1.330224981837999800e-05
6.649999999999947953e+00 9.754983200145331192e-06
6.749999999999947597e+00 8.868166545586665336e-06
6.849999999999947242e+00 2.660449963675999262e-06
6.949999999999946887e+00 2.660449963675999262e-06
7.049999999999946532e+00 0.000000000000000000e+00
7.149999999999946176e+00 0.000000000000000000e+00
7.249999999999945821e+00 8.868166545586664913e-07
7.349999999999945466e+00 0.000000000000000000e+00
7.449999999999945111e+00 8.868166545586664913e-07
7.549999999999944755e+00 8.868166545586664913e-07
7.649999999999944400e+00 0.000000000000000000e+00
7.749999999999944045e+00 0.000000000000000000e+00
7.849999999999943689e+00 0.000000000000000000e+00
7.949999999999943334e+00 0.000000000000000000e+00
