-7.950000000000000178e+00 1.100052234738374318e-04
-7.850000000000000533e+00 5.500261173691872946e-05
-7.750000000000000888e+00 3.903411155523265458e-05
-7.650000000000001243e+00 2.306561137354657971e-05
-7.550000000000001599e+00 1.064566678779073522e-05
-7.450000000000001954e+00 9.758527888808173810e-06
-7.350000000000002309e+00 7.984250090843050991e-06
-7.250000000000002665e+00 6.298686182776178045e-05
-7.150000000000003020e+00 1.339579737463665848e-04
-7.050000000000003375e+00 2.421889194222389243e-04
-6.950000000000003730e+00 2.847715865734028748e-04
-6.850000000000004086e+00 1.126666401707851787e-04
-6.750000000000004441e+00 8.250391760537814840e-05
-6.650000000000004796e+00 7.806822311046534982e-05
-6.550000000000005151e+00 1.987191133720936744e-04
-6.450000000000005507e+00 2.599316974018901728e-04
-6.350000000000005862e+00 2.395275027252912858e-04
-6.250000000000006217e+00 2.271075581395354498e-04
-6.150000000000006573e+00 1.641206963117737235e-04
-6.050000000000006928e+00 1.286351403524713078e-04
-5.950000000000007283e+00 1.499264739280527681e-04
-5.850000000000007638e+00 1.570235851199132458e-04
-5.750000000000007994e+00 2.084776412609017364e-04
-5.650000000000008349e+00 1.721049464026167745e-04
-5.550000000000008704e+00 1.614592796148260579e-04
-5.450000000000009059e+00 3.956639489462226902e-04
-5.350000000000009415e+00 4.276009493095940810e-04
-5.250000000000009770e+00 1.219815986101027401e-03
-5.150000000000010125e+00 1.338692598564688533e-03
-5.050000000000010481e+00 1.361758209938233270e-03
-4.950000000000010836e+00 1.292561375817593205e-03
-4.850000000000011191e+00 1.031742539516717749e-03
-4.750000000000011546e+00 1.339579737463670456e-03
-4.650000000000011902e+00 1.100939373637359114e-03
-4.550000000000012257e+00 1.117795012718025838e-03
-4.450000000000012612e+00 1.375065293422970784e-03
-4.350000000000012967e+00 1.642981240915704876e-03
-4.250000000000013323e+00 2.030660939771085274e-03
-4.150000000000013678e+00 2.499070278433877454e-03
-4.050000000000014033e+00 2.436970555505095157e-03
-3.950000000000014388e+00 2.769647642623561216e-03
-3.850000000000014744e+00 2.736823503361203620e-03
-3.750000000000015099e+00 3.635495208030549690e-03
-3.650000000000015454e+00 3.424356150072691181e-03
-3.550000000000015810e+00 4.200602686682441272e-03
-3.450000000000016165e+00 5.233232365098150485e-03
-3.350000000000016520e+00 5.596072174782019265e-03
-3.250000000000016875e+00 6.744917048964449262e-03
-3.150000000000017231e+00 7.281636082848902403e-03
-3.050000000000017586e+00 8.465966512990637932e-03
-2.950000000000017941e+00 9.196968965752273101e-03
-2.850000000000018296e+00 1.049396603606479392e-02
-2.750000000000018652e+00 1.223985538926249811e-02
-2.650000000000019007e+00 1.342865644062745008e-02
-2.550000000000019362e+00 1.546111261423351035e-02
-2.450000000000019718e+00 1.777653815523236314e-02
-2.350000000000020073e+00 2.130292226403374817e-02
-2.250000000000020428e+00 2.274541011377941013e-02
-2.150000000000020783e+00 2.837045750236447117e-02
-2.050000000000021139e+00 3.415331083478346380e-02
-1.950000000000021272e+00 4.195291029841628078e-02
-1.850000000000021627e+00 4.688834340728280370e-02
-1.750000000000021982e+00 5.775474013262411888e-02
-1.650000000000022338e+00 6.107103298531664504e-02
-1.550000000000022693e+00 7.761229658449857183e-02
-1.450000000000023048e+00 9.327804489987817638e-02
-1.350000000000023404e+00 1.148882245781674138e-01
-1.250000000000023759e+00 1.306863451938284348e-01
-1.150000000000024114e+00 1.527258023043866486e-01
-1.050000000000024469e+00 1.831407028335112486e-01
-9.500000000000248246e-01 2.137838146053903099e-01
-8.500000000000251799e-01 2.422268987465945322e-01
-7.500000000000255351e-01 2.865177483550745974e-01
-6.500000000000258904e-01 3.248704743677783835e-01
-5.500000000000262457e-01 3.528165232238004156e-01
-4.500000000000266565e-01 4.094802641296667600e-01
-3.500000000000270117e-01 4.423795726966837094e-01
-2.500000000000273670e-01 4.754676462595046060e-01
-1.500000000000277223e-01 4.937935119975393472e-01
-5.000000000002806366e-02 5.083906072069293014e-01
4.999999999997158107e-02 5.065272802224752846e-01
1.499999999999712119e-01 4.932119121177824805e-01
2.499999999999708566e-01 4.801719482511316306e-01
3.499999999999705014e-01 4.529354009539242054e-01
4.499999999999701461e-01 4.079745239749567043e-01
5.499999999999698463e-01 3.650864365554434277e-01
6.499999999999694911e-01 3.284388613600411899e-01
7.499999999999691358e-01 2.862975283477579569e-01
8.499999999999687805e-01 2.590315517892809449e-01
9.499999999999684253e-01 2.188582281515333017e-01
1.049999999999968070e+00 1.866421283022649535e-01
1.149999999999967715e+00 1.584124325003215539e-01
1.249999999999967359e+00 1.330870757760428957e-01
1.349999999999967004e+00 1.118083507493810025e-01
1.449999999999966649e+00 9.650655291364552968e-02
1.549999999999966294e+00 8.196009447495504474e-02
1.649999999999965938e+00 6.401887679575919698e-02
1.749999999999965583e+00 5.412886374556921676e-02
1.849999999999965228e+00 4.877090104834345269e-02
1.949999999999964873e+00 4.144096130024674252e-02
2.049999999999964295e+00 3.442902941337989270e-02
2.149999999999963940e+00 3.067820614848157379e-02
2.249999999999963585e+00 2.269928587637798367e-02
2.349999999999963229e+00 2.049742109979455287e-02
2.449999999999962874e+00 1.892009512274920452e-02
2.549999999999962519e+00 1.407118949058897527e-02
2.649999999999962164e+00 1.188766124636641761e-02
2.749999999999961808e+00 1.119658004405899021e-02
2.849999999999961453e+00 1.010717347610839284e-02
2.949999999999961098e+00 8.943247240643258447e-03
3.049999999999960743e+00 8.504113485646884463e-03
3.149999999999960387e+00 7.298491721929572379e-03
3.249999999999960032e+00 6.574586380359795194e-03
3.349999999999959677e+00 5.845358205396121269e-03
3.449999999999959321e+00 5.237668059593062267e-03
3.549999999999958966e+00 3.655012263808158062e-03
3.649999999999958611e+00 3.122728924418618004e-03
3.749999999999958256e+00 2.848603004633004816e-03
3.849999999999957900e+00 2.941752589026174793e-03
3.949999999999957545e+00 3.220314203306707569e-03
4.049999999999957190e+00 2.703112225199866270e-03
4.149999999999956835e+00 2.119374829669337830e-03
4.249999999999956479e+00 2.224944358648264266e-03
4.349999999999956124e+00 2.255994220112656715e-03
4.449999999999955769e+00 1.252640125363375457e-03
4.549999999999955413e+00 1.398130904796516605e-03
4.649999999999955058e+00 1.160377679869190005e-03
4.749999999999954703e+00 1.035291095112647825e-03
4.849999999999954348e+00 1.261511514353201840e-03
4.949999999999953992e+00 1.106262207031253903e-03
5.049999999999953637e+00 1.301432764807416553e-03
5.149999999999953282e+00 9.625457053960781179e-04
5.249999999999952927e+00 5.251862281976757852e-04
5.349999999999952571e+00 6.547085074491295308e-04
5.449999999999952216e+00 3.823568654614836575e-04
5.549999999999951861e+00 1.836377520893901186e-04
5.649999999999951505e+00 1.747663630995644943e-04
5.749999999999951150e+00 2.138004746547970676e-04
5.849999999999950795e+00 1.960576966751459275e-04
5.949999999999950440e+00 1.392808071402620515e-04
6.049999999999950084e+00 1.295222792514539082e-04
6.149999999999949729e+00 1.268608625545062426e-04
6.249999999999949374e+00 1.179894735646805912e-04
6.349999999999949019e+00 1.339579737463666661e-04
6.449999999999948663e+00 1.632335574127911503e-04
6.549999999999948308e+00 2.439631972202040979e-04
6.649999999999947953e+00 1.171023346656980315e-04
6.749999999999947597e+00 1.366193904433143317e-04
6.849999999999947242e+00 1.694435297056690276e-04
6.949999999999946887e+00 2.013805300690411774e-04
7.049999999999946532e+00 1.082309456758723801e-04
7.149999999999946176e+00 3.548555595930243605e-05
7.249999999999945821e+00 5.855116733284898865e-05
7.349999999999945466e+00 1.241994458575585804e-05
7.449999999999945111e+00 1.330708348473841945e-05
7.549999999999944755e+00 1.508136128270354227e-05
7.649999999999944400e+00 1.508136128270354227e-05
7.749999999999944045e+00 1.419422238372098086e-05
7.849999999999943689e+00 1.685563908066866170e-05
7.949999999999943334e+00 1.685563908066866170e-05
