-7.950000000000000178e+00 7.182276526162815924e-05
-7.850000000000000533e+00 8.076512536337235575e-05
-7.750000000000000888e+00 8.899777434593051804e-05
-7.650000000000001243e+00 1.117085301598840874e-04
-7.550000000000001599e+00 1.138376635174422172e-04
-7.450000000000001954e+00 1.284577125726748094e-04
-7.350000000000002309e+00 1.521620639534888375e-04
-7.250000000000002665e+00 1.625238462936051567e-04
-7.150000000000003020e+00 1.855184865552331371e-04
-7.050000000000003375e+00 2.119197401889541576e-04
-6.950000000000003730e+00 2.334949582122100966e-04
-6.850000000000004086e+00 2.549282340116288369e-04
-6.750000000000004441e+00 2.749420875726754816e-04
-6.650000000000004796e+00 3.065952034883733966e-04
-6.550000000000005151e+00 3.430743550145365015e-04
-6.450000000000005507e+00 3.936057867005834715e-04
-6.350000000000005862e+00 4.296602292105407414e-04
-6.250000000000006217e+00 4.580475563226769995e-04
-6.150000000000006573e+00 5.261831767304549776e-04
-6.050000000000006928e+00 5.628020351698434336e-04
-5.950000000000007283e+00 6.496706761582153340e-04
-5.850000000000007638e+00 7.112724836482581508e-04
-5.750000000000007994e+00 7.879212845203509849e-04
-5.650000000000008349e+00 8.864325408292914391e-04
-5.550000000000008704e+00 9.450513263081414522e-04
-5.450000000000009059e+00 1.060877298614611554e-03
-5.350000000000009415e+00 1.167193141923989234e-03
-5.250000000000009770e+00 1.280888863217596353e-03
-5.150000000000010125e+00 1.433333693963456321e-03
-5.050000000000010481e+00 1.561935584070582236e-03
-4.950000000000010836e+00 1.748734903606271023e-03
-4.850000000000011191e+00 1.906004652307290419e-03
-4.750000000000011546e+00 2.119061047942251506e-03
-4.650000000000011902e+00 2.327440056122419710e-03
-4.550000000000012257e+00 2.522472024640666673e-03
-4.450000000000012612e+00 2.835452392891108127e-03
-4.350000000000012967e+00 3.068251051847806134e-03
-4.250000000000013323e+00 3.417569747055879473e-03
-4.150000000000013678e+00 3.825384285659163240e-03
-4.050000000000014033e+00 4.201381413016774119e-03
-3.950000000000014388e+00 4.602373783633390697e-03
-3.850000000000014744e+00 5.122760799947902698e-03
-3.750000000000015099e+00 5.684013764863859661e-03
-3.650000000000015454e+00 6.282435474629660503e-03
-3.550000000000015810e+00 6.967190468492346321e-03
-3.450000000000016165e+00 7.750591954955971322e-03
-3.350000000000016520e+00 8.520369223241831130e-03
-3.250000000000016875e+00 9.512547603174468375e-03
-3.150000000000017231e+00 1.057488679492899625e-02
-3.050000000000017586e+00 1.166802409629027690e-02
-2.950000000000017941e+00 1.306644894443212065e-02
-2.850000000000018296e+00 1.453012027401623385e-02
-2.750000000000018652e+00 1.619683939597180850e-02
-2.650000000000019007e+00 1.816932106821290971e-02
-2.550000000000019362e+00 2.028127494606538073e-02
-2.450000000000019718e+00 2.282736414497280389e-02
-2.350000000000020073e+00 2.543320319652854836e-02
-2.250000000000020428e+00 2.864279517365878047e-02
-2.150000000000020783e+00 3.227913812323905673e-02
-2.050000000000021139e+00 3.635388695479921384e-02
-1.950000000000021272e+00 4.098639719610006060e-02
-1.850000000000021627e+00 4.637750703497352245e-02
-1.750000000000021982e+00 5.239726780666886102e-02
-1.650000000000022338e+00 5.982725810184607446e-02
-1.550000000000022693e+00 6.814556977531709137e-02
-1.450000000000023048e+00 7.798234024146249999e-02
-1.350000000000023404e+00 8.900009459835105108e-02
-1.250000000000023759e+00 1.024829550859999161e-01
-1.150000000000024114e+00 1.183415741039525182e-01
-1.050000000000024469e+00 1.369591967742264382e-01
-9.500000000000248246e-01 1.596595952764649495e-01
-8.500000000000251799e-01 1.865462343152912428e-01
-7.500000000000255351e-01 2.190326058500248751e-01
-6.500000000000258904e-01 2.586543615649066208e-01
-5.500000000000262457e-01 3.080453768948303028e-01
-4.500000000000266565e-01 3.699808614940669482e-01
-3.500000000000270117e-01 4.489739778997475228e-01
-2.500000000000273670e-01 5.523387004333291106e-01
-1.500000000000277223e-01 6.915524013137351877e-01
-5.000000000002806366e-02 8.934648190722187522e-01
4.999999999997158107e-02 8.855198981539310621e-01
1.499999999999712119e-01 6.735181433009473917e-01
2.499999999999708566e-01 5.280090756740274394e-01
3.499999999999705014e-01 4.227049261238706723e-01
4.499999999999701461e-01 3.429383084224306710e-01
5.499999999999698463e-01 2.812072642140819312e-01
6.499999999999694911e-01 2.327180592443348073e-01
7.499999999999691358e-01 1.941910804311441363e-01
8.499999999999687805e-01 1.634853226823033967e-01
9.499999999999684253e-01 1.379424506765424552e-01
1.049999999999968070e+00 1.171919393268826826e-01
1.149999999999967715e+00 9.986399029053254217e-02
1.249999999999967359e+00 8.584756004223717540e-02
1.349999999999967004e+00 7.365322647416693014e-02
1.449999999999966649e+00 6.390113069164496395e-02
1.549999999999966294e+00 5.508206697026990506e-02
1.649999999999965938e+00 4.801359234265287212e-02
1.749999999999965583e+00 4.177907857456808483e-02
1.849999999999965228e+00 3.664440133374777253e-02
1.949999999999964873e+00 3.200276320156422716e-02
2.049999999999964295e+00 2.810220653769185048e-02
2.149999999999963940e+00 2.479433577655628523e-02
2.249999999999963585e+00 2.177158111924212477e-02
2.349999999999963229e+00 1.931421586913070407e-02
2.449999999999962874e+00 1.708145798223971792e-02
2.549999999999962519e+00 1.512601049451438653e-02
2.649999999999962164e+00 1.344549503546395817e-02
2.749999999999961808e+00 1.194795092652682286e-02
2.849999999999961453e+00 1.073758946607151869e-02
2.949999999999961098e+00 9.493988936821580460e-03
3.049999999999960743e+00 8.453815085091773845e-03
3.149999999999960387e+00 7.613767474764052308e-03
3.249999999999960032e+00 6.751303051967801755e-03
3.349999999999959677e+00 6.065850641194291473e-03
3.449999999999959321e+00 5.425656564374041479e-03
3.549999999999958966e+00 4.882999148436062767e-03
3.649999999999958611e+00 4.357818508514953518e-03
3.749999999999958256e+00 3.967614864565266117e-03
3.849999999999957900e+00 3.528149445356902354e-03
3.949999999999957545e+00 3.176837970738578994e-03
4.049999999999957190e+00 2.878899007593658643e-03
4.149999999999956835e+00 2.587342973900189948e-03
4.249999999999956479e+00 2.308567328628599244e-03
4.349999999999956124e+00 2.123613258002794366e-03
4.449999999999955769e+00 1.885573913317178159e-03
4.549999999999955413e+00 1.731987956504091580e-03
4.649999999999955058e+00 1.552143805936426072e-03
4.749999999999954703e+00 1.413608195471306901e-03
4.849999999999954348e+00 1.266695758489180725e-03
4.949999999999953992e+00 1.146333223296447986e-03
5.049999999999953637e+00 1.034332985101747140e-03
5.149999999999953282e+00 9.237633456984774109e-04
5.249999999999952927e+00 8.509447495593775281e-04
5.349999999999952571e+00 7.633663974518196341e-04
5.449999999999952216e+00 6.982137990552348935e-04
5.549999999999951861e+00 6.408702582803083633e-04
5.649999999999951505e+00 5.649300508720957615e-04
5.749999999999951150e+00 5.178052325581423195e-04
5.849999999999950795e+00 4.461255271756570931e-04
5.949999999999950440e+00 4.173101380813976622e-04
6.049999999999950084e+00 3.599654796511645577e-04
6.149999999999949729e+00 3.365450127180248186e-04
6.249999999999949374e+00 2.928268077761640373e-04
6.349999999999949019e+00 2.750840297965126803e-04
6.449999999999948663e+00 2.596123273982567739e-04
6.549999999999948308e+00 2.256881359011635440e-04
6.649999999999947953e+00 1.961641533430238536e-04
6.749999999999947597e+00 1.787052598110470568e-04
6.849999999999947242e+00 1.575558684593028223e-04
6.949999999999946887e+00 1.462004905523260308e-04
7.049999999999946532e+00 1.305868459302329527e-04
7.149999999999946176e+00 1.131279523982561830e-04
7.249999999999945821e+00 1.000692678052328714e-04
7.349999999999945466e+00 9.240438771802355819e-05
7.449999999999945111e+00 8.147483648255840353e-05
7.549999999999944755e+00 6.870003633720954362e-05
7.649999999999944400e+00 6.529342296511648992e-05
7.749999999999944045e+00 5.777048510174438896e-05
7.849999999999943689e+00 5.010560501453505540e-05
7.949999999999943334e+00 4.471180050872109097e-05
