-7.950000000000000178e+00 0.000000000000000000e+00
-7.850000000000000533e+00 0.000000000000000000e+00
-7.750000000000000888e+00 0.000000000000000000e+00
-7.650000000000001243e+00 0.000000000000000000e+00
-7.550000000000001599e+00 0.000000000000000000e+00
-7.450000000000001954e+00 0.000000000000000000e+00
-7.350000000000002309e+00 0.000000000000000000e+00
-7.250000000000002665e+00 0.000000000000000000e+00
-7.150000000000003020e+00 0.000000000000000000e+00
-7.050000000000003375e+00 0.000000000000000000e+00
-6.950000000000003730e+00 0.000000000000000000e+00
-6.850000000000004086e+00 0.000000000000000000e+00
-6.750000000000004441e+00 0.000000000000000000e+00
-6.650000000000004796e+00 0.000000000000000000e+00
-6.550000000000005151e+00 0.000000000000000000e+00
-6.450000000000005507e+00 0.000000000000000000e+00
-6.350000000000005862e+00 0.000000000000000000e+00
-6.250000000000006217e+00 0.000000000000000000e+00
-6.150000000000006573e+00 1.419339718621015373e-07
-6.050000000000006928e+00 0.000000000000000000e+00
-5.950000000000007283e+00 0.000000000000000000e+00
-5.850000000000007638e+00 0.000000000000000000e+00
-5.750000000000007994e+00 0.000000000000000000e+00
-5.650000000000008349e+00 1.419339718621015373e-07
-5.550000000000008704e+00 0.000000000000000000e+00
-5.450000000000009059e+00 0.000000000000000000e+00
-5.350000000000009415e+00 1.419339718621015373e-07
-5.250000000000009770e+00 1.419339718621015373e-07
-5.150000000000010125e+00 4.258019155863046383e-07
-5.050000000000010481e+00 2.838679437242030746e-07
-4.950000000000010836e+00 9.935378030347106815e-07
-4.850000000000011191e+00 1.561273690483116936e-06
-4.750000000000011546e+00 3.832217240276741956e-06
-4.650000000000011902e+00 4.683821071449350809e-06
-4.550000000000012257e+00 1.178051966455442741e-05
-4.450000000000012612e+00 1.504500101738276290e-05
-4.350000000000012967e+00 2.569004890704037737e-05
-4.250000000000013323e+00 4.002538006511263896e-05
-4.150000000000013678e+00 5.620585285739221310e-05
-4.050000000000014033e+00 9.424415731643545993e-05
-3.950000000000014388e+00 1.382436885936869238e-04
-3.850000000000014744e+00 2.218427980204647947e-04
-3.750000000000015099e+00 3.192095027178664529e-04
-3.650000000000015454e+00 4.709369186384529914e-04
-3.550000000000015810e+00 6.916442448840187098e-04
-3.450000000000016165e+00 9.898475197662906337e-04
-3.350000000000016520e+00 1.399327028588449005e-03
-3.250000000000016875e+00 1.997010984099752227e-03
-3.150000000000017231e+00 2.739609524882258805e-03
-3.050000000000017586e+00 3.759121244767723267e-03
-2.950000000000017941e+00 5.142977470423309647e-03
-2.850000000000018296e+00 6.873720323309906455e-03
-2.750000000000018652e+00 9.149915430062374386e-03
-2.650000000000019007e+00 1.206609081594086502e-02
-2.550000000000019362e+00 1.571478743059968874e-02
-2.450000000000019718e+00 2.021381047068549625e-02
-2.350000000000020073e+00 2.578897688542982139e-02
-2.250000000000020428e+00 3.229239147615176747e-02
-2.150000000000020783e+00 4.050000726701957765e-02
-2.050000000000021139e+00 4.989731361003593713e-02
-1.950000000000021272e+00 6.071367580373016742e-02
-1.850000000000021627e+00 7.328859990879270370e-02
-1.750000000000021982e+00 8.790368292540015616e-02
-1.650000000000022338e+00 1.036689988499784332e-01
-1.550000000000022693e+00 1.215885885994801296e-01
-1.450000000000023048e+00 1.411358771382946187e-01
-1.350000000000023404e+00 1.619294878840295271e-01
-1.250000000000023759e+00 1.839749562615878853e-01
-1.150000000000024114e+00 2.071675349997361693e-01
-1.050000000000024469e+00 2.305419311558402073e-01
-9.500000000000248246e-01 2.544982565965797638e-01
-8.500000000000251799e-01 2.776569131154532633e-01
-7.500000000000255351e-01 3.007260092980819643e-01
-6.500000000000258904e-01 3.218318747819148840e-01
-5.500000000000262457e-01 3.413206865243230137e-01
-4.500000000000266565e-01 3.580159538325417556e-01
-3.500000000000270117e-01 3.726927781269103179e-01
-2.500000000000273670e-01 3.841540882887438113e-01
-1.500000000000277223e-01 3.912560384388060197e-01
-5.000000000002806366e-02 3.950698042627395767e-01
4.999999999997158107e-02 3.951907320067662988e-01
1.499999999999712119e-01 3.914697910004301673e-01
2.499999999999708566e-01 3.838697945431043257e-01
3.499999999999705014e-01 3.726050629322996688e-01
4.499999999999701461e-01 3.585544513217865381e-01
5.499999999999698463e-01 3.411344691532398610e-01
6.499999999999694911e-01 3.218352811972391425e-01
7.499999999999691358e-01 3.004283737590874859e-01
8.499999999999687805e-01 2.781681592821004800e-01
9.499999999999684253e-01 2.543773288525532639e-01
1.049999999999968070e+00 2.308848436318590713e-01
1.149999999999967715e+00 2.069360406916291306e-01
1.249999999999967359e+00 1.840640907959172068e-01
1.349999999999967004e+00 1.620962603009672987e-01
1.449999999999966649e+00 1.409055183019625179e-01
1.549999999999966294e+00 1.216562911040582340e-01
1.649999999999965938e+00 1.039410862740379055e-01
1.749999999999965583e+00 8.763684705829954957e-02
1.849999999999965228e+00 7.337886991489699084e-02
1.949999999999964873e+00 6.072517245545105274e-02
2.049999999999964295e+00 4.975083775107421585e-02
2.149999999999963940e+00 4.039965994891304979e-02
2.249999999999963585e+00 3.241076440868469882e-02
2.349999999999963229e+00 2.571190673870869109e-02
2.449999999999962874e+00 2.018102372318535120e-02
2.549999999999962519e+00 1.561543365029620205e-02
2.649999999999962164e+00 1.205658123982610366e-02
2.749999999999961808e+00 9.192921423536587477e-03
2.849999999999961453e+00 6.911758627768952758e-03
2.949999999999961098e+00 5.149080631213380499e-03
3.049999999999960743e+00 3.787933841055730107e-03
3.149999999999960387e+00 2.737906317219913552e-03
3.249999999999960032e+00 2.019010749738377186e-03
3.349999999999959677e+00 1.394075471629551430e-03
3.449999999999959321e+00 9.779250661298742944e-04
3.549999999999958966e+00 6.939151884338123086e-04
3.649999999999958611e+00 4.743433339631433895e-04
3.749999999999958256e+00 3.121128041247613755e-04
3.849999999999957900e+00 2.090687405528756661e-04
3.949999999999957545e+00 1.463339249898267414e-04
4.049999999999957190e+00 9.140547787919340726e-05
4.149999999999956835e+00 6.003807009766895845e-05
4.249999999999956479e+00 3.676089871228430009e-05
4.349999999999956124e+00 2.370297330097095813e-05
4.449999999999955769e+00 1.277405746758913873e-05
4.549999999999955413e+00 1.007731200220920970e-05
4.649999999999955058e+00 6.245094761932467746e-06
4.749999999999954703e+00 2.554811493517827830e-06
4.849999999999954348e+00 3.406415324690437106e-06
4.949999999999953992e+00 1.703207662345218341e-06
5.049999999999953637e+00 1.561273690483116936e-06
5.149999999999953282e+00 2.838679437242030746e-07
5.249999999999952927e+00 2.838679437242030746e-07
5.349999999999952571e+00 0.000000000000000000e+00
5.449999999999952216e+00 1.419339718621015373e-07
5.549999999999951861e+00 0.000000000000000000e+00
5.649999999999951505e+00 1.419339718621015373e-07
5.749999999999951150e+00 0.000000000000000000e+00
5.849999999999950795e+00 0.000000000000000000e+00
5.949999999999950440e+00 0.000000000000000000e+00
6.049999999999950084e+00 0.000000000000000000e+00
6.149999999999949729e+00 0.000000000000000000e+00
6.249999999999949374e+00 0.000000000000000000e+00
6.349999999999949019e+00 0.000000000000000000e+00
6.449999999999948663e+00 0.000000000000000000e+00
6.549999999999948308e+00 0.000000000000000000e+00
6.649999999999947953e+00 0.000000000000000000e+00
6.749999999999947597e+00 0.000000000000000000e+00
6.849999999999947242e+00 0.000000000000000000e+00
6.949999999999946887e+00 0.000000000000000000e+00
7.049999999999946532e+00 0.000000000000000000e+00
7.149999999999946176e+00 0.000000000000000000e+00
7.249999999999945821e+00 0.000000000000000000e+00
7.349999999999945466e+00 0.000000000000000000e+00
7.449999999999945111e+00 0.000000000000000000e+00
7.549999999999944755e+00 0.000000000000000000e+00
7.649999999999944400e+00 0.000000000000000000e+00
7.749999999999944045e+00 0.000000000000000000e+00
7.849999999999943689e+00 0.000000000000000000e+00
7.949999999999943334e+00 0.000000000000000000e+00
