-7.950000000000000178e+00 7.309599550898230041e-05
-7.850000000000000533e+00 9.310868554153863344e-05
-7.750000000000000888e+00 1.011989219376784239e-04
-7.650000000000001243e+00 1.038956674030583631e-04
-7.550000000000001599e+00 1.249018952386493956e-04
-7.450000000000001954e+00 1.298695842538229335e-04
-7.350000000000002309e+00 1.416501039183773762e-04
-7.250000000000002665e+00 1.657788791349346612e-04
-7.150000000000003020e+00 1.894818524359056329e-04
-7.050000000000003375e+00 2.045268534532884144e-04
-6.950000000000003730e+00 2.266685530637762463e-04
-6.850000000000004086e+00 2.500876584210229639e-04
-6.750000000000004441e+00 2.861388872739968050e-04
-6.650000000000004796e+00 3.140998797308308015e-04
-6.550000000000005151e+00 3.446156836811826779e-04
-6.450000000000005507e+00 4.006796025667128114e-04
-6.350000000000005862e+00 4.277901087827037604e-04
-6.250000000000006217e+00 4.722143243852118771e-04
-6.150000000000006573e+00 5.260072997209479240e-04
-6.050000000000006928e+00 5.842002281844090820e-04
-5.950000000000007283e+00 6.431028265071804008e-04
-5.850000000000007638e+00 7.126515903099390776e-04
-5.750000000000007994e+00 7.487028191629123766e-04
-5.650000000000008349e+00 8.514618972007431414e-04
-5.550000000000008704e+00 9.393190257833831155e-04
-5.450000000000009059e+00 1.039669696660876566e-03
-5.350000000000009415e+00 1.164720231413364331e-03
-5.250000000000009770e+00 1.260518956878303991e-03
-5.150000000000010125e+00 1.374347767131048944e-03
-5.050000000000010481e+00 1.544104150249109514e-03
-4.950000000000010836e+00 1.691289679070107120e-03
-4.850000000000011191e+00 1.862327938296244947e-03
-4.750000000000011546e+00 2.043439039163273512e-03
-4.650000000000011902e+00 2.253923766663778593e-03
-4.550000000000012257e+00 2.493658068271172729e-03
-4.450000000000012612e+00 2.769433540418574004e-03
-4.350000000000012967e+00 3.029031892544684166e-03
-4.250000000000013323e+00 3.374371774759458119e-03
-4.150000000000013678e+00 3.748238150137855797e-03
-4.050000000000014033e+00 4.130057298301868796e-03
-3.950000000000014388e+00 4.541384183938930799e-03
-3.850000000000014744e+00 5.018299093250574300e-03
-3.750000000000015099e+00 5.491216381953155021e-03
-3.650000000000015454e+00 6.068352321664062521e-03
-3.550000000000015810e+00 6.767648707535063764e-03
-3.450000000000016165e+00 7.471546212793117245e-03
-3.350000000000016520e+00 8.298446827319725869e-03
-3.250000000000016875e+00 9.242484319474691956e-03
-3.150000000000017231e+00 1.019590174726619364e-02
-3.050000000000017586e+00 1.140930644861849579e-02
-2.950000000000017941e+00 1.273986926181549031e-02
-2.850000000000018296e+00 1.417728265124706608e-02
-2.750000000000018652e+00 1.573962028772393773e-02
-2.650000000000019007e+00 1.761858244048668254e-02
-2.550000000000019362e+00 1.974230022820785968e-02
-2.450000000000019718e+00 2.211243215493660999e-02
-2.350000000000020073e+00 2.489036608740277309e-02
-2.250000000000020428e+00 2.801900098289492394e-02
-2.150000000000020783e+00 3.141523617727313977e-02
-2.050000000000021139e+00 3.545818289733156103e-02
-1.950000000000021272e+00 4.006509475506624118e-02
-1.850000000000021627e+00 4.522015896490348685e-02
-1.750000000000021982e+00 5.159855878376225224e-02
-1.650000000000022338e+00 5.858300995693047769e-02
-1.550000000000022693e+00 6.711531144313136188e-02
-1.450000000000023048e+00 7.653656662931937471e-02
-1.350000000000023404e+00 8.790491898030507179e-02
-1.250000000000023759e+00 1.010264431045023725e-01
-1.150000000000024114e+00 1.170821235253917403e-01
-1.050000000000024469e+00 1.358456873168847612e-01
-9.500000000000248246e-01 1.579860044681276054e-01
-8.500000000000251799e-01 1.853373949861667480e-01
-7.500000000000255351e-01 2.176827334217635579e-01
-6.500000000000258904e-01 2.584711885176684820e-01
-5.500000000000262457e-01 3.079483920996554103e-01
-4.500000000000266565e-01 3.709095878774465449e-01
-3.500000000000270117e-01 4.511664484282882359e-01
-2.500000000000273670e-01 5.546647934701487426e-01
-1.500000000000277223e-01 6.951030494905544588e-01
-5.000000000002806366e-02 8.958325332876673208e-01
4.999999999997158107e-02 8.878600484438377016e-01
1.499999999999712119e-01 6.762114836082379066e-01
2.499999999999708566e-01 5.299656169131935490e-01
3.499999999999705014e-01 4.229114760704348330e-01
4.499999999999701461e-01 3.429528590277275968e-01
5.499999999999698463e-01 2.813675845842509848e-01
6.499999999999694911e-01 2.329016639045513870e-01
7.499999999999691358e-01 1.941438078525133115e-01
8.499999999999687805e-01 1.629706931498034472e-01
9.499999999999684253e-01 1.380120836441124654e-01
1.049999999999968070e+00 1.170364777835589953e-01
1.149999999999967715e+00 1.000126065083110777e-01
1.249999999999967359e+00 8.567561572860357688e-02
1.349999999999967004e+00 7.361292685763010102e-02
1.449999999999966649e+00 6.370325787522920780e-02
1.549999999999966294e+00 5.520876335228812326e-02
1.649999999999965938e+00 4.825137015859054523e-02
1.749999999999965583e+00 4.203069139259031639e-02
1.849999999999965228e+00 3.671302337774476343e-02
1.949999999999964873e+00 3.224282410985229719e-02
2.049999999999964295e+00 2.835989844354947984e-02
2.149999999999963940e+00 2.500421389669115618e-02
2.249999999999963585e+00 2.204293032992767076e-02
2.349999999999963229e+00 1.949609619618223114e-02
2.449999999999962874e+00 1.722446644592576931e-02
2.549999999999962519e+00 1.540282438357911537e-02
2.649999999999962164e+00 1.373046221433157910e-02
2.749999999999961808e+00 1.215201004289193781e-02
2.849999999999961453e+00 1.088034647524672993e-02
2.949999999999961098e+00 9.720602873571262265e-03
3.049999999999960743e+00 8.699040375431021238e-03
3.149999999999960387e+00 7.770492685244602751e-03
3.249999999999960032e+00 6.991956909822690837e-03
3.349999999999959677e+00 6.255718575606005957e-03
3.449999999999959321e+00 5.590440521778397738e-03
3.549999999999958966e+00 5.044967033696035573e-03
3.649999999999958611e+00 4.520094088159613832e-03
3.749999999999958256e+00 4.117274300111641028e-03
3.849999999999957900e+00 3.676269803271463472e-03
3.949999999999957545e+00 3.345290956792342299e-03
4.049999999999957190e+00 2.999524155071652508e-03
4.149999999999956835e+00 2.691365385533100053e-03
4.249999999999956479e+00 2.444550031597215924e-03
4.349999999999956124e+00 2.218871663565488012e-03
4.449999999999955769e+00 2.025976690262916349e-03
4.549999999999955413e+00 1.792922226055678045e-03
4.649999999999955058e+00 1.675540596145062237e-03
4.749999999999954703e+00 1.488470503640484770e-03
4.849999999999954348e+00 1.334899063676022206e-03
4.949999999999953992e+00 1.224331382005116719e-03
5.049999999999953637e+00 1.110353932238531934e-03
5.149999999999953282e+00 9.838896457190714727e-04
5.249999999999952927e+00 8.946131774178105265e-04
5.349999999999952571e+00 8.313083907866546671e-04
5.449999999999952216e+00 7.458641397256704324e-04
5.549999999999951861e+00 6.763176111035712392e-04
5.649999999999951505e+00 5.968334692704655407e-04
5.749999999999951150e+00 5.519823341620419110e-04
5.849999999999950795e+00 5.037247837289278831e-04
5.949999999999950440e+00 4.608596066362437749e-04
6.049999999999950084e+00 4.022408762571959241e-04
6.149999999999949729e+00 3.602284205860138591e-04
6.249999999999949374e+00 3.319835601854555815e-04
6.349999999999949019e+00 3.028870959537247856e-04
6.449999999999948663e+00 2.722293580315108229e-04
6.549999999999948308e+00 2.533521397738513299e-04
6.649999999999947953e+00 2.221266659641889945e-04
6.749999999999947597e+00 2.019720419597705887e-04
6.849999999999947242e+00 1.737271815592123653e-04
6.949999999999946887e+00 1.643595394163136349e-04
7.049999999999946532e+00 1.413662359746531763e-04
7.149999999999946176e+00 1.257534990698220222e-04
7.249999999999945821e+00 1.202180741672000439e-04
7.349999999999945466e+00 9.992151619091951104e-05
7.449999999999945111e+00 9.779250661298798510e-05
7.549999999999944755e+00 8.374104339863993013e-05
7.649999999999944400e+00 7.025731607174026130e-05
7.749999999999944045e+00 6.741863663449823574e-05
7.849999999999943689e+00 5.790906051973743250e-05
7.949999999999943334e+00 5.620585285739221310e-05
