-7.950000000000000178e+00 4.524408384811061325e-05
-7.850000000000000533e+00 4.701836164607574623e-05
-7.750000000000000888e+00 4.169552825218037439e-05
-7.650000000000001243e+00 3.016272256540708453e-05
-7.550000000000001599e+00 5.145405614098852448e-05
-7.450000000000001954e+00 6.742255632267459258e-05
-7.350000000000002309e+00 5.411547283793621718e-05
-7.250000000000002665e+00 6.121258402979670168e-05
-7.150000000000003020e+00 7.629394531250023039e-05
-7.050000000000003375e+00 1.002466955850293698e-04
-6.950000000000003730e+00 1.800891964934597713e-04
-6.850000000000004086e+00 1.978319744731109656e-04
-6.750000000000004441e+00 2.200104469476749721e-04
-6.650000000000004796e+00 2.404146416242738862e-04
-6.550000000000005151e+00 2.457374750181692716e-04
-6.450000000000005507e+00 3.113857535428787176e-04
-6.350000000000005862e+00 3.415484761082858292e-04
-6.250000000000006217e+00 3.903411155523266000e-04
-6.150000000000006573e+00 4.480051439861929951e-04
-6.050000000000006928e+00 4.710707553597395748e-04
-5.950000000000007283e+00 5.269605059956409317e-04
-5.850000000000007638e+00 5.801888399345945689e-04
-5.750000000000007994e+00 7.043882857921529832e-04
-5.650000000000008349e+00 7.301153138626471743e-04
-5.550000000000008704e+00 7.097111191860489650e-04
-5.450000000000009059e+00 8.037478424781996714e-04
-5.350000000000009415e+00 7.780208144077054803e-04
-5.250000000000009770e+00 1.037952511809596846e-03
-5.150000000000010125e+00 1.100939373637357379e-03
-5.050000000000010481e+00 1.106262207031252602e-03
-4.950000000000010836e+00 1.310304153797241635e-03
-4.850000000000011191e+00 1.428293627361921928e-03
-4.750000000000011546e+00 1.566687295603201406e-03
-4.650000000000011902e+00 1.543621684229654935e-03
-4.550000000000012257e+00 1.758309297783434630e-03
-4.450000000000012612e+00 1.954366994458580503e-03
-4.350000000000012967e+00 2.247122831122826212e-03
-4.250000000000013323e+00 2.413904944131548252e-03
-4.150000000000013678e+00 2.719967864280532343e-03
-4.050000000000014033e+00 2.950623978015995321e-03
-3.950000000000014388e+00 3.511295762172978591e-03
-3.850000000000014744e+00 3.746387570403360290e-03
-3.750000000000015099e+00 4.385127577670807839e-03
-3.650000000000015454e+00 5.152502725290730029e-03
-3.550000000000015810e+00 5.721165744884217086e-03
-3.450000000000016165e+00 6.274733432503680659e-03
-3.350000000000016520e+00 7.002194315015051150e-03
-3.250000000000016875e+00 8.008223797152611359e-03
-3.150000000000017231e+00 8.612421270125032030e-03
-3.050000000000017586e+00 8.963113563703939413e-03
-2.950000000000017941e+00 9.841646516831812491e-03
-2.850000000000018296e+00 1.190439813457084411e-02
-2.750000000000018652e+00 1.309023041402975103e-02
-2.650000000000019007e+00 1.413012485193319498e-02
-2.550000000000019362e+00 1.665831703642898370e-02
-2.450000000000019718e+00 1.875825863446866498e-02
-2.350000000000020073e+00 1.966137301897858194e-02
-2.250000000000020428e+00 2.268756446635834811e-02
-2.150000000000020783e+00 2.638037443553972738e-02
-2.050000000000021139e+00 2.895021325086806485e-02
-1.950000000000021272e+00 3.215665455769149694e-02
-1.850000000000021627e+00 3.575775392368593653e-02
-1.750000000000021982e+00 4.099771317665594494e-02
-1.650000000000022338e+00 4.755067292684846125e-02
-1.550000000000022693e+00 5.324195536299373976e-02
-1.450000000000023048e+00 6.278484563123794271e-02
-1.350000000000023404e+00 7.175280003948444896e-02
-1.250000000000023759e+00 8.270310473690856146e-02
-1.150000000000024114e+00 9.349510753095680027e-02
-1.050000000000024469e+00 1.095625621192797966e-01
-9.500000000000248246e-01 1.260307450321534184e-01
-8.500000000000251799e-01 1.506956163681207606e-01
-7.500000000000255351e-01 1.802373836163133625e-01
-6.500000000000258904e-01 2.193608866399735513e-01
-5.500000000000262457e-01 2.660860733286446456e-01
-4.500000000000266565e-01 3.235729184698127314e-01
-3.500000000000270117e-01 4.057217569845399385e-01
-2.500000000000273670e-01 5.270895951834619897e-01
-1.500000000000277223e-01 7.017912460408164410e-01
-5.000000000002806366e-02 1.026909832901150565e+00
4.999999999997158107e-02 1.003456003957132303e+00
1.499999999999712119e-01 7.292499203447068146e-01
2.499999999999708566e-01 5.483969461566448045e-01
3.499999999999705014e-01 4.347421659739593158e-01
4.499999999999701461e-01 3.518628069953212978e-01
5.499999999999698463e-01 2.892959111340598355e-01
6.499999999999694911e-01 2.431224689577904940e-01
7.499999999999691358e-01 2.027918353357502368e-01
8.499999999999687805e-01 1.680687717674505810e-01
9.499999999999684253e-01 1.426354984380508173e-01
1.049999999999968070e+00 1.230028910725063651e-01
1.149999999999967715e+00 1.060913901825854128e-01
1.249999999999967359e+00 9.248133828582655314e-02
1.349999999999967004e+00 7.986906617797961960e-02
1.449999999999966649e+00 7.086598246640254950e-02
1.549999999999966294e+00 6.217020506650194900e-02
1.649999999999965938e+00 5.520619265087164940e-02
1.749999999999965583e+00 4.779505524480832240e-02
1.849999999999965228e+00 4.287355091519044065e-02
1.949999999999964873e+00 3.680407487959776180e-02
2.049999999999964295e+00 3.294080850558982199e-02
2.149999999999963940e+00 2.963115173127530561e-02
2.249999999999963585e+00 2.611946478974525726e-02
2.349999999999963229e+00 2.373643507343653827e-02
2.449999999999962874e+00 2.199581267086744146e-02
2.549999999999962519e+00 1.964884130886224850e-02
2.649999999999962164e+00 1.756925500807953594e-02
2.749999999999961808e+00 1.668467973095465184e-02
2.849999999999961453e+00 1.408166052373523505e-02
2.949999999999961098e+00 1.285581618432851507e-02
3.049999999999960743e+00 1.126285700369321525e-02
3.149999999999960387e+00 1.042035446348622135e-02
3.249999999999960032e+00 8.892694294092571075e-03
3.349999999999959677e+00 8.120883451977735368e-03
3.449999999999959321e+00 7.161886302177575617e-03
3.549999999999958966e+00 6.864694771018413355e-03
3.649999999999958611e+00 6.088448234408662396e-03
3.749999999999958256e+00 5.702640608190502440e-03
3.849999999999957900e+00 5.291916253998555503e-03
3.949999999999957545e+00 4.700159681648876861e-03
4.049999999999957190e+00 4.455281404147044128e-03
4.149999999999956835e+00 4.037431997380594093e-03
4.249999999999956479e+00 3.508690228241321749e-03
4.349999999999956124e+00 3.437719116322717622e-03
4.449999999999955769e+00 3.025199528295823871e-03
4.549999999999955413e+00 2.790966917581782017e-03
4.649999999999955058e+00 2.575364223746373551e-03
4.749999999999954703e+00 2.392613610555967361e-03
4.849999999999954348e+00 2.083889273710035333e-03
4.949999999999953992e+00 1.808876215025440439e-03
5.049999999999953637e+00 1.709516658339393751e-03
5.149999999999953282e+00 1.388372376907707866e-03
5.249999999999952927e+00 1.338692598564683329e-03
5.349999999999952571e+00 1.263285792151166119e-03
5.449999999999952216e+00 1.215380291606108464e-03
5.549999999999951861e+00 1.138199207394624806e-03
5.649999999999951505e+00 9.847241778706420159e-04
5.749999999999951150e+00 7.141468136809611808e-04
5.849999999999950795e+00 6.653541742369203016e-04
5.949999999999950440e+00 6.742255632267459258e-04
6.049999999999950084e+00 6.378528683684608555e-04
6.149999999999949729e+00 4.701836164607570015e-04
6.249999999999949374e+00 4.284880882085767627e-04
6.349999999999949019e+00 4.621993663699139505e-04
6.449999999999948663e+00 4.169552825218034186e-04
6.549999999999948308e+00 4.364723382994197595e-04
6.649999999999947953e+00 3.424356150072682941e-04
6.749999999999947597e+00 3.646140874818323547e-04
6.849999999999947242e+00 4.000996434411346891e-04
6.949999999999946887e+00 3.770340320675883805e-04
7.049999999999946532e+00 2.714645030886635169e-04
7.149999999999946176e+00 1.641206963117737235e-04
7.249999999999945821e+00 1.880734465843028223e-04
7.349999999999945466e+00 1.383936682412794782e-04
7.449999999999945111e+00 1.827506131904074640e-04
7.549999999999944755e+00 9.137530659520375911e-05
7.649999999999944400e+00 9.758527888808167712e-05
7.749999999999944045e+00 1.073438067768898204e-04
7.849999999999943689e+00 7.718108421148279011e-05
7.949999999999943334e+00 5.322833393895367102e-05
