-7.950000000000000178e+00 1.108923623728201406e-04
-7.850000000000000533e+00 1.171023346656980722e-04
-7.750000000000000888e+00 1.117795012718027139e-04
-7.650000000000001243e+00 1.543621684229656615e-04
-7.550000000000001599e+00 1.392808071402621057e-04
-7.450000000000001954e+00 1.375065293422970134e-04
-7.350000000000002309e+00 1.312965570494190547e-04
-7.250000000000002665e+00 1.738792242005820024e-04
-7.150000000000003020e+00 1.658949741097389514e-04
-7.050000000000003375e+00 1.543621684229656344e-04
-6.950000000000003730e+00 2.013945007603639781e-04
-6.850000000000004086e+00 2.191442640856764779e-04
-6.750000000000004441e+00 2.333384864693974605e-04
-6.650000000000004796e+00 2.475257235074571375e-04
-6.550000000000005151e+00 2.714994298169701257e-04
-6.450000000000005507e+00 2.652754868327696644e-04
-6.350000000000005862e+00 2.767873364825591191e-04
-6.250000000000006217e+00 3.016411963453933479e-04
-6.150000000000006573e+00 3.193909596707058748e-04
-6.050000000000006928e+00 3.371337376503571234e-04
-5.950000000000007283e+00 3.832579750517890044e-04
-5.850000000000007638e+00 4.125405440638747669e-04
-5.750000000000007994e+00 4.551232112150376333e-04
-5.650000000000008349e+00 4.462448368795508390e-04
-5.550000000000008704e+00 5.358807924050958300e-04
-5.450000000000009059e+00 5.731336408167020868e-04
-5.350000000000009415e+00 5.793156717269348777e-04
-5.250000000000009770e+00 6.414433360383591442e-04
-5.150000000000010125e+00 7.062254317010698522e-04
-5.050000000000010481e+00 7.132946015102852163e-04
-4.950000000000010836e+00 8.295028119313391929e-04
-4.850000000000011191e+00 8.996077409879454489e-04
-4.750000000000011546e+00 1.067318904969616865e-03
-4.650000000000011902e+00 1.120519297525925280e-03
-4.550000000000012257e+00 1.427455385882568303e-03
-4.450000000000012612e+00 1.565883980852154390e-03
-4.350000000000012967e+00 1.737094803010126934e-03
-4.250000000000013323e+00 1.893231249231057227e-03
-4.150000000000013678e+00 2.161182123452096843e-03
-4.050000000000014033e+00 2.412270373246806505e-03
-3.950000000000014388e+00 2.695344520824516886e-03
-3.850000000000014744e+00 3.004893128458478897e-03
-3.750000000000015099e+00 3.410287663910863912e-03
-3.650000000000015454e+00 3.915153521579878455e-03
-3.550000000000015810e+00 4.526399208324529896e-03
-3.450000000000016165e+00 5.175749955651466269e-03
-3.350000000000016520e+00 5.539525801653949824e-03
-3.250000000000016875e+00 6.604197260617955187e-03
-3.150000000000017231e+00 7.448746507103701925e-03
-3.050000000000017586e+00 8.374898561604523714e-03
-2.950000000000017941e+00 9.594826313236140894e-03
-2.850000000000018296e+00 1.082172543983771565e-02
-2.750000000000018652e+00 1.282862921901481087e-02
-2.650000000000019007e+00 1.470688388714810890e-02
-2.550000000000019362e+00 1.704012904492888808e-02
-2.450000000000019718e+00 1.922713599129076412e-02
-2.350000000000020073e+00 2.229933991054138323e-02
-2.250000000000020428e+00 2.584279620413893613e-02
-2.150000000000020783e+00 3.028428853595066181e-02
-2.050000000000021139e+00 3.467328599511786125e-02
-1.950000000000021272e+00 4.025857279619891177e-02
-1.850000000000021627e+00 4.683097276336677800e-02
-1.750000000000021982e+00 5.445553343541929825e-02
-1.650000000000022338e+00 6.300317959522720723e-02
-1.550000000000022693e+00 7.457536866083785965e-02
-1.450000000000023048e+00 8.665703391225407226e-02
-1.350000000000023404e+00 1.010716998343529904e-01
-1.250000000000023759e+00 1.177640424894972615e-01
-1.150000000000024114e+00 1.372032675457547923e-01
-1.050000000000024469e+00 1.605235506514197108e-01
-9.500000000000248246e-01 1.877363896854505054e-01
-8.500000000000251799e-01 2.171871797917511726e-01
-7.500000000000255351e-01 2.533824398848941173e-01
-6.500000000000258904e-01 2.951771251187350620e-01
-5.500000000000262457e-01 3.422944481567948283e-01
-4.500000000000266565e-01 3.942314641114604279e-01
-3.500000000000270117e-01 4.530427028486274654e-01
-2.500000000000273670e-01 5.140634203891472076e-01
-1.500000000000277223e-01 5.771445704126432208e-01
-5.000000000002806366e-02 6.267131630087744432e-01
4.999999999997158107e-02 6.246501948453202502e-01
1.499999999999712119e-01 5.735774337972541215e-01
2.499999999999708566e-01 5.127693571640123960e-01
3.499999999999705014e-01 4.512554462784235110e-01
4.499999999999701461e-01 3.949327509037792172e-01
5.499999999999698463e-01 3.399623974931220149e-01
6.499999999999694911e-01 2.934678808888764312e-01
7.499999999999691358e-01 2.519959116392408438e-01
8.499999999999687805e-01 2.174609564442537557e-01
9.499999999999684253e-01 1.859925819652598067e-01
1.049999999999968070e+00 1.589185068227902953e-01
1.149999999999967715e+00 1.358544322252899783e-01
1.249999999999967359e+00 1.162393860187380390e-01
1.349999999999967004e+00 9.943240685594655071e-02
1.449999999999966649e+00 8.489017455138136992e-02
1.549999999999966294e+00 7.260572471541823503e-02
1.649999999999965938e+00 6.232388267105039292e-02
1.749999999999965583e+00 5.394255759143753992e-02
1.849999999999965228e+00 4.633210731762080203e-02
1.949999999999964873e+00 3.969938889066778470e-02
2.049999999999964295e+00 3.405594210161091984e-02
2.149999999999963940e+00 2.931281555879945711e-02
2.249999999999963585e+00 2.562537033508593617e-02
2.349999999999963229e+00 2.204672885539251184e-02
2.449999999999962874e+00 1.904167506398377757e-02
2.549999999999962519e+00 1.641825166208776485e-02
2.649999999999962164e+00 1.436086478981659850e-02
2.749999999999961808e+00 1.233452777900982504e-02
2.849999999999961453e+00 1.082623098778924195e-02
2.949999999999961098e+00 9.436098303774873713e-03
3.049999999999960743e+00 8.182557068821174479e-03
3.149999999999960387e+00 7.282851532993961374e-03
3.249999999999960032e+00 6.392122166341491878e-03
3.349999999999959677e+00 5.489063664596862541e-03
3.449999999999959321e+00 4.944311483201934039e-03
3.549999999999958966e+00 4.466066777848054503e-03
3.649999999999958611e+00 3.846871767740865644e-03
3.749999999999958256e+00 3.424537769059876179e-03
3.849999999999957900e+00 2.947250056061596554e-03
3.949999999999957545e+00 2.624254658029670593e-03
4.049999999999957190e+00 2.436202167482351931e-03
4.149999999999956835e+00 2.146980915722714392e-03
4.249999999999956479e+00 1.870172623203172034e-03
4.349999999999956124e+00 1.645698540377939570e-03
4.449999999999955769e+00 1.503812199306020243e-03
4.549999999999955413e+00 1.353850798649661137e-03
4.649999999999955058e+00 1.220772978456615820e-03
4.749999999999954703e+00 1.132946227457342584e-03
4.849999999999954348e+00 1.014034688265373109e-03
4.949999999999953992e+00 8.969602949823202859e-04
5.049999999999953637e+00 7.745211562314044612e-04
5.149999999999953282e+00 7.443444629746748470e-04
5.249999999999952927e+00 7.168641131431993446e-04
5.349999999999952571e+00 6.352193930541586830e-04
5.449999999999952216e+00 6.236935727130467257e-04
5.549999999999951861e+00 5.429569475599723642e-04
5.649999999999951505e+00 4.870741822697325024e-04
5.749999999999951150e+00 4.231792255060041509e-04
5.849999999999950795e+00 4.072107253243181031e-04
5.949999999999950440e+00 3.734924618173195284e-04
6.049999999999950084e+00 3.335642260174429951e-04
6.149999999999949729e+00 2.732387808866288802e-04
6.249999999999949374e+00 2.909815588662800745e-04
6.349999999999949019e+00 2.732457662322901586e-04
6.449999999999948663e+00 2.599316974018904438e-04
6.549999999999948308e+00 2.386403638263089836e-04
6.649999999999947953e+00 2.350918082303787176e-04
6.749999999999947597e+00 2.013805300690414213e-04
6.849999999999947242e+00 1.845248909883727461e-04
6.949999999999946887e+00 1.765406408975296951e-04
7.049999999999946532e+00 1.809763353924425072e-04
7.149999999999946176e+00 1.517007517260179688e-04
7.249999999999945821e+00 1.508136128270354227e-04
7.349999999999945466e+00 1.339579737463667745e-04
7.449999999999945111e+00 1.126666401707852736e-04
7.549999999999944755e+00 1.144409179687503930e-04
7.649999999999944400e+00 1.144409179687504066e-04
7.749999999999944045e+00 9.935955668604685076e-05
7.849999999999943689e+00 1.055695289789247959e-04
7.949999999999943334e+00 9.669813998909918516e-05
