-7.950000000000000178e+00 0.000000000000000000e+00
-7.850000000000000533e+00 0.000000000000000000e+00
-7.750000000000000888e+00 0.000000000000000000e+00
-7.650000000000001243e+00 0.000000000000000000e+00
-7.550000000000001599e+00 0.000000000000000000e+00
-7.450000000000001954e+00 0.000000000000000000e+00
-7.350000000000002309e+00 0.000000000000000000e+00
-7.250000000000002665e+00 0.000000000000000000e+00
-7.150000000000003020e+00 0.000000000000000000e+00
-7.050000000000003375e+00 0.000000000000000000e+00
-6.950000000000003730e+00 0.000000000000000000e+00
-6.850000000000004086e+00 0.000000000000000000e+00
-6.750000000000004441e+00 0.000000000000000000e+00
-6.650000000000004796e+00 8.871388989825613036e-07
-6.550000000000005151e+00 0.000000000000000000e+00
-6.450000000000005507e+00 8.871388989825613036e-07
-6.350000000000005862e+00 0.000000000000000000e+00
-6.250000000000006217e+00 0.000000000000000000e+00
-6.150000000000006573e+00 0.000000000000000000e+00
-6.050000000000006928e+00 0.000000000000000000e+00
-5.950000000000007283e+00 8.871388989825613036e-07
-5.850000000000007638e+00 0.000000000000000000e+00
-5.750000000000007994e+00 2.661416696947683805e-06
-5.650000000000008349e+00 8.871388989825613036e-07
-5.550000000000008704e+00 0.000000000000000000e+00
-5.450000000000009059e+00 0.000000000000000000e+00
-5.350000000000009415e+00 1.774277797965122607e-06
-5.250000000000009770e+00 2.661416696947683805e-06
-5.150000000000010125e+00 2.661416696947683805e-06
-5.050000000000010481e+00 8.871388989825613036e-07
-4.950000000000010836e+00 2.661416696947683805e-06
-4.850000000000011191e+00 2.661416696947683805e-06
-4.750000000000011546e+00 8.871388989825612401e-06
-4.650000000000011902e+00 1.330708348473841945e-05
-4.550000000000012257e+00 1.596850018168610198e-05
-4.450000000000012612e+00 2.483988917151171608e-05
-4.350000000000012967e+00 4.346980605014550059e-05
-4.250000000000013323e+00 5.500261173691879722e-05
-4.150000000000013678e+00 7.540680641351769778e-05
-4.050000000000014033e+00 1.295222792514539353e-04
-3.950000000000014388e+00 1.703306686046517364e-04
-3.850000000000014744e+00 2.599316974018904981e-04
-3.750000000000015099e+00 3.805825876635187820e-04
-3.650000000000015454e+00 5.784145621366298560e-04
-3.550000000000015810e+00 8.019735646802348501e-04
-3.450000000000016165e+00 1.129327818404799507e-03
-3.350000000000016520e+00 1.484183377997823176e-03
-3.250000000000016875e+00 2.138891885446952273e-03
-3.150000000000017231e+00 2.903605616369918721e-03
-3.050000000000017586e+00 3.979705100835766868e-03
-2.950000000000017941e+00 5.421305811682445609e-03
-2.850000000000018296e+00 7.248811943586543939e-03
-2.750000000000018652e+00 9.147289187409250732e-03
-2.650000000000019007e+00 1.246785008630101749e-02
-2.550000000000019362e+00 1.596317734829235530e-02
-2.450000000000019718e+00 2.050976420557803701e-02
-2.350000000000020073e+00 2.589026162790733498e-02
-2.250000000000020428e+00 3.245508948037836849e-02
-2.150000000000020783e+00 4.015279370685015392e-02
-2.050000000000021139e+00 4.963542139807486375e-02
-1.950000000000021272e+00 6.014979162881631258e-02
-1.850000000000021627e+00 7.255997768668236148e-02
-1.750000000000021982e+00 8.643749148346552280e-02
-1.650000000000022338e+00 1.024654299713825267e-01
-1.550000000000022693e+00 1.196005178052300666e-01
-1.450000000000023048e+00 1.401918987895132140e-01
-1.350000000000023404e+00 1.599121093749960032e-01
-1.250000000000023759e+00 1.825891539107878381e-01
-1.150000000000024114e+00 2.052999097247414917e-01
-1.050000000000024469e+00 2.301335889239606303e-01
-9.500000000000248246e-01 2.530962921852251135e-01
-8.500000000000251799e-01 2.783566851948536258e-01
-7.500000000000255351e-01 3.002539346384399122e-01
-6.500000000000258904e-01 3.219613363576444565e-01
-5.500000000000262457e-01 3.427807120389676498e-01
-4.500000000000266565e-01 3.602050071538850928e-01
-3.500000000000270117e-01 3.743850353152228250e-01
-2.500000000000273670e-01 3.862203553665496392e-01
-1.500000000000277223e-01 3.933369836141882292e-01
-5.000000000002806366e-02 3.974896808003259840e-01
4.999999999997158107e-02 3.977096912472735668e-01
1.499999999999712119e-01 3.942498495412413706e-01
2.499999999999708566e-01 3.855842767759790068e-01
3.499999999999705014e-01 3.736912926962184800e-01
4.499999999999701461e-01 3.598279731218172461e-01
5.499999999999698463e-01 3.426449797874236980e-01
6.499999999999694911e-01 3.222141709438545165e-01
7.499999999999691358e-01 3.001696564430367253e-01
8.499999999999687805e-01 2.768086278161290270e-01
9.499999999999684253e-01 2.539479455282485088e-01
1.049999999999968070e+00 2.285349646279939972e-01
1.149999999999967715e+00 2.053859621979428618e-01
1.249999999999967359e+00 1.825856053551919711e-01
1.349999999999967004e+00 1.603689859079719948e-01
1.449999999999966649e+00 1.397332479787392889e-01
1.549999999999966294e+00 1.201443339503063534e-01
1.649999999999965938e+00 1.028584325036318164e-01
1.749999999999965583e+00 8.689348087754251992e-02
1.849999999999965228e+00 7.280305374500356530e-02
1.949999999999964873e+00 6.031302518622910780e-02
2.049999999999964295e+00 4.902861839117078624e-02
2.149999999999963940e+00 4.054047340570553909e-02
2.249999999999963585e+00 3.243468528570177256e-02
2.349999999999963229e+00 2.591598865597783546e-02
2.449999999999962874e+00 2.046540726062890531e-02
2.549999999999962519e+00 1.593301462572694477e-02
2.649999999999962164e+00 1.240841178006918399e-02
2.749999999999961808e+00 9.340685467387449537e-03
2.849999999999961453e+00 7.288733194040759519e-03
2.949999999999961098e+00 5.331704782885205926e-03
3.049999999999960743e+00 3.991237906522540103e-03
3.149999999999960387e+00 2.895621366279075778e-03
3.249999999999960032e+00 2.206314441769626974e-03
3.349999999999959677e+00 1.592414323673695597e-03
3.449999999999959321e+00 1.050372456395351570e-03
3.549999999999958966e+00 7.762465366097406590e-04
3.649999999999958611e+00 6.059158680050890852e-04
3.749999999999958256e+00 3.725983375726757310e-04
3.849999999999957900e+00 2.590445585029079248e-04
3.949999999999957545e+00 1.676692519077040708e-04
4.049999999999957190e+00 1.144409179687504066e-04
4.149999999999956835e+00 7.451966751453513807e-05
4.249999999999956479e+00 5.056691724200599187e-05
4.349999999999956124e+00 3.814697265625013553e-05
4.449999999999955769e+00 3.104986146438964425e-05
4.549999999999955413e+00 1.508136128270354057e-05
4.649999999999955058e+00 1.241994458575585634e-05
4.749999999999954703e+00 7.097111191860490429e-06
4.849999999999954348e+00 9.758527888808173810e-06
4.949999999999953992e+00 7.984250090843050991e-06
5.049999999999953637e+00 2.661416696947683805e-06
5.149999999999953282e+00 4.435694494912806200e-06
5.249999999999952927e+00 4.435694494912806200e-06
5.349999999999952571e+00 1.774277797965122607e-06
5.449999999999952216e+00 2.661416696947683805e-06
5.549999999999951861e+00 1.774277797965122607e-06
5.649999999999951505e+00 1.774277797965122607e-06
5.749999999999951150e+00 1.774277797965122607e-06
5.849999999999950795e+00 1.774277797965122607e-06
5.949999999999950440e+00 1.774277797965122607e-06
6.049999999999950084e+00 1.774277797965122607e-06
6.149999999999949729e+00 8.871388989825613036e-07
6.249999999999949374e+00 1.774277797965122607e-06
6.349999999999949019e+00 0.000000000000000000e+00
6.449999999999948663e+00 2.661416696947683805e-06
6.549999999999948308e+00 8.871388989825613036e-07
6.649999999999947953e+00 0.000000000000000000e+00
6.749999999999947597e+00 0.000000000000000000e+00
6.849999999999947242e+00 8.871388989825613036e-07
6.949999999999946887e+00 0.000000000000000000e+00
7.049999999999946532e+00 0.000000000000000000e+00
7.149999999999946176e+00 0.000000000000000000e+00
7.249999999999945821e+00 0.000000000000000000e+00
7.349999999999945466e+00 0.000000000000000000e+00
7.449999999999945111e+00 0.000000000000000000e+00
7.549999999999944755e+00 0.000000000000000000e+00
7.649999999999944400e+00 0.000000000000000000e+00
7.749999999999944045e+00 0.000000000000000000e+00
7.849999999999943689e+00 0.000000000000000000e+00
7.949999999999943334e+00 0.000000000000000000e+00
