-7.950000000000000178e+00 0.000000000000000000e+00
-7.850000000000000533e+00 0.000000000000000000e+00
-7.750000000000000888e+00 0.000000000000000000e+00
-7.650000000000001243e+00 0.000000000000000000e+00
-7.550000000000001599e+00 0.000000000000000000e+00
-7.450000000000001954e+00 0.000000000000000000e+00
-7.350000000000002309e+00 0.000000000000000000e+00
-7.250000000000002665e+00 0.000000000000000000e+00
-7.150000000000003020e+00 0.000000000000000000e+00
-7.050000000000003375e+00 0.000000000000000000e+00
-6.950000000000003730e+00 0.000000000000000000e+00
-6.850000000000004086e+00 0.000000000000000000e+00
-6.750000000000004441e+00 0.000000000000000000e+00
-6.650000000000004796e+00 1.419422238372098033e-07
-6.550000000000005151e+00 0.000000000000000000e+00
-6.450000000000005507e+00 0.000000000000000000e+00
-6.350000000000005862e+00 0.000000000000000000e+00
-6.250000000000006217e+00 0.000000000000000000e+00
-6.150000000000006573e+00 2.838844476744196066e-07
-6.050000000000006928e+00 2.838844476744196066e-07
-5.950000000000007283e+00 4.258266715116293834e-07
-5.850000000000007638e+00 2.838844476744196066e-07
-5.750000000000007994e+00 8.516533430232587667e-07
-5.650000000000008349e+00 1.419422238372098086e-06
-5.550000000000008704e+00 1.845248909883727681e-06
-5.450000000000009059e+00 2.838844476744196172e-06
-5.350000000000009415e+00 3.974382267441873962e-06
-5.250000000000009770e+00 4.967977834302342877e-06
-5.150000000000010125e+00 1.064566678779073353e-05
-5.050000000000010481e+00 1.263285792151167305e-05
-4.950000000000010836e+00 1.745889353197680366e-05
-4.850000000000011191e+00 2.526571584302334610e-05
-4.750000000000011546e+00 3.491778706395360732e-05
-4.650000000000011902e+00 4.967977834302342538e-05
-4.550000000000012257e+00 7.224859193313978249e-05
-4.450000000000012612e+00 9.637876998546543385e-05
-4.350000000000012967e+00 1.378258993459306834e-04
-4.250000000000013323e+00 1.781374909156982348e-04
-4.150000000000013678e+00 2.357660337936054386e-04
-4.050000000000014033e+00 3.249057503633736026e-04
-3.950000000000014388e+00 4.427177961482583459e-04
-3.850000000000014744e+00 5.629428597383748711e-04
-3.750000000000015099e+00 7.698946220930254474e-04
-3.650000000000015454e+00 1.014035247093026098e-03
-3.550000000000015810e+00 1.371019940043614362e-03
-3.450000000000016165e+00 1.783362100290715761e-03
-3.350000000000016520e+00 2.344317768895378198e-03
-3.250000000000016875e+00 3.002787745276206018e-03
-3.150000000000017231e+00 3.967001271802380463e-03
-3.050000000000017586e+00 5.059814453124980398e-03
-2.950000000000017941e+00 6.441905886627794994e-03
-2.850000000000018296e+00 8.251101471656745179e-03
-2.750000000000018652e+00 1.045645780341531057e-02
-2.650000000000019007e+00 1.319523301235407328e-02
-2.550000000000019362e+00 1.666018463844395892e-02
-2.450000000000019718e+00 2.084393168604540408e-02
-2.350000000000020073e+00 2.587478992550727025e-02
-2.250000000000020428e+00 3.182529183321065880e-02
-2.150000000000020783e+00 3.908620435138229765e-02
-2.050000000000021139e+00 4.749812636264966192e-02
-1.950000000000021272e+00 5.742471384448372129e-02
-1.850000000000021627e+00 6.903601358103883534e-02
-1.750000000000021982e+00 8.241009379542743596e-02
-1.650000000000022338e+00 9.763297147529723108e-02
-1.550000000000022693e+00 1.145402775254438371e-01
-1.450000000000023048e+00 1.333010651344590791e-01
-1.350000000000023404e+00 1.541438612827188137e-01
-1.250000000000023759e+00 1.762154512627358560e-01
-1.150000000000024114e+00 1.997846736464583828e-01
-1.050000000000024469e+00 2.244843239008197378e-01
-9.500000000000248246e-01 2.499029115189158601e-01
-8.500000000000251799e-01 2.751603947129485084e-01
-7.500000000000255351e-01 3.002177393713701958e-01
-6.500000000000258904e-01 3.238543843114082277e-01
-5.500000000000262457e-01 3.457539403161278280e-01
-4.500000000000266565e-01 3.653044944585676634e-01
-3.500000000000270117e-01 3.818003100018083629e-01
-2.500000000000273670e-01 3.948889444040608598e-01
-1.500000000000277223e-01 4.039291026980283972e-01
-5.000000000002806366e-02 4.080265488735372870e-01
4.999999999997158107e-02 4.081876532975930449e-01
1.499999999999712119e-01 4.040401015170695942e-01
2.499999999999708566e-01 3.952470646348020811e-01
3.499999999999705014e-01 3.822934172874181691e-01
4.499999999999701461e-01 3.652633312136547294e-01
5.499999999999698463e-01 3.457651537518109386e-01
6.499999999999694911e-01 3.238299702489079168e-01
7.499999999999691358e-01 3.002279592114870388e-01
8.499999999999687805e-01 2.753074468568438293e-01
9.499999999999684253e-01 2.495274743368663395e-01
1.049999999999968070e+00 2.246316599291628691e-01
1.149999999999967715e+00 1.998005711755283798e-01
1.249999999999967359e+00 1.762231161428230442e-01
1.349999999999967004e+00 1.539360578670211088e-01
1.449999999999966649e+00 1.336062409157089126e-01
1.549999999999966294e+00 1.142410633175950235e-01
1.649999999999965938e+00 9.777022960574767441e-02
1.749999999999965583e+00 8.242130723111062984e-02
1.849999999999965228e+00 6.915084484012312682e-02
1.949999999999964873e+00 5.745423782704184995e-02
2.049999999999964295e+00 4.748123523801303647e-02
2.149999999999963940e+00 3.905483511991425516e-02
2.249999999999963585e+00 3.180002611736762463e-02
2.349999999999963229e+00 2.584015602289099767e-02
2.449999999999962874e+00 2.076146325399599174e-02
2.549999999999962519e+00 1.668658589207767245e-02
2.649999999999962164e+00 1.325158407521744366e-02
2.749999999999961808e+00 1.048683343931647131e-02
2.849999999999961453e+00 8.234778115915466351e-03
2.949999999999961098e+00 6.504076580668487380e-03
3.049999999999960743e+00 5.044768577398237551e-03
3.149999999999960387e+00 3.913347111191916097e-03
3.249999999999960032e+00 3.044660701308183649e-03
3.349999999999959677e+00 2.334949582122122433e-03
3.449999999999959321e+00 1.768174282340134306e-03
3.549999999999958966e+00 1.363922828851753775e-03
3.649999999999958611e+00 1.037313771802328638e-03
3.749999999999958256e+00 7.544229196947695951e-04
3.849999999999957900e+00 5.792662154796538072e-04
3.949999999999957545e+00 4.527956940407002135e-04
4.049999999999957190e+00 3.224927325581409534e-04
4.149999999999956835e+00 2.461278161337218120e-04
4.249999999999956479e+00 1.737372819767447495e-04
4.349999999999956124e+00 1.287415970203492611e-04
4.449999999999955769e+00 9.410769440407006471e-05
4.549999999999955413e+00 6.813226744186069456e-05
4.649999999999955058e+00 4.627316497093039201e-05
4.749999999999954703e+00 3.605332485465128511e-05
4.849999999999954348e+00 2.398823582848845604e-05
4.949999999999953992e+00 1.887831577034890598e-05
5.049999999999953637e+00 1.348451126453493139e-05
5.149999999999953282e+00 1.078760901162794579e-05
5.249999999999952927e+00 6.103515625000021515e-06
5.349999999999952571e+00 4.258266715116294257e-06
5.449999999999952216e+00 3.548555595930245214e-06
5.549999999999951861e+00 2.413017805232567000e-06
5.649999999999951505e+00 7.097111191860490429e-07
5.749999999999951150e+00 9.935955668604687024e-07
5.849999999999950795e+00 7.097111191860490429e-07
5.949999999999950440e+00 4.258266715116293834e-07
6.049999999999950084e+00 7.097111191860490429e-07
6.149999999999949729e+00 1.419422238372098033e-07
6.249999999999949374e+00 1.419422238372098033e-07
6.349999999999949019e+00 1.419422238372098033e-07
6.449999999999948663e+00 1.419422238372098033e-07
6.549999999999948308e+00 0.000000000000000000e+00
6.649999999999947953e+00 1.419422238372098033e-07
6.749999999999947597e+00 0.000000000000000000e+00
6.849999999999947242e+00 0.000000000000000000e+00
6.949999999999946887e+00 0.000000000000000000e+00
7.049999999999946532e+00 0.000000000000000000e+00
7.149999999999946176e+00 0.000000000000000000e+00
7.249999999999945821e+00 0.000000000000000000e+00
7.349999999999945466e+00 0.000000000000000000e+00
7.449999999999945111e+00 0.000000000000000000e+00
7.549999999999944755e+00 0.000000000000000000e+00
7.649999999999944400e+00 0.000000000000000000e+00
7.749999999999944045e+00 0.000000000000000000e+00
7.849999999999943689e+00 0.000000000000000000e+00
7.949999999999943334e+00 0.000000000000000000e+00
