-7.950000000000000178e+00 0.000000000000000000e+00
-7.850000000000000533e+00 0.000000000000000000e+00
-7.750000000000000888e+00 0.000000000000000000e+00
-7.650000000000001243e+00 0.000000000000000000e+00
-7.550000000000001599e+00 0.000000000000000000e+00
-7.450000000000001954e+00 6.207716581910666074e-06
-7.350000000000002309e+00 7.094533236469331930e-06
-7.250000000000002665e+00 4.345401607337464727e-05
-7.150000000000003020e+00 3.635948283690532042e-05
-7.050000000000003375e+00 2.926494960043599358e-05
-6.950000000000003730e+00 3.635948283690532720e-05
-6.850000000000004086e+00 6.207716581910665058e-05
-6.750000000000004441e+00 5.409581592807865110e-05
-6.650000000000004796e+00 6.385079912822398229e-05
-6.550000000000005151e+00 7.981349891027998125e-05
-6.450000000000005507e+00 1.055311818924812911e-04
-6.350000000000005862e+00 9.754983200145329837e-05
-6.250000000000006217e+00 1.073048152015986228e-04
-6.150000000000006573e+00 9.754983200145332547e-05
-6.050000000000006928e+00 9.843664865601199133e-05
-5.950000000000007283e+00 1.206070650199786377e-04
-5.850000000000007638e+00 1.755896976026159479e-04
-5.750000000000007994e+00 2.261382469124599017e-04
-5.650000000000008349e+00 2.412141300399572755e-04
-5.550000000000008704e+00 2.687054463312759170e-04
-5.450000000000009059e+00 3.219144456047958684e-04
-5.350000000000009415e+00 3.777838948419918715e-04
-5.250000000000009770e+00 4.753337268434451156e-04
-5.150000000000010125e+00 6.154507582637143209e-04
-5.050000000000010481e+00 5.737703754994569715e-04
-4.950000000000010836e+00 7.254160234289888870e-04
-4.850000000000011191e+00 8.043427056847100940e-04
-4.750000000000011546e+00 8.247394887395594629e-04
-4.650000000000011902e+00 9.169684208136608203e-04
-4.550000000000012257e+00 9.879137531783538720e-04
-4.450000000000012612e+00 1.329338165183440498e-03
-4.350000000000012967e+00 1.584741361696336264e-03
-4.250000000000013323e+00 1.711556143298225427e-03
-4.150000000000013678e+00 2.001545189338909542e-03
-4.050000000000014033e+00 2.530087915455874175e-03
-3.950000000000014388e+00 2.692375363240110189e-03
-3.850000000000014744e+00 3.121594624046504680e-03
-3.750000000000015099e+00 3.715761782600810262e-03
-3.650000000000015454e+00 4.230115442244836675e-03
-3.550000000000015810e+00 4.680618302760638713e-03
-3.450000000000016165e+00 5.495602808300053231e-03
-3.350000000000016520e+00 6.038334600889956952e-03
-3.250000000000016875e+00 7.104288219669472985e-03
-3.150000000000017231e+00 8.487722200780992154e-03
-3.050000000000017586e+00 9.491598653741401687e-03
-2.950000000000017941e+00 1.112777538140213851e-02
-2.850000000000018296e+00 1.292180547357432534e-02
-2.750000000000018652e+00 1.462538026698153790e-02
-2.650000000000019007e+00 1.689297045268810943e-02
-2.550000000000019362e+00 1.929269631992396039e-02
-2.450000000000019718e+00 2.179174565247039147e-02
-2.350000000000020073e+00 2.472622196240514825e-02
-2.250000000000020428e+00 2.835950979613214434e-02
-2.150000000000020783e+00 3.282285801852607987e-02
-2.050000000000021139e+00 3.850823959090196591e-02
-1.950000000000021272e+00 4.342829839039367285e-02
-1.850000000000021627e+00 5.117907595123673964e-02
-1.750000000000021982e+00 5.843057573556315054e-02
-1.650000000000022338e+00 6.841347081592982771e-02
-1.550000000000022693e+00 7.702091326507574942e-02
-1.450000000000023048e+00 8.790481406647387974e-02
-1.350000000000023404e+00 1.006244253428086044e-01
-1.250000000000023759e+00 1.164017804440617559e-01
-1.150000000000024114e+00 1.357051185638400437e-01
-1.050000000000024469e+00 1.583162828051224436e-01
-9.500000000000248246e-01 1.845571876135135847e-01
-8.500000000000251799e-01 2.148739017662572581e-01
-7.500000000000255351e-01 2.473500144728505157e-01
-6.500000000000258904e-01 2.868009401675451486e-01
-5.500000000000262457e-01 3.327061174741178240e-01
-4.500000000000266565e-01 3.827092745414083508e-01
-3.500000000000270117e-01 4.483283860788247477e-01
-2.500000000000273670e-01 5.140281979318046535e-01
-1.500000000000277223e-01 5.816852141413888511e-01
-5.000000000002806366e-02 6.266964802601653339e-01
4.999999999997158107e-02 6.244927408735871932e-01
1.499999999999712119e-01 5.787746818811276839e-01
2.499999999999708566e-01 5.116408874977328436e-01
3.499999999999705014e-01 4.478282214856535992e-01
4.499999999999701461e-01 3.833442352660724750e-01
5.499999999999698463e-01 3.338235064588611634e-01
6.499999999999694911e-01 2.841821705866335313e-01
7.499999999999691358e-01 2.446532050263376390e-01
8.499999999999687805e-01 2.111900653832203822e-01
9.499999999999684253e-01 1.801984837563577191e-01
1.049999999999968070e+00 1.555990765755545513e-01
1.149999999999967715e+00 1.343828749318931592e-01
1.249999999999967359e+00 1.152852782759724304e-01
1.349999999999967004e+00 1.009170748388129174e-01
1.449999999999966649e+00 8.686014404740385886e-02
1.549999999999966294e+00 7.667416795314332956e-02
1.649999999999965938e+00 6.620441052942424576e-02
1.749999999999965583e+00 5.873652748138590007e-02
1.849999999999965228e+00 5.064166505857416178e-02
1.949999999999964873e+00 4.327665274246410981e-02
2.049999999999964295e+00 3.824219459453434555e-02
2.149999999999963940e+00 3.336026891118867854e-02
2.249999999999963585e+00 2.899447052079617143e-02
2.349999999999963229e+00 2.547026113557989205e-02
2.449999999999962874e+00 2.202409161596476095e-02
2.549999999999962519e+00 1.944345515119893369e-02
2.649999999999962164e+00 1.695238716854354302e-02
2.749999999999961808e+00 1.458990760079919430e-02
2.849999999999961453e+00 1.260964601116967322e-02
2.949999999999961098e+00 1.124306154649476822e-02
3.049999999999960743e+00 9.830362615782812369e-03
3.149999999999960387e+00 8.269565303759560462e-03
3.249999999999960032e+00 7.492713914366169389e-03
3.349999999999959677e+00 6.475535211587378839e-03
3.449999999999959321e+00 5.583397657101360663e-03
3.549999999999958966e+00 5.038005414547781433e-03
3.649999999999958611e+00 4.401271056574659890e-03
3.749999999999958256e+00 3.886030580276074974e-03
3.849999999999957900e+00 3.480755369142764406e-03
3.949999999999957545e+00 2.983251225935352590e-03
4.049999999999957190e+00 2.672865396839819215e-03
4.149999999999956835e+00 2.248967035960777044e-03
4.249999999999956479e+00 1.871183141118785281e-03
4.349999999999956124e+00 1.661894410642940139e-03
4.449999999999955769e+00 1.512909212677084276e-03
4.549999999999955413e+00 1.234448783145663305e-03
4.649999999999955058e+00 1.176805700599349754e-03
4.749999999999954703e+00 9.763851366690913785e-04
4.849999999999954348e+00 8.557780716491128221e-04
4.949999999999953992e+00 8.016822557210341507e-04
5.049999999999953637e+00 6.189980248819489843e-04
5.149999999999953282e+00 5.578076757174010945e-04
5.249999999999952927e+00 5.001645931710877596e-04
5.349999999999952571e+00 4.247851775336011619e-04
5.449999999999952216e+00 3.050649291681812171e-04
5.549999999999951861e+00 2.412141300399572484e-04
5.649999999999951505e+00 2.651581797130411994e-04
5.749999999999951150e+00 3.263485288775891434e-04
5.849999999999950795e+00 2.775736128768625756e-04
5.949999999999950440e+00 1.862314974573199382e-04
6.049999999999950084e+00 2.004205639302585919e-04
6.149999999999949729e+00 1.498720146204146110e-04
6.249999999999949374e+00 1.223806983290959694e-04
6.349999999999949019e+00 1.028707319288052935e-04
6.449999999999948663e+00 1.002102819651292959e-04
6.549999999999948308e+00 8.602121549219062869e-05
6.649999999999947953e+00 5.498263258263732373e-05
6.749999999999947597e+00 1.064179985470399569e-04
6.849999999999947242e+00 7.271896567381064085e-05
6.949999999999946887e+00 5.143536596440265353e-05
7.049999999999946532e+00 2.217041636396666334e-05
7.149999999999946176e+00 3.990674945513999062e-05
7.249999999999945821e+00 2.128359970940799748e-05
7.349999999999945466e+00 2.749131629131865509e-05
7.449999999999945111e+00 1.418906647293866386e-05
7.549999999999944755e+00 8.868166545586665336e-06
7.649999999999944400e+00 0.000000000000000000e+00
7.749999999999944045e+00 0.000000000000000000e+00
7.849999999999943689e+00 0.000000000000000000e+00
7.949999999999943334e+00 0.000000000000000000e+00
