-7.950000000000000178e+00 0.000000000000000000e+00
-7.850000000000000533e+00 0.000000000000000000e+00
-7.750000000000000888e+00 0.000000000000000000e+00
-7.650000000000001243e+00 0.000000000000000000e+00
-7.550000000000001599e+00 0.000000000000000000e+00
-7.450000000000001954e+00 0.000000000000000000e+00
-7.350000000000002309e+00 0.000000000000000000e+00
-7.250000000000002665e+00 0.000000000000000000e+00
-7.150000000000003020e+00 0.000000000000000000e+00
-7.050000000000003375e+00 0.000000000000000000e+00
-6.950000000000003730e+00 0.000000000000000000e+00
-6.850000000000004086e+00 0.000000000000000000e+00
-6.750000000000004441e+00 0.000000000000000000e+00
-6.650000000000004796e+00 0.000000000000000000e+00
-6.550000000000005151e+00 0.000000000000000000e+00
-6.450000000000005507e+00 0.000000000000000000e+00
-6.350000000000005862e+00 0.000000000000000000e+00
-6.250000000000006217e+00 0.000000000000000000e+00
-6.150000000000006573e+00 0.000000000000000000e+00
-6.050000000000006928e+00 0.000000000000000000e+00
-5.950000000000007283e+00 0.000000000000000000e+00
-5.850000000000007638e+00 0.000000000000000000e+00
-5.750000000000007994e+00 0.000000000000000000e+00
-5.650000000000008349e+00 0.000000000000000000e+00
-5.550000000000008704e+00 0.000000000000000000e+00
-5.450000000000009059e+00 0.000000000000000000e+00
-5.350000000000009415e+00 0.000000000000000000e+00
-5.250000000000009770e+00 0.000000000000000000e+00
-5.150000000000010125e+00 1.685563908066866170e-05
-5.050000000000010481e+00 4.169552825218033373e-05
-4.950000000000010836e+00 5.145405614098851093e-05
-4.850000000000011191e+00 7.097111191860483144e-05
-4.750000000000011546e+00 1.721049464026166932e-04
-4.650000000000011902e+00 1.188766124636631780e-04
-4.550000000000012257e+00 2.883201421693321921e-04
-4.450000000000012612e+00 3.548555595930242114e-04
-4.350000000000012967e+00 4.728450331577046671e-04
-4.250000000000013323e+00 7.443095362463681298e-04
-4.150000000000013678e+00 8.729446765988395189e-04
-4.050000000000014033e+00 1.188766124636631482e-03
-3.950000000000014388e+00 1.320949820585032297e-03
-3.850000000000014744e+00 1.556041628815412262e-03
-3.750000000000015099e+00 1.801779103833580069e-03
-3.650000000000015454e+00 2.584235612736200585e-03
-3.550000000000015810e+00 2.977238144985475555e-03
-3.450000000000016165e+00 3.418146177779812084e-03
-3.350000000000016520e+00 4.802969999091600065e-03
-3.250000000000016875e+00 5.064675974291457661e-03
-3.150000000000017231e+00 5.817856899527657812e-03
-3.050000000000017586e+00 7.530922113463003539e-03
-2.950000000000017941e+00 8.873163267623634942e-03
-2.850000000000018296e+00 1.071220220521450564e-02
-2.750000000000018652e+00 1.262842222701686390e-02
-2.650000000000019007e+00 1.570856848428435482e-02
-2.550000000000019362e+00 1.751478328261286618e-02
-2.450000000000019718e+00 2.109084018441162098e-02
-2.350000000000020073e+00 2.405654552371036189e-02
-2.250000000000020428e+00 3.076686415561454002e-02
-2.150000000000020783e+00 3.645697305368875152e-02
-2.050000000000021139e+00 4.124841024709362952e-02
-1.950000000000021272e+00 4.870658697084011279e-02
-1.850000000000021627e+00 6.313590116279119147e-02
-1.750000000000021982e+00 7.633386656295382267e-02
-1.650000000000022338e+00 8.887357490007155580e-02
-1.550000000000022693e+00 1.014558659043406086e-01
-1.450000000000023048e+00 1.165860198264875164e-01
-1.350000000000023404e+00 1.342862151389867253e-01
-1.250000000000023759e+00 1.617271955623142965e-01
-1.150000000000024114e+00 1.809994010038110945e-01
-1.050000000000024469e+00 2.041954217955082029e-01
-9.500000000000248246e-01 2.364766320516857867e-01
-8.500000000000251799e-01 2.681962833848065553e-01
-7.500000000000255351e-01 2.949328755223427079e-01
-6.500000000000258904e-01 3.257751464843710032e-01
-5.500000000000262457e-01 3.537892186364433589e-01
-4.500000000000266565e-01 3.778510869935481908e-01
-3.500000000000270117e-01 4.056291801984910905e-01
-2.500000000000273670e-01 4.224129610283430258e-01
-1.500000000000277223e-01 4.379494245662252094e-01
-5.000000000002806366e-02 4.442747249159714751e-01
4.999999999997158107e-02 4.463408714117020892e-01
1.499999999999712119e-01 4.328945071198224692e-01
2.499999999999708566e-01 4.233639739280524172e-01
3.499999999999705014e-01 4.057524925054502574e-01
4.499999999999701461e-01 3.846243924872803643e-01
5.499999999999698463e-01 3.584919419399502649e-01
6.499999999999694911e-01 3.226187062817905682e-01
7.499999999999691358e-01 2.883591762808820902e-01
8.499999999999687805e-01 2.584767896075539917e-01
9.499999999999684253e-01 2.302737568699993465e-01
1.049999999999968070e+00 2.067823188249413024e-01
1.149999999999967715e+00 1.833352377248326504e-01
1.249999999999967359e+00 1.557691707167475903e-01
1.349999999999967004e+00 1.378152536791391602e-01
1.449999999999966649e+00 1.163873007131153992e-01
1.549999999999966294e+00 1.001145118890789665e-01
1.649999999999965938e+00 8.736366449400330414e-02
1.749999999999965583e+00 7.704269054324081045e-02
1.849999999999965228e+00 6.382786950399763071e-02
1.949999999999964873e+00 5.250088004178855156e-02
2.049999999999964295e+00 4.468341206395413934e-02
2.149999999999963940e+00 3.701054772665386683e-02
2.249999999999963585e+00 3.045459126317267076e-02
2.349999999999963229e+00 2.532781556595238570e-02
2.449999999999962874e+00 2.201346463935349371e-02
2.549999999999962519e+00 1.744913500408815793e-02
2.649999999999962164e+00 1.503168150436064859e-02
2.749999999999961808e+00 1.280141431231846157e-02
2.849999999999961453e+00 9.985635446947780519e-03
2.949999999999961098e+00 9.110029353651981354e-03
3.049999999999960743e+00 7.629394531250067654e-03
3.149999999999960387e+00 6.526680879814731467e-03
3.249999999999960032e+00 5.221699559411376382e-03
3.349999999999959677e+00 4.094146018804527276e-03
3.449999999999959321e+00 3.339190815770363280e-03
3.549999999999958966e+00 2.598429835119921323e-03
3.649999999999958611e+00 2.348256665606838697e-03
3.749999999999958256e+00 1.877185910247098364e-03
3.849999999999957900e+00 1.521443211755091687e-03
3.949999999999957545e+00 1.175459041151892450e-03
4.049999999999957190e+00 9.731913721838692140e-04
4.149999999999956835e+00 6.201100903888098238e-04
4.249999999999956479e+00 4.222781159156988040e-04
4.349999999999956124e+00 2.696902252906984787e-04
4.449999999999955769e+00 3.690497819767451669e-04
4.549999999999955413e+00 2.998529478561055362e-04
4.649999999999955058e+00 2.918686977652624310e-04
4.749999999999954703e+00 2.688030863917157971e-04
4.849999999999954348e+00 8.605247320130841437e-05
4.949999999999953992e+00 4.967977834302338472e-05
5.049999999999953637e+00 1.011338344840118618e-04
5.149999999999953282e+00 0.000000000000000000e+00
5.249999999999952927e+00 0.000000000000000000e+00
5.349999999999952571e+00 0.000000000000000000e+00
5.449999999999952216e+00 0.000000000000000000e+00
5.549999999999951861e+00 0.000000000000000000e+00
5.649999999999951505e+00 0.000000000000000000e+00
5.749999999999951150e+00 0.000000000000000000e+00
5.849999999999950795e+00 0.000000000000000000e+00
5.949999999999950440e+00 0.000000000000000000e+00
6.049999999999950084e+00 0.000000000000000000e+00
6.149999999999949729e+00 0.000000000000000000e+00
6.249999999999949374e+00 0.000000000000000000e+00
6.349999999999949019e+00 0.000000000000000000e+00
6.449999999999948663e+00 0.000000000000000000e+00
6.549999999999948308e+00 0.000000000000000000e+00
6.649999999999947953e+00 0.000000000000000000e+00
6.749999999999947597e+00 0.000000000000000000e+00
6.849999999999947242e+00 0.000000000000000000e+00
6.949999999999946887e+00 0.000000000000000000e+00
7.049999999999946532e+00 0.000000000000000000e+00
7.149999999999946176e+00 0.000000000000000000e+00
7.249999999999945821e+00 0.000000000000000000e+00
7.349999999999945466e+00 0.000000000000000000e+00
7.449999999999945111e+00 0.000000000000000000e+00
7.549999999999944755e+00 0.000000000000000000e+00
7.649999999999944400e+00 0.000000000000000000e+00
7.749999999999944045e+00 0.000000000000000000e+00
7.849999999999943689e+00 0.000000000000000000e+00
7.949999999999943334e+00 0.000000000000000000e+00
