-7.950000000000000178e+00 2.172700803668732702e-04
-7.850000000000000533e+00 2.217041636396666266e-04
-7.750000000000000888e+00 2.358932301126052803e-04
-7.650000000000001243e+00 2.456482133127506047e-04
-7.550000000000001599e+00 2.961967626225946127e-04
-7.450000000000001954e+00 2.660449963675999736e-04
-7.350000000000002309e+00 3.352166954231759104e-04
-7.250000000000002665e+00 3.511793952052318958e-04
-7.150000000000003020e+00 3.733498115691985422e-04
-7.050000000000003375e+00 4.052752111333105130e-04
-6.950000000000003730e+00 4.079356610969865106e-04
-6.850000000000004086e+00 4.372006106974224838e-04
-6.750000000000004441e+00 4.912964266255011011e-04
-6.650000000000004796e+00 5.267760756161513199e-04
-6.550000000000005151e+00 5.631285756447529812e-04
-6.450000000000005507e+00 5.808788743525335760e-04
-6.350000000000005862e+00 6.101717551861840505e-04
-6.250000000000006217e+00 6.633598060347930311e-04
-6.150000000000006573e+00 6.970588389080224420e-04
-6.050000000000006928e+00 7.307578717812517445e-04
-5.950000000000007283e+00 8.017171697625522907e-04
-5.850000000000007638e+00 8.629005361187965959e-04
-5.750000000000007994e+00 9.560162848474564566e-04
-5.650000000000008349e+00 9.870548677570097074e-04
-5.550000000000008704e+00 1.047351417458695401e-03
-5.450000000000009059e+00 1.133386598567493212e-03
-5.350000000000009415e+00 1.207013329320773178e-03
-5.250000000000009770e+00 1.267309879022459089e-03
-5.150000000000010125e+00 1.405674225558521716e-03
-5.050000000000010481e+00 1.535177388357301595e-03
-4.950000000000010836e+00 1.614090104996415524e-03
-4.850000000000011191e+00 1.764010999274955417e-03
-4.750000000000011546e+00 1.815397485581232619e-03
-4.650000000000011902e+00 1.990177177420629929e-03
-4.550000000000012257e+00 2.230539404847546245e-03
-4.450000000000012612e+00 2.266975698575791464e-03
-4.350000000000012967e+00 2.452299430953641494e-03
-4.250000000000013323e+00 2.729097952108803030e-03
-4.150000000000013678e+00 2.972965549304132718e-03
-4.050000000000014033e+00 3.206121518561722353e-03
-3.950000000000014388e+00 3.539648374375423730e-03
-3.850000000000014744e+00 3.928227690854798997e-03
-3.750000000000015099e+00 4.388464586145836635e-03
-3.650000000000015454e+00 4.785018269707935930e-03
-3.550000000000015810e+00 5.125548882250158950e-03
-3.450000000000016165e+00 5.752744724080547864e-03
-3.350000000000016520e+00 6.334615157212194689e-03
-3.250000000000016875e+00 7.122213088584843955e-03
-3.150000000000017231e+00 7.828328629862650601e-03
-3.050000000000017586e+00 8.579434405040626405e-03
-2.950000000000017941e+00 9.411575670582015413e-03
-2.850000000000018296e+00 1.045624568965212303e-02
-2.750000000000018652e+00 1.185264674578345029e-02
-2.650000000000019007e+00 1.305168570802149944e-02
-2.550000000000019362e+00 1.462226593447811876e-02
-2.450000000000019718e+00 1.656296293225940908e-02
-2.350000000000020073e+00 1.887360213115777882e-02
-2.250000000000020428e+00 2.142826953184247610e-02
-2.150000000000020783e+00 2.404000742479258518e-02
-2.050000000000021139e+00 2.723936958491653820e-02
-1.950000000000021272e+00 3.089404576047748846e-02
-1.850000000000021627e+00 3.543021769066981991e-02
-1.750000000000021982e+00 4.050453370839659367e-02
-1.650000000000022338e+00 4.657383706411331870e-02
-1.550000000000022693e+00 5.374488791397390164e-02
-1.450000000000023048e+00 6.188380487437302596e-02
-1.350000000000023404e+00 7.216196102104945054e-02
-1.250000000000023759e+00 8.402275670412277797e-02
-1.150000000000024114e+00 9.824230313530640801e-02
-1.050000000000024469e+00 1.155960202282915184e-01
-9.500000000000248246e-01 1.380198008087462624e-01
-8.500000000000251799e-01 1.634859560530432521e-01
-7.500000000000255351e-01 1.948542881191187570e-01
-6.500000000000258904e-01 2.355811265126693810e-01
-5.500000000000262457e-01 2.869577600764278147e-01
-4.500000000000266565e-01 3.536292436704686626e-01
-3.500000000000270117e-01 4.394422946643227190e-01
-2.500000000000273670e-01 5.581484507282323815e-01
-1.500000000000277223e-01 7.298155068866314377e-01
-5.000000000002806366e-02 9.994925621137178418e-01
4.999999999997158107e-02 1.002860824441089260e+00
1.499999999999712119e-01 7.285635731514927826e-01
2.499999999999708566e-01 5.563937198811930163e-01
3.499999999999705014e-01 4.383554624487158158e-01
4.499999999999701461e-01 3.504674210877853358e-01
5.499999999999698463e-01 2.851943984783254504e-01
6.499999999999694911e-01 2.332711716289848913e-01
7.499999999999691358e-01 1.937924403916218008e-01
8.499999999999687805e-01 1.611157116024654612e-01
9.499999999999684253e-01 1.357952526534232374e-01
1.049999999999968070e+00 1.154036578251436407e-01
1.149999999999967715e+00 9.787631320368922472e-02
1.249999999999967359e+00 8.335647808421707550e-02
1.349999999999967004e+00 7.201678843641737271e-02
1.449999999999966649e+00 6.145962021835352229e-02
1.549999999999966294e+00 5.384498647100617597e-02
1.649999999999965938e+00 4.632726712010448028e-02
1.749999999999965583e+00 4.019249993654139957e-02
1.849999999999965228e+00 3.478923080243976479e-02
1.949999999999964873e+00 3.058364596576533187e-02
2.049999999999964295e+00 2.704182593800735779e-02
2.149999999999963940e+00 2.389205568245565681e-02
2.249999999999963585e+00 2.147758910689088335e-02
2.349999999999963229e+00 1.896641761912939289e-02
2.449999999999962874e+00 1.664945199590794206e-02
2.549999999999962519e+00 1.519716752492277292e-02
2.649999999999962164e+00 1.337544361501845011e-02
2.749999999999961808e+00 1.198293896592053653e-02
2.849999999999961453e+00 1.082452598239289944e-02
2.949999999999961098e+00 9.745891583734022506e-03
3.049999999999960743e+00 8.781705413171341651e-03
3.149999999999960387e+00 7.840723114601561711e-03
3.249999999999960032e+00 7.081321763158895249e-03
3.349999999999959677e+00 6.308674024364278182e-03
3.449999999999959321e+00 5.864455691321725748e-03
3.549999999999958966e+00 5.318923792602073958e-03
3.649999999999958611e+00 4.889767377070412813e-03
3.749999999999958256e+00 4.462133213748937025e-03
3.849999999999957900e+00 3.953023643140924151e-03
3.949999999999957545e+00 3.637184240760270131e-03
4.049999999999957190e+00 3.316128680576818210e-03
4.149999999999956835e+00 3.260217334489800591e-03
4.249999999999956479e+00 2.882419474031201658e-03
4.349999999999956124e+00 2.672215995667583457e-03
4.449999999999955769e+00 2.465601680772021645e-03
4.549999999999955413e+00 2.270460119919293432e-03
4.649999999999955058e+00 2.032828170539088906e-03
4.749999999999954703e+00 1.986581031144269739e-03
4.849999999999954348e+00 1.837588850370110291e-03
4.949999999999953992e+00 1.702806684493800033e-03
5.049999999999953637e+00 1.601660706215986925e-03
5.149999999999953282e+00 1.442061639628641409e-03
5.249999999999952927e+00 1.277057879414300774e-03
5.349999999999952571e+00 1.145829962964528981e-03
5.449999999999952216e+00 1.110343331165575178e-03
5.549999999999951861e+00 1.085470567988110809e-03
5.649999999999951505e+00 9.817200022130506513e-04
5.749999999999951150e+00 9.293978195940892032e-04
5.849999999999950795e+00 8.726415537023345884e-04
5.949999999999950440e+00 8.327208386305874014e-04
6.049999999999950084e+00 7.662165723469911011e-04
6.149999999999949729e+00 7.174416563462645332e-04
6.249999999999949374e+00 6.252127242721632842e-04
6.349999999999949019e+00 6.234460737713495371e-04
6.449999999999948663e+00 6.030423079081965836e-04
6.549999999999948308e+00 5.728835588448983598e-04
6.649999999999947953e+00 5.622487417984980626e-04
6.749999999999947597e+00 5.134668429894676932e-04
6.849999999999947242e+00 4.691260102615344547e-04
6.949999999999946887e+00 4.522764938249198034e-04
7.049999999999946532e+00 4.159170109880145033e-04
7.149999999999946176e+00 3.795575281511092032e-04
7.249999999999945821e+00 3.627080117144945519e-04
7.349999999999945466e+00 3.228012622593545884e-04
7.449999999999945111e+00 3.183671789865612591e-04
7.549999999999944755e+00 2.820076961496559590e-04
7.649999999999944400e+00 2.828945128042146249e-04
7.749999999999944045e+00 2.633845464039239219e-04
7.849999999999943689e+00 2.509691132401026541e-04
7.949999999999943334e+00 2.527427465492199316e-04
