-7.950000000000000178e+00 0.000000000000000000e+00
-7.850000000000000533e+00 0.000000000000000000e+00
-7.750000000000000888e+00 0.000000000000000000e+00
-7.650000000000001243e+00 0.000000000000000000e+00
-7.550000000000001599e+00 0.000000000000000000e+00
-7.450000000000001954e+00 0.000000000000000000e+00
-7.350000000000002309e+00 0.000000000000000000e+00
-7.250000000000002665e+00 0.000000000000000000e+00
-7.150000000000003020e+00 0.000000000000000000e+00
-7.050000000000003375e+00 0.000000000000000000e+00
-6.950000000000003730e+00 0.000000000000000000e+00
-6.850000000000004086e+00 0.000000000000000000e+00
-6.750000000000004441e+00 0.000000000000000000e+00
-6.650000000000004796e+00 0.000000000000000000e+00
-6.550000000000005151e+00 0.000000000000000000e+00
-6.450000000000005507e+00 0.000000000000000000e+00
-6.350000000000005862e+00 0.000000000000000000e+00
-6.250000000000006217e+00 0.000000000000000000e+00
-6.150000000000006573e+00 0.000000000000000000e+00
-6.050000000000006928e+00 0.000000000000000000e+00
-5.950000000000007283e+00 0.000000000000000000e+00
-5.850000000000007638e+00 0.000000000000000000e+00
-5.750000000000007994e+00 0.000000000000000000e+00
-5.650000000000008349e+00 0.000000000000000000e+00
-5.550000000000008704e+00 0.000000000000000000e+00
-5.450000000000009059e+00 0.000000000000000000e+00
-5.350000000000009415e+00 0.000000000000000000e+00
-5.250000000000009770e+00 0.000000000000000000e+00
-5.150000000000010125e+00 0.000000000000000000e+00
-5.050000000000010481e+00 0.000000000000000000e+00
-4.950000000000010836e+00 8.868166545586664913e-07
-4.850000000000011191e+00 1.773633309117332983e-06
-4.750000000000011546e+00 8.868166545586664913e-07
-4.650000000000011902e+00 1.773633309117332983e-06
-4.550000000000012257e+00 5.320899927351998524e-06
-4.450000000000012612e+00 1.507588312749732972e-05
-4.350000000000012967e+00 2.926494960043599358e-05
-4.250000000000013323e+00 3.901993280058132477e-05
-4.150000000000013678e+00 6.385079912822399584e-05
-4.050000000000014033e+00 8.336076552851464467e-05
-3.950000000000014388e+00 1.507588312749733039e-04
-3.850000000000014744e+00 2.172700803668732973e-04
-3.750000000000015099e+00 2.961967626225946127e-04
-3.650000000000015454e+00 4.487292272066851400e-04
-3.550000000000015810e+00 6.562443243734129503e-04
-3.450000000000016165e+00 9.480070037232140711e-04
-3.350000000000016520e+00 1.331998615147116224e-03
-3.250000000000016875e+00 1.850786358063936238e-03
-3.150000000000017231e+00 2.731395296040691270e-03
-3.050000000000017586e+00 3.776065315110799757e-03
-2.950000000000017941e+00 5.182556529240843479e-03
-2.850000000000018296e+00 6.886131322648041293e-03
-2.750000000000018652e+00 9.286744006538351012e-03
-2.650000000000019007e+00 1.209617916818020444e-02
-2.550000000000019362e+00 1.540400528968403557e-02
-2.450000000000019718e+00 2.028149688975691006e-02
-2.350000000000020073e+00 2.559973636714547168e-02
-2.250000000000020428e+00 3.227480532600879998e-02
-2.150000000000020783e+00 4.021358801761835966e-02
-2.050000000000021139e+00 4.965197767208665014e-02
-1.950000000000021272e+00 6.105289258309323785e-02
-1.850000000000021627e+00 7.366608586088048416e-02
-1.750000000000021982e+00 8.802098704822106101e-02
-1.650000000000022338e+00 1.040750289456962574e-01
-1.550000000000022693e+00 1.217590398542505725e-01
-1.450000000000023048e+00 1.413408384035601262e-01
-1.350000000000023404e+00 1.615629185774615229e-01
-1.250000000000023759e+00 1.835568584271714543e-01
-1.150000000000024114e+00 2.065147679803868153e-01
-1.050000000000024469e+00 2.309580954299882138e-01
-9.500000000000248246e-01 2.548595779036534337e-01
-8.500000000000251799e-01 2.787725889938258983e-01
-7.500000000000255351e-01 3.008286060093529057e-01
-6.500000000000258904e-01 3.217157986741721043e-01
-5.500000000000262457e-01 3.423804003586980449e-01
-4.500000000000266565e-01 3.580096570786398535e-01
-3.500000000000270117e-01 3.719078476888836304e-01
-2.500000000000273670e-01 3.832998944333444458e-01
-1.500000000000277223e-01 3.913424346735371318e-01
-5.000000000002806366e-02 3.948657572420988249e-01
4.999999999997158107e-02 3.950307051398467273e-01
1.499999999999712119e-01 3.905806591672712491e-01
2.499999999999708566e-01 3.819936135011792744e-01
3.499999999999705014e-01 3.731937318379935364e-01
4.499999999999701461e-01 3.583271374409718324e-01
5.499999999999698463e-01 3.415193013871216099e-01
6.499999999999694911e-01 3.211588778151095447e-01
7.499999999999691358e-01 2.998167482065014489e-01
8.499999999999687805e-01 2.782138945014539511e-01
9.499999999999684253e-01 2.556213534099192608e-01
1.049999999999968070e+00 2.304091559208163442e-01
1.149999999999967715e+00 2.071435209884690543e-01
1.249999999999967359e+00 1.838929619392491721e-01
1.349999999999967004e+00 1.616968278922997493e-01
1.449999999999966649e+00 1.413568011033422001e-01
1.549999999999966294e+00 1.223762642458234573e-01
1.649999999999965938e+00 1.048341440019984749e-01
1.749999999999965583e+00 8.783209510080000615e-02
1.849999999999965228e+00 7.340979584771303856e-02
1.949999999999964873e+00 6.092519098483677870e-02
2.049999999999964295e+00 5.031442971304198042e-02
2.149999999999963940e+00 4.045746259762200009e-02
2.249999999999963585e+00 3.247965997321186626e-02
2.349999999999963229e+00 2.563698266663693576e-02
2.449999999999962874e+00 1.997465832727960550e-02
2.549999999999962519e+00 1.581282776743559576e-02
2.649999999999962164e+00 1.223629619960047224e-02
2.749999999999961808e+00 9.310688056211435804e-03
2.849999999999961453e+00 6.996983404467875013e-03
2.949999999999961098e+00 5.053968114329837960e-03
3.049999999999960743e+00 3.714874965946251759e-03
3.149999999999960387e+00 2.624090480839092864e-03
3.249999999999960032e+00 1.833050024972762704e-03
3.349999999999959677e+00 1.300960032237562973e-03
3.449999999999959321e+00 8.947980044496941197e-04
3.549999999999958966e+00 6.411684412459155765e-04
3.649999999999958611e+00 4.372006106974224838e-04
3.749999999999958256e+00 3.369903287322932421e-04
3.849999999999957900e+00 2.181568970214319632e-04
3.949999999999957545e+00 1.312488648746826551e-04
4.049999999999957190e+00 9.134211541954265093e-05
4.149999999999956835e+00 7.005851571013465683e-05
4.249999999999956479e+00 3.901993280058132477e-05
4.349999999999956124e+00 1.773633309117333067e-05
4.449999999999955769e+00 1.507588312749732972e-05
4.549999999999955413e+00 4.434083272793332668e-06
4.649999999999955058e+00 3.547266618234665965e-06
4.749999999999954703e+00 2.660449963675999262e-06
4.849999999999954348e+00 0.000000000000000000e+00
4.949999999999953992e+00 8.868166545586664913e-07
5.049999999999953637e+00 0.000000000000000000e+00
5.149999999999953282e+00 0.000000000000000000e+00
5.249999999999952927e+00 0.000000000000000000e+00
5.349999999999952571e+00 0.000000000000000000e+00
5.449999999999952216e+00 0.000000000000000000e+00
5.549999999999951861e+00 0.000000000000000000e+00
5.649999999999951505e+00 0.000000000000000000e+00
5.749999999999951150e+00 0.000000000000000000e+00
5.849999999999950795e+00 0.000000000000000000e+00
5.949999999999950440e+00 0.000000000000000000e+00
6.049999999999950084e+00 0.000000000000000000e+00
6.149999999999949729e+00 0.000000000000000000e+00
6.249999999999949374e+00 0.000000000000000000e+00
6.349999999999949019e+00 0.000000000000000000e+00
6.449999999999948663e+00 0.000000000000000000e+00
6.549999999999948308e+00 0.000000000000000000e+00
6.649999999999947953e+00 0.000000000000000000e+00
6.749999999999947597e+00 0.000000000000000000e+00
6.849999999999947242e+00 0.000000000000000000e+00
6.949999999999946887e+00 0.000000000000000000e+00
7.049999999999946532e+00 0.000000000000000000e+00
7.149999999999946176e+00 0.000000000000000000e+00
7.249999999999945821e+00 0.000000000000000000e+00
7.349999999999945466e+00 0.000000000000000000e+00
7.449999999999945111e+00 0.000000000000000000e+00
7.549999999999944755e+00 0.000000000000000000e+00
7.649999999999944400e+00 0.000000000000000000e+00
7.749999999999944045e+00 0.000000000000000000e+00
7.849999999999943689e+00 0.000000000000000000e+00
7.949999999999943334e+00 0.000000000000000000e+00
