-7.950000000000000178e+00 4.168038276425732234e-05
-7.850000000000000533e+00 3.369903287322932963e-05
-7.750000000000000888e+00 3.901993280058132477e-05
-7.650000000000001243e+00 4.611446603705065839e-05
-7.550000000000001599e+00 5.941671585543065301e-05
-7.450000000000001954e+00 7.094533236469332269e-05
-7.350000000000002309e+00 8.424758218307331053e-05
-7.250000000000002665e+00 9.045529876498398507e-05
-7.150000000000003020e+00 9.843664865601197778e-05
-7.050000000000003375e+00 1.250411482927719941e-04
-6.950000000000003730e+00 1.010970986196879889e-04
-6.850000000000004086e+00 1.401170314202693137e-04
-6.750000000000004441e+00 1.534192812386493015e-04
-6.650000000000004796e+00 1.729292476389399774e-04
-6.550000000000005151e+00 1.888919474209959900e-04
-6.450000000000005507e+00 2.279118802215772876e-04
-6.350000000000005862e+00 2.713658962949519688e-04
-6.250000000000006217e+00 2.616109130948065901e-04
-6.150000000000006573e+00 3.396507786959692397e-04
-6.050000000000006928e+00 3.538398451689078934e-04
-5.950000000000007283e+00 4.035015778241931813e-04
-5.850000000000007638e+00 4.469555938975678083e-04
-5.750000000000007994e+00 5.099195763712330298e-04
-5.650000000000008349e+00 5.586944923719597061e-04
-5.550000000000008704e+00 6.225452915001836477e-04
-5.450000000000009059e+00 7.103401403014916217e-04
-5.350000000000009415e+00 7.972481724482407672e-04
-5.250000000000009770e+00 9.116475208863087168e-04
-5.150000000000010125e+00 9.417992871413034643e-04
-5.050000000000010481e+00 1.034915035869963217e-03
-4.950000000000010836e+00 1.235335599800221808e-03
-4.850000000000011191e+00 1.347074498274613598e-03
-4.750000000000011546e+00 1.448171596894301614e-03
-4.650000000000011902e+00 1.673423027152202850e-03
-4.550000000000012257e+00 1.838370924900114807e-03
-4.450000000000012612e+00 2.093781104221314159e-03
-4.350000000000012967e+00 2.303949668543414219e-03
-4.250000000000013323e+00 2.598393746281802037e-03
-4.150000000000013678e+00 2.945125092597633380e-03
-4.050000000000014033e+00 3.224472338783613071e-03
-3.950000000000014388e+00 3.701586681744479211e-03
-3.850000000000014744e+00 4.152089542260282116e-03
-3.750000000000015099e+00 4.458921121929276810e-03
-3.650000000000015454e+00 5.063744045954893767e-03
-3.550000000000015810e+00 5.615337022282080454e-03
-3.450000000000016165e+00 6.417026260811417755e-03
-3.350000000000016520e+00 7.130920650539447625e-03
-3.250000000000016875e+00 7.919293673633798908e-03
-3.150000000000017231e+00 8.764464859469724145e-03
-3.050000000000017586e+00 9.890749941992446614e-03
-2.950000000000017941e+00 1.102144815936304846e-02
-2.850000000000018296e+00 1.265142415325017956e-02
-2.750000000000018652e+00 1.445881235770717088e-02
-2.650000000000019007e+00 1.603997852155208265e-02
-2.550000000000019362e+00 1.817280748980729110e-02
-2.450000000000019718e+00 2.046360154750680171e-02
-2.350000000000020073e+00 2.358608298820800281e-02
-2.250000000000020428e+00 2.693911581066955191e-02
-2.150000000000020783e+00 3.046070664277195084e-02
-2.050000000000021139e+00 3.459173603518873874e-02
-1.950000000000021272e+00 3.984720006592782499e-02
-1.850000000000021627e+00 4.556448608944288492e-02
-1.750000000000021982e+00 5.227877049973932155e-02
-1.650000000000022338e+00 6.092717410239499587e-02
-1.550000000000022693e+00 6.914269246988422046e-02
-1.450000000000023048e+00 8.050955222479311280e-02
-1.350000000000023404e+00 9.370221384965581046e-02
-1.250000000000023759e+00 1.081772961507102560e-01
-1.150000000000024114e+00 1.273879863699163006e-01
-1.050000000000024469e+00 1.488003560472508924e-01
-9.500000000000248246e-01 1.741151030591009674e-01
-8.500000000000251799e-01 2.038260236774644962e-01
-7.500000000000255351e-01 2.400472888068093669e-01
-6.500000000000258904e-01 2.832366075658164783e-01
-5.500000000000262457e-01 3.324688556135774187e-01
-4.500000000000266565e-01 3.930940302396482844e-01
-3.500000000000270117e-01 4.620043907116567761e-01
-2.500000000000273670e-01 5.380056254285785489e-01
-1.500000000000277223e-01 6.228676947423639199e-01
-5.000000000002806366e-02 6.934145740996356944e-01
4.999999999997158107e-02 6.918563185298353124e-01
1.499999999999712119e-01 6.154176527695411902e-01
2.499999999999708566e-01 5.308609626112982260e-01
3.499999999999705014e-01 4.514279010630156685e-01
4.499999999999701461e-01 3.831020644912948026e-01
5.499999999999698463e-01 3.226368869518851934e-01
6.499999999999694911e-01 2.735500908010886634e-01
7.499999999999691358e-01 2.299129226487200972e-01
8.499999999999687805e-01 1.957106597294732686e-01
9.499999999999684253e-01 1.665199373813039396e-01
1.049999999999968070e+00 1.414701460477263417e-01
1.149999999999967715e+00 1.212925533455277705e-01
1.249999999999967359e+00 1.030353865486046683e-01
1.349999999999967004e+00 8.879864844337759244e-02
1.449999999999966649e+00 7.640955443247794687e-02
1.549999999999966294e+00 6.617742895813917559e-02
1.649999999999965938e+00 5.680772220614566798e-02
1.749999999999965583e+00 4.957475479505696336e-02
1.849999999999965228e+00 4.291374222930878501e-02
1.949999999999964873e+00 3.757162154752188843e-02
2.049999999999964295e+00 3.292794230068712968e-02
2.149999999999963940e+00 2.877135582987916038e-02
2.249999999999963585e+00 2.508927911453482512e-02
2.349999999999963229e+00 2.200403699051679818e-02
2.449999999999962874e+00 1.932488008339530022e-02
2.549999999999962519e+00 1.705191313529490563e-02
2.649999999999962164e+00 1.514164023329243533e-02
2.749999999999961808e+00 1.334234510365932616e-02
2.849999999999961453e+00 1.180457011061308153e-02
2.949999999999961098e+00 1.042728100080874201e-02
3.049999999999960743e+00 9.512051299262681142e-03
3.149999999999960387e+00 8.286463699854300369e-03
3.249999999999960032e+00 7.434197980781904504e-03
3.349999999999959677e+00 6.511028826194636444e-03
3.449999999999959321e+00 5.946119634432462872e-03
3.549999999999958966e+00 5.225151659892875514e-03
3.649999999999958611e+00 4.689500434922833083e-03
3.749999999999958256e+00 4.217720957505926432e-03
3.849999999999957900e+00 3.793822596626883828e-03
3.949999999999957545e+00 3.356615003121158139e-03
4.049999999999957190e+00 2.986805475361890838e-03
4.149999999999956835e+00 2.791698828550680765e-03
4.249999999999956479e+00 2.424570699180000379e-03
4.349999999999956124e+00 2.203739386578284706e-03
4.449999999999955769e+00 1.903115523491201054e-03
4.549999999999955413e+00 1.778067392390125529e-03
4.649999999999955058e+00 1.544834612241196246e-03
4.749999999999954703e+00 1.463247480021798771e-03
4.849999999999954348e+00 1.277022965372782634e-03
4.949999999999953992e+00 1.109407634852891365e-03
5.049999999999953637e+00 1.010977969005183094e-03
5.149999999999953282e+00 8.947980044496941197e-04
5.249999999999952927e+00 7.582282396476594695e-04
5.349999999999952571e+00 7.156610402288435084e-04
5.449999999999952216e+00 6.872829072829662010e-04
5.549999999999951861e+00 5.693362922266636964e-04
5.649999999999951505e+00 5.382977093171103372e-04
5.749999999999951150e+00 4.513896771703611375e-04
5.849999999999950795e+00 4.141433776788971716e-04
5.949999999999950440e+00 3.680289116418465471e-04
6.049999999999950084e+00 3.334430621140585787e-04
6.149999999999949729e+00 2.953099459680359469e-04
6.249999999999949374e+00 2.403273133853986638e-04
6.349999999999949019e+00 2.438745800036333001e-04
6.449999999999948663e+00 2.234777969487839583e-04
6.549999999999948308e+00 1.809105975299679701e-04
6.649999999999947953e+00 1.729292476389399774e-04
6.749999999999947597e+00 1.534192812386493015e-04
6.849999999999947242e+00 1.480983813112973064e-04
6.949999999999946887e+00 1.170597984017439879e-04
7.049999999999946532e+00 9.932346531057065719e-05
7.149999999999946176e+00 9.666301534689464606e-05
7.249999999999945821e+00 8.070031556483864710e-05
7.349999999999945466e+00 6.739806574645865926e-05
7.449999999999945111e+00 7.271896567381065440e-05
7.549999999999944755e+00 5.852989920087199393e-05
7.649999999999944400e+00 5.586944923719598958e-05
7.749999999999944045e+00 3.458584952778799549e-05
7.849999999999943689e+00 4.168038276425732911e-05
7.949999999999943334e+00 2.483086632764266430e-05
