-7.950000000000000178e+00 1.312965570494188921e-04
-7.850000000000000533e+00 7.185825081758739116e-05
-7.750000000000000888e+00 5.411547283793619685e-05
-7.650000000000001243e+00 4.613122274709315941e-05
-7.550000000000001599e+00 6.298686182776182111e-05
-7.450000000000001954e+00 4.435694494912806031e-05
-7.350000000000002309e+00 5.500261173691879722e-05
-7.250000000000002665e+00 1.091180845748549534e-04
-7.150000000000003020e+00 1.747663630995643859e-04
-7.050000000000003375e+00 2.013805300690412045e-04
-6.950000000000003730e+00 1.463779183321224479e-04
-6.850000000000004086e+00 1.108923623728200728e-04
-6.750000000000004441e+00 1.153280568677328714e-04
-6.650000000000004796e+00 1.020209733829944757e-04
-6.550000000000005151e+00 2.475117528161344723e-04
-6.450000000000005507e+00 4.205038381177335490e-04
-6.350000000000005862e+00 4.196166992187509758e-04
-6.250000000000006217e+00 4.302623660065417466e-04
-6.150000000000006573e+00 4.036481990370649280e-04
-6.050000000000006928e+00 4.267138104106115619e-04
-5.950000000000007283e+00 4.781678665516009199e-04
-5.850000000000007638e+00 4.462308661882279028e-04
-5.750000000000007994e+00 5.464775617732572184e-04
-5.650000000000008349e+00 4.524408384811058614e-04
-5.550000000000008704e+00 5.624460619549434288e-04
-5.450000000000009059e+00 7.380995639534909843e-04
-5.350000000000009415e+00 6.901940634084320278e-04
-5.250000000000009770e+00 8.392333984375021684e-04
-5.150000000000010125e+00 9.625457053960783348e-04
-5.050000000000010481e+00 9.563357331032007556e-04
-4.950000000000010836e+00 1.214493152707125240e-03
-4.850000000000011191e+00 1.422083655069045216e-03
-4.750000000000011546e+00 1.501926155977477461e-03
-4.650000000000011902e+00 1.251752986464392883e-03
-4.550000000000012257e+00 1.275705736736921711e-03
-4.450000000000012612e+00 1.378613849018898475e-03
-4.350000000000012967e+00 1.730807991914977244e-03
-4.250000000000013323e+00 2.379306527071231581e-03
-4.150000000000013678e+00 2.646335335664981581e-03
-4.050000000000014033e+00 2.896508505178062905e-03
-3.950000000000014388e+00 3.430566122365568543e-03
-3.850000000000014744e+00 3.810261571130112070e-03
-3.750000000000015099e+00 4.253831020621391332e-03
-3.650000000000015454e+00 4.015190656795078472e-03
-3.550000000000015810e+00 4.539489746093777756e-03
-3.450000000000016165e+00 5.394775468860909390e-03
-3.350000000000016520e+00 6.125840789733497799e-03
-3.250000000000016875e+00 7.021816150977586504e-03
-3.150000000000017231e+00 7.980764403358115572e-03
-3.050000000000017586e+00 9.346008300781345410e-03
-2.950000000000017941e+00 9.743446527525536499e-03
-2.850000000000018296e+00 1.151062721429882418e-02
-2.750000000000018652e+00 1.282181850699506270e-02
-2.650000000000019007e+00 1.387754872351263519e-02
-2.550000000000019362e+00 1.630300742936796610e-02
-2.450000000000019718e+00 1.755209201378976971e-02
-2.350000000000020073e+00 2.140583037631572233e-02
-2.250000000000020428e+00 2.508124683480051492e-02
-2.150000000000020783e+00 2.842368583630341256e-02
-2.050000000000021139e+00 3.388903425238028178e-02
-1.950000000000021272e+00 3.867879496282644602e-02
-1.850000000000021627e+00 4.387247630079046945e-02
-1.750000000000021982e+00 5.408996934092728109e-02
-1.650000000000022338e+00 6.086344248295470771e-02
-1.550000000000022693e+00 7.335935270277624265e-02
-1.450000000000023048e+00 8.598398887244385058e-02
-1.350000000000023404e+00 1.033616428343791110e-01
-1.250000000000023759e+00 1.205136910874918116e-01
-1.150000000000024114e+00 1.451527934833146127e-01
-1.050000000000024469e+00 1.765698885398086504e-01
-9.500000000000248246e-01 2.065726676456094424e-01
-8.500000000000251799e-01 2.391881965451355674e-01
-7.500000000000255351e-01 2.802052032465072728e-01
-6.500000000000258904e-01 3.258218714614997680e-01
-5.500000000000262457e-01 3.649390806887204408e-01
-4.500000000000266565e-01 4.224092937218716370e-01
-3.500000000000270117e-01 4.600832257552870397e-01
-2.500000000000273670e-01 4.832118309760066177e-01
-1.500000000000277223e-01 5.072302504830974446e-01
-5.000000000002806366e-02 5.253527239115132197e-01
4.999999999997158107e-02 5.297596597383380512e-01
1.499999999999712119e-01 5.149085913313961038e-01
2.499999999999708566e-01 4.985190773813586995e-01
3.499999999999705014e-01 4.611572505920909504e-01
4.499999999999701461e-01 4.163929202839954380e-01
5.499999999999698463e-01 3.644854942535507014e-01
6.499999999999694911e-01 3.328897699378050579e-01
7.499999999999691358e-01 2.858928044054881989e-01
8.499999999999687805e-01 2.500881997684532565e-01
9.499999999999684253e-01 2.103119161927469172e-01
1.049999999999968070e+00 1.741035585764890703e-01
1.149999999999967715e+00 1.454651571852502712e-01
1.249999999999967359e+00 1.204414346719716311e-01
1.349999999999967004e+00 1.020600983040412385e-01
1.449999999999966649e+00 8.572342150858691667e-02
1.549999999999966294e+00 6.998997122305819496e-02
1.649999999999965938e+00 6.036568770716892185e-02
1.749999999999965583e+00 5.122441290237438050e-02
1.849999999999965228e+00 4.376126959786284798e-02
1.949999999999964873e+00 3.812932068776449246e-02
2.049999999999964295e+00 3.275854686659569748e-02
2.149999999999963940e+00 2.763709400276931349e-02
2.249999999999963585e+00 2.111840435839102553e-02
2.349999999999963229e+00 1.999796189966736304e-02
2.449999999999962874e+00 1.830708214355224531e-02
2.549999999999962519e+00 1.531850678255847545e-02
2.649999999999962164e+00 1.331772915152632311e-02
2.749999999999961808e+00 1.179717307867019296e-02
2.849999999999961453e+00 9.494160496911433628e-03
2.949999999999961098e+00 8.983168491097471425e-03
3.049999999999960743e+00 8.181194926417230395e-03
3.149999999999960387e+00 6.948958995730438945e-03
3.249999999999960032e+00 6.154082542242055032e-03
3.349999999999959677e+00 5.687447481377222794e-03
3.449999999999959321e+00 4.884586777797995938e-03
3.549999999999958966e+00 3.866151321766008765e-03
3.649999999999958611e+00 3.625736680141732060e-03
3.749999999999958256e+00 3.476697345112661486e-03
3.849999999999957900e+00 2.947075422420068931e-03
3.949999999999957545e+00 3.035789312318327125e-03
4.049999999999957190e+00 2.526571584302336575e-03
4.149999999999956835e+00 2.234702886537071054e-03
4.249999999999956479e+00 1.929527105287072355e-03
4.349999999999956124e+00 1.767180686773263181e-03
4.449999999999955769e+00 1.367968182231109331e-03
4.549999999999955413e+00 1.464666322220208299e-03
4.649999999999955058e+00 1.400792321493464325e-03
4.749999999999954703e+00 9.652071220930256209e-04
4.849999999999954348e+00 1.064566678779072309e-03
4.949999999999953992e+00 1.094729401344480667e-03
5.049999999999953637e+00 1.046823900799421711e-03
5.149999999999953282e+00 8.454433707303798560e-04
5.249999999999952927e+00 8.472176485283484720e-04
5.349999999999952571e+00 6.910812023074148179e-04
5.449999999999952216e+00 3.690497819767451669e-04
5.549999999999951861e+00 2.696902252906984787e-04
5.649999999999951505e+00 2.785616142805240488e-04
5.749999999999951150e+00 3.175957258357567305e-04
5.849999999999950795e+00 3.646140874818324090e-04
5.949999999999950440e+00 3.601783929869195426e-04
6.049999999999950084e+00 3.264671148255823005e-04
6.149999999999949729e+00 2.297689748364832238e-04
6.249999999999949374e+00 2.537217251090123226e-04
6.349999999999949019e+00 3.317899482194775775e-04
6.449999999999948663e+00 2.510603084120645485e-04
6.549999999999948308e+00 3.104986146438960901e-04
6.649999999999947953e+00 1.747663630995643859e-04
6.749999999999947597e+00 1.925091410792155802e-04
6.849999999999947242e+00 1.933962799781980993e-04
6.949999999999946887e+00 1.676692519077038540e-04
7.049999999999946532e+00 2.164618913517451398e-04
7.149999999999946176e+00 9.403672329215141115e-05
7.249999999999945821e+00 1.259737236555235609e-04
7.349999999999945466e+00 9.581100109011650347e-05
7.449999999999945111e+00 1.854120298873555091e-04
7.549999999999944755e+00 6.121258402979667457e-05
7.649999999999944400e+00 7.540680641351763002e-05
7.749999999999944045e+00 7.363252861555251059e-05
7.849999999999943689e+00 7.895536200944786888e-05
7.949999999999943334e+00 1.685563908066866170e-05
