-7.950000000000000178e+00 0.000000000000000000e+00
-7.850000000000000533e+00 0.000000000000000000e+00
-7.750000000000000888e+00 0.000000000000000000e+00
-7.650000000000001243e+00 0.000000000000000000e+00
-7.550000000000001599e+00 0.000000000000000000e+00
-7.450000000000001954e+00 0.000000000000000000e+00
-7.350000000000002309e+00 0.000000000000000000e+00
-7.250000000000002665e+00 0.000000000000000000e+00
-7.150000000000003020e+00 0.000000000000000000e+00
-7.050000000000003375e+00 0.000000000000000000e+00
-6.950000000000003730e+00 0.000000000000000000e+00
-6.850000000000004086e+00 0.000000000000000000e+00
-6.750000000000004441e+00 0.000000000000000000e+00
-6.650000000000004796e+00 0.000000000000000000e+00
-6.550000000000005151e+00 0.000000000000000000e+00
-6.450000000000005507e+00 0.000000000000000000e+00
-6.350000000000005862e+00 0.000000000000000000e+00
-6.250000000000006217e+00 0.000000000000000000e+00
-6.150000000000006573e+00 0.000000000000000000e+00
-6.050000000000006928e+00 0.000000000000000000e+00
-5.950000000000007283e+00 0.000000000000000000e+00
-5.850000000000007638e+00 0.000000000000000000e+00
-5.750000000000007994e+00 0.000000000000000000e+00
-5.650000000000008349e+00 0.000000000000000000e+00
-5.550000000000008704e+00 0.000000000000000000e+00
-5.450000000000009059e+00 0.000000000000000000e+00
-5.350000000000009415e+00 0.000000000000000000e+00
-5.250000000000009770e+00 8.871388989825613036e-07
-5.150000000000010125e+00 0.000000000000000000e+00
-5.050000000000010481e+00 0.000000000000000000e+00
-4.950000000000010836e+00 1.774277797965122607e-06
-4.850000000000011191e+00 2.661416696947683805e-06
-4.750000000000011546e+00 0.000000000000000000e+00
-4.650000000000011902e+00 3.548555595930245214e-06
-4.550000000000012257e+00 1.153280568677329663e-05
-4.450000000000012612e+00 8.871388989825612401e-06
-4.350000000000012967e+00 2.395275027252915297e-05
-4.250000000000013323e+00 3.725983375726757581e-05
-4.150000000000013678e+00 5.411547283793623751e-05
-4.050000000000014033e+00 8.605247320130844147e-05
-3.950000000000014388e+00 1.383936682412795867e-04
-3.850000000000014744e+00 2.138004746547972573e-04
-3.750000000000015099e+00 3.113857535428790429e-04
-3.650000000000015454e+00 4.586508107739841454e-04
-3.550000000000015810e+00 6.848712300145370219e-04
-3.450000000000016165e+00 1.009564067042153634e-03
-3.350000000000016520e+00 1.374178154523985826e-03
-3.250000000000016875e+00 1.957915550054509929e-03
-3.150000000000017231e+00 2.720855003179511664e-03
-3.050000000000017586e+00 3.657673680505095157e-03
-2.950000000000017941e+00 5.104597224745667169e-03
-2.850000000000018296e+00 6.941861884538574022e-03
-2.750000000000018652e+00 9.236890216206487814e-03
-2.650000000000019007e+00 1.202161922011278292e-02
-2.550000000000019362e+00 1.575913540152636128e-02
-2.450000000000019718e+00 2.011764881222774179e-02
-2.350000000000020073e+00 2.573323804278742147e-02
-2.250000000000020428e+00 3.264227578806369601e-02
-2.150000000000020783e+00 4.047216371048387856e-02
-2.050000000000021139e+00 4.964251850926672954e-02
-1.950000000000021272e+00 6.066521932912517789e-02
-1.850000000000021627e+00 7.368575694949114352e-02
-1.750000000000021982e+00 8.765198463617258906e-02
-1.650000000000022338e+00 1.037712984306848329e-01
-1.550000000000022693e+00 1.218298978583731706e-01
-1.450000000000023048e+00 1.411792843840807832e-01
-1.350000000000023404e+00 1.620323713435642410e-01
-1.250000000000023759e+00 1.839526863985241623e-01
-1.150000000000024114e+00 2.078335784202355874e-01
-1.050000000000024469e+00 2.311937199082446659e-01
-9.500000000000248246e-01 2.550036408180376690e-01
-8.500000000000251799e-01 2.778811787449990689e-01
-7.500000000000255351e-01 2.995797090752131409e-01
-6.500000000000258904e-01 3.216313206872228880e-01
-5.500000000000262457e-01 3.413258042446363216e-01
-4.500000000000266565e-01 3.581814433253057151e-01
-3.500000000000270117e-01 3.725193822106624975e-01
-2.500000000000273670e-01 3.840752535088097219e-01
-1.500000000000277223e-01 3.911067164221461168e-01
-5.000000000002806366e-02 3.941868626794136077e-01
4.999999999997158107e-02 3.953286104424041936e-01
1.499999999999712119e-01 3.904812834983634184e-01
2.499999999999708566e-01 3.828811645507792516e-01
3.499999999999705014e-01 3.736522585846632216e-01
4.499999999999701461e-01 3.588512331940374445e-01
5.499999999999698463e-01 3.408502977947815982e-01
6.499999999999694911e-01 3.215603495753043828e-01
7.499999999999691358e-01 2.999496459960889760e-01
8.499999999999687805e-01 2.783407166946720301e-01
9.499999999999684253e-01 2.551438087640768293e-01
1.049999999999968070e+00 2.308415257653487207e-01
1.149999999999967715e+00 2.071203187454537797e-01
1.249999999999967359e+00 1.846606232399121972e-01
1.349999999999967004e+00 1.619942243709080465e-01
1.449999999999966649e+00 1.411100875499601559e-01
1.549999999999966294e+00 1.213304386582460259e-01
1.649999999999965938e+00 1.036204848178578081e-01
1.749999999999965583e+00 8.777884549872709552e-02
1.849999999999965228e+00 7.332912711210021195e-02
1.949999999999964873e+00 6.133146064226107502e-02
2.049999999999964295e+00 4.985809326171949940e-02
2.149999999999963940e+00 4.017763359602166684e-02
2.249999999999963585e+00 3.257485323174101610e-02
2.349999999999963229e+00 2.585034037745312374e-02
2.449999999999962874e+00 1.985594283702787899e-02
2.549999999999962519e+00 1.574582831804162419e-02
2.649999999999962164e+00 1.231437505677703166e-02
2.749999999999961808e+00 9.193420410156340206e-03
2.849999999999961453e+00 6.856696550236247856e-03
2.949999999999961098e+00 5.031851835029096595e-03
3.049999999999960743e+00 3.695820653161346024e-03
3.149999999999960387e+00 2.668513808139540491e-03
3.249999999999960032e+00 1.935737077579946248e-03
3.349999999999959677e+00 1.407889432685323176e-03
3.449999999999959321e+00 9.891598723655550991e-04
3.549999999999958966e+00 6.591442019440427224e-04
3.649999999999958611e+00 4.639736441678795308e-04
3.749999999999958256e+00 2.989658089571231797e-04
3.849999999999957900e+00 2.004933911700588480e-04
3.949999999999957545e+00 1.357322515443318669e-04
4.049999999999957190e+00 7.895536200944796375e-05
4.149999999999956835e+00 4.701836164607574623e-05
4.249999999999956479e+00 3.016272256540708115e-05
4.349999999999956124e+00 2.217847247456403354e-05
4.449999999999955769e+00 1.241994458575585634e-05
4.549999999999955413e+00 8.871388989825612401e-06
4.649999999999955058e+00 5.322833393895367610e-06
4.749999999999954703e+00 2.661416696947683805e-06
4.849999999999954348e+00 2.661416696947683805e-06
4.949999999999953992e+00 8.871388989825613036e-07
5.049999999999953637e+00 0.000000000000000000e+00
5.149999999999953282e+00 0.000000000000000000e+00
5.249999999999952927e+00 0.000000000000000000e+00
5.349999999999952571e+00 0.000000000000000000e+00
5.449999999999952216e+00 8.871388989825613036e-07
5.549999999999951861e+00 0.000000000000000000e+00
5.649999999999951505e+00 0.000000000000000000e+00
5.749999999999951150e+00 0.000000000000000000e+00
5.849999999999950795e+00 0.000000000000000000e+00
5.949999999999950440e+00 0.000000000000000000e+00
6.049999999999950084e+00 0.000000000000000000e+00
6.149999999999949729e+00 0.000000000000000000e+00
6.249999999999949374e+00 0.000000000000000000e+00
6.349999999999949019e+00 0.000000000000000000e+00
6.449999999999948663e+00 0.000000000000000000e+00
6.549999999999948308e+00 0.000000000000000000e+00
6.649999999999947953e+00 0.000000000000000000e+00
6.749999999999947597e+00 0.000000000000000000e+00
6.849999999999947242e+00 0.000000000000000000e+00
6.949999999999946887e+00 0.000000000000000000e+00
7.049999999999946532e+00 0.000000000000000000e+00
7.149999999999946176e+00 0.000000000000000000e+00
7.249999999999945821e+00 0.000000000000000000e+00
7.349999999999945466e+00 0.000000000000000000e+00
7.449999999999945111e+00 0.000000000000000000e+00
7.549999999999944755e+00 0.000000000000000000e+00
7.649999999999944400e+00 0.000000000000000000e+00
7.749999999999944045e+00 0.000000000000000000e+00
7.849999999999943689e+00 0.000000000000000000e+00
7.949999999999943334e+00 0.000000000000000000e+00
