-7.950000000000000178e+00 4.302623660065421260e-04
-7.850000000000000533e+00 4.657479219658445689e-04
-7.750000000000000888e+00 4.267138104106118872e-04
-7.650000000000001243e+00 5.030077557231121040e-04
-7.550000000000001599e+00 5.269605059956411486e-04
-7.450000000000001954e+00 5.251862281976761105e-04
-7.350000000000002309e+00 6.076901458030542318e-04
-7.250000000000002665e+00 6.387400072674438625e-04
-7.150000000000003020e+00 6.600313408430251872e-04
-7.050000000000003375e+00 7.035011468931707352e-04
-6.950000000000003730e+00 7.638265920239847417e-04
-6.850000000000004086e+00 7.389867028524731239e-04
-6.750000000000004441e+00 8.144004946116520458e-04
-6.650000000000004796e+00 7.709237032158453278e-04
-6.550000000000005151e+00 8.552018986191884872e-04
-6.450000000000005507e+00 8.827101898333089948e-04
-6.350000000000005862e+00 9.670093412736360979e-04
-6.250000000000006217e+00 1.044204396176441445e-03
-6.150000000000006573e+00 1.098368766434006496e-03
-6.050000000000006928e+00 1.161334672224784495e-03
-5.950000000000007283e+00 1.246500006527110011e-03
-5.850000000000007638e+00 1.272220049251942924e-03
-5.750000000000007994e+00 1.369868196250976188e-03
-5.650000000000008349e+00 1.467439504447734955e-03
-5.550000000000008704e+00 1.533115724355089624e-03
-5.450000000000009059e+00 1.704319561167401322e-03
-5.350000000000009415e+00 1.793089333830947358e-03
-5.250000000000009770e+00 1.921738444874740871e-03
-5.150000000000010125e+00 2.057519593838702011e-03
-5.050000000000010481e+00 2.180964622364842034e-03
-4.950000000000010836e+00 2.257384303899245478e-03
-4.850000000000011191e+00 2.497980564510711952e-03
-4.750000000000011546e+00 2.685076062702435040e-03
-4.650000000000011902e+00 2.739163594157726679e-03
-4.550000000000012257e+00 2.985906958951119877e-03
-4.450000000000012612e+00 3.147519916170494168e-03
-4.350000000000012967e+00 3.311521861606025671e-03
-4.250000000000013323e+00 3.456097560757539350e-03
-4.150000000000013678e+00 3.771381137179412660e-03
-4.050000000000014033e+00 3.926483752242476352e-03
-3.950000000000014388e+00 4.259503121298341584e-03
-3.850000000000014744e+00 4.539322097797898400e-03
-3.750000000000015099e+00 4.822249553116725838e-03
-3.650000000000015454e+00 5.448653439946356605e-03
-3.550000000000015810e+00 5.639521024795173497e-03
-3.450000000000016165e+00 6.164909828017033945e-03
-3.350000000000016520e+00 6.655113445143025566e-03
-3.250000000000016875e+00 7.206033686756863760e-03
-3.150000000000017231e+00 7.772391542282129813e-03
-3.050000000000017586e+00 8.544642461173628661e-03
-2.950000000000017941e+00 9.260235241406483686e-03
-2.850000000000018296e+00 1.046888864514079580e-02
-2.750000000000018652e+00 1.141927286374059755e-02
-2.650000000000019007e+00 1.209988303290176342e-02
-2.550000000000019362e+00 1.308325903905979172e-02
-2.450000000000019718e+00 1.449832940708492904e-02
-2.350000000000020073e+00 1.564486213185347502e-02
-2.250000000000020428e+00 1.754085957796642364e-02
-2.150000000000020783e+00 1.961766571117595087e-02
-2.050000000000021139e+00 2.188516479559276043e-02
-1.950000000000021272e+00 2.436022644098884832e-02
-1.850000000000021627e+00 2.747301521853149492e-02
-1.750000000000021982e+00 3.066670128417742919e-02
-1.650000000000022338e+00 3.470460129971737750e-02
-1.550000000000022693e+00 4.027937515557819537e-02
-1.450000000000023048e+00 4.602389989635378292e-02
-1.350000000000023404e+00 5.346356545409786110e-02
-1.250000000000023759e+00 6.224299236829262949e-02
-1.150000000000024114e+00 7.308724554788711969e-02
-1.050000000000024469e+00 8.663532345793864553e-02
-9.500000000000248246e-01 1.035441349897798791e-01
-8.500000000000251799e-01 1.237822670439722439e-01
-7.500000000000255351e-01 1.526227474998455569e-01
-6.500000000000258904e-01 1.887912048216853766e-01
-5.500000000000262457e-01 2.387391855113737971e-01
-4.500000000000266565e-01 3.096540514267133171e-01
-3.500000000000270117e-01 4.136849183168312405e-01
-2.500000000000273670e-01 5.704957507639412118e-01
-1.500000000000277223e-01 8.302216808386888580e-01
-5.000000000002806366e-02 1.337637224600799701e+00
4.999999999997158107e-02 1.342209964592241400e+00
1.499999999999712119e-01 8.329675922767554308e-01
2.499999999999708566e-01 5.728835165446078959e-01
3.499999999999705014e-01 4.136306491663890306e-01
4.499999999999701461e-01 3.125196218359576616e-01
5.499999999999698463e-01 2.399456664726075106e-01
6.499999999999694911e-01 1.874509824324209206e-01
7.499999999999691358e-01 1.504907990479861235e-01
8.499999999999687805e-01 1.217396471924291484e-01
9.499999999999684253e-01 1.011289726834294078e-01
1.049999999999968070e+00 8.410611839832218828e-02
1.149999999999967715e+00 7.052961013142924895e-02
1.249999999999967359e+00 6.019110296305691526e-02
1.349999999999967004e+00 5.164265348849800263e-02
1.449999999999966649e+00 4.433097343395990542e-02
1.549999999999966294e+00 3.855907312353776262e-02
1.649999999999965938e+00 3.414272803610664958e-02
1.749999999999965583e+00 2.979474154131682428e-02
1.849999999999965228e+00 2.622505527476116580e-02
1.949999999999964873e+00 2.319270973785381162e-02
2.049999999999964295e+00 2.076164878477813197e-02
2.149999999999963940e+00 1.869904385929799240e-02
2.249999999999963585e+00 1.674541032613381664e-02
2.349999999999963229e+00 1.538296755232076291e-02
2.449999999999962874e+00 1.382800865208283145e-02
2.549999999999962519e+00 1.232420343812245210e-02
2.649999999999962164e+00 1.154697895312012217e-02
2.749999999999961808e+00 1.043283029083726804e-02
2.849999999999961453e+00 9.367949271503424324e-03
2.949999999999961098e+00 8.543608630015759459e-03
3.049999999999960743e+00 7.699436592195721754e-03
3.149999999999960387e+00 7.061143647050590819e-03
3.249999999999960032e+00 6.470029726501748055e-03
3.349999999999959677e+00 6.073345917088973298e-03
3.449999999999959321e+00 5.534594147617085541e-03
3.549999999999958966e+00 5.186695992302691252e-03
3.649999999999958611e+00 4.870630057166751292e-03
3.749999999999958256e+00 4.437678333080612159e-03
3.849999999999957900e+00 4.208586936773270337e-03
3.949999999999957545e+00 3.781761360832074093e-03
4.049999999999957190e+00 3.642557392494086537e-03
4.149999999999956835e+00 3.319450228931578820e-03
4.249999999999956479e+00 3.267074107163301690e-03
4.349999999999956124e+00 2.954780258684456401e-03
4.449999999999955769e+00 2.808500135191591661e-03
4.549999999999955413e+00 2.601545299284848886e-03
4.649999999999955058e+00 2.304235017249450096e-03
4.749999999999954703e+00 2.122434411068976901e-03
4.849999999999954348e+00 2.043332356800642118e-03
4.949999999999953992e+00 1.881970872025074282e-03
5.049999999999953637e+00 1.786921273612037233e-03
5.149999999999953282e+00 1.703565143835982822e-03
5.249999999999952927e+00 1.673423377307559816e-03
5.349999999999952571e+00 1.482597704532712763e-03
5.449999999999952216e+00 1.463974772999740220e-03
5.549999999999951861e+00 1.303360720209929390e-03
5.649999999999951505e+00 1.224286607324239721e-03
5.749999999999951150e+00 1.132946227457342584e-03
5.849999999999950795e+00 1.084132631976317870e-03
5.949999999999950440e+00 1.045999630011390210e-03
6.049999999999950084e+00 9.492665632939848493e-04
6.149999999999949729e+00 9.492525926026622925e-04
6.249999999999949374e+00 8.969044122170300587e-04
6.349999999999949019e+00 8.268274245430691331e-04
6.449999999999948663e+00 8.072963980741301813e-04
6.549999999999948308e+00 7.097111191860486397e-04
6.649999999999947953e+00 6.653541742369206268e-04
6.749999999999947597e+00 6.839840911155544486e-04
6.849999999999947242e+00 6.165615347928797476e-04
6.949999999999946887e+00 6.076901458030542318e-04
7.049999999999946532e+00 5.358318949854668813e-04
7.149999999999946176e+00 5.438161450763099323e-04
7.249999999999945821e+00 4.932492278343040149e-04
7.349999999999945466e+00 4.639736441678794223e-04
7.449999999999945111e+00 4.346980605014549382e-04
7.549999999999944755e+00 3.974382267441873488e-04
7.649999999999944400e+00 3.876796988553792055e-04
7.749999999999944045e+00 3.557426984920070015e-04
7.849999999999943689e+00 3.060629201489836033e-04
7.949999999999943334e+00 2.918686977652626478e-04
