-7.950000000000000178e+00 0.000000000000000000e+00
-7.850000000000000533e+00 0.000000000000000000e+00
-7.750000000000000888e+00 0.000000000000000000e+00
-7.650000000000001243e+00 0.000000000000000000e+00
-7.550000000000001599e+00 0.000000000000000000e+00
-7.450000000000001954e+00 0.000000000000000000e+00
-7.350000000000002309e+00 0.000000000000000000e+00
-7.250000000000002665e+00 0.000000000000000000e+00
-7.150000000000003020e+00 0.000000000000000000e+00
-7.050000000000003375e+00 0.000000000000000000e+00
-6.950000000000003730e+00 0.000000000000000000e+00
-6.850000000000004086e+00 0.000000000000000000e+00
-6.750000000000004441e+00 0.000000000000000000e+00
-6.650000000000004796e+00 0.000000000000000000e+00
-6.550000000000005151e+00 0.000000000000000000e+00
-6.450000000000005507e+00 0.000000000000000000e+00
-6.350000000000005862e+00 0.000000000000000000e+00
-6.250000000000006217e+00 0.000000000000000000e+00
-6.150000000000006573e+00 0.000000000000000000e+00
-6.050000000000006928e+00 0.000000000000000000e+00
-5.950000000000007283e+00 0.000000000000000000e+00
-5.850000000000007638e+00 0.000000000000000000e+00
-5.750000000000007994e+00 0.000000000000000000e+00
-5.650000000000008349e+00 0.000000000000000000e+00
-5.550000000000008704e+00 0.000000000000000000e+00
-5.450000000000009059e+00 0.000000000000000000e+00
-5.350000000000009415e+00 0.000000000000000000e+00
-5.250000000000009770e+00 1.773633309117332983e-06
-5.150000000000010125e+00 1.773633309117332983e-06
-5.050000000000010481e+00 8.868166545586664913e-07
-4.950000000000010836e+00 1.773633309117332983e-06
-4.850000000000011191e+00 2.660449963675999262e-06
-4.750000000000011546e+00 1.773633309117332983e-06
-4.650000000000011902e+00 5.320899927351998524e-06
-4.550000000000012257e+00 7.981349891027999480e-06
-4.450000000000012612e+00 1.507588312749732972e-05
-4.350000000000012967e+00 2.926494960043599358e-05
-4.250000000000013323e+00 4.079356610969865648e-05
-4.150000000000013678e+00 4.966173265528532182e-05
-4.050000000000014033e+00 9.932346531057065719e-05
-3.950000000000014388e+00 1.498720146204146381e-04
-3.850000000000014744e+00 2.456482133127506589e-04
-3.750000000000015099e+00 3.494057618961145641e-04
-3.650000000000015454e+00 4.646919269887411254e-04
-3.550000000000015810e+00 7.245292067744302754e-04
-3.450000000000016165e+00 9.976687363784993590e-04
-3.350000000000016520e+00 1.432208897112245520e-03
-3.250000000000016875e+00 2.038791488830373182e-03
-3.150000000000017231e+00 2.820076961496558073e-03
-3.050000000000017586e+00 3.826613864420643982e-03
-2.950000000000017941e+00 5.226010545314218811e-03
-2.850000000000018296e+00 6.874602706138778149e-03
-2.750000000000018652e+00 9.209590957591747354e-03
-2.650000000000019007e+00 1.208376373501638366e-02
-2.550000000000019362e+00 1.541021300626594683e-02
-2.450000000000019718e+00 2.038525443834028616e-02
-2.350000000000020073e+00 2.556337688430856264e-02
-2.250000000000020428e+00 3.245571592353878321e-02
-2.150000000000020783e+00 4.012490635216248158e-02
-2.050000000000021139e+00 4.937440405920977271e-02
-1.950000000000021272e+00 6.013592416227957899e-02
-1.850000000000021627e+00 7.304974828596225156e-02
-1.750000000000021982e+00 8.696744886260537877e-02
-1.650000000000022338e+00 1.031385505584823253e-01
-1.550000000000022693e+00 1.211799485788238040e-01
-1.450000000000023048e+00 1.401737876861610110e-01
-1.350000000000023404e+00 1.604393218761356876e-01
-1.250000000000023759e+00 1.831143369165465495e-01
-1.150000000000024114e+00 2.065945814792971014e-01
-1.050000000000024469e+00 2.308685269478777391e-01
-9.500000000000248246e-01 2.544897753587025413e-01
-8.500000000000251799e-01 2.783176520500370565e-01
-7.500000000000255351e-01 3.010485365396834978e-01
-6.500000000000258904e-01 3.222070951007977024e-01
-5.500000000000262457e-01 3.437407771067908513e-01
-4.500000000000266565e-01 3.608634330730097761e-01
-3.500000000000270117e-01 3.749451947307468891e-01
-2.500000000000273670e-01 3.863319205752803187e-01
-1.500000000000277223e-01 3.936579129585897063e-01
-5.000000000002806366e-02 3.979226142503627384e-01
4.999999999997158107e-02 3.963440806052480614e-01
1.499999999999712119e-01 3.924722390914449077e-01
2.499999999999708566e-01 3.848252190791852101e-01
3.499999999999705014e-01 3.735502321331260478e-01
4.499999999999701461e-01 3.582109644592246789e-01
5.499999999999698463e-01 3.397651780444044256e-01
6.499999999999694911e-01 3.212156340810011779e-01
7.499999999999691358e-01 2.999355816382124340e-01
8.499999999999687805e-01 2.761706689293509376e-01
9.499999999999684253e-01 2.523764912708893471e-01
1.049999999999968070e+00 2.285636904626798249e-01
1.149999999999967715e+00 2.050027455843644042e-01
1.249999999999967359e+00 1.823516745936261951e-01
1.349999999999967004e+00 1.598557965174360329e-01
1.449999999999966649e+00 1.399733671222306852e-01
1.549999999999966294e+00 1.204873447716134083e-01
1.649999999999965938e+00 1.028272779127322178e-01
1.749999999999965583e+00 8.709160319424359697e-02
1.849999999999965228e+00 7.300097336996154429e-02
1.949999999999964873e+00 6.083384886941727021e-02
2.049999999999964295e+00 5.009627281602055393e-02
2.149999999999963940e+00 4.096383490737502686e-02
2.249999999999963585e+00 3.294612553350975692e-02
2.349999999999963229e+00 2.628701927442846087e-02
2.449999999999962874e+00 2.066371486787171863e-02
2.549999999999962519e+00 1.617021487922274542e-02
2.649999999999962164e+00 1.249524666273160375e-02
2.749999999999961808e+00 9.540373569742129772e-03
2.849999999999961453e+00 7.369446399382514890e-03
2.949999999999961098e+00 5.515112774700344639e-03
3.049999999999960743e+00 3.910861446603717401e-03
3.149999999999960387e+00 2.920287243461687152e-03
3.249999999999960032e+00 2.154077653922999852e-03
3.349999999999959677e+00 1.519116929258994882e-03
3.449999999999959321e+00 1.101426284961863102e-03
3.549999999999958966e+00 7.617755062658941329e-04
3.649999999999958611e+00 5.081459430621158065e-04
3.749999999999958256e+00 3.396507786959692397e-04
3.849999999999957900e+00 2.412141300399572755e-04
3.949999999999957545e+00 1.516456479295319698e-04
4.049999999999957190e+00 1.028707319288053206e-04
4.149999999999956835e+00 6.651124909189999341e-05
4.249999999999956479e+00 4.966173265528532182e-05
4.349999999999956124e+00 2.660449963675999601e-05
4.449999999999955769e+00 1.950996640029066238e-05
4.549999999999955413e+00 1.064179985470399705e-05
4.649999999999955058e+00 5.320899927351998524e-06
4.749999999999954703e+00 2.660449963675999262e-06
4.849999999999954348e+00 8.868166545586664913e-07
4.949999999999953992e+00 0.000000000000000000e+00
5.049999999999953637e+00 8.868166545586664913e-07
5.149999999999953282e+00 0.000000000000000000e+00
5.249999999999952927e+00 8.868166545586664913e-07
5.349999999999952571e+00 0.000000000000000000e+00
5.449999999999952216e+00 0.000000000000000000e+00
5.549999999999951861e+00 0.000000000000000000e+00
5.649999999999951505e+00 8.868166545586664913e-07
5.749999999999951150e+00 0.000000000000000000e+00
5.849999999999950795e+00 0.000000000000000000e+00
5.949999999999950440e+00 0.000000000000000000e+00
6.049999999999950084e+00 0.000000000000000000e+00
6.149999999999949729e+00 0.000000000000000000e+00
6.249999999999949374e+00 0.000000000000000000e+00
6.349999999999949019e+00 0.000000000000000000e+00
6.449999999999948663e+00 0.000000000000000000e+00
6.549999999999948308e+00 0.000000000000000000e+00
6.649999999999947953e+00 0.000000000000000000e+00
6.749999999999947597e+00 0.000000000000000000e+00
6.849999999999947242e+00 0.000000000000000000e+00
6.949999999999946887e+00 0.000000000000000000e+00
7.049999999999946532e+00 0.000000000000000000e+00
7.149999999999946176e+00 0.000000000000000000e+00
7.249999999999945821e+00 0.000000000000000000e+00
7.349999999999945466e+00 0.000000000000000000e+00
7.449999999999945111e+00 0.000000000000000000e+00
7.549999999999944755e+00 0.000000000000000000e+00
7.649999999999944400e+00 0.000000000000000000e+00
7.749999999999944045e+00 0.000000000000000000e+00
7.849999999999943689e+00 0.000000000000000000e+00
7.949999999999943334e+00 0.000000000000000000e+00
