-7.950000000000000178e+00 5.056691724200599865e-05
-7.850000000000000533e+00 7.185825081758747247e-05
-7.750000000000000888e+00 7.451966751453515162e-05
-7.650000000000001243e+00 7.363252861555259190e-05
-7.550000000000001599e+00 8.871388989825612062e-05
-7.450000000000001954e+00 1.126666401707852736e-04
-7.350000000000002309e+00 1.241994458575585770e-04
-7.250000000000002665e+00 1.286351403524713891e-04
-7.150000000000003020e+00 1.383936682412795595e-04
-7.050000000000003375e+00 1.650078352107564052e-04
-6.950000000000003730e+00 2.022676689680239675e-04
-6.850000000000004086e+00 1.889605854832855582e-04
-6.750000000000004441e+00 2.244461414425880010e-04
-6.650000000000004796e+00 2.599316974018904438e-04
-6.550000000000005151e+00 2.998529478561056988e-04
-6.450000000000005507e+00 3.246928370276174250e-04
-6.350000000000005862e+00 3.486455873001465238e-04
-6.250000000000006217e+00 3.965580731908661624e-04
-6.150000000000006573e+00 4.542151162790713332e-04
-6.050000000000006928e+00 4.879263944404085753e-04
-5.950000000000007283e+00 5.402675894803797476e-04
-5.850000000000007638e+00 5.801958252802561725e-04
-5.750000000000007994e+00 6.396271461664264357e-04
-5.650000000000008349e+00 7.150339525799439709e-04
-5.550000000000008704e+00 8.339105650436069456e-04
-5.450000000000009059e+00 8.800417877907001050e-04
-5.350000000000009415e+00 9.785142055777642199e-04
-5.250000000000009770e+00 1.077873762263811125e-03
-5.150000000000010125e+00 1.197637513626456564e-03
-5.050000000000010481e+00 1.309417014898259062e-03
-4.950000000000010836e+00 1.487731933593753469e-03
-4.850000000000011191e+00 1.572911238587401759e-03
-4.750000000000011546e+00 1.786704727896537385e-03
-4.650000000000011902e+00 1.988972396864561055e-03
-4.550000000000012257e+00 2.193021328976211149e-03
-4.450000000000012612e+00 2.370449108772722767e-03
-4.350000000000012967e+00 2.636590778467491278e-03
-4.250000000000013323e+00 2.858368517867469413e-03
-4.150000000000013678e+00 3.237197783770006179e-03
-4.050000000000014033e+00 3.590272080219404291e-03
-3.950000000000014388e+00 4.070214224568971875e-03
-3.850000000000014744e+00 4.331054016906831818e-03
-3.750000000000015099e+00 4.847424738879979253e-03
-3.650000000000015454e+00 5.406308274547677421e-03
-3.550000000000015810e+00 6.049483976310041089e-03
-3.450000000000016165e+00 6.762743651092029129e-03
-3.350000000000016520e+00 7.420106589892453558e-03
-3.250000000000016875e+00 8.136090549482340173e-03
-3.150000000000017231e+00 9.230847892209480265e-03
-3.050000000000017586e+00 1.031315734896822052e-02
-2.950000000000017941e+00 1.154007743160677911e-02
-2.850000000000018296e+00 1.287438323309619478e-02
-2.750000000000018652e+00 1.431243538834694497e-02
-2.650000000000019007e+00 1.613567347405200220e-02
-2.550000000000019362e+00 1.812638522198624716e-02
-2.450000000000019718e+00 2.007468893641086577e-02
-2.350000000000020073e+00 2.265908521209731089e-02
-2.250000000000020428e+00 2.573234391854277436e-02
-2.150000000000020783e+00 2.917432409571891691e-02
-2.050000000000021139e+00 3.296967195386223126e-02
-1.950000000000021272e+00 3.712104192432401362e-02
-1.850000000000021627e+00 4.197282551889668090e-02
-1.750000000000021982e+00 4.775565090993307005e-02
-1.650000000000022338e+00 5.482478579242022060e-02
-1.550000000000022693e+00 6.246385502741112761e-02
-1.450000000000023048e+00 7.203496609212631241e-02
-1.350000000000023404e+00 8.281613461505366036e-02
-1.250000000000023759e+00 9.594041858918125887e-02
-1.150000000000024114e+00 1.102342869287597088e-01
-1.050000000000024469e+00 1.296972621602655862e-01
-9.500000000000248246e-01 1.515015087117169146e-01
-8.500000000000251799e-01 1.776459111854721273e-01
-7.500000000000255351e-01 2.099680136551507204e-01
-6.500000000000258904e-01 2.493420041888790850e-01
-5.500000000000262457e-01 2.992126431314041102e-01
-4.500000000000266565e-01 3.603946173765146810e-01
-3.500000000000270117e-01 4.408323046620186147e-01
-2.500000000000273670e-01 5.454225929594171962e-01
-1.500000000000277223e-01 6.840930694932134681e-01
-5.000000000002806366e-02 8.809321958314533241e-01
4.999999999997158107e-02 8.784353119662110521e-01
1.499999999999712119e-01 6.794814350971301042e-01
2.499999999999708566e-01 5.387296119554449980e-01
3.499999999999705014e-01 4.356077760376140806e-01
4.499999999999701461e-01 3.569111442461103678e-01
5.499999999999698463e-01 2.946441711861617074e-01
6.499999999999694911e-01 2.450183336823361091e-01
7.499999999999691358e-01 2.055401287766871476e-01
8.499999999999687805e-01 1.733203406649094502e-01
9.499999999999684253e-01 1.464325437351895742e-01
1.049999999999968070e+00 1.252028348790329981e-01
1.149999999999967715e+00 1.078601216160952753e-01
1.249999999999967359e+00 9.281122822002610406e-02
1.349999999999967004e+00 7.988156994671316569e-02
1.449999999999966649e+00 6.938659802087412953e-02
1.549999999999966294e+00 6.042916354319352590e-02
1.649999999999965938e+00 5.271222167477060405e-02
1.749999999999965583e+00 4.586246157277595187e-02
1.849999999999965228e+00 4.063601896366052235e-02
1.949999999999964873e+00 3.612292683882067923e-02
2.049999999999964295e+00 3.144214450603614180e-02
2.149999999999963940e+00 2.753845393668637523e-02
2.249999999999963585e+00 2.460993857768829091e-02
2.349999999999963229e+00 2.178790084260509921e-02
2.449999999999962874e+00 1.958498826417248359e-02
2.549999999999962519e+00 1.742831867401754484e-02
2.649999999999962164e+00 1.542337777697127058e-02
2.749999999999961808e+00 1.374472237576338830e-02
2.849999999999961453e+00 1.230136834315572782e-02
2.949999999999961098e+00 1.105931101646917547e-02
3.049999999999960743e+00 9.952105787773633805e-03
3.149999999999960387e+00 8.844935485806400266e-03
3.249999999999960032e+00 8.087290924692638883e-03
3.349999999999959677e+00 7.178797824023532351e-03
3.449999999999959321e+00 6.261503187821215038e-03
3.549999999999958966e+00 5.725671292835741652e-03
3.649999999999958611e+00 5.211961987559542153e-03
3.749999999999958256e+00 4.746221050939353550e-03
3.849999999999957900e+00 4.128772377247484290e-03
3.949999999999957545e+00 3.870635913680539521e-03
4.049999999999957190e+00 3.322356132726670633e-03
4.149999999999956835e+00 3.066860129819693435e-03
4.249999999999956479e+00 2.742153322100754267e-03
4.349999999999956124e+00 2.603752668513813727e-03
4.449999999999955769e+00 2.378426373517904865e-03
4.549999999999955413e+00 2.149537552234743153e-03
4.649999999999955058e+00 1.858562978714124736e-03
4.749999999999954703e+00 1.649191213208579202e-03
4.849999999999954348e+00 1.471763433412067367e-03
4.949999999999953992e+00 1.468214877816137074e-03
5.049999999999953637e+00 1.228694360436507474e-03
5.149999999999953282e+00 1.152393429778345978e-03
5.249999999999952927e+00 1.008676928143171277e-03
5.349999999999952571e+00 9.226244549418629714e-04
5.449999999999952216e+00 8.472176485283454362e-04
5.549999999999951861e+00 7.602780364280545570e-04
5.649999999999951505e+00 7.008397301962230154e-04
5.749999999999951150e+00 6.422885628633741555e-04
5.849999999999950795e+00 6.076901458030542318e-04
5.949999999999950440e+00 5.012334779251471743e-04
6.049999999999950084e+00 4.542151162790713332e-04
6.149999999999949729e+00 4.089710324309607471e-04
6.249999999999949374e+00 3.388870594113384347e-04
6.349999999999949019e+00 3.442098928052337659e-04
6.449999999999948663e+00 2.741259197856114535e-04
6.549999999999948308e+00 2.963043922601754599e-04
6.649999999999947953e+00 2.492860306140997273e-04
6.749999999999947597e+00 2.288818359375008132e-04
6.849999999999947242e+00 1.845248909883727461e-04
6.949999999999946887e+00 1.765406408975296951e-04
7.049999999999946532e+00 1.437165016351749178e-04
7.149999999999946176e+00 1.392808071402621057e-04
7.249999999999945821e+00 1.233123069585760037e-04
7.349999999999945466e+00 1.179894735646806454e-04
7.449999999999945111e+00 1.020209733829945435e-04
7.549999999999944755e+00 8.871388989825613417e-05
7.649999999999944400e+00 6.919683412063977977e-05
7.749999999999944045e+00 6.209972292877928850e-05
7.849999999999943689e+00 6.653541742369210063e-05
7.949999999999943334e+00 3.104986146438964425e-05
