-7.950000000000000178e+00 1.773633309117332983e-06
-7.850000000000000533e+00 0.000000000000000000e+00
-7.750000000000000888e+00 0.000000000000000000e+00
-7.650000000000001243e+00 1.773633309117332983e-06
-7.550000000000001599e+00 2.660449963675999262e-06
-7.450000000000001954e+00 4.434083272793332668e-06
-7.350000000000002309e+00 2.660449963675999262e-06
-7.250000000000002665e+00 5.320899927351999371e-06
-7.150000000000003020e+00 7.981349891027999480e-06
-7.050000000000003375e+00 8.868166545586665336e-06
-6.950000000000003730e+00 7.094533236469331930e-06
-6.850000000000004086e+00 1.241543316382133215e-05
-6.750000000000004441e+00 1.507588312749733141e-05
-6.650000000000004796e+00 1.330224981837999800e-05
-6.550000000000005151e+00 1.596269978205599557e-05
-6.450000000000005507e+00 1.773633309117333067e-05
-6.350000000000005862e+00 2.749131629131866186e-05
-6.250000000000006217e+00 3.192539956411199114e-05
-6.150000000000006573e+00 5.675626589175465544e-05
-6.050000000000006928e+00 5.586944923719598958e-05
-5.950000000000007283e+00 8.336076552851465823e-05
-5.850000000000007638e+00 7.626623229204531782e-05
-5.750000000000007994e+00 1.206070650199786513e-04
-5.650000000000008349e+00 1.268147816018893258e-04
-5.550000000000008704e+00 1.720424309843813116e-04
-5.450000000000009059e+00 2.110623637849626364e-04
-5.350000000000009415e+00 2.385536800762812779e-04
-5.250000000000009770e+00 3.121594624046505981e-04
-5.150000000000010125e+00 3.706893616055225446e-04
-5.050000000000010481e+00 4.540501271340371351e-04
-4.950000000000010836e+00 5.347504426988756738e-04
-4.850000000000011191e+00 6.021485084453342788e-04
-4.750000000000011546e+00 7.192083068470781718e-04
-4.650000000000011902e+00 8.646462381946993722e-04
-4.550000000000012257e+00 1.009197352887762069e-03
-4.450000000000012612e+00 1.217599266709048274e-03
-4.350000000000012967e+00 1.462360663367240268e-03
-4.250000000000013323e+00 1.685838460316024280e-03
-4.150000000000013678e+00 2.087566404831099967e-03
-4.050000000000014033e+00 2.450274416545594140e-03
-3.950000000000014388e+00 2.750905262440981811e-03
-3.850000000000014744e+00 3.416904570014540031e-03
-3.750000000000015099e+00 3.978259512350175789e-03
-3.650000000000015454e+00 4.607012520432269068e-03
-3.550000000000015810e+00 5.489395091718142841e-03
-3.450000000000016165e+00 6.353154513258282843e-03
-3.350000000000016520e+00 7.456354431529263818e-03
-3.250000000000016875e+00 8.532063033508925989e-03
-3.150000000000017231e+00 9.924365181166031058e-03
-3.050000000000017586e+00 1.184166278832186545e-02
-2.950000000000017941e+00 1.377403627860520133e-02
-2.850000000000018296e+00 1.566916346939708354e-02
-2.750000000000018652e+00 1.840587966536524900e-02
-2.650000000000019007e+00 2.127295790955355259e-02
-2.550000000000019362e+00 2.486190491055262353e-02
-2.450000000000019718e+00 2.859983710951755076e-02
-2.350000000000020073e+00 3.309511073147561322e-02
-2.250000000000020428e+00 3.762053611968869948e-02
-2.150000000000020783e+00 4.396127519978343390e-02
-2.050000000000021139e+00 5.092988047130572737e-02
-1.950000000000021272e+00 5.871701751498564770e-02
-1.850000000000021627e+00 6.728100594805848378e-02
-1.750000000000021982e+00 7.730735504449820494e-02
-1.650000000000022338e+00 8.867457092263072993e-02
-1.550000000000022693e+00 1.022011853546138244e-01
-1.450000000000023048e+00 1.158741245345992626e-01
-1.350000000000023404e+00 1.333656962291142056e-01
-1.250000000000023759e+00 1.523684035029971851e-01
-1.150000000000024114e+00 1.734604508150207336e-01
-1.050000000000024469e+00 1.975792033690535188e-01
-9.500000000000248246e-01 2.236844252292977675e-01
-8.500000000000251799e-01 2.531382667771552297e-01
-7.500000000000255351e-01 2.844978773156560670e-01
-6.500000000000258904e-01 3.195900991531952506e-01
-5.500000000000262457e-01 3.581116409939142375e-01
-4.500000000000266565e-01 3.982383209793856071e-01
-3.500000000000270117e-01 4.396934523133868011e-01
-2.500000000000273670e-01 4.812816061455725825e-01
-1.500000000000277223e-01 5.153353656806247685e-01
-5.000000000002806366e-02 5.420072633831285458e-01
4.999999999997158107e-02 5.376804849255374386e-01
1.499999999999712119e-01 5.020446444787554086e-01
2.499999999999708566e-01 4.587697653695993472e-01
3.499999999999705014e-01 4.116656119460587737e-01
4.499999999999701461e-01 3.652904218125666014e-01
5.499999999999698463e-01 3.228039227093155716e-01
6.499999999999694911e-01 2.838034998751367555e-01
7.499999999999691358e-01 2.478138195831852131e-01
8.499999999999687805e-01 2.154308226253199843e-01
9.499999999999684253e-01 1.860417186932447897e-01
1.049999999999968070e+00 1.621898979522345408e-01
1.149999999999967715e+00 1.395343928782241116e-01
1.249999999999967359e+00 1.198319872638945738e-01
1.349999999999967004e+00 1.027456907805127939e-01
1.449999999999966649e+00 8.883597155376038446e-02
1.549999999999966294e+00 7.607379307800712920e-02
1.649999999999965938e+00 6.457798878496383288e-02
1.749999999999965583e+00 5.548102354250095819e-02
1.849999999999965228e+00 4.734004665365210140e-02
1.949999999999964873e+00 4.057363557936918136e-02
2.049999999999964295e+00 3.419831064974663409e-02
2.149999999999963940e+00 2.902018820377836802e-02
2.249999999999963585e+00 2.483263996095218251e-02
2.349999999999963229e+00 2.092443896431197409e-02
2.449999999999962874e+00 1.780284434026532803e-02
2.549999999999962519e+00 1.510603489375231777e-02
2.649999999999962164e+00 1.280385885851802012e-02
2.749999999999961808e+00 1.078812460270617279e-02
2.849999999999961453e+00 9.128003825372349445e-03
2.949999999999961098e+00 7.670077245277902127e-03
3.049999999999960743e+00 6.477308844896495846e-03
3.149999999999960387e+00 5.454809242190354276e-03
3.249999999999960032e+00 4.526312204867431396e-03
3.349999999999959677e+00 3.761876248637861537e-03
3.449999999999959321e+00 3.183671789865611182e-03
3.549999999999958966e+00 2.680846746730847045e-03
3.649999999999958611e+00 2.274684718942978408e-03
3.749999999999958256e+00 1.896900824100986645e-03
3.849999999999957900e+00 1.545721428895754750e-03
3.949999999999957545e+00 1.290318232382858983e-03
4.049999999999957190e+00 1.016291886124231179e-03
4.149999999999956835e+00 9.072134376135153333e-04
4.249999999999956479e+00 7.564546063385422462e-04
4.349999999999956124e+00 6.172243915728316526e-04
4.449999999999955769e+00 5.125800263349090816e-04
4.549999999999955413e+00 4.265588108427184936e-04
4.649999999999955058e+00 3.148199123683265957e-04
4.749999999999954703e+00 2.527427465492199858e-04
4.849999999999954348e+00 2.607240964402479785e-04
4.949999999999953992e+00 2.048546472030519754e-04
5.049999999999953637e+00 1.614006311296772942e-04
5.149999999999953282e+00 1.303620482201239892e-04
5.249999999999952927e+00 1.019839152742466548e-04
5.349999999999952571e+00 8.247394887395597882e-05
5.449999999999952216e+00 6.562443243734132755e-05
5.549999999999951861e+00 4.434083272793331990e-05
5.649999999999951505e+00 5.054854930984399445e-05
5.749999999999951150e+00 3.635948283690532720e-05
5.849999999999950795e+00 2.571768298220133015e-05
5.949999999999950440e+00 2.217041636396665995e-05
6.049999999999950084e+00 2.305723301852533258e-05
6.149999999999949729e+00 1.507588312749732972e-05
6.249999999999949374e+00 7.094533236469331930e-06
6.349999999999949019e+00 8.868166545586663642e-06
6.449999999999948663e+00 5.320899927351998524e-06
6.549999999999948308e+00 4.434083272793332668e-06
6.649999999999947953e+00 3.547266618234665965e-06
6.749999999999947597e+00 8.868166545586664913e-07
6.849999999999947242e+00 2.660449963675999262e-06
6.949999999999946887e+00 1.773633309117332983e-06
7.049999999999946532e+00 8.868166545586664913e-07
7.149999999999946176e+00 1.773633309117332983e-06
7.249999999999945821e+00 8.868166545586664913e-07
7.349999999999945466e+00 0.000000000000000000e+00
7.449999999999945111e+00 0.000000000000000000e+00
7.549999999999944755e+00 0.000000000000000000e+00
7.649999999999944400e+00 0.000000000000000000e+00
7.749999999999944045e+00 8.868166545586664913e-07
7.849999999999943689e+00 0.000000000000000000e+00
7.949999999999943334e+00 0.000000000000000000e+00
