-7.950000000000000178e+00 7.984250090843050991e-06
-7.850000000000000533e+00 6.209972292877929019e-06
-7.750000000000000888e+00 7.984250090843050991e-06
-7.650000000000001243e+00 1.241994458575585804e-05
-7.550000000000001599e+00 7.984250090843050991e-06
-7.450000000000001954e+00 1.241994458575585804e-05
-7.350000000000002309e+00 1.596850018168610198e-05
-7.250000000000002665e+00 2.217847247456403354e-05
-7.150000000000003020e+00 2.129133357558147044e-05
-7.050000000000003375e+00 2.217847247456403354e-05
-6.950000000000003730e+00 2.217847247456403354e-05
-6.850000000000004086e+00 2.927558366642452482e-05
-6.750000000000004441e+00 4.613122274709318652e-05
-6.650000000000004796e+00 4.346980605014550737e-05
-6.550000000000005151e+00 4.879263944404086566e-05
-6.450000000000005507e+00 6.476113962572696765e-05
-6.350000000000005862e+00 5.855116733284904286e-05
-6.250000000000006217e+00 9.403672329215149246e-05
-6.150000000000006573e+00 1.064566678779073556e-04
-6.050000000000006928e+00 1.233123069585760037e-04
-5.950000000000007283e+00 1.259737236555237235e-04
-5.850000000000007638e+00 1.401679460392446790e-04
-5.750000000000007994e+00 1.818634742914250534e-04
-5.650000000000008349e+00 2.297689748364833322e-04
-5.550000000000008704e+00 2.546088640079950585e-04
-5.450000000000009059e+00 3.016272256540708453e-04
-5.350000000000009415e+00 3.406613372093034728e-04
-5.250000000000009770e+00 3.832440043604664476e-04
-5.150000000000010125e+00 4.692964775617748619e-04
-5.050000000000010481e+00 5.198633948037807793e-04
-4.950000000000010836e+00 6.502728129542170981e-04
-4.850000000000011191e+00 7.035011468931706268e-04
-4.750000000000011546e+00 8.081835369731127545e-04
-4.650000000000011902e+00 9.953698446584328952e-04
-4.550000000000012257e+00 1.124004985010904067e-03
-4.450000000000012612e+00 1.314739848292154501e-03
-4.350000000000012967e+00 1.491280489189683763e-03
-4.250000000000013323e+00 1.724598019622096846e-03
-4.150000000000013678e+00 2.016466717387359331e-03
-4.050000000000014033e+00 2.291479776071952273e-03
-3.950000000000014388e+00 2.642793765414707362e-03
-3.850000000000014744e+00 3.145794535792157537e-03
-3.750000000000015099e+00 3.622195109891454372e-03
-3.650000000000015454e+00 4.087936046511640373e-03
-3.550000000000015810e+00 4.841130942439165682e-03
-3.450000000000016165e+00 5.453242812045818247e-03
-3.350000000000016520e+00 6.350161194954182138e-03
-3.250000000000016875e+00 7.327774290941653154e-03
-3.150000000000017231e+00 8.413639288641982378e-03
-3.050000000000017586e+00 9.827752664311528025e-03
-2.950000000000017941e+00 1.127819682276538782e-02
-2.850000000000018296e+00 1.295843789743837855e-02
-2.750000000000018652e+00 1.497491858551708993e-02
-2.650000000000019007e+00 1.718033191769643975e-02
-2.550000000000019362e+00 1.974860601559665085e-02
-2.450000000000019718e+00 2.302663314475688477e-02
-2.350000000000020073e+00 2.669495947739548153e-02
-2.250000000000020428e+00 3.076427259237420400e-02
-2.150000000000020783e+00 3.509441851434511733e-02
-2.050000000000021139e+00 4.083239798623608530e-02
-1.950000000000021272e+00 4.742040321561125094e-02
-1.850000000000021627e+00 5.410051721287606474e-02
-1.750000000000021982e+00 6.219661665844757048e-02
-1.650000000000022338e+00 7.148242525031911487e-02
-1.550000000000022693e+00 8.256282502533868195e-02
-1.450000000000023048e+00 9.542460669486105274e-02
-1.350000000000023404e+00 1.100145838370211182e-01
-1.250000000000023759e+00 1.273787351257933687e-01
-1.150000000000024114e+00 1.462280617116469283e-01
-1.050000000000024469e+00 1.682167213885564505e-01
-9.500000000000248246e-01 1.936008248698470879e-01
-8.500000000000251799e-01 2.228847280829543698e-01
-7.500000000000255351e-01 2.552619169885177453e-01
-6.500000000000258904e-01 2.936552208741661785e-01
-5.500000000000262457e-01 3.368664922960428187e-01
-4.500000000000266565e-01 3.855357216382876984e-01
-3.500000000000270117e-01 4.383310200290097547e-01
-2.500000000000273670e-01 4.942714703037227597e-01
-1.500000000000277223e-01 5.524496970170604815e-01
-5.000000000002806366e-02 5.991733189883028388e-01
4.999999999997158107e-02 6.000284999308850287e-01
1.499999999999712119e-01 5.513066010823572949e-01
2.499999999999708566e-01 4.915080116773550278e-01
3.499999999999705014e-01 4.342862394479933830e-01
4.499999999999701461e-01 3.814120695194096466e-01
5.499999999999698463e-01 3.335768415517018637e-01
6.499999999999694911e-01 2.898455879841455585e-01
7.499999999999691358e-01 2.513514646045679202e-01
8.499999999999687805e-01 2.179352055318889425e-01
9.499999999999684253e-01 1.888785356131432447e-01
1.049999999999968070e+00 1.636142238245980318e-01
1.149999999999967715e+00 1.416512422783395009e-01
1.249999999999967359e+00 1.228597194278330251e-01
1.349999999999967004e+00 1.069008310817773921e-01
1.449999999999966649e+00 9.161690874558883757e-02
1.549999999999966294e+00 8.000434438205583643e-02
1.649999999999965938e+00 6.876597101490644626e-02
1.749999999999965583e+00 5.948910366548112311e-02
1.849999999999965228e+00 5.150293958992677862e-02
1.949999999999964873e+00 4.452034615483722868e-02
2.049999999999964295e+00 3.875391537006785819e-02
2.149999999999963940e+00 3.350287037353340269e-02
2.249999999999963585e+00 2.909289592134537555e-02
2.349999999999963229e+00 2.534827564339427533e-02
2.449999999999962874e+00 2.126920400052674520e-02
2.549999999999962519e+00 1.871777157101588152e-02
2.649999999999962164e+00 1.629852982279908491e-02
2.749999999999961808e+00 1.421820307537627684e-02
2.849999999999961453e+00 1.219286496899906272e-02
2.949999999999961098e+00 1.049131859005916767e-02
3.049999999999960743e+00 9.290125535491102621e-03
3.149999999999960387e+00 7.891107491795588263e-03
3.249999999999960032e+00 6.759132227385148198e-03
3.349999999999959677e+00 5.994397540425187507e-03
3.449999999999959321e+00 4.988382028978949854e-03
3.549999999999958966e+00 4.463195800781267347e-03
3.649999999999958611e+00 3.816471543422974688e-03
3.749999999999958256e+00 3.323222315588669588e-03
3.849999999999957900e+00 2.806907476380819753e-03
3.949999999999957545e+00 2.499957417332854606e-03
4.049999999999957190e+00 2.106954885083580503e-03
4.149999999999956835e+00 1.720162325127184196e-03
4.249999999999956479e+00 1.576445823492009495e-03
4.349999999999956124e+00 1.394582349200584794e-03
4.449999999999955769e+00 1.173684763353927520e-03
4.549999999999955413e+00 9.873855945675899526e-04
4.649999999999955058e+00 8.427819540334326783e-04
4.749999999999954703e+00 7.620523142260195951e-04
4.849999999999954348e+00 6.387400072674438625e-04
4.949999999999953992e+00 5.686560342478216585e-04
5.049999999999953637e+00 4.905878111373562951e-04
5.149999999999953282e+00 4.080838935319781738e-04
5.249999999999952927e+00 3.504198650981116703e-04
5.349999999999952571e+00 3.042886423510185109e-04
5.449999999999952216e+00 2.572702807049427783e-04
5.549999999999951861e+00 2.288818359375008132e-04
5.649999999999951505e+00 1.836377520893901728e-04
5.749999999999951150e+00 1.472650572311051838e-04
5.849999999999950795e+00 1.375065293422970134e-04
5.949999999999950440e+00 1.082309456758724750e-04
6.049999999999950084e+00 1.055695289789247823e-04
6.149999999999949729e+00 7.806822311046539048e-05
6.249999999999949374e+00 6.830969522165722006e-05
6.349999999999949019e+00 6.121258402979672878e-05
6.449999999999948663e+00 5.855116733284904286e-05
6.549999999999948308e+00 4.613122274709318652e-05
6.649999999999947953e+00 3.903411155523269524e-05
6.749999999999947597e+00 3.104986146438964425e-05
6.849999999999947242e+00 3.548555595930244960e-05
6.949999999999946887e+00 2.572702807049427918e-05
7.049999999999946532e+00 1.508136128270354227e-05
7.149999999999946176e+00 2.661416696947683890e-05
7.249999999999945821e+00 1.241994458575585804e-05
7.349999999999945466e+00 1.596850018168610198e-05
7.449999999999945111e+00 9.758527888808173810e-06
7.549999999999944755e+00 1.330708348473841945e-05
7.649999999999944400e+00 9.758527888808173810e-06
7.749999999999944045e+00 1.064566678779073522e-05
7.849999999999943689e+00 6.209972292877929019e-06
7.949999999999943334e+00 7.984250090843050991e-06
