-7.950000000000000178e+00 0.000000000000000000e+00
-7.850000000000000533e+00 0.000000000000000000e+00
-7.750000000000000888e+00 0.000000000000000000e+00
-7.650000000000001243e+00 0.000000000000000000e+00
-7.550000000000001599e+00 0.000000000000000000e+00
-7.450000000000001954e+00 0.000000000000000000e+00
-7.350000000000002309e+00 0.000000000000000000e+00
-7.250000000000002665e+00 0.000000000000000000e+00
-7.150000000000003020e+00 0.000000000000000000e+00
-7.050000000000003375e+00 0.000000000000000000e+00
-6.950000000000003730e+00 0.000000000000000000e+00
-6.850000000000004086e+00 0.000000000000000000e+00
-6.750000000000004441e+00 1.153280568677329663e-05
-6.650000000000004796e+00 3.016272256540707776e-05
-6.550000000000005151e+00 1.508136128270354227e-05
-6.450000000000005507e+00 2.217847247456403354e-05
-6.350000000000005862e+00 2.483988917151170930e-05
-6.250000000000006217e+00 3.814697265625012197e-05
-6.150000000000006573e+00 4.346980605014549382e-05
-6.050000000000006928e+00 5.056691724200599187e-05
-5.950000000000007283e+00 9.581100109011655768e-05
-5.850000000000007638e+00 7.008397301962233949e-05
-5.750000000000007994e+00 6.387400072674440793e-05
-5.650000000000008349e+00 7.008397301962233949e-05
-5.550000000000008704e+00 1.091180845748550212e-04
-5.450000000000009059e+00 1.108923623728201271e-04
-5.350000000000009415e+00 2.173490302507273607e-04
-5.250000000000009770e+00 1.703306686046517364e-04
-5.150000000000010125e+00 1.694435297056691631e-04
-5.050000000000010481e+00 2.413017805232565407e-04
-4.950000000000010836e+00 3.140471702398265458e-04
-4.850000000000011191e+00 3.947768100472395748e-04
-4.750000000000011546e+00 4.497794217841583043e-04
-4.650000000000011902e+00 5.837373955305248619e-04
-4.550000000000012257e+00 6.697898687318332763e-04
-4.450000000000012612e+00 8.028607035792172065e-04
-4.350000000000012967e+00 9.758527888808163917e-04
-4.250000000000013323e+00 1.042388206304508411e-03
-4.150000000000013678e+00 1.304094181504363622e-03
-4.050000000000014033e+00 1.465553461119189571e-03
-3.950000000000014388e+00 1.865653104560324261e-03
-3.850000000000014744e+00 2.200991608375731969e-03
-3.750000000000015099e+00 2.459149027979656670e-03
-3.650000000000015454e+00 2.681820891624280175e-03
-3.550000000000015810e+00 3.107647563135910139e-03
-3.450000000000016165e+00 3.921153933502921803e-03
-3.350000000000016520e+00 4.739983137263832809e-03
-3.250000000000016875e+00 5.354770394258754132e-03
-3.150000000000017231e+00 6.383851517078536521e-03
-3.050000000000017586e+00 7.767788199491346482e-03
-2.950000000000017941e+00 8.779126544331480875e-03
-2.850000000000018296e+00 1.086567723473849147e-02
-2.750000000000018652e+00 1.236671625181700630e-02
-2.650000000000019007e+00 1.503700433775454794e-02
-2.550000000000019362e+00 1.891734988190431691e-02
-2.450000000000019718e+00 2.208975858466599718e-02
-2.350000000000020073e+00 2.585832462754396321e-02
-2.250000000000020428e+00 2.940688022347425282e-02
-2.150000000000020783e+00 3.502246945403393596e-02
-2.050000000000021139e+00 4.089710324309653311e-02
-1.950000000000021272e+00 4.908894383630160729e-02
-1.850000000000021627e+00 5.953589151072022356e-02
-1.750000000000021982e+00 6.984976835029090003e-02
-1.650000000000022338e+00 7.958966632221967097e-02
-1.550000000000022693e+00 9.371735328851607538e-02
-1.450000000000023048e+00 1.090914704078831260e-01
-1.350000000000023404e+00 1.299782686455274172e-01
-1.250000000000023759e+00 1.492744268372963590e-01
-1.150000000000024114e+00 1.689910888671832812e-01
-1.050000000000024469e+00 1.927868155545923723e-01
-9.500000000000248246e-01 2.203369140624961697e-01
-8.500000000000251799e-01 2.508695735487788125e-01
-7.500000000000255351e-01 2.869557225426914160e-01
-6.500000000000258904e-01 3.156174060910202916e-01
-5.500000000000262457e-01 3.516015341115512616e-01
-4.500000000000266565e-01 3.842358256495252977e-01
-3.500000000000270117e-01 4.118835094363184623e-01
-2.500000000000273670e-01 4.457935067110293526e-01
-1.500000000000277223e-01 4.687819370003650787e-01
-5.000000000002806366e-02 4.874455651571608650e-01
4.999999999997158107e-02 4.895285672919720832e-01
1.499999999999712119e-01 4.674370344295080137e-01
2.499999999999708566e-01 4.438870452171156389e-01
3.499999999999705014e-01 4.119358506313584023e-01
4.499999999999701461e-01 3.837079780046310784e-01
5.499999999999698463e-01 3.513451509697457786e-01
6.499999999999694911e-01 3.167201197424553971e-01
7.499999999999691358e-01 2.855451716933094519e-01
8.499999999999687805e-01 2.562438609988149096e-01
9.499999999999684253e-01 2.212187301280847673e-01
1.049999999999968070e+00 1.959468043127683690e-01
1.149999999999967715e+00 1.711938547533571608e-01
1.249999999999967359e+00 1.474593406499781767e-01
1.349999999999967004e+00 1.289828988008691335e-01
1.449999999999966649e+00 1.099608665288859255e-01
1.549999999999966294e+00 9.507024010946431292e-02
1.649999999999965938e+00 8.193792298782630323e-02
1.749999999999965583e+00 6.860422533611947038e-02
1.849999999999965228e+00 5.961839542832560873e-02
1.949999999999964873e+00 4.970284395439754366e-02
2.049999999999964295e+00 4.145777502725352115e-02
2.149999999999963940e+00 3.546781318132317951e-02
2.249999999999963585e+00 3.004562023074170210e-02
2.349999999999963229e+00 2.571194670921184144e-02
2.449999999999962874e+00 2.175885577534549670e-02
2.549999999999962519e+00 1.804351806640648245e-02
2.649999999999962164e+00 1.551073650981123903e-02
2.749999999999961808e+00 1.310836437136643495e-02
2.849999999999961453e+00 1.088874284611203620e-02
2.949999999999961098e+00 9.156160576399074297e-03
3.049999999999960743e+00 7.570843363917218252e-03
3.149999999999960387e+00 6.528455157612696180e-03
3.249999999999960032e+00 5.397353061409917649e-03
3.349999999999959677e+00 4.045353379360481193e-03
3.449999999999959321e+00 3.514844317768907583e-03
3.549999999999958966e+00 2.680046613826315462e-03
3.649999999999958611e+00 2.520361612009454008e-03
3.749999999999958256e+00 2.169054608012359331e-03
3.849999999999957900e+00 1.959689827852475509e-03
3.949999999999957545e+00 1.729033714117009929e-03
4.049999999999957190e+00 1.478860544603927737e-03
4.149999999999956835e+00 1.302319903706398475e-03
4.249999999999956479e+00 9.820627611736945130e-04
4.349999999999956124e+00 1.091180845748549290e-03
4.449999999999955769e+00 9.909341501635198120e-04
4.549999999999955413e+00 8.631861487100312130e-04
4.649999999999955058e+00 7.425352584484032001e-04
4.749999999999954703e+00 5.234119503997108555e-04
4.849999999999954348e+00 3.770340320675882721e-04
4.949999999999953992e+00 2.963043922601752973e-04
5.049999999999953637e+00 2.271075581395356124e-04
5.149999999999953282e+00 2.067033634629366441e-04
5.249999999999952927e+00 1.951705577761633542e-04
5.349999999999952571e+00 8.339105650436074877e-05
5.449999999999952216e+00 8.250391760537820261e-05
5.549999999999951861e+00 9.492386219113403863e-05
5.649999999999951505e+00 8.250391760537817551e-05
5.749999999999951150e+00 7.895536200944795020e-05
5.849999999999950795e+00 8.339105650436072167e-05
5.949999999999950440e+00 7.008397301962232594e-05
6.049999999999950084e+00 4.524408384811062002e-05
6.149999999999949729e+00 3.992125045421525496e-05
6.249999999999949374e+00 3.637269485828500932e-05
6.349999999999949019e+00 8.871388989825612401e-06
6.449999999999948663e+00 0.000000000000000000e+00
6.549999999999948308e+00 0.000000000000000000e+00
6.649999999999947953e+00 0.000000000000000000e+00
6.749999999999947597e+00 0.000000000000000000e+00
6.849999999999947242e+00 0.000000000000000000e+00
6.949999999999946887e+00 0.000000000000000000e+00
7.049999999999946532e+00 0.000000000000000000e+00
7.149999999999946176e+00 0.000000000000000000e+00
7.249999999999945821e+00 0.000000000000000000e+00
7.349999999999945466e+00 0.000000000000000000e+00
7.449999999999945111e+00 0.000000000000000000e+00
7.549999999999944755e+00 0.000000000000000000e+00
7.649999999999944400e+00 0.000000000000000000e+00
7.749999999999944045e+00 0.000000000000000000e+00
7.849999999999943689e+00 0.000000000000000000e+00
7.949999999999943334e+00 0.000000000000000000e+00
