-7.950000000000000178e+00 0.000000000000000000e+00
-7.850000000000000533e+00 0.000000000000000000e+00
-7.750000000000000888e+00 0.000000000000000000e+00
-7.650000000000001243e+00 0.000000000000000000e+00
-7.550000000000001599e+00 0.000000000000000000e+00
-7.450000000000001954e+00 0.000000000000000000e+00
-7.350000000000002309e+00 0.000000000000000000e+00
-7.250000000000002665e+00 0.000000000000000000e+00
-7.150000000000003020e+00 0.000000000000000000e+00
-7.050000000000003375e+00 0.000000000000000000e+00
-6.950000000000003730e+00 0.000000000000000000e+00
-6.850000000000004086e+00 0.000000000000000000e+00
-6.750000000000004441e+00 0.000000000000000000e+00
-6.650000000000004796e+00 0.000000000000000000e+00
-6.550000000000005151e+00 0.000000000000000000e+00
-6.450000000000005507e+00 0.000000000000000000e+00
-6.350000000000005862e+00 0.000000000000000000e+00
-6.250000000000006217e+00 0.000000000000000000e+00
-6.150000000000006573e+00 0.000000000000000000e+00
-6.050000000000006928e+00 2.395275027252915297e-05
-5.950000000000007283e+00 1.774277797965122480e-05
-5.850000000000007638e+00 3.459841706031988989e-05
-5.750000000000007994e+00 3.637269485828501609e-05
-5.650000000000008349e+00 2.129133357558147044e-05
-5.550000000000008704e+00 1.596850018168610198e-05
-5.450000000000009059e+00 4.524408384811062680e-05
-5.350000000000009415e+00 3.992125045421525496e-05
-5.250000000000009770e+00 8.250391760537818906e-05
-5.150000000000010125e+00 1.543621684229655802e-04
-5.050000000000010481e+00 1.499264739280527952e-04
-4.950000000000010836e+00 1.765406408975296409e-04
-4.850000000000011191e+00 2.554960029069775775e-04
-4.750000000000011546e+00 2.918686977652625936e-04
-4.650000000000011902e+00 3.450970317042161765e-04
-4.550000000000012257e+00 4.959106445312515179e-04
-4.450000000000012612e+00 6.112387013989841996e-04
-4.350000000000012967e+00 7.567294808321241555e-04
-4.250000000000013323e+00 8.010864257812521684e-04
-4.150000000000013678e+00 1.086745151253636424e-03
-4.050000000000014033e+00 1.374178154523986043e-03
-3.950000000000014388e+00 1.710403797238376107e-03
-3.850000000000014744e+00 2.012031022892446681e-03
-3.750000000000015099e+00 2.667626669240559870e-03
-3.650000000000015454e+00 3.258461175962945426e-03
-3.550000000000015810e+00 3.760581792787078860e-03
-3.450000000000016165e+00 4.394886105559613759e-03
-3.350000000000016520e+00 5.656397619912828176e-03
-3.250000000000016875e+00 6.587006324945546450e-03
-3.150000000000017231e+00 7.349945778070556858e-03
-3.050000000000017586e+00 8.960102879723924954e-03
-2.950000000000017941e+00 1.014620758766362693e-02
-2.850000000000018296e+00 1.221590263898996755e-02
-2.750000000000018652e+00 1.523217489553071319e-02
-2.650000000000019007e+00 1.807989076126477121e-02
-2.550000000000019362e+00 2.055766970612309813e-02
-2.450000000000019718e+00 2.294141192768926751e-02
-2.350000000000020073e+00 2.716508022574529516e-02
-2.250000000000020428e+00 3.285341484602154888e-02
-2.150000000000020783e+00 3.760759220566915750e-02
-2.050000000000021139e+00 4.347956457803479891e-02
-1.950000000000021272e+00 5.253725273664686113e-02
-1.850000000000021627e+00 5.973461062409228528e-02
-1.750000000000021982e+00 6.854744844658453018e-02
-1.650000000000022338e+00 7.672154626180932580e-02
-1.550000000000022693e+00 8.874760117641593282e-02
-1.450000000000023048e+00 1.034732197606267196e-01
-1.350000000000023404e+00 1.172433897506334616e-01
-1.250000000000023759e+00 1.345470339752875555e-01
-1.150000000000024114e+00 1.536267302757047815e-01
-1.050000000000024469e+00 1.745099799577539135e-01
-9.500000000000248246e-01 2.039071016533390568e-01
-8.500000000000251799e-01 2.288090905477794812e-01
-7.500000000000255351e-01 2.618434817291928618e-01
-6.500000000000258904e-01 2.980733472247409921e-01
-5.500000000000262457e-01 3.385508337686189417e-01
-4.500000000000266565e-01 3.782786879428573501e-01
-3.500000000000270117e-01 4.215843732966931823e-01
-2.500000000000273670e-01 4.734252219976405329e-01
-1.500000000000277223e-01 5.234580816224583266e-01
-5.000000000002806366e-02 5.488382383834504719e-01
4.999999999997158107e-02 5.497528785883014635e-01
1.499999999999712119e-01 5.228530528933529320e-01
2.499999999999708566e-01 4.779105962708956046e-01
3.499999999999705014e-01 4.194028987440953649e-01
4.499999999999701461e-01 3.755338801894053669e-01
5.499999999999698463e-01 3.388497995775759386e-01
6.499999999999694911e-01 2.967461874318627624e-01
7.499999999999691358e-01 2.621477703715436314e-01
8.499999999999687805e-01 2.305798197901486601e-01
9.499999999999684253e-01 2.007666299509405228e-01
1.049999999999968070e+00 1.770383258198539866e-01
1.149999999999967715e+00 1.534528510515040522e-01
1.249999999999967359e+00 1.335578741029219696e-01
1.349999999999967004e+00 1.183407805686749054e-01
1.449999999999966649e+00 1.028220598087736387e-01
1.549999999999966294e+00 8.853557497955930056e-02
1.649999999999965938e+00 7.642524186954915977e-02
1.749999999999965583e+00 6.822098133175906465e-02
1.849999999999965228e+00 6.029173385265335083e-02
1.949999999999964873e+00 5.167584086573476232e-02
2.049999999999964295e+00 4.445009453352173623e-02
2.149999999999963940e+00 3.753750823264953573e-02
2.249999999999963585e+00 3.282236498455715773e-02
2.349999999999963229e+00 2.834053926689720365e-02
2.449999999999962874e+00 2.367951149164276153e-02
2.549999999999962519e+00 2.056387967841596942e-02
2.649999999999962164e+00 1.739147097565429609e-02
2.749999999999961808e+00 1.527830611827780613e-02
2.849999999999961453e+00 1.232058502906991163e-02
2.949999999999961098e+00 1.035468522892453100e-02
3.049999999999960743e+00 8.785336516624359104e-03
3.149999999999960387e+00 7.606328919876520316e-03
3.249999999999960032e+00 6.266749182412837717e-03
3.349999999999959677e+00 5.209279614825613851e-03
3.449999999999959321e+00 4.647720691769646056e-03
3.549999999999958966e+00 3.861715627271091779e-03
3.649999999999958611e+00 3.165311591569777185e-03
3.749999999999958256e+00 2.408582110737651945e-03
3.849999999999957900e+00 1.921542855196226160e-03
3.949999999999957545e+00 1.738792242005818452e-03
4.049999999999957190e+00 1.276592875635904284e-03
4.149999999999956835e+00 1.074325206667880615e-03
4.249999999999956479e+00 8.374591206395370219e-04
4.349999999999956124e+00 6.484985351562517347e-04
4.449999999999955769e+00 6.538213685501472828e-04
4.549999999999955413e+00 5.367190338844491293e-04
4.649999999999955058e+00 4.524408384811059156e-04
4.749999999999954703e+00 2.936429755632275233e-04
4.849999999999954348e+00 2.617059751998554278e-04
4.949999999999953992e+00 1.330708348473842013e-04
5.049999999999953637e+00 1.446036405341574369e-04
5.149999999999953282e+00 1.082309456758724479e-04
5.249999999999952927e+00 1.321836959484015738e-04
5.349999999999952571e+00 7.895536200944793664e-05
5.449999999999952216e+00 3.104986146438964425e-05
5.549999999999951861e+00 3.548555595930244960e-05
5.649999999999951505e+00 3.371127816133732340e-05
5.749999999999951150e+00 6.121258402979670168e-05
5.849999999999950795e+00 2.927558366642452482e-05
5.949999999999950440e+00 1.153280568677329663e-05
6.049999999999950084e+00 0.000000000000000000e+00
6.149999999999949729e+00 0.000000000000000000e+00
6.249999999999949374e+00 0.000000000000000000e+00
6.349999999999949019e+00 0.000000000000000000e+00
6.449999999999948663e+00 0.000000000000000000e+00
6.549999999999948308e+00 0.000000000000000000e+00
6.649999999999947953e+00 0.000000000000000000e+00
6.749999999999947597e+00 0.000000000000000000e+00
6.849999999999947242e+00 0.000000000000000000e+00
6.949999999999946887e+00 0.000000000000000000e+00
7.049999999999946532e+00 0.000000000000000000e+00
7.149999999999946176e+00 0.000000000000000000e+00
7.249999999999945821e+00 0.000000000000000000e+00
7.349999999999945466e+00 0.000000000000000000e+00
7.449999999999945111e+00 0.000000000000000000e+00
7.549999999999944755e+00 0.000000000000000000e+00
7.649999999999944400e+00 0.000000000000000000e+00
7.749999999999944045e+00 0.000000000000000000e+00
7.849999999999943689e+00 0.000000000000000000e+00
7.949999999999943334e+00 0.000000000000000000e+00
