-7.950000000000000178e+00 4.524408384811060241e-04
-7.850000000000000533e+00 4.684093386627921260e-04
-7.750000000000000888e+00 5.376061727834318110e-04
-7.650000000000001243e+00 5.518003951671527664e-04
-7.550000000000001599e+00 5.597846452579959258e-04
-7.450000000000001954e+00 6.023673124091587922e-04
-7.350000000000002309e+00 6.272072015806704100e-04
-7.250000000000002665e+00 6.378528683684611808e-04
-7.150000000000003020e+00 6.768869799236938625e-04
-7.050000000000003375e+00 7.922290074827492094e-04
-6.950000000000003730e+00 8.951441051103874690e-04
-6.850000000000004086e+00 9.022412163022479467e-04
-6.750000000000004441e+00 9.492945046766299629e-04
-6.650000000000004796e+00 9.439716712827346317e-04
-6.550000000000005151e+00 1.100988271056986545e-03
-6.450000000000005507e+00 1.046893754256034061e-03
-6.350000000000005862e+00 1.100115102849326312e-03
-6.250000000000006217e+00 1.166685447001325048e-03
-6.150000000000006573e+00 1.305058159205620258e-03
-6.050000000000006928e+00 1.262510418782764000e-03
-5.950000000000007283e+00 1.314844628477073677e-03
-5.850000000000007638e+00 1.375211985681855462e-03
-5.750000000000007994e+00 1.443542636940496355e-03
-5.650000000000008349e+00 1.524251320710925386e-03
-5.550000000000008704e+00 1.531432256050721096e-03
-5.450000000000009059e+00 1.758442019350998486e-03
-5.350000000000009415e+00 1.886238918224116250e-03
-5.250000000000009770e+00 1.978522319755286404e-03
-5.150000000000010125e+00 2.210994623362684802e-03
-5.050000000000010481e+00 2.301559629861179603e-03
-4.950000000000010836e+00 2.384140386268831895e-03
-4.850000000000011191e+00 2.515409001935605890e-03
-4.750000000000011546e+00 2.749082784996744171e-03
-4.650000000000011902e+00 3.060342802317720257e-03
-4.550000000000012257e+00 3.215822626046490815e-03
-4.450000000000012612e+00 3.410071118195365149e-03
-4.350000000000012967e+00 3.751619594303653472e-03
-4.250000000000013323e+00 3.934300354037448613e-03
-4.150000000000013678e+00 4.153751973332222777e-03
-4.050000000000014033e+00 4.560850933125963624e-03
-3.950000000000014388e+00 4.687991209506923822e-03
-3.850000000000014744e+00 5.059688437489297946e-03
-3.750000000000015099e+00 5.244415903501850260e-03
-3.650000000000015454e+00 5.578036012284587168e-03
-3.550000000000015810e+00 6.128369484862877109e-03
-3.450000000000016165e+00 6.762792548511658078e-03
-3.350000000000016520e+00 7.164044773986908907e-03
-3.250000000000016875e+00 7.785712596458192920e-03
-3.150000000000017231e+00 8.233997154270842472e-03
-3.050000000000017586e+00 9.305178955391159301e-03
-2.950000000000017941e+00 1.007192542190156991e-02
-2.850000000000018296e+00 1.051777907942409718e-02
-2.750000000000018652e+00 1.155195950457661540e-02
-2.650000000000019007e+00 1.263739141084594189e-02
-2.550000000000019362e+00 1.379827902094842018e-02
-2.450000000000019718e+00 1.511225746656351399e-02
-2.350000000000020073e+00 1.682968153619150004e-02
-2.250000000000020428e+00 1.841703148426078462e-02
-2.150000000000020783e+00 2.010657703935460339e-02
-2.050000000000021139e+00 2.227621143105688178e-02
-1.950000000000021272e+00 2.484466714794428266e-02
-1.850000000000021627e+00 2.752673951201240615e-02
-1.750000000000021982e+00 3.137583261967361037e-02
-1.650000000000022338e+00 3.487362570868336731e-02
-1.550000000000022693e+00 3.920713158191736769e-02
-1.450000000000023048e+00 4.483974409985358456e-02
-1.350000000000023404e+00 5.125153699957727543e-02
-1.250000000000023759e+00 5.915453354968827626e-02
-1.150000000000024114e+00 6.880390842719280586e-02
-1.050000000000024469e+00 8.093612662515962952e-02
-9.500000000000248246e-01 9.491556360048669649e-02
-8.500000000000251799e-01 1.146924043832451279e-01
-7.500000000000255351e-01 1.409024341794875013e-01
-6.500000000000258904e-01 1.721708950510004721e-01
-5.500000000000262457e-01 2.199785518593808942e-01
-4.500000000000266565e-01 2.877328143061264054e-01
-3.500000000000270117e-01 3.879917342460652563e-01
-2.500000000000273670e-01 5.513944627600848580e-01
-1.500000000000277223e-01 8.542524713929455782e-01
-5.000000000002806366e-02 1.480843202248319779e+00
4.999999999997158107e-02 1.496321973816385098e+00
1.499999999999712119e-01 8.534319168088064789e-01
2.499999999999708566e-01 5.500660525903330322e-01
3.499999999999705014e-01 3.835368929186949716e-01
4.499999999999701461e-01 2.797073017784621474e-01
5.499999999999698463e-01 2.118937337470523929e-01
6.499999999999694911e-01 1.676886013151812072e-01
7.499999999999691358e-01 1.340384449283811563e-01
8.499999999999687805e-01 1.091737507944272600e-01
9.499999999999684253e-01 9.113113383761227426e-02
1.049999999999968070e+00 7.629998065115110861e-02
1.149999999999967715e+00 6.506746100366568586e-02
1.249999999999967359e+00 5.666783431842055407e-02
1.349999999999967004e+00 4.845739174971959440e-02
1.449999999999966649e+00 4.213828740157540831e-02
1.549999999999966294e+00 3.665036234832128731e-02
1.649999999999965938e+00 3.161031670283145911e-02
1.749999999999965583e+00 2.789412678172176890e-02
1.849999999999965228e+00 2.510624040157657597e-02
1.949999999999964873e+00 2.247275111658265934e-02
2.049999999999964295e+00 1.986824403073738851e-02
2.149999999999963940e+00 1.821413513418324720e-02
2.249999999999963585e+00 1.664178970859438861e-02
2.349999999999963229e+00 1.470447394289496612e-02
2.449999999999962874e+00 1.323788665061788501e-02
2.549999999999962519e+00 1.211152760411911625e-02
2.649999999999962164e+00 1.103226375806869858e-02
2.749999999999961808e+00 9.957316855636947489e-03
2.849999999999961453e+00 8.921452962180061175e-03
2.949999999999961098e+00 8.396280704673700357e-03
3.049999999999960743e+00 7.629771739915775820e-03
3.149999999999960387e+00 6.901654234912244293e-03
3.249999999999960032e+00 6.402774818474943168e-03
3.349999999999959677e+00 5.981530533717108362e-03
3.449999999999959321e+00 5.472005450492016358e-03
3.549999999999958966e+00 5.070746239671103384e-03
3.649999999999958611e+00 4.714807951500577660e-03
3.749999999999958256e+00 4.216235890272373651e-03
3.849999999999957900e+00 3.943975057778322663e-03
3.949999999999957545e+00 3.772394012300298895e-03
4.049999999999957190e+00 3.456593520299490116e-03
4.149999999999956835e+00 3.234990414541043073e-03
4.249999999999956479e+00 3.016335124651656381e-03
4.349999999999956124e+00 2.881175671451549451e-03
4.449999999999955769e+00 2.630876765716564248e-03
4.549999999999955413e+00 2.358497182346272827e-03
4.649999999999955058e+00 2.302565519636404125e-03
4.749999999999954703e+00 2.197072829459753920e-03
4.849999999999954348e+00 2.059559314771795303e-03
4.949999999999953992e+00 1.854539419613227512e-03
5.049999999999953637e+00 1.821505719981034600e-03
5.149999999999953282e+00 1.652173955805945945e-03
5.249999999999952927e+00 1.624016027445326438e-03
5.349999999999952571e+00 1.422258288710576309e-03
5.449999999999952216e+00 1.397446340921709588e-03
5.549999999999951861e+00 1.298945981752000359e-03
5.649999999999951505e+00 1.182723800639623717e-03
5.749999999999951150e+00 1.115301244316949233e-03
5.849999999999950795e+00 1.084209470778591932e-03
5.949999999999950440e+00 1.111703791301389774e-03
6.049999999999950084e+00 9.882936895035561442e-04
6.149999999999949729e+00 8.978125071529963587e-04
6.249999999999949374e+00 7.948904241796969292e-04
6.349999999999949019e+00 8.081905223187740329e-04
6.449999999999948663e+00 7.531809252361940793e-04
6.549999999999948308e+00 7.052754246911357734e-04
6.649999999999947953e+00 6.866455078125019516e-04
6.749999999999947597e+00 6.218843681867750788e-04
6.849999999999947242e+00 6.014801735101762189e-04
6.949999999999946887e+00 5.198633948037806709e-04
7.049999999999946532e+00 5.118791447129376199e-04
7.149999999999946176e+00 4.746193109556701931e-04
7.249999999999945821e+00 4.763935887536352312e-04
7.349999999999945466e+00 4.205038381177339827e-04
7.449999999999945111e+00 3.983253656431699221e-04
7.549999999999944755e+00 3.184828647347394664e-04
7.649999999999944400e+00 3.158214480377917466e-04
7.749999999999944045e+00 2.980786700581404981e-04
7.849999999999943689e+00 2.892072810683148738e-04
7.949999999999943334e+00 2.732387808866288802e-04
