-7.950000000000000178e+00 1.007731200220920970e-05
-7.850000000000000533e+00 1.178051966455442741e-05
-7.750000000000000888e+00 1.405146321434805158e-05
-7.650000000000001243e+00 1.759981251090059369e-05
-7.550000000000001599e+00 2.285136946979834504e-05
-7.450000000000001954e+00 2.994806806290342926e-05
-7.350000000000002309e+00 3.378028530318016783e-05
-7.250000000000002665e+00 4.030924800883683881e-05
-7.150000000000003020e+00 5.294137150456387422e-05
-7.050000000000003375e+00 6.131547584442787130e-05
-6.950000000000003730e+00 7.806368452415585191e-05
-6.850000000000004086e+00 8.941840227312399479e-05
-6.750000000000004441e+00 1.124117057147844669e-04
-6.650000000000004796e+00 1.290179804226503340e-04
-6.550000000000005151e+00 1.627982657258305221e-04
-6.450000000000005507e+00 1.794045404336964164e-04
-6.350000000000005862e+00 2.168751090052912296e-04
-6.250000000000006217e+00 2.578940268734386358e-04
-6.150000000000006573e+00 3.173643610836591675e-04
-6.050000000000006928e+00 3.602284205860138591e-04
-5.950000000000007283e+00 4.348856897854792587e-04
-5.850000000000007638e+00 5.040075340823225308e-04
-5.750000000000007994e+00 5.711423027730958349e-04
-5.650000000000008349e+00 6.618381107929777532e-04
-5.550000000000008704e+00 7.878754778065223761e-04
-5.450000000000009059e+00 9.027000610429612541e-04
-5.350000000000009415e+00 1.067627336346721554e-03
-5.250000000000009770e+00 1.223754705395031523e-03
-5.150000000000010125e+00 1.400178632419621632e-03
-5.050000000000010481e+00 1.685182047918718168e-03
-4.950000000000010836e+00 1.963372632768434125e-03
-4.850000000000011191e+00 2.235743924771804378e-03
-4.750000000000011546e+00 2.560346918420426752e-03
-4.650000000000011902e+00 2.955492213674842245e-03
-4.550000000000012257e+00 3.360002915891498014e-03
-4.450000000000012612e+00 3.949455818625134847e-03
-4.350000000000012967e+00 4.482132897433312342e-03
-4.250000000000013323e+00 5.131056134377221314e-03
-4.150000000000013678e+00 5.898633936617196476e-03
-4.050000000000014033e+00 6.720574685261018061e-03
-3.950000000000014388e+00 7.734126295918682809e-03
-3.850000000000014744e+00 8.742995203095087556e-03
-3.750000000000015099e+00 9.960785328900819552e-03
-3.650000000000015454e+00 1.137728972085546783e-02
-3.550000000000015810e+00 1.297787688636359987e-02
-3.450000000000016165e+00 1.476965581751195876e-02
-3.350000000000016520e+00 1.675360775861026510e-02
-3.250000000000016875e+00 1.898779823282438148e-02
-3.150000000000017231e+00 2.158405779889740680e-02
-3.050000000000017586e+00 2.447980028078015902e-02
-2.950000000000017941e+00 2.764095929004498770e-02
-2.850000000000018296e+00 3.147573134181565202e-02
-2.750000000000018652e+00 3.564277864484630826e-02
-2.650000000000019007e+00 3.997915317630860998e-02
-2.550000000000019362e+00 4.536031485055117690e-02
-2.450000000000019718e+00 5.119508855814255965e-02
-2.350000000000020073e+00 5.770928677795399142e-02
-2.250000000000020428e+00 6.536310862073602124e-02
-2.150000000000020783e+00 7.342835793228319474e-02
-2.050000000000021139e+00 8.275586181849026168e-02
-1.950000000000021272e+00 9.303829523220477626e-02
-1.850000000000021627e+00 1.047961278130645352e-01
-1.750000000000021982e+00 1.172782561578790128e-01
-1.650000000000022338e+00 1.317656768311349091e-01
-1.550000000000022693e+00 1.475148256940042035e-01
-1.450000000000023048e+00 1.653802827207084825e-01
-1.350000000000023404e+00 1.849670870183975913e-01
-1.250000000000023759e+00 2.063832816321882757e-01
-1.150000000000024114e+00 2.302504289525748871e-01
-1.050000000000024469e+00 2.560975194175472147e-01
-9.500000000000248246e-01 2.843749184605449121e-01
-8.500000000000251799e-01 3.151495127452063061e-01
-7.500000000000255351e-01 3.476834836645892324e-01
-6.500000000000258904e-01 3.815817105104261087e-01
-5.500000000000262457e-01 4.180323359722583065e-01
-4.500000000000266565e-01 4.545237702449766437e-01
-3.500000000000270117e-01 4.900081438716724636e-01
-2.500000000000273670e-01 5.227681094371710024e-01
-1.500000000000277223e-01 5.480575446794886396e-01
-5.000000000002806366e-02 5.581667694735655827e-01
4.999999999997158107e-02 5.299139987686387610e-01
1.499999999999712119e-01 4.695187903876342217e-01
2.499999999999708566e-01 4.037781742822400544e-01
3.499999999999705014e-01 3.418609755108659165e-01
4.499999999999701461e-01 2.859586691277365977e-01
5.499999999999698463e-01 2.374567754505073347e-01
6.499999999999694911e-01 1.964999117854230593e-01
7.499999999999691358e-01 1.613199742348792320e-01
8.499999999999687805e-01 1.320968121402594786e-01
9.499999999999684253e-01 1.078724572459480446e-01
1.049999999999968070e+00 8.823898461127413495e-02
1.149999999999967715e+00 7.173256548177536773e-02
1.249999999999967359e+00 5.835397099477737659e-02
1.349999999999967004e+00 4.743980511856696336e-02
1.449999999999966649e+00 3.834494777609530336e-02
1.549999999999966294e+00 3.122126272930255894e-02
1.649999999999965938e+00 2.529450016167843554e-02
1.749999999999965583e+00 2.042176497367979154e-02
1.849999999999965228e+00 1.658911075558338125e-02
1.949999999999964873e+00 1.339857364932415390e-02
2.049999999999964295e+00 1.086846425486217779e-02
2.149999999999963940e+00 8.738879117911085154e-03
2.249999999999963585e+00 7.129493163737739281e-03
2.349999999999963229e+00 5.681619128820683887e-03
2.449999999999962874e+00 4.639680723790585819e-03
2.549999999999962519e+00 3.726335614857907968e-03
2.649999999999962164e+00 2.984588677906573149e-03
2.749999999999961808e+00 2.419266785570158181e-03
2.849999999999961453e+00 1.931437489099461710e-03
2.949999999999961098e+00 1.587106790952336850e-03
3.049999999999960743e+00 1.271018718025110784e-03
3.149999999999960387e+00 1.025898748619264150e-03
3.249999999999960032e+00 8.320169430556356282e-04
3.349999999999959677e+00 6.574381576652525878e-04
3.449999999999959321e+00 5.233105542555680119e-04
3.549999999999958966e+00 4.275051232486500085e-04
3.649999999999958611e+00 3.434802119062858785e-04
3.749999999999958256e+00 2.789002547090296412e-04
3.849999999999957900e+00 2.310685061915013845e-04
3.949999999999957545e+00 1.866431729986635802e-04
4.049999999999957190e+00 1.534306235829318188e-04
4.149999999999956835e+00 1.275986407040293077e-04
4.249999999999956479e+00 9.580543100691855907e-05
4.349999999999956124e+00 7.607660891808643944e-05
4.449999999999955769e+00 6.983151415615396153e-05
4.549999999999955413e+00 4.996075809545974874e-05
4.649999999999955058e+00 4.002538006511263896e-05
4.749999999999954703e+00 3.236094558455915505e-05
4.849999999999954348e+00 2.696745465379929701e-05
4.949999999999953992e+00 1.887721825765950655e-05
5.049999999999953637e+00 1.504500101738276290e-05
5.149999999999953282e+00 1.220632158014073226e-05
5.249999999999952927e+00 9.935378030347106392e-06
5.349999999999952571e+00 8.090236396139787069e-06
5.449999999999952216e+00 9.083774199174498386e-06
5.549999999999951861e+00 4.258019155863045959e-06
5.649999999999951505e+00 4.967689015173554043e-06
5.749999999999951150e+00 3.122547380966233873e-06
5.849999999999950795e+00 3.406415324690436683e-06
5.949999999999950440e+00 2.129009577931522980e-06
6.049999999999950084e+00 1.135471774896812298e-06
6.149999999999949729e+00 1.845141634207319958e-06
6.249999999999949374e+00 1.561273690483116936e-06
6.349999999999949019e+00 9.935378030347108933e-07
6.449999999999948663e+00 9.935378030347108933e-07
6.549999999999948308e+00 7.096698593105076599e-07
6.649999999999947953e+00 5.677358874484061491e-07
6.749999999999947597e+00 4.258019155863046383e-07
6.849999999999947242e+00 1.419339718621015373e-07
6.949999999999946887e+00 2.838679437242030746e-07
7.049999999999946532e+00 4.258019155863046383e-07
7.149999999999946176e+00 2.838679437242030746e-07
7.249999999999945821e+00 0.000000000000000000e+00
7.349999999999945466e+00 2.838679437242030746e-07
7.449999999999945111e+00 0.000000000000000000e+00
7.549999999999944755e+00 1.419339718621015373e-07
7.649999999999944400e+00 0.000000000000000000e+00
7.749999999999944045e+00 0.000000000000000000e+00
7.849999999999943689e+00 0.000000000000000000e+00
7.949999999999943334e+00 0.000000000000000000e+00
