-7.950000000000000178e+00 0.000000000000000000e+00
-7.850000000000000533e+00 0.000000000000000000e+00
-7.750000000000000888e+00 0.000000000000000000e+00
-7.650000000000001243e+00 0.000000000000000000e+00
-7.550000000000001599e+00 0.000000000000000000e+00
-7.450000000000001954e+00 1.401679460392447332e-04
-7.350000000000002309e+00 2.750130586845937828e-05
-7.250000000000002665e+00 1.508136128270354227e-05
-7.150000000000003020e+00 9.758527888808173810e-06
-7.050000000000003375e+00 7.984250090843050991e-06
-6.950000000000003730e+00 6.209972292877929019e-06
-6.850000000000004086e+00 5.322833393895367610e-06
-6.750000000000004441e+00 4.435694494912806200e-06
-6.650000000000004796e+00 4.435694494912806200e-06
-6.550000000000005151e+00 6.564827852470947315e-05
-6.450000000000005507e+00 7.540680641351764357e-05
-6.350000000000005862e+00 7.097111191860487210e-05
-6.250000000000006217e+00 6.387400072674438082e-05
-6.150000000000006573e+00 7.629394531250023039e-05
-6.050000000000006928e+00 1.543621684229654718e-04
-5.950000000000007283e+00 9.935955668604682365e-05
-5.850000000000007638e+00 7.806822311046539048e-05
-5.750000000000007994e+00 1.108923623728201271e-04
-5.650000000000008349e+00 1.481521961300876487e-04
-5.550000000000008704e+00 1.800891964934598255e-04
-5.450000000000009059e+00 1.898477243822679959e-04
-5.350000000000009415e+00 1.933962799781982619e-04
-5.250000000000009770e+00 2.688030863917159055e-04
-5.150000000000010125e+00 3.841311432594486956e-04
-5.050000000000010481e+00 8.064092591751493427e-04
-4.950000000000010836e+00 5.172019781068328426e-04
-4.850000000000011191e+00 7.771336755087237744e-04
-4.750000000000011546e+00 8.676218432049438625e-04
-4.650000000000011902e+00 8.933488712754381620e-04
-4.550000000000012257e+00 1.031742539516717532e-03
-4.450000000000012612e+00 1.106262207031252602e-03
-4.350000000000012967e+00 1.286351403524712373e-03
-4.250000000000013323e+00 1.408776571584305533e-03
-4.150000000000013678e+00 1.839926076489830069e-03
-4.050000000000014033e+00 1.941947049872825995e-03
-3.950000000000014388e+00 1.926865688590121382e-03
-3.850000000000014744e+00 2.624156863190414430e-03
-3.750000000000015099e+00 2.954172533611927783e-03
-3.650000000000015454e+00 3.975269406340860290e-03
-3.550000000000015810e+00 4.797647165697700722e-03
-3.450000000000016165e+00 5.040723224018926231e-03
-3.350000000000016520e+00 5.702528842659924588e-03
-3.250000000000016875e+00 6.477888240370691456e-03
-3.150000000000017231e+00 7.321557333303115381e-03
-3.050000000000017586e+00 8.468627929687581532e-03
-2.950000000000017941e+00 9.282134300054596665e-03
-2.850000000000018296e+00 1.161530960437876306e-02
-2.750000000000018652e+00 1.267987628315785098e-02
-2.650000000000019007e+00 1.357854798782719662e-02
-2.550000000000019362e+00 1.674385957939701977e-02
-2.450000000000019718e+00 1.983908719794720554e-02
-2.350000000000020073e+00 2.243662989416818007e-02
-2.250000000000020428e+00 2.617769463117768786e-02
-2.150000000000020783e+00 3.196272739144303404e-02
-2.050000000000021139e+00 3.608526185501505223e-02
-1.950000000000021272e+00 4.344496616097447833e-02
-1.850000000000021627e+00 5.175568336664304603e-02
-1.750000000000021982e+00 6.282895110374316083e-02
-1.650000000000022338e+00 7.244376249091566411e-02
-1.550000000000022693e+00 8.425512979196864150e-02
-1.450000000000023048e+00 1.019003224927307744e-01
-1.350000000000023404e+00 1.222690316133694666e-01
-1.250000000000023759e+00 1.441476511400763827e-01
-1.150000000000024114e+00 1.655427799668383604e-01
-1.050000000000024469e+00 1.919653249341347345e-01
-9.500000000000248246e-01 2.187223212663477190e-01
-8.500000000000251799e-01 2.524868277616238998e-01
-7.500000000000255351e-01 2.873292080191636177e-01
-6.500000000000258904e-01 3.248738133630048042e-01
-5.500000000000262457e-01 3.686319395553207534e-01
-4.500000000000266565e-01 4.005476485851189317e-01
-3.500000000000270117e-01 4.379405531772354587e-01
-2.500000000000273670e-01 4.597544115643187324e-01
-1.500000000000277223e-01 4.750256205714045166e-01
-5.000000000002806366e-02 4.808408160542348431e-01
4.999999999997158107e-02 4.846732560978402882e-01
1.499999999999712119e-01 4.741127546443513197e-01
2.499999999999708566e-01 4.513603033021450495e-01
3.499999999999705014e-01 4.281997680664058059e-01
4.499999999999701461e-01 3.985790873682761859e-01
5.499999999999698463e-01 3.630961928256691840e-01
6.499999999999694911e-01 3.239742545194354006e-01
7.499999999999691358e-01 2.908387295035380626e-01
8.499999999999687805e-01 2.539044757221983195e-01
9.499999999999684253e-01 2.216143940770312071e-01
1.049999999999968070e+00 1.901910471361696331e-01
1.149999999999967715e+00 1.652562341024669257e-01
1.249999999999967359e+00 1.421214258948003406e-01
1.349999999999967004e+00 1.186636991279042541e-01
1.449999999999966649e+00 9.995926258175699686e-02
1.549999999999966294e+00 8.387543434320417213e-02
1.649999999999965938e+00 7.231867590615913277e-02
1.749999999999965583e+00 6.221150243005136443e-02
1.849999999999965228e+00 5.114621894304215155e-02
1.949999999999964873e+00 4.355230996775136948e-02
2.049999999999964295e+00 3.723055817360154673e-02
2.149999999999963940e+00 3.124946771666104600e-02
2.249999999999963585e+00 2.677917480468787470e-02
2.349999999999963229e+00 2.412485521893201895e-02
2.449999999999962874e+00 2.020724984102497193e-02
2.549999999999962519e+00 1.727259436319062910e-02
2.649999999999962164e+00 1.406115154887371474e-02
2.749999999999961808e+00 1.312522001044710319e-02
2.849999999999961453e+00 1.143433326898632245e-02
2.949999999999961098e+00 9.284795716751548939e-03
3.049999999999960743e+00 8.517420569131621544e-03
3.149999999999960387e+00 7.511405057685386494e-03
3.249999999999960032e+00 6.683704464934647586e-03
3.349999999999959677e+00 5.411547283793639689e-03
3.449999999999959321e+00 4.969752112100320370e-03
3.549999999999958966e+00 4.104791685592319023e-03
3.649999999999958611e+00 3.119180368822687278e-03
3.749999999999958256e+00 2.806907476380825391e-03
3.849999999999957900e+00 2.601978390715852917e-03
3.949999999999957545e+00 2.326078193132273281e-03
4.049999999999957190e+00 2.125584801962216060e-03
4.149999999999956835e+00 2.047516578851751781e-03
4.249999999999956479e+00 1.859443132267448416e-03
4.349999999999956124e+00 1.351999682049421711e-03
4.449999999999955769e+00 1.221590263898986260e-03
4.549999999999955413e+00 1.079648040061776055e-03
4.649999999999955058e+00 1.054808150890264220e-03
4.749999999999954703e+00 1.001579816951310474e-03
4.849999999999954348e+00 8.374591206395369134e-04
4.949999999999953992e+00 6.591442019440423971e-04
5.049999999999953637e+00 5.269605059956409317e-04
5.149999999999953282e+00 2.829973087754368609e-04
5.249999999999952927e+00 2.892072810683147654e-04
5.349999999999952571e+00 2.377532249273263290e-04
5.449999999999952216e+00 2.049290856649716060e-04
5.549999999999951861e+00 2.271075581395355582e-04
5.649999999999951505e+00 1.792020575944773065e-04
5.749999999999951150e+00 2.501731695130820837e-04
5.849999999999950795e+00 8.960102879723868033e-05
5.949999999999950440e+00 9.581100109011661189e-05
6.049999999999950084e+00 9.758527888808170422e-05
6.149999999999949729e+00 7.895536200944790954e-05
6.249999999999949374e+00 9.669813998909911740e-05
6.349999999999949019e+00 8.339105650436072167e-05
6.449999999999948663e+00 6.209972292877926139e-05
6.549999999999948308e+00 3.548555595930244960e-05
6.649999999999947953e+00 2.661416696947683551e-05
6.749999999999947597e+00 2.306561137354659326e-05
6.849999999999947242e+00 1.951705577761634762e-05
6.949999999999946887e+00 1.330708348473841945e-05
7.049999999999946532e+00 1.330708348473841945e-05
7.149999999999946176e+00 1.330708348473841945e-05
7.249999999999945821e+00 1.685563908066866170e-05
7.349999999999945466e+00 2.217847247456401999e-05
7.449999999999945111e+00 4.967977834302337117e-05
7.549999999999944755e+00 0.000000000000000000e+00
7.649999999999944400e+00 0.000000000000000000e+00
7.749999999999944045e+00 0.000000000000000000e+00
7.849999999999943689e+00 0.000000000000000000e+00
7.949999999999943334e+00 0.000000000000000000e+00
