-7.950000000000000178e+00 0.000000000000000000e+00
-7.850000000000000533e+00 0.000000000000000000e+00
-7.750000000000000888e+00 0.000000000000000000e+00
-7.650000000000001243e+00 0.000000000000000000e+00
-7.550000000000001599e+00 0.000000000000000000e+00
-7.450000000000001954e+00 0.000000000000000000e+00
-7.350000000000002309e+00 0.000000000000000000e+00
-7.250000000000002665e+00 0.000000000000000000e+00
-7.150000000000003020e+00 0.000000000000000000e+00
-7.050000000000003375e+00 0.000000000000000000e+00
-6.950000000000003730e+00 0.000000000000000000e+00
-6.850000000000004086e+00 0.000000000000000000e+00
-6.750000000000004441e+00 0.000000000000000000e+00
-6.650000000000004796e+00 4.435694494912806200e-06
-6.550000000000005151e+00 4.435694494912806200e-06
-6.450000000000005507e+00 1.241994458575585804e-05
-6.350000000000005862e+00 8.871388989825612401e-06
-6.250000000000006217e+00 2.483988917151171608e-05
-6.150000000000006573e+00 2.306561137354659326e-05
-6.050000000000006928e+00 2.306561137354659326e-05
-5.950000000000007283e+00 4.169552825218037439e-05
-5.850000000000007638e+00 4.258266715116294765e-05
-5.750000000000007994e+00 4.967977834302343215e-05
-5.650000000000008349e+00 4.967977834302342538e-05
-5.550000000000008704e+00 4.346980605014550059e-05
-5.450000000000009059e+00 6.209972292877927495e-05
-5.350000000000009415e+00 8.072963980741306963e-05
-5.250000000000009770e+00 7.629394531250027105e-05
-5.150000000000010125e+00 1.117795012718027139e-04
-5.050000000000010481e+00 1.446036405341574911e-04
-4.950000000000010836e+00 1.747663630995645756e-04
-4.850000000000011191e+00 2.075905023619193258e-04
-4.750000000000011546e+00 2.546088640079950585e-04
-4.650000000000011902e+00 3.238056981286348518e-04
-4.550000000000012257e+00 4.169552825218036897e-04
-4.450000000000012612e+00 4.701836164607573268e-04
-4.350000000000012967e+00 5.651074786518912570e-04
-4.250000000000013323e+00 6.839840911155543402e-04
-4.150000000000013678e+00 7.789079533066882704e-04
-4.050000000000014033e+00 9.057688158611942961e-04
-3.950000000000014388e+00 1.092067984647531863e-03
-3.850000000000014744e+00 1.223364541696950756e-03
-3.750000000000015099e+00 1.479747683502910527e-03
-3.650000000000015454e+00 1.829280409702038973e-03
-3.550000000000015810e+00 2.334062443223115790e-03
-3.450000000000016165e+00 2.794487531795063727e-03
-3.350000000000016520e+00 3.340965093568321054e-03
-3.250000000000016875e+00 4.037369129269635648e-03
-3.150000000000017231e+00 4.967977834302351320e-03
-3.050000000000017586e+00 5.932297817496406944e-03
-2.950000000000017941e+00 7.174292276072007785e-03
-2.850000000000018296e+00 8.953005768532064368e-03
-2.750000000000018652e+00 1.109367193177701258e-02
-2.650000000000019007e+00 1.374533010083592126e-02
-2.550000000000019362e+00 1.636327699173349345e-02
-2.450000000000019718e+00 1.994909242142104550e-02
-2.350000000000020073e+00 2.448680788971690711e-02
-2.250000000000020428e+00 3.003763598065086610e-02
-2.150000000000020783e+00 3.599920938181375846e-02
-2.050000000000021139e+00 4.415379014126155632e-02
-1.950000000000021272e+00 5.288323690725006687e-02
-1.850000000000021627e+00 6.353511366733358146e-02
-1.750000000000021982e+00 7.620877997819744398e-02
-1.650000000000022338e+00 9.055913880813842853e-02
-1.550000000000022693e+00 1.063573083212191184e-01
-1.450000000000023048e+00 1.255798339843724742e-01
-1.350000000000023404e+00 1.459795929664755854e-01
-1.250000000000023759e+00 1.670154305391496063e-01
-1.150000000000024114e+00 1.918455611827722951e-01
-1.050000000000024469e+00 2.151861856150036889e-01
-9.500000000000248246e-01 2.425180479537573930e-01
-8.500000000000251799e-01 2.710395635560457483e-01
-7.500000000000255351e-01 2.982161765874771220e-01
-6.500000000000258904e-01 3.256198971770488115e-01
-5.500000000000262457e-01 3.521009933116787671e-01
-4.500000000000266565e-01 3.744506835937470024e-01
-3.500000000000270117e-01 3.937681331190930889e-01
-2.500000000000273670e-01 4.101943969726550843e-01
-1.500000000000277223e-01 4.198118697765257368e-01
-5.000000000002806366e-02 4.268593011900435608e-01
4.999999999997158107e-02 4.272354480832120105e-01
1.499999999999712119e-01 4.224910292514529875e-01
2.499999999999708566e-01 4.105261869208744474e-01
3.499999999999705014e-01 3.945168783498345655e-01
4.499999999999701461e-01 3.750601480173479940e-01
5.499999999999698463e-01 3.539001109988153537e-01
6.499999999999694911e-01 3.270783535269757847e-01
7.499999999999691358e-01 2.997172156045556091e-01
8.499999999999687805e-01 2.703600151594252043e-01
9.499999999999684253e-01 2.436154387717986980e-01
1.049999999999968070e+00 2.174235499182374798e-01
1.149999999999967715e+00 1.915270783180376135e-01
1.249999999999967359e+00 1.663997561432556394e-01
1.349999999999967004e+00 1.450543070948368540e-01
1.449999999999966649e+00 1.242411413858078295e-01
1.549999999999966294e+00 1.053175815316116093e-01
1.649999999999965938e+00 8.953094482421768141e-02
1.749999999999965583e+00 7.541390352470911385e-02
1.849999999999965228e+00 6.337897722111271448e-02
1.949999999999964873e+00 5.353971969249717022e-02
2.049999999999964295e+00 4.428597383720996039e-02
2.149999999999963940e+00 3.655189691587989315e-02
2.249999999999963585e+00 2.983891686727876622e-02
2.349999999999963229e+00 2.431559008221326895e-02
2.449999999999962874e+00 1.995086669921901368e-02
2.549999999999962519e+00 1.658949741097404812e-02
2.649999999999962164e+00 1.377371854560336534e-02
2.749999999999961808e+00 1.111851182094852550e-02
2.849999999999961453e+00 9.211163188135992538e-03
2.949999999999961098e+00 7.482129474018960058e-03
3.049999999999960743e+00 5.983751873637395760e-03
3.149999999999960387e+00 4.847326944040721355e-03
3.249999999999960032e+00 4.044466240461494499e-03
3.349999999999959677e+00 3.387983455214397654e-03
3.449999999999959321e+00 2.704886502997825778e-03
3.549999999999958966e+00 2.199217330577766388e-03
3.649999999999958611e+00 1.803553381631544782e-03
3.749999999999958256e+00 1.469989155614102438e-03
3.849999999999957900e+00 1.192314680232561125e-03
3.949999999999957545e+00 1.021096872728927086e-03
4.049999999999957190e+00 8.906874545784908758e-04
4.149999999999956835e+00 7.922150367914266526e-04
4.249999999999956479e+00 7.398738417514555887e-04
4.349999999999956124e+00 6.032544513081413654e-04
4.449999999999955769e+00 5.234119503997109639e-04
4.549999999999955413e+00 3.832440043604663934e-04
4.649999999999955058e+00 3.122728924418615077e-04
4.749999999999954703e+00 2.421889194222391953e-04
4.849999999999954348e+00 1.916220021802332238e-04
4.949999999999953992e+00 1.454907794331400644e-04
5.049999999999953637e+00 1.330708348473841742e-04
5.149999999999953282e+00 9.226244549418637303e-05
5.249999999999952927e+00 8.605247320130844147e-05
5.349999999999952571e+00 9.048816769622125360e-05
5.449999999999952216e+00 6.032544513081416229e-05
5.549999999999951861e+00 5.411547283793623751e-05
5.649999999999951505e+00 4.524408384811062680e-05
5.749999999999951150e+00 4.080838935319781467e-05
5.849999999999950795e+00 4.701836164607574623e-05
5.949999999999950440e+00 3.193700036337220396e-05
6.049999999999950084e+00 3.016272256540708453e-05
6.149999999999949729e+00 2.927558366642452482e-05
6.249999999999949374e+00 1.596850018168610198e-05
6.349999999999949019e+00 1.596850018168610198e-05
6.449999999999948663e+00 0.000000000000000000e+00
6.549999999999948308e+00 0.000000000000000000e+00
6.649999999999947953e+00 0.000000000000000000e+00
6.749999999999947597e+00 0.000000000000000000e+00
6.849999999999947242e+00 0.000000000000000000e+00
6.949999999999946887e+00 0.000000000000000000e+00
7.049999999999946532e+00 0.000000000000000000e+00
7.149999999999946176e+00 0.000000000000000000e+00
7.249999999999945821e+00 0.000000000000000000e+00
7.349999999999945466e+00 0.000000000000000000e+00
7.449999999999945111e+00 0.000000000000000000e+00
7.549999999999944755e+00 0.000000000000000000e+00
7.649999999999944400e+00 0.000000000000000000e+00
7.749999999999944045e+00 0.000000000000000000e+00
7.849999999999943689e+00 0.000000000000000000e+00
7.949999999999943334e+00 0.000000000000000000e+00
