-7.950000000000000178e+00 0.000000000000000000e+00
-7.850000000000000533e+00 0.000000000000000000e+00
-7.750000000000000888e+00 0.000000000000000000e+00
-7.650000000000001243e+00 0.000000000000000000e+00
-7.550000000000001599e+00 0.000000000000000000e+00
-7.450000000000001954e+00 0.000000000000000000e+00
-7.350000000000002309e+00 0.000000000000000000e+00
-7.250000000000002665e+00 0.000000000000000000e+00
-7.150000000000003020e+00 0.000000000000000000e+00
-7.050000000000003375e+00 0.000000000000000000e+00
-6.950000000000003730e+00 0.000000000000000000e+00
-6.850000000000004086e+00 0.000000000000000000e+00
-6.750000000000004441e+00 0.000000000000000000e+00
-6.650000000000004796e+00 0.000000000000000000e+00
-6.550000000000005151e+00 0.000000000000000000e+00
-6.450000000000005507e+00 0.000000000000000000e+00
-6.350000000000005862e+00 0.000000000000000000e+00
-6.250000000000006217e+00 0.000000000000000000e+00
-6.150000000000006573e+00 0.000000000000000000e+00
-6.050000000000006928e+00 0.000000000000000000e+00
-5.950000000000007283e+00 0.000000000000000000e+00
-5.850000000000007638e+00 0.000000000000000000e+00
-5.750000000000007994e+00 0.000000000000000000e+00
-5.650000000000008349e+00 0.000000000000000000e+00
-5.550000000000008704e+00 0.000000000000000000e+00
-5.450000000000009059e+00 0.000000000000000000e+00
-5.350000000000009415e+00 0.000000000000000000e+00
-5.250000000000009770e+00 1.773633309117332983e-06
-5.150000000000010125e+00 0.000000000000000000e+00
-5.050000000000010481e+00 1.773633309117332983e-06
-4.950000000000010836e+00 0.000000000000000000e+00
-4.850000000000011191e+00 1.773633309117332983e-06
-4.750000000000011546e+00 1.773633309117332983e-06
-4.650000000000011902e+00 3.547266618234665965e-06
-4.550000000000012257e+00 4.434083272793332668e-06
-4.450000000000012612e+00 1.507588312749733141e-05
-4.350000000000012967e+00 1.684951643661466482e-05
-4.250000000000013323e+00 4.168038276425732234e-05
-4.150000000000013678e+00 4.256719941881598819e-05
-4.050000000000014033e+00 7.005851571013465683e-05
-3.950000000000014388e+00 1.356829481474759844e-04
-3.850000000000014744e+00 2.234777969487839583e-04
-3.750000000000015099e+00 2.961967626225946127e-04
-3.650000000000015454e+00 4.620314770250651278e-04
-3.550000000000015810e+00 6.775279240828209308e-04
-3.450000000000016165e+00 9.409124704867447442e-04
-3.350000000000016520e+00 1.434869347075921463e-03
-3.250000000000016875e+00 1.913750340537601242e-03
-3.150000000000017231e+00 2.687941279967316806e-03
-3.050000000000017586e+00 3.774291681801682750e-03
-2.950000000000017941e+00 5.101856213676005808e-03
-2.850000000000018296e+00 6.967718454867438335e-03
-2.750000000000018652e+00 9.208704140937187116e-03
-2.650000000000019007e+00 1.196049622003272916e-02
-2.550000000000019362e+00 1.563191716990561947e-02
-2.450000000000019718e+00 2.046772838721424084e-02
-2.350000000000020073e+00 2.547646885216180157e-02
-2.250000000000020428e+00 3.233333522520968895e-02
-2.150000000000020783e+00 4.006105555303425547e-02
-2.050000000000021139e+00 5.002798793361952490e-02
-1.950000000000021272e+00 6.085247201916299531e-02
-1.850000000000021627e+00 7.342309809753146121e-02
-1.750000000000021982e+00 8.772922436887124753e-02
-1.650000000000022338e+00 1.040697080457689272e-01
-1.550000000000022693e+00 1.216206964561394044e-01
-1.450000000000023048e+00 1.416308274496008157e-01
-1.350000000000023404e+00 1.620462336541959036e-01
-1.250000000000023759e+00 1.840437207705241385e-01
-1.150000000000024114e+00 2.082307582069578555e-01
-1.050000000000024469e+00 2.303337765051790276e-01
-9.500000000000248246e-01 2.546751200395052095e-01
-8.500000000000251799e-01 2.775922360266083744e-01
-7.500000000000255351e-01 2.999692806710856918e-01
-6.500000000000258904e-01 3.224589510306924423e-01
-5.500000000000262457e-01 3.419458601979641355e-01
-4.500000000000266565e-01 3.579555612627119965e-01
-3.500000000000270117e-01 3.716027827597151445e-01
-2.500000000000273670e-01 3.841219734721200707e-01
-1.500000000000277223e-01 3.906897376157817403e-01
-5.000000000002806366e-02 3.941908897679796686e-01
4.999999999997158107e-02 3.949783829572277027e-01
1.499999999999712119e-01 3.914399845055385185e-01
2.499999999999708566e-01 3.840545754063737771e-01
3.499999999999705014e-01 3.723477087495445925e-01
4.499999999999701461e-01 3.574589439361588461e-01
5.499999999999698463e-01 3.426091990555739653e-01
6.499999999999694911e-01 3.217432899904638655e-01
7.499999999999691358e-01 2.997413687908641045e-01
8.499999999999687805e-01 2.774734025948975558e-01
9.499999999999684253e-01 2.545491920745579506e-01
1.049999999999968070e+00 2.308126574986405499e-01
1.149999999999967715e+00 2.072605807868706518e-01
1.249999999999967359e+00 1.841731960020896175e-01
1.349999999999967004e+00 1.628594445264262003e-01
1.449999999999966649e+00 1.416858100821833943e-01
1.549999999999966294e+00 1.218530424196337947e-01
1.649999999999965938e+00 1.035695434525977510e-01
1.749999999999965583e+00 8.766093948647021850e-02
1.849999999999965228e+00 7.370421897702650327e-02
1.949999999999964873e+00 6.069461865465155398e-02
2.049999999999964295e+00 4.990915450190865077e-02
2.149999999999963940e+00 4.033242144932921991e-02
2.249999999999963585e+00 3.259849340492272651e-02
2.349999999999963229e+00 2.570172028241971690e-02
2.449999999999962874e+00 2.012098307528179322e-02
2.549999999999962519e+00 1.575341105158015870e-02
2.649999999999962164e+00 1.194275988694155563e-02
2.749999999999961808e+00 9.220232757446451127e-03
2.849999999999961453e+00 6.771731974209973560e-03
2.949999999999961098e+00 5.055741747638954967e-03
3.049999999999960743e+00 3.760102615328744097e-03
3.149999999999960387e+00 2.744697545859071421e-03
3.249999999999960032e+00 1.892466740828193262e-03
3.349999999999959677e+00 1.426887997184893633e-03
3.449999999999959321e+00 9.524410869960072377e-04
3.549999999999958966e+00 6.988115237922289114e-04
3.649999999999958611e+00 4.442951439338918107e-04
3.749999999999958256e+00 2.766867962223039639e-04
3.849999999999957900e+00 2.004205639302586461e-04
3.949999999999957545e+00 1.347961314929173185e-04
4.049999999999957190e+00 9.045529876498397152e-05
4.149999999999956835e+00 4.966173265528532182e-05
4.249999999999956479e+00 3.547266618234666134e-05
4.349999999999956124e+00 2.039678305484932824e-05
4.449999999999955769e+00 9.754983200145331192e-06
4.549999999999955413e+00 8.868166545586665336e-06
4.649999999999955058e+00 3.547266618234665965e-06
4.749999999999954703e+00 8.868166545586664913e-07
4.849999999999954348e+00 2.660449963675999262e-06
4.949999999999953992e+00 8.868166545586664913e-07
5.049999999999953637e+00 0.000000000000000000e+00
5.149999999999953282e+00 0.000000000000000000e+00
5.249999999999952927e+00 8.868166545586664913e-07
5.349999999999952571e+00 0.000000000000000000e+00
5.449999999999952216e+00 0.000000000000000000e+00
5.549999999999951861e+00 0.000000000000000000e+00
5.649999999999951505e+00 0.000000000000000000e+00
5.749999999999951150e+00 0.000000000000000000e+00
5.849999999999950795e+00 0.000000000000000000e+00
5.949999999999950440e+00 0.000000000000000000e+00
6.049999999999950084e+00 0.000000000000000000e+00
6.149999999999949729e+00 0.000000000000000000e+00
6.249999999999949374e+00 0.000000000000000000e+00
6.349999999999949019e+00 0.000000000000000000e+00
6.449999999999948663e+00 0.000000000000000000e+00
6.549999999999948308e+00 0.000000000000000000e+00
6.649999999999947953e+00 0.000000000000000000e+00
6.749999999999947597e+00 0.000000000000000000e+00
6.849999999999947242e+00 0.000000000000000000e+00
6.949999999999946887e+00 0.000000000000000000e+00
7.049999999999946532e+00 0.000000000000000000e+00
7.149999999999946176e+00 0.000000000000000000e+00
7.249999999999945821e+00 0.000000000000000000e+00
7.349999999999945466e+00 0.000000000000000000e+00
7.449999999999945111e+00 0.000000000000000000e+00
7.549999999999944755e+00 0.000000000000000000e+00
7.649999999999944400e+00 0.000000000000000000e+00
7.749999999999944045e+00 0.000000000000000000e+00
7.849999999999943689e+00 0.000000000000000000e+00
7.949999999999943334e+00 0.000000000000000000e+00
