-7.950000000000000178e+00 0.000000000000000000e+00
-7.850000000000000533e+00 0.000000000000000000e+00
-7.750000000000000888e+00 0.000000000000000000e+00
-7.650000000000001243e+00 0.000000000000000000e+00
-7.550000000000001599e+00 0.000000000000000000e+00
-7.450000000000001954e+00 0.000000000000000000e+00
-7.350000000000002309e+00 0.000000000000000000e+00
-7.250000000000002665e+00 0.000000000000000000e+00
-7.150000000000003020e+00 0.000000000000000000e+00
-7.050000000000003375e+00 0.000000000000000000e+00
-6.950000000000003730e+00 0.000000000000000000e+00
-6.850000000000004086e+00 0.000000000000000000e+00
-6.750000000000004441e+00 0.000000000000000000e+00
-6.650000000000004796e+00 0.000000000000000000e+00
-6.550000000000005151e+00 0.000000000000000000e+00
-6.450000000000005507e+00 2.661416696947683805e-06
-6.350000000000005862e+00 7.097111191860490429e-06
-6.250000000000006217e+00 1.064566678779073522e-05
-6.150000000000006573e+00 1.685563908066866170e-05
-6.050000000000006928e+00 2.483988917151171269e-05
-5.950000000000007283e+00 2.572702807049427918e-05
-5.850000000000007638e+00 1.951705577761634762e-05
-5.750000000000007994e+00 2.838844476744195833e-05
-5.650000000000008349e+00 7.629394531250025750e-05
-5.550000000000008704e+00 7.718108421148283077e-05
-5.450000000000009059e+00 9.758527888808174488e-05
-5.350000000000009415e+00 1.197637513626457649e-04
-5.250000000000009770e+00 1.277480014534888159e-04
-5.150000000000010125e+00 1.703306686046517364e-04
-5.050000000000010481e+00 2.013805300690413671e-04
-4.950000000000010836e+00 2.670288085937508674e-04
-4.850000000000011191e+00 3.406613372093033644e-04
-4.750000000000011546e+00 4.320366438045071100e-04
-4.650000000000011902e+00 4.710707553597397916e-04
-4.550000000000012257e+00 5.305090615915714417e-04
-4.450000000000012612e+00 5.837373955305249704e-04
-4.350000000000012967e+00 7.993121479832871303e-04
-4.250000000000013323e+00 8.968974268713686719e-04
-4.150000000000013678e+00 1.199411791424421494e-03
-4.050000000000014033e+00 1.409663710483288323e-03
-3.950000000000014388e+00 1.566687295603201406e-03
-3.850000000000014744e+00 1.920655716297242719e-03
-3.750000000000015099e+00 2.215185830759453141e-03
-3.650000000000015454e+00 2.592219862827040491e-03
-3.550000000000015810e+00 3.115631813226752214e-03
-3.450000000000016165e+00 3.627510957939690701e-03
-3.350000000000016520e+00 4.356739132903361157e-03
-3.250000000000016875e+00 5.122340002725318635e-03
-3.150000000000017231e+00 6.469016851380862687e-03
-3.050000000000017586e+00 7.536244946856897678e-03
-2.950000000000017941e+00 9.068333825399798459e-03
-2.850000000000018296e+00 1.054542009220578100e-02
-2.750000000000018652e+00 1.281915709029811390e-02
-2.650000000000019007e+00 1.507692558820875918e-02
-2.550000000000019362e+00 1.770817956259107193e-02
-2.450000000000019718e+00 2.070493476335420052e-02
-2.350000000000020073e+00 2.438656119413187828e-02
-2.250000000000020428e+00 2.938736316769664098e-02
-2.150000000000020783e+00 3.617841143940822568e-02
-2.050000000000021139e+00 4.159528155659582282e-02
-1.950000000000021272e+00 5.005858665288956399e-02
-1.850000000000021627e+00 5.860616994458659607e-02
-1.750000000000021982e+00 6.978589434956417037e-02
-1.650000000000022338e+00 8.235576540924709199e-02
-1.550000000000022693e+00 9.669015573900639759e-02
-1.450000000000023048e+00 1.152482143668216996e-01
-1.350000000000023404e+00 1.339216010515048572e-01
-1.250000000000023759e+00 1.544553180073543197e-01
-1.150000000000024114e+00 1.781463623046832812e-01
-1.050000000000024469e+00 2.050257838049558967e-01
-9.500000000000248246e-01 2.335881077965986652e-01
-8.500000000000251799e-01 2.625283529592073450e-01
-7.500000000000255351e-01 2.955148386400752170e-01
-6.500000000000258904e-01 3.230196930641306419e-01
-5.500000000000262457e-01 3.573386613712722371e-01
-4.500000000000266565e-01 3.859329223632794736e-01
-3.500000000000270117e-01 4.113964701807772961e-01
-2.500000000000273670e-01 4.276896631994919762e-01
-1.500000000000277223e-01 4.415210457735295746e-01
-5.000000000002806366e-02 4.513328019962773441e-01
4.999999999997158107e-02 4.536109746888641325e-01
1.499999999999712119e-01 4.459212547124830062e-01
2.499999999999708566e-01 4.316853368005096891e-01
3.499999999999705014e-01 4.115685751271799253e-01
4.499999999999701461e-01 3.842588912608993490e-01
5.499999999999698463e-01 3.556513231854068757e-01
6.499999999999694911e-01 3.273303009742871139e-01
7.499999999999691358e-01 2.935906343681820019e-01
8.499999999999687805e-01 2.631706415220708140e-01
9.499999999999684253e-01 2.332163965979250908e-01
1.049999999999968070e+00 2.052511170852974742e-01
1.149999999999967715e+00 1.781028924986331752e-01
1.249999999999967359e+00 1.549352601517039463e-01
1.349999999999967004e+00 1.340005564135142713e-01
1.449999999999966649e+00 1.138598419899140846e-01
1.549999999999966294e+00 9.694831315861028587e-02
1.649999999999965938e+00 8.124418036882199989e-02
1.749999999999965583e+00 6.806307060774015316e-02
1.849999999999965228e+00 5.811025930005532525e-02
1.949999999999964873e+00 4.899313283521148504e-02
2.049999999999964295e+00 4.177270933639233574e-02
2.149999999999963940e+00 3.562483676644310343e-02
2.249999999999963585e+00 2.886483835619590294e-02
2.349999999999963229e+00 2.501731695130848462e-02
2.449999999999962874e+00 2.109971157340144454e-02
2.549999999999962519e+00 1.739945522574513556e-02
2.649999999999962164e+00 1.490304636400817742e-02
2.749999999999961808e+00 1.272866892260189273e-02
2.849999999999961453e+00 1.081599745639546910e-02
2.949999999999961098e+00 8.737431016079297980e-03
3.049999999999960743e+00 7.156549498092355452e-03
3.149999999999960387e+00 6.128355514171554552e-03
3.249999999999960032e+00 5.275815032249304461e-03
3.349999999999959677e+00 4.334560660428797042e-03
3.449999999999959321e+00 3.774776015170797430e-03
3.549999999999958966e+00 3.244266953579224688e-03
3.649999999999958611e+00 2.678272336028349014e-03
3.749999999999958256e+00 2.153973246729655802e-03
3.849999999999957900e+00 1.697096713753637725e-03
3.949999999999957545e+00 1.658949741097387508e-03
4.049999999999957190e+00 1.311191292696224208e-03
4.149999999999956835e+00 1.164813374364101570e-03
4.249999999999956479e+00 7.939893145893917991e-04
4.349999999999956124e+00 6.289814793786355565e-04
4.449999999999955769e+00 5.402675894803795308e-04
4.549999999999955413e+00 5.305090615915713332e-04
4.649999999999955058e+00 4.080838935319780654e-04
4.749999999999954703e+00 3.610655318859023327e-04
4.849999999999954348e+00 2.954172533611928325e-04
4.949999999999953992e+00 2.457374750181694342e-04
5.049999999999953637e+00 1.987191133720937015e-04
5.149999999999953282e+00 1.996062522710762477e-04
5.249999999999952927e+00 1.197637513626457649e-04
5.349999999999952571e+00 9.492386219113406573e-05
5.449999999999952216e+00 9.758527888808173133e-05
5.549999999999951861e+00 6.653541742369208708e-05
5.649999999999951505e+00 8.161677870639562934e-05
5.749999999999951150e+00 6.830969522165722006e-05
5.849999999999950795e+00 5.411547283793623751e-05
5.949999999999950440e+00 3.725983375726757581e-05
6.049999999999950084e+00 1.330708348473841945e-05
6.149999999999949729e+00 6.209972292877929019e-06
6.249999999999949374e+00 9.758527888808173810e-06
6.349999999999949019e+00 7.097111191860489582e-06
6.449999999999948663e+00 0.000000000000000000e+00
6.549999999999948308e+00 0.000000000000000000e+00
6.649999999999947953e+00 0.000000000000000000e+00
6.749999999999947597e+00 0.000000000000000000e+00
6.849999999999947242e+00 0.000000000000000000e+00
6.949999999999946887e+00 0.000000000000000000e+00
7.049999999999946532e+00 0.000000000000000000e+00
7.149999999999946176e+00 0.000000000000000000e+00
7.249999999999945821e+00 0.000000000000000000e+00
7.349999999999945466e+00 0.000000000000000000e+00
7.449999999999945111e+00 0.000000000000000000e+00
7.549999999999944755e+00 0.000000000000000000e+00
7.649999999999944400e+00 0.000000000000000000e+00
7.749999999999944045e+00 0.000000000000000000e+00
7.849999999999943689e+00 0.000000000000000000e+00
7.949999999999943334e+00 0.000000000000000000e+00
