-7.950000000000000178e+00 0.000000000000000000e+00
-7.850000000000000533e+00 0.000000000000000000e+00
-7.750000000000000888e+00 1.773633309117332983e-06
-7.650000000000001243e+00 8.868166545586664913e-07
-7.550000000000001599e+00 2.660449963675999262e-06
-7.450000000000001954e+00 1.773633309117332983e-06
-7.350000000000002309e+00 8.868166545586664913e-07
-7.250000000000002665e+00 2.660449963675999262e-06
-7.150000000000003020e+00 3.547266618234665965e-06
-7.050000000000003375e+00 2.660449963675999262e-06
-6.950000000000003730e+00 1.773633309117332983e-06
-6.850000000000004086e+00 3.547266618234665965e-06
-6.750000000000004441e+00 4.434083272793332668e-06
-6.650000000000004796e+00 9.754983200145331192e-06
-6.550000000000005151e+00 8.868166545586665336e-06
-6.450000000000005507e+00 1.330224981837999800e-05
-6.350000000000005862e+00 1.596269978205599896e-05
-6.250000000000006217e+00 2.217041636396665995e-05
-6.150000000000006573e+00 2.837813294587732772e-05
-6.050000000000006928e+00 4.345401607337466082e-05
-5.950000000000007283e+00 4.168038276425732911e-05
-5.850000000000007638e+00 4.966173265528532859e-05
-5.750000000000007994e+00 5.143536596440266030e-05
-5.650000000000008349e+00 6.296398247366532998e-05
-5.550000000000008704e+00 6.917169905557599098e-05
-5.450000000000009059e+00 9.045529876498399863e-05
-5.350000000000009415e+00 1.321356815292413210e-04
-5.250000000000009770e+00 1.454379313476213088e-04
-5.150000000000010125e+00 1.720424309843812845e-04
-5.050000000000010481e+00 2.208173469851079337e-04
-4.950000000000010836e+00 2.394404967308399437e-04
-4.850000000000011191e+00 3.041781125136226054e-04
-4.750000000000011546e+00 3.671420949872878812e-04
-4.650000000000011902e+00 4.230115442244838301e-04
-4.550000000000012257e+00 5.675626589175463647e-04
-4.450000000000012612e+00 6.908301739012008644e-04
-4.350000000000012967e+00 7.431523565201622042e-04
-4.250000000000013323e+00 9.045529876498393899e-04
-4.150000000000013678e+00 1.089897668452600391e-03
-4.050000000000014033e+00 1.332885431801674944e-03
-3.950000000000014388e+00 1.567891845259721667e-03
-3.850000000000014744e+00 1.931486673628774560e-03
-3.750000000000015099e+00 2.331440984834733023e-03
-3.650000000000015454e+00 2.869738694151842927e-03
-3.550000000000015810e+00 3.380545087177634894e-03
-3.450000000000016165e+00 3.980033145659292795e-03
-3.350000000000016520e+00 4.748023351315400903e-03
-3.250000000000016875e+00 5.582517823255105961e-03
-3.150000000000017231e+00 6.944661221848912915e-03
-3.050000000000017586e+00 8.230545370958979381e-03
-2.950000000000017941e+00 9.731046133280544727e-03
-2.850000000000018296e+00 1.140358234377818886e-02
-2.750000000000018652e+00 1.396115459271707847e-02
-2.650000000000019007e+00 1.625003536094133880e-02
-2.550000000000019362e+00 1.936010136847872432e-02
-2.450000000000019718e+00 2.267413520656460374e-02
-2.350000000000020073e+00 2.645198113779297783e-02
-2.250000000000020428e+00 3.118405575494312409e-02
-2.150000000000020783e+00 3.666987564881006578e-02
-2.050000000000021139e+00 4.301773021056619350e-02
-1.950000000000021272e+00 5.045283595642788277e-02
-1.850000000000021627e+00 5.895208677371842343e-02
-1.750000000000021982e+00 6.806413488211678076e-02
-1.650000000000022338e+00 7.869353326927300274e-02
-1.550000000000022693e+00 9.182552127278556520e-02
-1.450000000000023048e+00 1.067258286682966767e-01
-1.350000000000023404e+00 1.237430162978976067e-01
-1.250000000000023759e+00 1.412487980073103278e-01
-1.150000000000024114e+00 1.630690195520425601e-01
-1.050000000000024469e+00 1.862105280839847499e-01
-9.500000000000248246e-01 2.117323432932705640e-01
-8.500000000000251799e-01 2.414844694634338818e-01
-7.500000000000255351e-01 2.748243415915648802e-01
-6.500000000000258904e-01 3.083645365243097847e-01
-5.500000000000262457e-01 3.451332677902722579e-01
-4.500000000000266565e-01 3.833828501959909985e-01
-3.500000000000270117e-01 4.221383161148830054e-01
-2.500000000000273670e-01 4.603847003944003813e-01
-1.500000000000277223e-01 4.925381794261348700e-01
-5.000000000002806366e-02 5.102788348756476244e-01
4.999999999997158107e-02 5.098400491674651702e-01
1.499999999999712119e-01 4.923128651506022413e-01
2.499999999999708566e-01 4.606772241998552397e-01
3.499999999999705014e-01 4.239415216171661394e-01
4.499999999999701461e-01 3.848301419590391959e-01
5.499999999999698463e-01 3.455164563787411769e-01
6.499999999999694911e-01 3.074593830151459151e-01
7.499999999999691358e-01 2.740688506127723634e-01
8.499999999999687805e-01 2.420413065287970733e-01
9.499999999999684253e-01 2.116108354459795005e-01
1.049999999999968070e+00 1.860189966350249691e-01
1.149999999999967715e+00 1.625608317121306490e-01
1.249999999999967359e+00 1.411548163903519892e-01
1.349999999999967004e+00 1.233315543186072755e-01
1.449999999999966649e+00 1.072685674436948955e-01
1.549999999999966294e+00 9.214036911638714966e-02
1.649999999999965938e+00 7.917062666380889069e-02
1.749999999999965583e+00 6.804373809906191783e-02
1.849999999999965228e+00 5.858140439492122431e-02
1.949999999999964873e+00 5.005728081445318112e-02
2.049999999999964295e+00 4.259206519918631861e-02
2.149999999999963940e+00 3.674704964618158431e-02
2.249999999999963585e+00 3.124609800672072113e-02
2.349999999999963229e+00 2.663287776970634999e-02
2.449999999999962874e+00 2.253047090852609152e-02
2.549999999999962519e+00 1.926964606971373617e-02
2.649999999999962164e+00 1.625180201144215200e-02
2.749999999999961808e+00 1.367471281329462988e-02
2.849999999999961453e+00 1.151886152606251129e-02
2.949999999999961098e+00 9.673410033542535411e-03
3.049999999999960743e+00 8.296169803396320763e-03
3.149999999999960387e+00 7.015606554213606183e-03
3.249999999999960032e+00 5.733269671721776331e-03
3.349999999999959677e+00 4.745355918543421592e-03
3.449999999999959321e+00 3.890464663548867490e-03
3.549999999999958966e+00 3.369016470668372183e-03
3.649999999999958611e+00 2.750018445786423307e-03
3.749999999999958256e+00 2.374008184253548984e-03
3.849999999999957900e+00 1.924392140392305450e-03
3.949999999999957545e+00 1.612232677987655068e-03
4.049999999999957190e+00 1.375452631220490905e-03
4.149999999999956835e+00 1.143106667726120559e-03
4.249999999999956479e+00 1.007423719578644629e-03
4.349999999999956124e+00 8.043427056847100940e-04
4.449999999999955769e+00 6.544706910642956186e-04
4.549999999999955413e+00 5.480526925172557158e-04
4.649999999999955058e+00 4.522764938249198034e-04
4.749999999999954703e+00 3.937465946240478569e-04
4.849999999999954348e+00 3.396507786959692397e-04
4.949999999999953992e+00 2.607240964402479785e-04
5.049999999999953637e+00 2.172700803668732973e-04
5.149999999999953282e+00 1.755896976026159479e-04
5.249999999999952927e+00 1.427774813839453112e-04
5.349999999999952571e+00 1.090784485107159816e-04
5.449999999999952216e+00 9.400256538321866205e-05
5.549999999999951861e+00 7.892668225572131539e-05
5.649999999999951505e+00 6.030353250998932564e-05
5.749999999999951150e+00 5.409581592807865110e-05
5.849999999999950795e+00 4.345401607337466082e-05
5.949999999999950440e+00 3.813311614602265891e-05
6.049999999999950084e+00 3.369903287322932963e-05
6.149999999999949729e+00 2.039678305484932824e-05
6.249999999999949374e+00 2.217041636396665995e-05
6.349999999999949019e+00 1.596269978205599896e-05
6.449999999999948663e+00 1.064179985470399705e-05
6.549999999999948308e+00 7.981349891027997786e-06
6.649999999999947953e+00 1.064179985470399705e-05
6.749999999999947597e+00 2.660449963675999262e-06
6.849999999999947242e+00 1.773633309117332983e-06
6.949999999999946887e+00 3.547266618234665965e-06
7.049999999999946532e+00 2.660449963675999262e-06
7.149999999999946176e+00 1.773633309117332983e-06
7.249999999999945821e+00 2.660449963675999262e-06
7.349999999999945466e+00 3.547266618234665965e-06
7.449999999999945111e+00 2.660449963675999262e-06
7.549999999999944755e+00 0.000000000000000000e+00
7.649999999999944400e+00 1.773633309117332983e-06
7.749999999999944045e+00 1.773633309117332983e-06
7.849999999999943689e+00 1.773633309117332983e-06
7.949999999999943334e+00 0.000000000000000000e+00
