-7.950000000000000178e+00 0.000000000000000000e+00
-7.850000000000000533e+00 0.000000000000000000e+00
-7.750000000000000888e+00 0.000000000000000000e+00
-7.650000000000001243e+00 0.000000000000000000e+00
-7.550000000000001599e+00 0.000000000000000000e+00
-7.450000000000001954e+00 0.000000000000000000e+00
-7.350000000000002309e+00 0.000000000000000000e+00
-7.250000000000002665e+00 0.000000000000000000e+00
-7.150000000000003020e+00 0.000000000000000000e+00
-7.050000000000003375e+00 0.000000000000000000e+00
-6.950000000000003730e+00 0.000000000000000000e+00
-6.850000000000004086e+00 0.000000000000000000e+00
-6.750000000000004441e+00 0.000000000000000000e+00
-6.650000000000004796e+00 0.000000000000000000e+00
-6.550000000000005151e+00 0.000000000000000000e+00
-6.450000000000005507e+00 0.000000000000000000e+00
-6.350000000000005862e+00 0.000000000000000000e+00
-6.250000000000006217e+00 0.000000000000000000e+00
-6.150000000000006573e+00 1.774277797965122607e-06
-6.050000000000006928e+00 4.435694494912806200e-06
-5.950000000000007283e+00 8.871388989825613036e-07
-5.850000000000007638e+00 1.774277797965122607e-06
-5.750000000000007994e+00 0.000000000000000000e+00
-5.650000000000008349e+00 8.871388989825613036e-07
-5.550000000000008704e+00 8.871388989825613036e-07
-5.450000000000009059e+00 0.000000000000000000e+00
-5.350000000000009415e+00 8.871388989825613036e-07
-5.250000000000009770e+00 0.000000000000000000e+00
-5.150000000000010125e+00 3.548555595930245214e-06
-5.050000000000010481e+00 6.209972292877929019e-06
-4.950000000000010836e+00 5.322833393895367610e-06
-4.850000000000011191e+00 3.548555595930245214e-06
-4.750000000000011546e+00 1.241994458575585804e-05
-4.650000000000011902e+00 7.097111191860490429e-06
-4.550000000000012257e+00 2.129133357558147044e-05
-4.450000000000012612e+00 1.862991687863378790e-05
-4.350000000000012967e+00 3.725983375726757581e-05
-4.250000000000013323e+00 5.234119503997111130e-05
-4.150000000000013678e+00 8.161677870639562934e-05
-4.050000000000014033e+00 1.330708348473841742e-04
-3.950000000000014388e+00 1.969448355741286092e-04
-3.850000000000014744e+00 2.448503361191868609e-04
-3.750000000000015099e+00 3.708240597747105845e-04
-3.650000000000015454e+00 4.772807276526178587e-04
-3.550000000000015810e+00 7.380995639534905506e-04
-3.450000000000016165e+00 1.043275345203490984e-03
-3.350000000000016520e+00 1.565800156704218833e-03
-3.250000000000016875e+00 2.261317053506546083e-03
-3.150000000000017231e+00 3.034902173419337830e-03
-3.050000000000017586e+00 3.877684127452772460e-03
-2.950000000000017941e+00 5.242990892986947732e-03
-2.850000000000018296e+00 6.863793661428107575e-03
-2.750000000000018652e+00 9.394800940225385422e-03
-2.650000000000019007e+00 1.228598661200959105e-02
-2.550000000000019362e+00 1.587623773619205661e-02
-2.450000000000019718e+00 2.040153325990216177e-02
-2.350000000000020073e+00 2.534999403842695329e-02
-2.250000000000020428e+00 3.243557242460075318e-02
-2.150000000000020783e+00 4.058749176735161612e-02
-2.050000000000021139e+00 4.968066548192297954e-02
-1.950000000000021272e+00 6.031302518622909392e-02
-1.850000000000021627e+00 7.271700127180229234e-02
-1.750000000000021982e+00 8.678524993186663428e-02
-1.650000000000022338e+00 1.023155034974544964e-01
-1.550000000000022693e+00 1.209214676258149879e-01
-1.450000000000023048e+00 1.402575470680378911e-01
-1.350000000000023404e+00 1.606590803279392410e-01
-1.250000000000023759e+00 1.830602246661476862e-01
-1.150000000000024114e+00 2.054986288381135950e-01
-1.050000000000024469e+00 2.293892793877141956e-01
-9.500000000000248246e-01 2.537607592205629592e-01
-8.500000000000251799e-01 2.776265698809911031e-01
-7.500000000000255351e-01 3.000880396643301751e-01
-6.500000000000258904e-01 3.235200394031568782e-01
-5.500000000000262457e-01 3.425491687863333468e-01
-4.500000000000266565e-01 3.597135322038486072e-01
-3.500000000000270117e-01 3.745855287063928341e-01
-2.500000000000273670e-01 3.854538673578289387e-01
-1.500000000000277223e-01 3.910215510878436440e-01
-5.000000000002806366e-02 3.971259538517429299e-01
4.999999999997158107e-02 3.964597125386073451e-01
1.499999999999712119e-01 3.931710886400785476e-01
2.499999999999708566e-01 3.863543133402961294e-01
3.499999999999705014e-01 3.736522585846632771e-01
4.499999999999701461e-01 3.588734116665119322e-01
5.499999999999698463e-01 3.413568541061006711e-01
6.499999999999694911e-01 3.213731632676190553e-01
7.499999999999691358e-01 3.010922808979784593e-01
8.499999999999687805e-01 2.777277037154750050e-01
9.499999999999684253e-01 2.531761346861336470e-01
1.049999999999968070e+00 2.288241719090622350e-01
1.149999999999967715e+00 2.064248018486513903e-01
1.249999999999967359e+00 1.843102033748140189e-01
1.349999999999967004e+00 1.607025501339894025e-01
1.449999999999966649e+00 1.403107754019768949e-01
1.549999999999966294e+00 1.210935725722177003e-01
1.649999999999965938e+00 1.029781962549944918e-01
1.749999999999965583e+00 8.677460426507886682e-02
1.849999999999965228e+00 7.302927416424412344e-02
1.949999999999964873e+00 6.054811699445946521e-02
2.049999999999964295e+00 4.960969437000437715e-02
2.149999999999963940e+00 4.032046295875785918e-02
2.249999999999963585e+00 3.251364064771122137e-02
2.349999999999963229e+00 2.568000970884846967e-02
2.449999999999962874e+00 2.016111861827788593e-02
2.549999999999962519e+00 1.595164454260557946e-02
2.649999999999962164e+00 1.210412313771816115e-02
2.749999999999961808e+00 9.222695993822768376e-03
2.849999999999961453e+00 7.030575774436831349e-03
2.949999999999961098e+00 5.316623421602501530e-03
3.049999999999960743e+00 4.042691962663529787e-03
3.149999999999960387e+00 2.922235533248552543e-03
3.249999999999960032e+00 2.065259356831399776e-03
3.349999999999959677e+00 1.534750295239829202e-03
3.449999999999959321e+00 1.061018123183142233e-03
3.549999999999958966e+00 7.726979810138103659e-04
3.649999999999958611e+00 5.154277003088679129e-04
3.749999999999958256e+00 4.293752271075595528e-04
3.849999999999957900e+00 2.829973087754370236e-04
3.949999999999957545e+00 1.658949741097389785e-04
4.049999999999957190e+00 1.259737236555236964e-04
4.149999999999956835e+00 7.895536200944795020e-05
4.249999999999956479e+00 5.677688953488391665e-05
4.349999999999956124e+00 3.193700036337220396e-05
4.449999999999955769e+00 2.572702807049427579e-05
4.549999999999955413e+00 1.774277797965122480e-05
4.649999999999955058e+00 1.064566678779073522e-05
4.749999999999954703e+00 5.322833393895367610e-06
4.849999999999954348e+00 1.774277797965122607e-06
4.949999999999953992e+00 2.661416696947683805e-06
5.049999999999953637e+00 2.661416696947683805e-06
5.149999999999953282e+00 2.661416696947683805e-06
5.249999999999952927e+00 2.661416696947683805e-06
5.349999999999952571e+00 8.871388989825613036e-07
5.449999999999952216e+00 1.774277797965122607e-06
5.549999999999951861e+00 8.871388989825613036e-07
5.649999999999951505e+00 8.871388989825613036e-07
5.749999999999951150e+00 8.871388989825613036e-07
5.849999999999950795e+00 0.000000000000000000e+00
5.949999999999950440e+00 3.548555595930245214e-06
6.049999999999950084e+00 0.000000000000000000e+00
6.149999999999949729e+00 8.871388989825613036e-07
6.249999999999949374e+00 1.774277797965122607e-06
6.349999999999949019e+00 8.871388989825613036e-07
6.449999999999948663e+00 0.000000000000000000e+00
6.549999999999948308e+00 0.000000000000000000e+00
6.649999999999947953e+00 0.000000000000000000e+00
6.749999999999947597e+00 0.000000000000000000e+00
6.849999999999947242e+00 0.000000000000000000e+00
6.949999999999946887e+00 0.000000000000000000e+00
7.049999999999946532e+00 0.000000000000000000e+00
7.149999999999946176e+00 0.000000000000000000e+00
7.249999999999945821e+00 0.000000000000000000e+00
7.349999999999945466e+00 0.000000000000000000e+00
7.449999999999945111e+00 0.000000000000000000e+00
7.549999999999944755e+00 0.000000000000000000e+00
7.649999999999944400e+00 0.000000000000000000e+00
7.749999999999944045e+00 0.000000000000000000e+00
7.849999999999943689e+00 0.000000000000000000e+00
7.949999999999943334e+00 0.000000000000000000e+00
