-7.950000000000000178e+00 0.000000000000000000e+00
-7.850000000000000533e+00 0.000000000000000000e+00
-7.750000000000000888e+00 0.000000000000000000e+00
-7.650000000000001243e+00 0.000000000000000000e+00
-7.550000000000001599e+00 0.000000000000000000e+00
-7.450000000000001954e+00 0.000000000000000000e+00
-7.350000000000002309e+00 0.000000000000000000e+00
-7.250000000000002665e+00 0.000000000000000000e+00
-7.150000000000003020e+00 0.000000000000000000e+00
-7.050000000000003375e+00 0.000000000000000000e+00
-6.950000000000003730e+00 0.000000000000000000e+00
-6.850000000000004086e+00 0.000000000000000000e+00
-6.750000000000004441e+00 0.000000000000000000e+00
-6.650000000000004796e+00 0.000000000000000000e+00
-6.550000000000005151e+00 0.000000000000000000e+00
-6.450000000000005507e+00 0.000000000000000000e+00
-6.350000000000005862e+00 0.000000000000000000e+00
-6.250000000000006217e+00 0.000000000000000000e+00
-6.150000000000006573e+00 0.000000000000000000e+00
-6.050000000000006928e+00 0.000000000000000000e+00
-5.950000000000007283e+00 0.000000000000000000e+00
-5.850000000000007638e+00 0.000000000000000000e+00
-5.750000000000007994e+00 0.000000000000000000e+00
-5.650000000000008349e+00 0.000000000000000000e+00
-5.550000000000008704e+00 0.000000000000000000e+00
-5.450000000000009059e+00 0.000000000000000000e+00
-5.350000000000009415e+00 0.000000000000000000e+00
-5.250000000000009770e+00 0.000000000000000000e+00
-5.150000000000010125e+00 0.000000000000000000e+00
-5.050000000000010481e+00 0.000000000000000000e+00
-4.950000000000010836e+00 0.000000000000000000e+00
-4.850000000000011191e+00 0.000000000000000000e+00
-4.750000000000011546e+00 0.000000000000000000e+00
-4.650000000000011902e+00 6.207716581910666074e-06
-4.550000000000012257e+00 4.434083272793332668e-06
-4.450000000000012612e+00 3.547266618234665965e-06
-4.350000000000012967e+00 2.483086632764266091e-05
-4.250000000000013323e+00 5.586944923719598281e-05
-4.150000000000013678e+00 1.214938816745373036e-04
-4.050000000000014033e+00 1.755896976026158937e-04
-3.950000000000014388e+00 2.128359970940799139e-04
-3.850000000000014744e+00 2.882154127315665658e-04
-3.750000000000015099e+00 3.964070445877238003e-04
-3.650000000000015454e+00 4.868623433527077176e-04
-3.550000000000015810e+00 7.280764733926649388e-04
-3.450000000000016165e+00 9.781587699782086018e-04
-3.350000000000016520e+00 1.606911778060302965e-03
-3.250000000000016875e+00 2.144322670722854582e-03
-3.150000000000017231e+00 2.854662811024345770e-03
-3.050000000000017586e+00 3.695364999545961218e-03
-2.950000000000017941e+00 4.798564917816942194e-03
-2.850000000000018296e+00 6.908301739012008211e-03
-2.750000000000018652e+00 9.153721508354549508e-03
-2.650000000000019007e+00 1.219727626679989463e-02
-2.550000000000019362e+00 1.641674990919008564e-02
-2.450000000000019718e+00 2.060075088539804061e-02
-2.350000000000020073e+00 2.574517429849310091e-02
-2.250000000000020428e+00 3.200166579640474629e-02
-2.150000000000020783e+00 4.015505811841749151e-02
-2.050000000000021139e+00 4.928217512713566756e-02
-1.950000000000021272e+00 6.059884245595913155e-02
-1.850000000000021627e+00 7.375299389302727993e-02
-1.750000000000021982e+00 8.690980578005905177e-02
-1.650000000000022338e+00 1.025860637826922772e-01
-1.550000000000022693e+00 1.203286045904473911e-01
-1.450000000000023048e+00 1.392257806824377941e-01
-1.350000000000023404e+00 1.601856923129318100e-01
-1.250000000000023759e+00 1.830132398179270259e-01
-1.150000000000024114e+00 2.046205276062494915e-01
-1.050000000000024469e+00 2.285406332296613108e-01
-9.500000000000248246e-01 2.519073652606279023e-01
-8.500000000000251799e-01 2.782192154013814478e-01
-7.500000000000255351e-01 3.007718497434611615e-01
-6.500000000000258904e-01 3.236322094646735259e-01
-5.500000000000262457e-01 3.430659096326718616e-01
-4.500000000000266565e-01 3.627009171812555222e-01
-3.500000000000270117e-01 3.742907240396827206e-01
-2.500000000000273670e-01 3.858423977819639972e-01
-1.500000000000277223e-01 3.915331002542672967e-01
-5.000000000002806366e-02 3.952213707205768367e-01
4.999999999997158107e-02 3.950750459725743124e-01
1.499999999999712119e-01 3.909885948283677859e-01
2.499999999999708566e-01 3.870644311319456077e-01
3.499999999999705014e-01 3.759162589674888144e-01
4.499999999999701461e-01 3.604723469283496184e-01
5.499999999999698463e-01 3.443145474822906227e-01
6.499999999999694911e-01 3.255477334385203925e-01
7.499999999999691358e-01 3.025738611855245952e-01
8.499999999999687805e-01 2.758549622003280133e-01
9.499999999999684253e-01 2.508804315746488989e-01
1.049999999999968070e+00 2.292013116373074755e-01
1.149999999999967715e+00 2.043864080094459634e-01
1.249999999999967359e+00 1.820466096644579590e-01
1.349999999999967004e+00 1.609315051194156188e-01
1.449999999999966649e+00 1.407777098279154315e-01
1.549999999999966294e+00 1.205414405875415984e-01
1.649999999999965938e+00 1.036803955344177408e-01
1.749999999999965583e+00 8.824446484516981770e-02
1.849999999999965228e+00 7.283957273883186201e-02
1.949999999999964873e+00 5.919589850844730189e-02
2.049999999999964295e+00 4.868978160189044169e-02
2.149999999999963940e+00 3.975510380721150594e-02
2.249999999999963585e+00 3.236260017481011608e-02
2.349999999999963229e+00 2.510045859062891294e-02
2.449999999999962874e+00 2.064597853478054856e-02
2.549999999999962519e+00 1.606379688067573544e-02
2.649999999999962164e+00 1.236311098120236422e-02
2.749999999999961808e+00 9.449031454322586593e-03
2.849999999999961453e+00 7.466109414729409088e-03
2.949999999999961098e+00 5.370561660007280858e-03
3.049999999999960743e+00 3.833708397657112875e-03
3.149999999999960387e+00 2.722527129495104937e-03
3.249999999999960032e+00 2.217928453051223360e-03
3.349999999999959677e+00 1.757670609335276052e-03
3.449999999999959321e+00 1.161729817471852597e-03
3.549999999999958966e+00 8.114372389211794209e-04
3.649999999999958611e+00 5.533735924446077110e-04
3.749999999999958256e+00 3.387639620414105196e-04
3.849999999999957900e+00 2.296855135306945922e-04
3.949999999999957545e+00 2.004205639302585919e-04
4.049999999999957190e+00 1.285884149110066575e-04
4.149999999999956835e+00 1.383433981111519277e-04
4.249999999999956479e+00 6.739806574645864571e-05
4.349999999999956124e+00 1.241543316382133215e-05
4.449999999999955769e+00 9.754983200145331192e-06
4.549999999999955413e+00 1.152861650926266460e-05
4.649999999999955058e+00 5.320899927351998524e-06
4.749999999999954703e+00 8.868166545586665336e-06
4.849999999999954348e+00 0.000000000000000000e+00
4.949999999999953992e+00 0.000000000000000000e+00
5.049999999999953637e+00 0.000000000000000000e+00
5.149999999999953282e+00 0.000000000000000000e+00
5.249999999999952927e+00 0.000000000000000000e+00
5.349999999999952571e+00 0.000000000000000000e+00
5.449999999999952216e+00 0.000000000000000000e+00
5.549999999999951861e+00 0.000000000000000000e+00
5.649999999999951505e+00 0.000000000000000000e+00
5.749999999999951150e+00 0.000000000000000000e+00
5.849999999999950795e+00 0.000000000000000000e+00
5.949999999999950440e+00 0.000000000000000000e+00
6.049999999999950084e+00 0.000000000000000000e+00
6.149999999999949729e+00 0.000000000000000000e+00
6.249999999999949374e+00 0.000000000000000000e+00
6.349999999999949019e+00 0.000000000000000000e+00
6.449999999999948663e+00 0.000000000000000000e+00
6.549999999999948308e+00 0.000000000000000000e+00
6.649999999999947953e+00 0.000000000000000000e+00
6.749999999999947597e+00 0.000000000000000000e+00
6.849999999999947242e+00 0.000000000000000000e+00
6.949999999999946887e+00 0.000000000000000000e+00
7.049999999999946532e+00 0.000000000000000000e+00
7.149999999999946176e+00 0.000000000000000000e+00
7.249999999999945821e+00 0.000000000000000000e+00
7.349999999999945466e+00 0.000000000000000000e+00
7.449999999999945111e+00 0.000000000000000000e+00
7.549999999999944755e+00 0.000000000000000000e+00
7.649999999999944400e+00 0.000000000000000000e+00
7.749999999999944045e+00 0.000000000000000000e+00
7.849999999999943689e+00 0.000000000000000000e+00
7.949999999999943334e+00 0.000000000000000000e+00
