-7.950000000000000178e+00 2.838844476744196172e-06
-7.850000000000000533e+00 2.271075581395356853e-06
-7.750000000000000888e+00 3.264671148255825343e-06
-7.650000000000001243e+00 5.251862281976762324e-06
-7.550000000000001599e+00 6.529342296511650686e-06
-7.450000000000001954e+00 8.232648982558169067e-06
-7.350000000000002309e+00 8.942360101744216839e-06
-7.250000000000002665e+00 1.518781795058144808e-05
-7.150000000000003020e+00 1.532976017441866034e-05
-7.050000000000003375e+00 1.902025799418611147e-05
-6.950000000000003730e+00 2.711096475290707166e-05
-6.850000000000004086e+00 3.037563590116289616e-05
-6.750000000000004441e+00 3.718886264534896290e-05
-6.650000000000004796e+00 4.598928052325597425e-05
-6.550000000000005151e+00 5.280250726744204100e-05
-6.450000000000005507e+00 6.344817405523277113e-05
-6.350000000000005862e+00 7.011945857558162562e-05
-6.250000000000006217e+00 8.644281431686075148e-05
-6.150000000000006573e+00 1.084438590116282595e-04
-6.050000000000006928e+00 1.220703125000003795e-04
-5.950000000000007283e+00 1.477618550145353793e-04
-5.850000000000007638e+00 1.741631086482563727e-04
-5.750000000000007994e+00 1.963060955668611608e-04
-5.650000000000008349e+00 2.296625181686054874e-04
-5.550000000000008704e+00 2.821811409883732665e-04
-5.450000000000009059e+00 3.212152525436061650e-04
-5.350000000000009415e+00 3.833859465843042968e-04
-5.250000000000009770e+00 4.378917605377929392e-04
-5.150000000000010125e+00 5.090048146802350236e-04
-5.050000000000010481e+00 5.920410156250025587e-04
-4.950000000000010836e+00 6.950910701308164134e-04
-4.850000000000011191e+00 7.754303688226767393e-04
-4.750000000000011546e+00 9.129723837209330253e-04
-4.650000000000011902e+00 1.090400163517446161e-03
-4.550000000000012257e+00 1.211618822674425137e-03
-4.450000000000012612e+00 1.396569540334312515e-03
-4.350000000000012967e+00 1.648233103197689793e-03
-4.250000000000013323e+00 1.892799554869206268e-03
-4.150000000000013678e+00 2.121184593023281006e-03
-4.050000000000014033e+00 2.472207712572706707e-03
-3.950000000000014388e+00 2.862406885901202722e-03
-3.850000000000014744e+00 3.251328579215164924e-03
-3.750000000000015099e+00 3.784038862931523098e-03
-3.650000000000015454e+00 4.315327489098869790e-03
-3.550000000000015810e+00 4.909642933271140576e-03
-3.450000000000016165e+00 5.635817115111642871e-03
-3.350000000000016520e+00 6.462203624636514952e-03
-3.250000000000016875e+00 7.401293377543428573e-03
-3.150000000000017231e+00 8.503475863294591985e-03
-3.050000000000017586e+00 9.744192841855549292e-03
-2.950000000000017941e+00 1.111322670842064542e-02
-2.850000000000018296e+00 1.279864979191885736e-02
-2.750000000000018652e+00 1.458272160332861611e-02
-2.650000000000019007e+00 1.670235153782135412e-02
-2.550000000000019362e+00 1.919684306188098807e-02
-2.450000000000019718e+00 2.202589576049082329e-02
-2.350000000000020073e+00 2.522187357834104054e-02
-2.250000000000020428e+00 2.892926140508955343e-02
-2.150000000000020783e+00 3.307028719628288954e-02
-2.050000000000021139e+00 3.800647779603484600e-02
-1.950000000000021272e+00 4.371709958076609726e-02
-1.850000000000021627e+00 5.031571750609942217e-02
-1.750000000000021982e+00 5.796398141187925068e-02
-1.650000000000022338e+00 6.677324441387659515e-02
-1.550000000000022693e+00 7.690677583447444454e-02
-1.450000000000023048e+00 8.855783057025706784e-02
-1.350000000000023404e+00 1.025090936906369599e-01
-1.250000000000023759e+00 1.185296900214388022e-01
-1.150000000000024114e+00 1.371442994930080206e-01
-1.050000000000024469e+00 1.590010112992427671e-01
-9.500000000000248246e-01 1.842899117839321699e-01
-8.500000000000251799e-01 2.135465299574740017e-01
-7.500000000000255351e-01 2.483982468280246936e-01
-6.500000000000258904e-01 2.881982439757562187e-01
-5.500000000000262457e-01 3.340122079700770241e-01
-4.500000000000266565e-01 3.875882120626576999e-01
-3.500000000000270117e-01 4.469817226698350465e-01
-2.500000000000273670e-01 5.111603783504611309e-01
-1.500000000000277223e-01 5.734392681306939021e-01
-5.000000000002806366e-02 6.154526989050952412e-01
4.999999999997158107e-02 6.150583532305817780e-01
1.499999999999712119e-01 5.729344645823080118e-01
2.499999999999708566e-01 5.104053295437955828e-01
3.499999999999705014e-01 4.461763000208803231e-01
4.499999999999701461e-01 3.874917673510092642e-01
5.499999999999698463e-01 3.343418123433460343e-01
6.499999999999694911e-01 2.880232225078335206e-01
7.499999999999691358e-01 2.481420534082074414e-01
8.499999999999687805e-01 2.138890197787636227e-01
9.499999999999684253e-01 1.844426550286447919e-01
1.049999999999968070e+00 1.588096832404078951e-01
1.149999999999967715e+00 1.368194026838868704e-01
1.249999999999967359e+00 1.182663637254593170e-01
1.349999999999967004e+00 1.025395900333112842e-01
1.449999999999966649e+00 8.876449621285348313e-02
1.549999999999966294e+00 7.692011505054920095e-02
1.649999999999965938e+00 6.663668258268146127e-02
1.749999999999965583e+00 5.798811941351872390e-02
1.849999999999965228e+00 5.038783421470648810e-02
1.949999999999964873e+00 4.376577905761046272e-02
2.049999999999964295e+00 3.812769645519188677e-02
2.149999999999963940e+00 3.315261480376379549e-02
2.249999999999963585e+00 2.892656114987073035e-02
2.349999999999963229e+00 2.520979954807243614e-02
2.449999999999962874e+00 2.195251610138821557e-02
2.549999999999962519e+00 1.911720788603179372e-02
2.649999999999962164e+00 1.679219537723377481e-02
2.749999999999961808e+00 1.458995842143370400e-02
2.849999999999961453e+00 1.270212907970956311e-02
2.949999999999961098e+00 1.116617227556722380e-02
3.049999999999960743e+00 9.799270895325607605e-03
3.149999999999960387e+00 8.487439744966907007e-03
3.249999999999960032e+00 7.445297702243572346e-03
3.349999999999959677e+00 6.493433149191309324e-03
3.449999999999959321e+00 5.601467096943039264e-03
3.549999999999958966e+00 4.908504042514525052e-03
3.649999999999958611e+00 4.301842977834335370e-03
3.749999999999958256e+00 3.745429460392496902e-03
3.849999999999957900e+00 3.290505750649540782e-03
3.949999999999957545e+00 2.843529687786159645e-03
4.049999999999957190e+00 2.481009248105919655e-03
4.149999999999956835e+00 2.160928415697700548e-03
4.249999999999956479e+00 1.856888172238391633e-03
4.349999999999956124e+00 1.625948174055247535e-03
4.449999999999955769e+00 1.427229060683150473e-03
4.549999999999955413e+00 1.207502498183145832e-03
4.649999999999955058e+00 1.080038381177329679e-03
4.749999999999954703e+00 9.488837663517470100e-04
4.849999999999954348e+00 7.998444313226767610e-04
4.949999999999953992e+00 6.956588390261652082e-04
5.049999999999953637e+00 6.025447401889559140e-04
5.149999999999953282e+00 5.172374636627930910e-04
5.249999999999952927e+00 4.554925962936069890e-04
5.349999999999952571e+00 3.887797510901182274e-04
5.449999999999952216e+00 3.134084302325595853e-04
5.549999999999951861e+00 2.759356831395360352e-04
5.649999999999951505e+00 2.347724382267450747e-04
5.749999999999951150e+00 1.913381177325587993e-04
5.849999999999950795e+00 1.612463662790703141e-04
5.949999999999950440e+00 1.488973928052330503e-04
6.049999999999950084e+00 1.324320948401166986e-04
6.149999999999949729e+00 1.056050145348840684e-04
6.249999999999949374e+00 8.516533430232586820e-05
6.349999999999949019e+00 7.679074309593049365e-05
6.449999999999948663e+00 6.202875181686067559e-05
6.549999999999948308e+00 5.038948946220947315e-05
6.649999999999947953e+00 4.641510719476759749e-05
6.749999999999947597e+00 3.761468931686059292e-05
6.849999999999947242e+00 2.952398255813963951e-05
6.949999999999946887e+00 2.483988917151171269e-05
7.049999999999946532e+00 1.972996911337216263e-05
7.149999999999946176e+00 1.902025799418611147e-05
7.249999999999945821e+00 1.334256904069771913e-05
7.349999999999945466e+00 1.021984011627910690e-05
7.449999999999945111e+00 8.800417877907007962e-06
7.549999999999944755e+00 6.813226744186070981e-06
7.649999999999944400e+00 5.109920058139553448e-06
7.749999999999944045e+00 5.535746729651181772e-06
7.849999999999943689e+00 3.548555595930244791e-06
7.949999999999943334e+00 2.413017805232566576e-06
