-7.950000000000000178e+00 7.097111191860490429e-07
-7.850000000000000533e+00 4.258266715116293834e-07
-7.750000000000000888e+00 0.000000000000000000e+00
-7.650000000000001243e+00 7.097111191860490429e-07
-7.550000000000001599e+00 4.258266715116293834e-07
-7.450000000000001954e+00 8.516533430232587667e-07
-7.350000000000002309e+00 5.677688953488392131e-07
-7.250000000000002665e+00 5.677688953488392131e-07
-7.150000000000003020e+00 8.516533430232587667e-07
-7.050000000000003375e+00 1.561364462209307810e-06
-6.950000000000003730e+00 5.677688953488392131e-07
-6.850000000000004086e+00 5.677688953488392131e-07
-6.750000000000004441e+00 1.277480014534888150e-06
-6.650000000000004796e+00 8.516533430232587667e-07
-6.550000000000005151e+00 9.935955668604687024e-07
-6.450000000000005507e+00 2.129133357558147129e-06
-6.350000000000005862e+00 1.419422238372097874e-06
-6.250000000000006217e+00 9.935955668604684906e-07
-6.150000000000006573e+00 1.845248909883727469e-06
-6.050000000000006928e+00 2.129133357558146705e-06
-5.950000000000007283e+00 1.135537790697678426e-06
-5.850000000000007638e+00 2.271075581395356853e-06
-5.750000000000007994e+00 2.413017805232567000e-06
-5.650000000000008349e+00 3.122728924418615619e-06
-5.550000000000008704e+00 4.400208938953503981e-06
-5.450000000000009059e+00 8.374591206395377944e-06
-5.350000000000009415e+00 9.510128997093057429e-06
-5.250000000000009770e+00 1.050372456395352465e-05
-5.150000000000010125e+00 1.291674236918609250e-05
-5.050000000000010481e+00 1.646529796511633813e-05
-4.950000000000010836e+00 2.526571584302334610e-05
-4.850000000000011191e+00 3.023369367732568728e-05
-4.750000000000011546e+00 4.173101380813967407e-05
-4.650000000000011902e+00 5.010560501453505540e-05
-4.550000000000012257e+00 6.713867187500022226e-05
-4.450000000000012612e+00 9.126884992732588718e-05
-4.350000000000012967e+00 1.329998637354655477e-04
-4.250000000000013323e+00 1.625238462936051567e-04
-4.150000000000013678e+00 2.053903978924425289e-04
-4.050000000000014033e+00 2.776389898255825282e-04
-3.950000000000014388e+00 3.765727198401182165e-04
-3.850000000000014744e+00 4.701126453488398658e-04
-3.750000000000015099e+00 6.567666696947699421e-04
-3.650000000000015454e+00 8.522211119186066637e-04
-3.550000000000015810e+00 1.167901735387869575e-03
-3.450000000000016165e+00 1.517364608130391743e-03
-3.350000000000016520e+00 2.003940316133743377e-03
-3.250000000000016875e+00 2.624085892078523857e-03
-3.150000000000017231e+00 3.454022074854703767e-03
-3.050000000000017586e+00 4.571675145348851749e-03
-2.950000000000017941e+00 5.918281022892363415e-03
-2.850000000000018296e+00 7.648698673691669073e-03
-2.750000000000018652e+00 9.841565207407868693e-03
-2.650000000000019007e+00 1.256018462056174984e-02
-2.550000000000019362e+00 1.604444038909348669e-02
-2.450000000000019718e+00 2.021370932986354951e-02
-2.350000000000020073e+00 2.547252678080795529e-02
-2.250000000000020428e+00 3.162629554132263127e-02
-2.150000000000020783e+00 3.927499197970706069e-02
-2.050000000000021139e+00 4.809343540238897319e-02
-1.950000000000021272e+00 5.842172831892479545e-02
-1.850000000000021627e+00 7.055537879216641772e-02
-1.750000000000021982e+00 8.424514298299046189e-02
-1.650000000000022338e+00 9.975688091195605844e-02
-1.550000000000022693e+00 1.174218957883968462e-01
-1.450000000000023048e+00 1.365286200676651407e-01
-1.350000000000023404e+00 1.571291487812170318e-01
-1.250000000000023759e+00 1.797920980071224806e-01
-1.150000000000024114e+00 2.029923097268037657e-01
-1.050000000000024469e+00 2.274064459920547843e-01
-9.500000000000248246e-01 2.521350971662896789e-01
-8.500000000000251799e-01 2.767779492956562448e-01
-7.500000000000255351e-01 3.007176084715814102e-01
-6.500000000000258904e-01 3.232743156194186063e-01
-5.500000000000262457e-01 3.443346935496387484e-01
-4.500000000000266565e-01 3.627672056775380627e-01
-3.500000000000270117e-01 3.782380731872788671e-01
-2.500000000000273670e-01 3.904656737655269882e-01
-1.500000000000277223e-01 3.988308297258307267e-01
-5.000000000002806366e-02 4.029938800324792680e-01
4.999999999997158107e-02 4.027516125977719796e-01
1.499999999999712119e-01 3.987515913176147841e-01
2.499999999999708566e-01 3.906161481699684801e-01
3.499999999999705014e-01 3.784001857364199806e-01
4.499999999999701461e-01 3.630829433014277074e-01
5.499999999999698463e-01 3.437378566750968201e-01
6.499999999999694911e-01 3.232868959475410642e-01
7.499999999999691358e-01 3.005381588533362347e-01
8.499999999999687805e-01 2.767358181612485923e-01
9.499999999999684253e-01 2.520754859028991879e-01
1.049999999999968070e+00 2.276375301677724394e-01
1.149999999999967715e+00 2.028894049674878630e-01
1.249999999999967359e+00 1.795640292654198666e-01
1.349999999999967004e+00 1.573379491454475199e-01
1.449999999999966649e+00 1.362403342933963535e-01
1.549999999999966294e+00 1.170312629648097846e-01
1.649999999999965938e+00 9.991799763021966263e-02
1.749999999999965583e+00 8.424883795143145448e-02
1.849999999999965228e+00 7.061187962084078396e-02
1.949999999999964873e+00 5.841548174342062194e-02
2.049999999999964295e+00 4.808279532387774169e-02
2.149999999999963940e+00 3.929613913574819123e-02
2.249999999999963585e+00 3.165709812155063224e-02
2.349999999999963229e+00 2.547153765586231133e-02
2.449999999999962874e+00 2.024309025254254074e-02
2.549999999999962519e+00 1.611399096111841220e-02
2.649999999999962164e+00 1.260205869424902911e-02
2.749999999999961808e+00 9.836738054142098175e-03
2.849999999999961453e+00 7.648982558139342386e-03
2.949999999999961098e+00 5.917146602756970936e-03
3.049999999999960743e+00 4.544280296148272072e-03
3.149999999999960387e+00 3.466796875000052736e-03
3.249999999999960032e+00 2.642964207848872912e-03
3.349999999999959677e+00 1.973422738008742943e-03
3.449999999999959321e+00 1.545750817587222565e-03
3.549999999999958966e+00 1.150441724200586529e-03
3.649999999999958611e+00 8.787643077761647745e-04
3.749999999999958256e+00 6.512309229651188670e-04
3.849999999999957900e+00 4.877134811046538614e-04
3.949999999999957545e+00 3.777082576308159146e-04
4.049999999999957190e+00 2.864394077034895531e-04
4.149999999999956835e+00 2.147585846656983486e-04
4.249999999999956479e+00 1.608205396075586637e-04
4.349999999999956124e+00 1.278899436773259604e-04
4.449999999999955769e+00 9.084302325581425038e-05
4.549999999999955413e+00 7.040334302325605015e-05
4.649999999999955058e+00 5.209279614825599323e-05
4.749999999999954703e+00 4.073741824127921532e-05
4.849999999999954348e+00 3.108534702034894393e-05
4.949999999999953992e+00 2.370435138081403829e-05
5.049999999999953637e+00 1.462004905523260918e-05
5.149999999999953282e+00 1.206508902616283415e-05
5.249999999999952927e+00 1.021984011627910690e-05
5.349999999999952571e+00 7.806822311046539048e-06
5.449999999999952216e+00 6.671284520348861257e-06
5.549999999999951861e+00 4.684093386627923429e-06
5.649999999999951505e+00 4.967977834302342877e-06
5.749999999999951150e+00 3.832440043604665086e-06
5.849999999999950795e+00 2.696902252906986448e-06
5.949999999999950440e+00 2.271075581395356853e-06
6.049999999999950084e+00 1.845248909883727469e-06
6.149999999999949729e+00 1.845248909883727257e-06
6.249999999999949374e+00 1.419422238372098086e-06
6.349999999999949019e+00 1.419422238372098086e-06
6.449999999999948663e+00 1.845248909883727257e-06
6.549999999999948308e+00 1.987191133720936981e-06
6.649999999999947953e+00 1.703306686046517533e-06
6.749999999999947597e+00 1.277480014534888150e-06
6.849999999999947242e+00 1.135537790697678214e-06
6.949999999999946887e+00 1.277480014534888362e-06
7.049999999999946532e+00 4.258266715116293834e-07
7.149999999999946176e+00 9.935955668604687024e-07
7.249999999999945821e+00 4.258266715116293834e-07
7.349999999999945466e+00 1.135537790697678426e-06
7.449999999999945111e+00 2.838844476744196066e-07
7.549999999999944755e+00 7.097111191860490429e-07
7.649999999999944400e+00 5.677688953488392131e-07
7.749999999999944045e+00 8.516533430232587667e-07
7.849999999999943689e+00 1.135537790697678426e-06
7.949999999999943334e+00 4.258266715116293834e-07
