-7.950000000000000178e+00 0.000000000000000000e+00
-7.850000000000000533e+00 1.773633309117332983e-06
-7.750000000000000888e+00 1.773633309117332983e-06
-7.650000000000001243e+00 2.660449963675999262e-06
-7.550000000000001599e+00 8.868166545586665336e-06
-7.450000000000001954e+00 7.094533236469331930e-06
-7.350000000000002309e+00 1.773633309117333067e-05
-7.250000000000002665e+00 9.754983200145331192e-06
-7.150000000000003020e+00 1.064179985470399705e-05
-7.050000000000003375e+00 2.039678305484933163e-05
-6.950000000000003730e+00 1.950996640029066238e-05
-6.850000000000004086e+00 1.330224981837999800e-05
-6.750000000000004441e+00 1.862314974573199653e-05
-6.650000000000004796e+00 2.749131629131866186e-05
-6.550000000000005151e+00 3.635948283690532720e-05
-6.450000000000005507e+00 4.877491600072665596e-05
-6.350000000000005862e+00 5.498263258263732373e-05
-6.250000000000006217e+00 6.030353250998932564e-05
-6.150000000000006573e+00 7.892668225572131539e-05
-6.050000000000006928e+00 8.956848211042530566e-05
-5.950000000000007283e+00 1.108520818198333133e-04
-5.850000000000007638e+00 1.152861650926266426e-04
-5.750000000000007994e+00 1.560797312023252991e-04
-5.650000000000008349e+00 1.915523973846719604e-04
-5.550000000000008704e+00 2.048546472030519212e-04
-5.450000000000009059e+00 2.066282805121693071e-04
-5.350000000000009415e+00 2.695922629858346371e-04
-5.250000000000009770e+00 2.970835792771532244e-04
-5.150000000000010125e+00 3.423112286596452373e-04
-5.050000000000010481e+00 3.768970781874332056e-04
-4.950000000000010836e+00 4.168038276425731692e-04
-4.850000000000011191e+00 4.966173265528530962e-04
-4.750000000000011546e+00 5.799780920813676867e-04
-4.650000000000011902e+00 6.837356406647315376e-04
-4.550000000000012257e+00 8.380417385579395050e-04
-4.450000000000012612e+00 9.710642367417392749e-04
-4.350000000000012967e+00 1.159069367508176653e-03
-4.250000000000013323e+00 1.240656499727573912e-03
-4.150000000000013678e+00 1.454379313476212437e-03
-4.050000000000014033e+00 1.837484108245556087e-03
-3.950000000000014388e+00 2.059188271885222660e-03
-3.850000000000014744e+00 2.456482133127504963e-03
-3.750000000000015099e+00 2.871512327460960801e-03
-3.650000000000015454e+00 3.457698136124238986e-03
-3.550000000000015810e+00 4.019939895114433247e-03
-3.450000000000016165e+00 4.482858188794056932e-03
-3.350000000000016520e+00 5.317352660733761990e-03
-3.250000000000016875e+00 6.252057414638595260e-03
-3.150000000000017231e+00 7.216913934798423712e-03
-3.050000000000017586e+00 8.322774303033079329e-03
-2.950000000000017941e+00 1.000151823011263472e-02
-2.850000000000018296e+00 1.152950332591721680e-02
-2.750000000000018652e+00 1.358514433118420371e-02
-2.650000000000019007e+00 1.594851769839137831e-02
-2.550000000000019362e+00 1.850608994733038415e-02
-2.450000000000019718e+00 2.173589016884979602e-02
-2.350000000000020073e+00 2.527516147157697624e-02
-2.250000000000020428e+00 2.998328505624572524e-02
-2.150000000000020783e+00 3.488828193822653134e-02
-2.050000000000021139e+00 4.058430531045709860e-02
-1.950000000000021272e+00 4.733476765057456626e-02
-1.850000000000021627e+00 5.511837139325287405e-02
-1.750000000000021982e+00 6.449026376424556173e-02
-1.650000000000022338e+00 7.499999776550277109e-02
-1.550000000000022693e+00 8.680089491894769915e-02
-1.450000000000023048e+00 1.011115111360269825e-01
-1.350000000000023404e+00 1.170981828989891838e-01
-1.250000000000023759e+00 1.352045838818289047e-01
-1.150000000000024114e+00 1.560334491488890030e-01
-1.050000000000024469e+00 1.782190251896831890e-01
-9.500000000000248246e-01 2.043313415831637947e-01
-8.500000000000251799e-01 2.345834577762906381e-01
-7.500000000000255351e-01 2.672376041633912624e-01
-6.500000000000258904e-01 3.036758670435754093e-01
-5.500000000000262457e-01 3.455601408274884268e-01
-4.500000000000266565e-01 3.878832212680110025e-01
-3.500000000000270117e-01 4.326490486577284633e-01
-2.500000000000273670e-01 4.740184311057618061e-01
-1.500000000000277223e-01 5.119937357841229941e-01
-5.000000000002806366e-02 5.368805972515502400e-01
4.999999999997158107e-02 5.366423228838057558e-01
1.499999999999712119e-01 5.127144244463304190e-01
2.499999999999708566e-01 4.776151150583615168e-01
3.499999999999705014e-01 4.329093607684789680e-01
4.499999999999701461e-01 3.895699046481315708e-01
5.499999999999698463e-01 3.466899941250547457e-01
6.499999999999694911e-01 3.043720809626785373e-01
7.499999999999691358e-01 2.673246797829372801e-01
8.499999999999687805e-01 2.342581357202337400e-01
9.499999999999684253e-01 2.051191699472105223e-01
1.049999999999968070e+00 1.790909405313220459e-01
1.149999999999967715e+00 1.559499417443861169e-01
1.249999999999967359e+00 1.349659114940113813e-01
1.349999999999967004e+00 1.169695456044200638e-01
1.449999999999966649e+00 1.009820009904199289e-01
1.549999999999966294e+00 8.712368221559041448e-02
1.649999999999965938e+00 7.487587136509772645e-02
1.749999999999965583e+00 6.436701719768680996e-02
1.849999999999965228e+00 5.456943886688934986e-02
1.949999999999964873e+00 4.752544719692129022e-02
2.049999999999964295e+00 4.074393929108598156e-02
2.149999999999963940e+00 3.499736038673725153e-02
2.249999999999963585e+00 2.972877565919568310e-02
2.349999999999963229e+00 2.590126799531202589e-02
2.449999999999962874e+00 2.180504790228876555e-02
2.549999999999962519e+00 1.848746679758464517e-02
2.649999999999962164e+00 1.571261748547047102e-02
2.749999999999961808e+00 1.349734948238289628e-02
2.849999999999961453e+00 1.132642231202328140e-02
2.949999999999961098e+00 9.698226934253571102e-03
3.049999999999960743e+00 8.516100333726871197e-03
3.149999999999960387e+00 7.182328085270636014e-03
3.249999999999960032e+00 6.190867065474047262e-03
3.349999999999959677e+00 5.192311512440989617e-03
3.449999999999959321e+00 4.327665274246290245e-03
3.549999999999958966e+00 3.759215798674185594e-03
3.649999999999958611e+00 3.329996537867790669e-03
3.749999999999958256e+00 2.783717478659652501e-03
3.849999999999957900e+00 2.412141300399571128e-03
3.949999999999957545e+00 2.105302737922273067e-03
4.049999999999957190e+00 1.786048742281153359e-03
4.149999999999956835e+00 1.450832046857977557e-03
4.249999999999956479e+00 1.339979965038144271e-03
4.349999999999956124e+00 1.133351684525975289e-03
4.449999999999955769e+00 9.054398043043981100e-04
4.549999999999955413e+00 7.866063725935367769e-04
4.649999999999955058e+00 6.934906238648769162e-04
4.749999999999954703e+00 6.039221417544517190e-04
4.849999999999954348e+00 5.258822761532891236e-04
4.949999999999953992e+00 4.123697443697798399e-04
5.049999999999953637e+00 3.573871117871425568e-04
5.149999999999953282e+00 3.334430621140585787e-04
5.249999999999952927e+00 2.660449963675999194e-04
5.349999999999952571e+00 2.651581797130412536e-04
5.449999999999952216e+00 2.154964470577559656e-04
5.549999999999951861e+00 1.933260306937893192e-04
5.649999999999951505e+00 2.163832637123145773e-04
5.749999999999951150e+00 1.720424309843812845e-04
5.849999999999950795e+00 1.463247480021799747e-04
5.949999999999950440e+00 1.330224981837999868e-04
6.049999999999950084e+00 9.222893207410131678e-05
6.149999999999949729e+00 8.602121549219065579e-05
6.249999999999949374e+00 7.271896567381065440e-05
6.349999999999949019e+00 7.360578232836932026e-05
6.449999999999948663e+00 3.813311614602265891e-05
6.549999999999948308e+00 2.660449963675999601e-05
6.649999999999947953e+00 1.773633309117333067e-05
6.749999999999947597e+00 2.039678305484932824e-05
6.849999999999947242e+00 1.507588312749732972e-05
6.949999999999946887e+00 2.039678305484933163e-05
7.049999999999946532e+00 1.152861650926266629e-05
7.149999999999946176e+00 1.418906647293866386e-05
7.249999999999945821e+00 6.207716581910665227e-06
7.349999999999945466e+00 8.868166545586665336e-06
7.449999999999945111e+00 9.754983200145331192e-06
7.549999999999944755e+00 8.868166545586665336e-06
7.649999999999944400e+00 3.547266618234665965e-06
7.749999999999944045e+00 2.660449963675999262e-06
7.849999999999943689e+00 3.547266618234665965e-06
7.949999999999943334e+00 1.773633309117332983e-06
