-7.950000000000000178e+00 0.000000000000000000e+00
-7.850000000000000533e+00 0.000000000000000000e+00
-7.750000000000000888e+00 0.000000000000000000e+00
-7.650000000000001243e+00 0.000000000000000000e+00
-7.550000000000001599e+00 0.000000000000000000e+00
-7.450000000000001954e+00 0.000000000000000000e+00
-7.350000000000002309e+00 0.000000000000000000e+00
-7.250000000000002665e+00 0.000000000000000000e+00
-7.150000000000003020e+00 0.000000000000000000e+00
-7.050000000000003375e+00 0.000000000000000000e+00
-6.950000000000003730e+00 0.000000000000000000e+00
-6.850000000000004086e+00 0.000000000000000000e+00
-6.750000000000004441e+00 0.000000000000000000e+00
-6.650000000000004796e+00 0.000000000000000000e+00
-6.550000000000005151e+00 0.000000000000000000e+00
-6.450000000000005507e+00 0.000000000000000000e+00
-6.350000000000005862e+00 0.000000000000000000e+00
-6.250000000000006217e+00 0.000000000000000000e+00
-6.150000000000006573e+00 1.756535019985476639e-04
-6.050000000000006928e+00 3.016272256540705743e-05
-5.950000000000007283e+00 1.951705577761634084e-05
-5.850000000000007638e+00 1.508136128270354227e-05
-5.750000000000007994e+00 1.330708348473841945e-05
-5.650000000000008349e+00 1.241994458575585804e-05
-5.550000000000008704e+00 9.758527888808162291e-05
-5.450000000000009059e+00 9.048816769622113163e-05
-5.350000000000009415e+00 3.282413926235475013e-05
-5.250000000000009770e+00 2.661416696947683212e-05
-5.150000000000010125e+00 2.829973087754368609e-04
-5.050000000000010481e+00 2.235590025436051296e-04
-4.950000000000010836e+00 1.685563908066864272e-04
-4.850000000000011191e+00 2.759001975835763290e-04
-4.750000000000011546e+00 6.476113962572708962e-04
-4.650000000000011902e+00 4.515536995821235592e-04
-4.550000000000012257e+00 6.759998410247141081e-04
-4.450000000000012612e+00 5.651074786518913654e-04
-4.350000000000012967e+00 6.955168968023276842e-04
-4.250000000000013323e+00 4.719578942587220396e-04
-4.150000000000013678e+00 8.356848428415738269e-04
-4.050000000000014033e+00 9.270601494367762714e-04
-3.950000000000014388e+00 9.581100109011656853e-04
-3.850000000000014744e+00 1.564913017805240596e-03
-3.750000000000015099e+00 1.288125681322679688e-03
-3.650000000000015454e+00 1.729920853015996188e-03
-3.550000000000015810e+00 2.457374750181701931e-03
-3.450000000000016165e+00 2.980786700581415389e-03
-3.350000000000016520e+00 3.478471622910633138e-03
-3.250000000000016875e+00 4.615783691406288164e-03
-3.150000000000017231e+00 4.035594851471683078e-03
-3.050000000000017586e+00 5.151615586391758081e-03
-2.950000000000017941e+00 6.170051042423746121e-03
-2.850000000000018296e+00 6.989767385083642953e-03
-2.750000000000018652e+00 6.955168968023317175e-03
-2.650000000000019007e+00 8.533389069313314368e-03
-2.550000000000019362e+00 1.079648040061785552e-02
-2.450000000000019718e+00 1.250210622142393715e-02
-2.350000000000020073e+00 1.273538882512804601e-02
-2.250000000000020428e+00 1.449408930226853826e-02
-2.150000000000020783e+00 1.735687255859397551e-02
-2.050000000000021139e+00 2.057629962300173282e-02
-1.950000000000021272e+00 2.620585255953831669e-02
-1.850000000000021627e+00 3.206893957222280156e-02
-1.750000000000021982e+00 3.592443824185541368e-02
-1.650000000000022338e+00 4.083234210347069099e-02
-1.550000000000022693e+00 4.474207499681746858e-02
-1.450000000000023048e+00 5.300148483860381288e-02
-1.350000000000023404e+00 5.872596163733136143e-02
-1.250000000000023759e+00 6.837840308158134317e-02
-1.150000000000024114e+00 8.389801098038149330e-02
-1.050000000000024469e+00 9.476048194146072245e-02
-9.500000000000248246e-01 1.160865885677431070e-01
-8.500000000000251799e-01 1.405438973427309279e-01
-7.500000000000255351e-01 1.732983088846939412e-01
-6.500000000000258904e-01 2.173374904596901691e-01
-5.500000000000262457e-01 2.491280151098912987e-01
-4.500000000000266565e-01 3.087291986465061644e-01
-3.500000000000270117e-01 3.902758095557359308e-01
-2.500000000000273670e-01 5.069762563295072688e-01
-1.500000000000277223e-01 6.813336134699106150e-01
-5.000000000002806366e-02 1.166859319240182602e+00
4.999999999997158107e-02 1.117882804542301489e+00
1.499999999999712119e-01 6.624595727311057836e-01
2.499999999999708566e-01 5.146214307566063795e-01
3.499999999999705014e-01 4.035554965147913897e-01
4.499999999999701461e-01 3.277744851341976573e-01
5.499999999999698463e-01 2.695973830615091549e-01
6.499999999999694911e-01 2.293337668457434975e-01
7.499999999999691358e-01 1.915791191432137386e-01
8.499999999999687805e-01 1.762278790308868526e-01
9.499999999999684253e-01 1.515164224247037006e-01
1.049999999999968070e+00 1.350208150447636535e-01
1.149999999999967715e+00 1.198545259295107634e-01
1.249999999999967359e+00 1.016023975002773028e-01
1.349999999999967004e+00 9.166653264116648991e-02
1.449999999999966649e+00 8.442899504547801692e-02
1.549999999999966294e+00 7.293653671524485960e-02
1.649999999999965938e+00 6.392379925596375356e-02
1.749999999999965583e+00 5.528702707086388668e-02
1.849999999999965228e+00 5.055312816967107159e-02
1.949999999999964873e+00 4.483668451845393421e-02
2.049999999999964295e+00 4.603981949911575833e-02
2.149999999999963940e+00 4.230944932631376665e-02
2.249999999999963585e+00 3.726735697454518215e-02
2.349999999999963229e+00 3.318993387325372413e-02
2.449999999999962874e+00 2.874497680999399743e-02
2.549999999999962519e+00 2.611489637368278466e-02
2.649999999999962164e+00 2.271520547914003194e-02
2.749999999999961808e+00 2.175442008085058318e-02
2.849999999999961453e+00 2.199749613917181823e-02
2.949999999999961098e+00 2.058073531749664634e-02
3.049999999999960743e+00 1.775164936864121606e-02
3.149999999999960387e+00 1.648098006612606220e-02
3.249999999999960032e+00 1.293449213251151447e-02
3.349999999999959677e+00 1.300577758498487960e-02
3.449999999999959321e+00 1.223896825036351749e-02
3.549999999999958966e+00 1.221678977788895337e-02
3.649999999999958611e+00 1.122141993323049793e-02
3.749999999999958256e+00 9.325604106104746008e-03
3.849999999999957900e+00 8.105788120003714486e-03
3.949999999999957545e+00 7.451079612554576716e-03
4.049999999999957190e+00 6.461919740189009907e-03
4.149999999999956835e+00 5.352108977561814002e-03
4.249999999999956479e+00 4.641510719476774766e-03
4.349999999999956124e+00 5.000801973564719324e-03
4.449999999999955769e+00 4.980397778888120790e-03
4.549999999999955413e+00 4.084387490915726560e-03
4.649999999999955058e+00 4.051563351653368963e-03
4.749999999999954703e+00 3.511295762172984228e-03
4.849999999999954348e+00 3.774776015170810874e-03
4.949999999999953992e+00 2.975463867187516480e-03
5.049999999999953637e+00 2.770534781522543573e-03
5.149999999999953282e+00 2.037758050962941957e-03
5.249999999999952927e+00 2.392613610555972565e-03
5.349999999999952571e+00 1.913558605105384735e-03
5.449999999999952216e+00 1.755647881086490596e-03
5.549999999999951861e+00 1.259737236555235826e-03
5.649999999999951505e+00 1.397243765897533165e-03
5.749999999999951150e+00 1.796456270439688316e-03
5.849999999999950795e+00 1.991626828215854218e-03
5.949999999999950440e+00 1.578220101289979412e-03
6.049999999999950084e+00 1.473537711210039453e-03
6.149999999999949729e+00 6.547085074491295308e-04
6.249999999999949374e+00 8.374591206395368050e-04
6.349999999999949019e+00 8.179420648619208437e-04
6.449999999999948663e+00 6.600313408430251872e-04
6.549999999999948308e+00 4.932492278343034728e-04
6.649999999999947953e+00 3.823568654614834406e-04
6.749999999999947597e+00 6.476113962572703541e-04
6.849999999999947242e+00 2.945301144622099881e-04
6.949999999999946887e+00 9.669813998909915806e-05
7.049999999999946532e+00 1.064566678779073285e-04
7.149999999999946176e+00 1.206508902616282839e-04
7.249999999999945821e+00 1.375065293422969050e-04
7.349999999999945466e+00 3.238056981286349060e-04
7.449999999999945111e+00 3.530812817950592817e-04
7.549999999999944755e+00 1.721049464026166932e-04
7.649999999999944400e+00 4.036481990370674759e-04
7.749999999999944045e+00 2.963043922601762189e-04
7.849999999999943689e+00 1.996062522710760037e-04
7.949999999999943334e+00 4.834906999454979316e-04
