-7.950000000000000178e+00 5.294444949127925326e-05
-7.850000000000000533e+00 5.947379178779090225e-05
-7.750000000000000888e+00 7.295830305232583026e-05
-7.650000000000001243e+00 7.608103197674444588e-05
-7.550000000000001599e+00 9.155273437500029816e-05
-7.450000000000001954e+00 9.623682776162822158e-05
-7.350000000000002309e+00 1.078760901162794240e-04
-7.250000000000002665e+00 1.259027525436050429e-04
-7.150000000000003020e+00 1.524459484011632892e-04
-7.050000000000003375e+00 1.635174418604656290e-04
-6.950000000000003730e+00 1.779955486918610090e-04
-6.850000000000004086e+00 2.008482467296517906e-04
-6.750000000000004441e+00 2.319335937500008023e-04
-6.650000000000004796e+00 2.552121184593032343e-04
-6.550000000000005151e+00 2.821811409883732123e-04
-6.450000000000005507e+00 3.210733103197688579e-04
-6.350000000000005862e+00 3.582621729651180647e-04
-6.250000000000006217e+00 3.958768622819788677e-04
-6.150000000000006573e+00 4.360465116279093559e-04
-6.050000000000006928e+00 4.932492278343050991e-04
-5.950000000000007283e+00 5.554199218750026888e-04
-5.850000000000007638e+00 6.170239646756572448e-04
-5.750000000000007994e+00 6.801871366279093559e-04
-5.650000000000008349e+00 7.547068041424439926e-04
-5.550000000000008704e+00 8.143247734646833109e-04
-5.450000000000009059e+00 8.818870367005833630e-04
-5.350000000000009415e+00 1.012757767078490984e-03
-5.250000000000009770e+00 1.146893168604656236e-03
-5.150000000000010125e+00 1.250652934229658578e-03
-5.050000000000010481e+00 1.389190780005389054e-03
-4.950000000000010836e+00 1.542062555078066704e-03
-4.850000000000011191e+00 1.695784865838461785e-03
-4.750000000000011546e+00 1.908986556663177896e-03
-4.650000000000011902e+00 2.082876957416820302e-03
-4.550000000000012257e+00 2.339926501198871453e-03
-4.450000000000012612e+00 2.602096023936813825e-03
-4.350000000000012967e+00 2.881440555759059302e-03
-4.250000000000013323e+00 3.167311076911899070e-03
-4.150000000000013678e+00 3.591869209651446949e-03
-4.050000000000014033e+00 3.946300060228264892e-03
-3.950000000000014388e+00 4.401095239611019228e-03
-3.850000000000014744e+00 4.862699175116731720e-03
-3.750000000000015099e+00 5.425360385718002408e-03
-3.650000000000015454e+00 6.032304217190562895e-03
-3.550000000000015810e+00 6.766158926292556094e-03
-3.450000000000016165e+00 7.449762735190263233e-03
-3.350000000000016520e+00 8.374119555856061881e-03
-3.250000000000016875e+00 9.334074815667042085e-03
-3.150000000000017231e+00 1.040860315618667362e-02
-3.050000000000017586e+00 1.163915841270725740e-02
-2.950000000000017941e+00 1.295624030769263260e-02
-2.850000000000018296e+00 1.456645748331855325e-02
-2.750000000000018652e+00 1.632586264212920746e-02
-2.650000000000019007e+00 1.836011712312213273e-02
-2.550000000000019362e+00 2.057686236244685857e-02
-2.450000000000019718e+00 2.320300921090906465e-02
-2.350000000000020073e+00 2.624616554817538888e-02
-2.250000000000020428e+00 2.956405273616156959e-02
-2.150000000000020783e+00 3.333943312343979476e-02
-2.050000000000021139e+00 3.785560103568295226e-02
-1.950000000000021272e+00 4.285115254403659008e-02
-1.850000000000021627e+00 4.863277338206883904e-02
-1.750000000000021982e+00 5.556923391793007483e-02
-1.650000000000022338e+00 6.353527852149815081e-02
-1.550000000000022693e+00 7.278656078507607374e-02
-1.450000000000023048e+00 8.357748587999579148e-02
-1.350000000000023404e+00 9.624499223364314793e-02
-1.250000000000023759e+00 1.116879038312225958e-01
-1.150000000000024114e+00 1.295751175237008779e-01
-1.050000000000024469e+00 1.510608873575271516e-01
-9.500000000000248246e-01 1.768780196811231276e-01
-8.500000000000251799e-01 2.078892650370437745e-01
-7.500000000000255351e-01 2.457143619064647844e-01
-6.500000000000258904e-01 2.911046630099441979e-01
-5.500000000000262457e-01 3.474282863178902447e-01
-4.500000000000266565e-01 4.155624358912831107e-01
-3.500000000000270117e-01 4.983858654425274981e-01
-2.500000000000273670e-01 5.950133472631958798e-01
-1.500000000000277223e-01 7.028828074482144084e-01
-5.000000000002806366e-02 7.991853790479128694e-01
4.999999999997158107e-02 7.665763850789544254e-01
1.499999999999712119e-01 6.274330081880374888e-01
2.499999999999708566e-01 5.034329732724804884e-01
3.499999999999705014e-01 4.060900467609012132e-01
4.499999999999701461e-01 3.297603085372381448e-01
5.499999999999698463e-01 2.711030343626387729e-01
6.499999999999694911e-01 2.249635957313994294e-01
7.499999999999691358e-01 1.877699461683744464e-01
8.499999999999687805e-01 1.587267766874785602e-01
9.499999999999684253e-01 1.344373908721475108e-01
1.049999999999968070e+00 1.145990628415633761e-01
1.149999999999967715e+00 9.820625599958016094e-02
1.249999999999967359e+00 8.452974943599242397e-02
1.349999999999967004e+00 7.308532904845796430e-02
1.449999999999966649e+00 6.341257561609500715e-02
1.549999999999966294e+00 5.493707801806892166e-02
1.649999999999965938e+00 4.801241656927110468e-02
1.749999999999965583e+00 4.217089834809008286e-02
1.849999999999965228e+00 3.686538525846687342e-02
1.949999999999964873e+00 3.248680518498948955e-02
2.049999999999964295e+00 2.845313577419554887e-02
2.149999999999963940e+00 2.511038857924234938e-02
2.249999999999963585e+00 2.217308761129940797e-02
2.349999999999963229e+00 1.977439255881089861e-02
2.449999999999962874e+00 1.747153756645045478e-02
2.549999999999962519e+00 1.552420090327934904e-02
2.649999999999962164e+00 1.372918277580453469e-02
2.749999999999961808e+00 1.224694719159100803e-02
2.849999999999961453e+00 1.102949420822037230e-02
2.949999999999961098e+00 9.723307217155981175e-03
3.049999999999960743e+00 8.733245676372538430e-03
3.149999999999960387e+00 7.785912097930012925e-03
3.249999999999960032e+00 6.982634229507957493e-03
3.349999999999959677e+00 6.247364568788812966e-03
3.449999999999959321e+00 5.543315491382021058e-03
3.549999999999958966e+00 4.999116828777338054e-03
3.649999999999958611e+00 4.466669194057887315e-03
3.749999999999958256e+00 4.035446482729861985e-03
3.849999999999957900e+00 3.644116242231904002e-03
3.949999999999957545e+00 3.252907826162266831e-03
4.049999999999957190e+00 2.909549586700050511e-03
4.149999999999956835e+00 2.626228437299751514e-03
4.249999999999956479e+00 2.322041780995382464e-03
4.349999999999956124e+00 2.119633287458823779e-03
4.449999999999955769e+00 1.911820930518698608e-03
4.549999999999955413e+00 1.726302443963462219e-03
4.649999999999955058e+00 1.549161901580538812e-03
4.749999999999954703e+00 1.402249464598412636e-03
4.849999999999954348e+00 1.233908222438090656e-03
4.949999999999953992e+00 1.103606378610835423e-03
5.049999999999953637e+00 9.937375090843048389e-04
5.149999999999953282e+00 9.102765991233310351e-04
5.249999999999952927e+00 8.171625002861217409e-04
5.349999999999952571e+00 7.354037793558894278e-04
5.449999999999952216e+00 6.349075672238397141e-04
5.549999999999951861e+00 5.818211755087236009e-04
5.649999999999951505e+00 5.307219749273282697e-04
5.749999999999951150e+00 4.721009541378665716e-04
5.849999999999950795e+00 4.167423691860488132e-04
5.949999999999950440e+00 3.855161975971683097e-04
6.049999999999950084e+00 3.467648528343039932e-04
6.149999999999949729e+00 3.020530523255827125e-04
6.249999999999949374e+00 2.766453942587219746e-04
6.349999999999949019e+00 2.547862917877916382e-04
6.449999999999948663e+00 2.086550690406983703e-04
6.549999999999948308e+00 1.936091933139540871e-04
6.649999999999947953e+00 1.700467841569772848e-04
6.749999999999947597e+00 1.578397529069772197e-04
6.849999999999947242e+00 1.400969749273260254e-04
6.949999999999946887e+00 1.206508902616282975e-04
7.049999999999946532e+00 1.107149345930236016e-04
7.149999999999946176e+00 9.141079215116308589e-05
7.249999999999945821e+00 8.516533430232586820e-05
7.349999999999945466e+00 8.005541424418630798e-05
7.449999999999945111e+00 6.359011627906998340e-05
7.549999999999944755e+00 5.507358284883739658e-05
7.649999999999944400e+00 5.138308502906994545e-05
7.749999999999944045e+00 4.329237827034898865e-05
7.849999999999943689e+00 3.889216933139548298e-05
7.949999999999943334e+00 3.463390261627919634e-05
