-7.950000000000000178e+00 3.557426984920066763e-04
-7.850000000000000533e+00 4.480051439861940251e-04
-7.750000000000000888e+00 4.187295603197685109e-04
-7.650000000000001243e+00 4.000996434411347434e-04
-7.550000000000001599e+00 5.083305891170071100e-04
-7.450000000000001954e+00 6.547085074491297476e-04
-7.350000000000002309e+00 6.174486736918618872e-04
-7.250000000000002665e+00 7.522937863372129155e-04
-7.150000000000003020e+00 6.547085074491294223e-04
-7.050000000000003375e+00 6.618056186409900085e-04
-6.950000000000003730e+00 7.301153138626471743e-04
-6.850000000000004086e+00 6.529342296511643842e-04
-6.750000000000004441e+00 8.241520371547992902e-04
-6.650000000000004796e+00 1.043275345203492502e-03
-6.550000000000005151e+00 1.092955123546515087e-03
-6.450000000000005507e+00 1.139973485192591254e-03
-6.350000000000005862e+00 1.002466955850293264e-03
-6.250000000000006217e+00 1.053921011991282948e-03
-6.150000000000006573e+00 1.049534214915999030e-03
-6.050000000000006928e+00 1.260666287528188672e-03
-5.950000000000007283e+00 1.151569158990314911e-03
-5.850000000000007638e+00 1.169374805080917665e-03
-5.750000000000007994e+00 1.313964474923752816e-03
-5.650000000000008349e+00 2.032526027062648774e-03
-5.550000000000008704e+00 1.629750996233238387e-03
-5.450000000000009059e+00 1.714029191636580679e-03
-5.350000000000009415e+00 1.884359860241233446e-03
-5.250000000000009770e+00 2.036933780174911973e-03
-5.150000000000010125e+00 2.141602199563530894e-03
-5.050000000000010481e+00 2.490268742900662337e-03
-4.950000000000010836e+00 2.402448977247049512e-03
-4.850000000000011191e+00 2.576328201447632138e-03
-4.750000000000011546e+00 3.089953682575889791e-03
-4.650000000000011902e+00 3.048279110360692466e-03
-4.550000000000012257e+00 3.286947415569646536e-03
-4.450000000000012612e+00 3.727045148267274337e-03
-4.350000000000012967e+00 4.737726870615243356e-03
-4.250000000000013323e+00 4.588596726092574428e-03
-4.150000000000013678e+00 5.067344376334065141e-03
-4.050000000000014033e+00 5.184970611924359825e-03
-3.950000000000014388e+00 6.028388232412980330e-03
-3.850000000000014744e+00 6.856067869126732800e-03
-3.750000000000015099e+00 7.461061671504540943e-03
-3.650000000000015454e+00 7.800842855160526265e-03
-3.550000000000015810e+00 8.105131497511549113e-03
-3.450000000000016165e+00 8.832732086936145172e-03
-3.350000000000016520e+00 9.508829722800121731e-03
-3.250000000000016875e+00 1.060807864278746557e-02
-3.150000000000017231e+00 1.075846614952916461e-02
-3.050000000000017586e+00 1.265007679856683040e-02
-2.950000000000017941e+00 1.602435500559383844e-02
-2.850000000000018296e+00 1.676091779350186162e-02
-2.750000000000018652e+00 1.782658815689543153e-02
-2.650000000000019007e+00 1.985622225085433012e-02
-2.550000000000019362e+00 2.076726500268979980e-02
-2.450000000000019718e+00 2.388394461776579061e-02
-2.350000000000020073e+00 2.810763387185880036e-02
-2.250000000000020428e+00 3.112506569577931648e-02
-2.150000000000020783e+00 3.516547345041166200e-02
-2.050000000000021139e+00 3.980584555854566053e-02
-1.950000000000021272e+00 4.580096957491959497e-02
-1.850000000000021627e+00 5.126607350389816853e-02
-1.750000000000021982e+00 5.474939994204341270e-02
-1.650000000000022338e+00 6.105508544117198289e-02
-1.550000000000022693e+00 6.716372132454145882e-02
-1.450000000000023048e+00 7.669288538856115778e-02
-1.350000000000023404e+00 8.592103693734468028e-02
-1.250000000000023759e+00 1.036801606258421493e-01
-1.150000000000024114e+00 1.179053280908420737e-01
-1.050000000000024469e+00 1.431294112737229729e-01
-9.500000000000248246e-01 1.623069582961636503e-01
-8.500000000000251799e-01 1.877902955979179056e-01
-7.500000000000255351e-01 2.219274004307669468e-01
-6.500000000000258904e-01 2.661795302682470887e-01
-5.500000000000262457e-01 3.072243246746597101e-01
-4.500000000000266565e-01 3.768273147334307849e-01
-3.500000000000270117e-01 4.703938683798164488e-01
-2.500000000000273670e-01 5.748793555362574637e-01
-1.500000000000277223e-01 7.452532145331323132e-01
-5.000000000002806366e-02 9.889548035729809339e-01
4.999999999997158107e-02 9.420183451047834389e-01
1.499999999999712119e-01 6.849213917817298380e-01
2.499999999999708566e-01 5.284898985307594499e-01
3.499999999999705014e-01 4.092135007642071498e-01
4.499999999999701461e-01 3.252643011708148402e-01
5.499999999999698463e-01 2.557483415336408439e-01
6.499999999999694911e-01 2.115152747044696802e-01
7.499999999999691358e-01 1.717495669420942561e-01
8.499999999999687805e-01 1.384654636239822101e-01
9.499999999999684253e-01 1.169673288900992675e-01
1.049999999999968070e+00 9.755457829389835300e-02
1.149999999999967715e+00 8.432777040150009340e-02
1.249999999999967359e+00 7.230717802720049159e-02
1.349999999999967004e+00 6.109369344664176971e-02
1.449999999999966649e+00 5.095422671754162858e-02
1.549999999999966294e+00 4.150422757590095657e-02
1.649999999999965938e+00 3.652536657305834045e-02
1.749999999999965583e+00 3.302723818745680745e-02
1.849999999999965228e+00 2.793453700637227657e-02
1.949999999999964873e+00 2.336490549375003223e-02
2.049999999999964295e+00 2.030474431041946054e-02
2.149999999999963940e+00 1.800681706030211882e-02
2.249999999999963585e+00 1.441764866469714620e-02
2.349999999999963229e+00 1.314855805030143779e-02
2.449999999999962874e+00 1.123992411388723481e-02
2.549999999999962519e+00 1.063544024174269825e-02
2.649999999999962164e+00 9.175202628671726146e-03
2.749999999999961808e+00 7.836433191304748372e-03
2.849999999999961453e+00 6.516328597544715148e-03
2.949999999999961098e+00 5.449086531377360203e-03
3.049999999999960743e+00 4.738495258637983112e-03
3.149999999999960387e+00 4.312836235422221227e-03
3.249999999999960032e+00 4.234558451941917295e-03
3.349999999999959677e+00 4.073839618967189241e-03
3.449999999999959321e+00 3.494544903277234729e-03
3.549999999999958966e+00 2.733372742604531225e-03
3.649999999999958611e+00 2.876209090686387884e-03
3.749999999999958256e+00 2.516023712353805328e-03
3.849999999999957900e+00 2.260471826681535300e-03
3.949999999999957545e+00 2.762585458160009624e-03
4.049999999999957190e+00 1.692688960641373008e-03
4.149999999999956835e+00 1.355576179027998419e-03
4.249999999999956479e+00 1.417675901956777030e-03
4.349999999999956124e+00 1.595990820652272955e-03
4.449999999999955769e+00 1.170171134486306221e-03
4.549999999999955413e+00 9.474922854960199196e-04
4.649999999999955058e+00 9.519349653365947149e-04
4.749999999999954703e+00 9.137879926803440644e-04
4.849999999999954348e+00 1.007831701318159627e-03
4.949999999999953992e+00 8.011213525095596446e-04
5.049999999999953637e+00 7.603199485020219021e-04
5.149999999999953282e+00 6.653681449282428583e-04
5.249999999999952927e+00 8.277005927507306675e-04
5.349999999999952571e+00 5.526875340661365323e-04
5.449999999999952216e+00 3.841311432594485872e-04
5.549999999999951861e+00 3.734854764716579248e-04
5.649999999999951505e+00 2.297689748364832238e-04
5.749999999999951150e+00 3.051757812500007589e-04
5.849999999999950795e+00 1.410550849382271980e-04
5.949999999999950440e+00 1.605721407158435118e-04
6.049999999999950084e+00 1.933962799781982077e-04
6.149999999999949729e+00 1.623464185138086312e-04
6.249999999999949374e+00 2.022676689680238320e-04
6.349999999999949019e+00 3.708240597747108013e-04
6.449999999999948663e+00 3.317899482194777401e-04
6.549999999999948308e+00 3.175957258357565679e-04
6.649999999999947953e+00 1.179894735646805912e-04
6.749999999999947597e+00 1.029081122819770896e-04
6.849999999999947242e+00 1.153280568677329256e-04
6.949999999999946887e+00 1.117795012718026868e-04
7.049999999999946532e+00 1.117795012718026732e-04
7.149999999999946176e+00 9.314958439316889209e-05
7.249999999999945821e+00 5.322833393895366424e-05
7.349999999999945466e+00 5.855116733284902253e-05
7.449999999999945111e+00 5.943830623183156870e-05
7.549999999999944755e+00 2.750130586845939861e-05
7.649999999999944400e+00 8.871388989825613036e-07
7.749999999999944045e+00 1.774277797965122607e-06
7.849999999999943689e+00 8.871388989825613036e-07
7.949999999999943334e+00 1.774277797965122607e-06
