-7.950000000000000178e+00 1.321836959484016280e-04
-7.850000000000000533e+00 1.277480014534888159e-04
-7.750000000000000888e+00 1.481521961300877300e-04
-7.650000000000001243e+00 1.703306686046517364e-04
-7.550000000000001599e+00 1.499264739280528494e-04
-7.450000000000001954e+00 1.499264739280528494e-04
-7.350000000000002309e+00 1.942834188771809165e-04
-7.250000000000002665e+00 1.862991687863378926e-04
-7.150000000000003020e+00 1.836447374350514512e-04
-7.050000000000003375e+00 2.288888212831620915e-04
-6.950000000000003730e+00 2.004933911700588480e-04
-6.850000000000004086e+00 2.519544326567087255e-04
-6.750000000000004441e+00 2.900944199672975555e-04
-6.650000000000004796e+00 3.131600313408441352e-04
-6.550000000000005151e+00 2.900944199672975555e-04
-6.450000000000005507e+00 3.158214480377918008e-04
-6.350000000000005862e+00 3.477654337468252831e-04
-6.250000000000006217e+00 3.717251693650156603e-04
-6.150000000000006573e+00 4.515676702734461702e-04
-6.050000000000006928e+00 4.577706572206627963e-04
-5.950000000000007283e+00 4.888205186850524270e-04
-5.850000000000007638e+00 5.340646025331630131e-04
-5.750000000000007994e+00 5.589114770503359093e-04
-5.650000000000008349e+00 6.600453115343478524e-04
-5.550000000000008704e+00 7.469919089803000100e-04
-5.450000000000009059e+00 7.771616168913683459e-04
-5.350000000000009415e+00 8.623548925763390837e-04
-5.250000000000009770e+00 1.012260410467407962e-03
-5.150000000000010125e+00 1.055723231171892124e-03
-5.050000000000010481e+00 1.096524635179428565e-03
-4.950000000000010836e+00 1.207465894971877438e-03
-4.850000000000011191e+00 1.406191993689632092e-03
-4.750000000000011546e+00 1.557892745415649736e-03
-4.650000000000011902e+00 1.685640746869138552e-03
-4.550000000000012257e+00 1.899420265486951621e-03
-4.450000000000012612e+00 1.998807763555643206e-03
-4.350000000000012967e+00 2.260513738755498200e-03
-4.250000000000013323e+00 2.516952763326748416e-03
-4.150000000000013678e+00 2.760901989855629388e-03
-4.050000000000014033e+00 3.130042581325971282e-03
-3.950000000000014388e+00 3.456474769423247516e-03
-3.850000000000014744e+00 3.829177887180843128e-03
-3.750000000000015099e+00 4.325032648946808105e-03
-3.650000000000015454e+00 4.935440094212107873e-03
-3.550000000000015810e+00 5.395844226747079780e-03
-3.450000000000016165e+00 6.071899950537089537e-03
-3.350000000000016520e+00 6.858002809874906049e-03
-3.250000000000016875e+00 7.577479442295432729e-03
-3.150000000000017231e+00 8.728203374460747482e-03
-3.050000000000017586e+00 9.830057828379749896e-03
-2.950000000000017941e+00 1.089570025039067296e-02
-2.850000000000018296e+00 1.213863773063054638e-02
-2.750000000000018652e+00 1.371252691761055097e-02
-2.650000000000019007e+00 1.550111070348999392e-02
-2.550000000000019362e+00 1.743375327294201943e-02
-2.450000000000019718e+00 1.991090353669083129e-02
-2.350000000000020073e+00 2.218234235606060187e-02
-2.250000000000020428e+00 2.517487142269865530e-02
-2.150000000000020783e+00 2.835647982569624095e-02
-2.050000000000021139e+00 3.262232564085507103e-02
-1.950000000000021272e+00 3.661734960472607520e-02
-1.850000000000021627e+00 4.201864240108901111e-02
-1.750000000000021982e+00 4.808058124871317229e-02
-1.650000000000022338e+00 5.472745897132159920e-02
-1.550000000000022693e+00 6.302495990299902817e-02
-1.450000000000023048e+00 7.270940820106852609e-02
-1.350000000000023404e+00 8.354065466704159448e-02
-1.250000000000023759e+00 9.687654571728629427e-02
-1.150000000000024114e+00 1.130533908186649728e-01
-1.050000000000024469e+00 1.312452427001877808e-01
-9.500000000000248246e-01 1.528089558591385622e-01
-8.500000000000251799e-01 1.793213323716387197e-01
-7.500000000000255351e-01 2.105737968015881090e-01
-6.500000000000258904e-01 2.508781934653249168e-01
-5.500000000000262457e-01 2.996228575553629980e-01
-4.500000000000266565e-01 3.595414482134829948e-01
-3.500000000000270117e-01 4.363285309882906082e-01
-2.500000000000273670e-01 5.394070228362930486e-01
-1.500000000000277223e-01 6.775655643426110597e-01
-5.000000000002806366e-02 8.767710743184475852e-01
4.999999999997158107e-02 8.746955954009140166e-01
1.499999999999712119e-01 6.750431979363966661e-01
2.499999999999708566e-01 5.354917435784913859e-01
3.499999999999705014e-01 4.347174168942816164e-01
4.499999999999701461e-01 3.586273738216305129e-01
5.499999999999698463e-01 2.978362017248861182e-01
6.499999999999694911e-01 2.487625907223127153e-01
7.499999999999691358e-01 2.095611871238377000e-01
8.499999999999687805e-01 1.777903541630559969e-01
9.499999999999684253e-01 1.518965998623189040e-01
1.049999999999968070e+00 1.294187284873676569e-01
1.149999999999967715e+00 1.111134555483426767e-01
1.249999999999967359e+00 9.589360978790500978e-02
1.349999999999967004e+00 8.255148780933042885e-02
1.449999999999966649e+00 7.221305747976061729e-02
1.549999999999966294e+00 6.247860109210204294e-02
1.649999999999965938e+00 5.449450467886356869e-02
1.749999999999965583e+00 4.748941144539903236e-02
1.849999999999965228e+00 4.135657133931287810e-02
1.949999999999964873e+00 3.617042718931737233e-02
2.049999999999964295e+00 3.179183090983982163e-02
2.149999999999963940e+00 2.811778357910464307e-02
2.249999999999963585e+00 2.464415280073724290e-02
2.349999999999963229e+00 2.197825151187497716e-02
2.449999999999962874e+00 1.959756887170845119e-02
2.549999999999962519e+00 1.712828410717424227e-02
2.649999999999962164e+00 1.513207489220456600e-02
2.749999999999961808e+00 1.335412978776725351e-02
2.849999999999961453e+00 1.197177179347388640e-02
2.949999999999961098e+00 1.058090564816508566e-02
3.049999999999960743e+00 9.507195151915382586e-03
3.149999999999960387e+00 8.454077454675131692e-03
3.249999999999960032e+00 7.382315869864928756e-03
3.349999999999959677e+00 6.604218216654939022e-03
3.449999999999959321e+00 5.936146742955771341e-03
3.549999999999958966e+00 5.287557398305916048e-03
3.649999999999958611e+00 4.791695651194286323e-03
3.749999999999958256e+00 4.252364098032511593e-03
3.849999999999957900e+00 3.791834229275639710e-03
3.949999999999957545e+00 3.428037427236176223e-03
4.049999999999957190e+00 3.050975453785942891e-03
4.149999999999956835e+00 2.798217706378187258e-03
4.249999999999956479e+00 2.508011520880309899e-03
4.349999999999956124e+00 2.184212808097336922e-03
4.449999999999955769e+00 2.025435901216442527e-03
4.549999999999955413e+00 1.809001951247343233e-03
4.649999999999955058e+00 1.636820166042452559e-03
4.749999999999954703e+00 1.539234887154371017e-03
4.849999999999954348e+00 1.404347862435054162e-03
4.949999999999953992e+00 1.176402062816165467e-03
5.049999999999953637e+00 1.034452853633294417e-03
5.149999999999953282e+00 1.029996203101397716e-03
5.249999999999952927e+00 8.809568680723277919e-04
5.349999999999952571e+00 8.144284359942970510e-04
5.449999999999952216e+00 7.354591032935266660e-04
5.549999999999951861e+00 6.201450171171164327e-04
5.649999999999951505e+00 6.227854777770803173e-04
5.749999999999951150e+00 5.562570456990496848e-04
5.849999999999950795e+00 5.154416710001905782e-04
5.949999999999950440e+00 4.710847260510625111e-04
6.049999999999950084e+00 4.329237827034899001e-04
6.149999999999949729e+00 3.610725172315637195e-04
6.249999999999949374e+00 3.353524745067306984e-04
6.349999999999949019e+00 3.522150989330606521e-04
6.449999999999948663e+00 2.900944199672975555e-04
6.549999999999948308e+00 2.634872383434819611e-04
6.649999999999947953e+00 2.803358920784893580e-04
6.749999999999947597e+00 2.288818359375008132e-04
6.849999999999947242e+00 2.297689748364833593e-04
6.949999999999946887e+00 2.146876135537798306e-04
7.049999999999946532e+00 1.747733484452258540e-04
7.149999999999946176e+00 1.809763353924425072e-04
7.249999999999945821e+00 1.481591814757490084e-04
7.349999999999945466e+00 1.641206963117738320e-04
7.449999999999945111e+00 1.330708348473842013e-04
7.549999999999944755e+00 1.579107240188959275e-04
7.649999999999944400e+00 1.330708348473842013e-04
7.749999999999944045e+00 1.206508902616283381e-04
7.849999999999943689e+00 1.162151957667155260e-04
7.949999999999943334e+00 1.064566678779073556e-04
