-7.950000000000000178e+00 1.508136128270354227e-05
-7.850000000000000533e+00 1.685563908066866509e-05
-7.750000000000000888e+00 1.862991687863378790e-05
-7.650000000000001243e+00 1.419422238372097916e-05
-7.550000000000001599e+00 1.685563908066866509e-05
-7.450000000000001954e+00 2.129133357558147044e-05
-7.350000000000002309e+00 3.282413926235476368e-05
-7.250000000000002665e+00 2.927558366642452143e-05
-7.150000000000003020e+00 1.419422238372097916e-05
-7.050000000000003375e+00 2.927558366642452143e-05
-6.950000000000003730e+00 2.572702807049427579e-05
-6.850000000000004086e+00 2.750130586845939861e-05
-6.750000000000004441e+00 3.814697265625013553e-05
-6.650000000000004796e+00 2.395275027252915297e-05
-6.550000000000005151e+00 4.967977834302343215e-05
-6.450000000000005507e+00 3.725983375726757581e-05
-6.350000000000005862e+00 4.346980605014550737e-05
-6.250000000000006217e+00 7.629394531250027105e-05
-6.150000000000006573e+00 8.161677870639562934e-05
-6.050000000000006928e+00 8.605247320130844147e-05
-5.950000000000007283e+00 9.403672329215149246e-05
-5.850000000000007638e+00 1.295222792514539353e-04
-5.750000000000007994e+00 1.206508902616283246e-04
-5.650000000000008349e+00 1.357322515443318669e-04
-5.550000000000008704e+00 1.366193904433144401e-04
-5.450000000000009059e+00 1.987191133720937015e-04
-5.350000000000009415e+00 2.173490302507274962e-04
-5.250000000000009770e+00 2.546088640079951127e-04
-5.150000000000010125e+00 3.255799759265999441e-04
-5.050000000000010481e+00 3.992125045421525496e-04
-4.950000000000010836e+00 4.258266715116293681e-04
-4.850000000000011191e+00 5.234119503997110723e-04
-4.750000000000011546e+00 6.245457848837229070e-04
-4.650000000000011902e+00 6.884197856104672065e-04
-4.550000000000012257e+00 8.507662041242756209e-04
-4.450000000000012612e+00 9.687556776889560224e-04
-4.350000000000012967e+00 1.154167707576311125e-03
-4.250000000000013323e+00 1.348451126453491635e-03
-4.150000000000013678e+00 1.563138740007271113e-03
-4.050000000000014033e+00 1.870088799055236693e-03
-3.950000000000014388e+00 2.252445664516719917e-03
-3.850000000000014744e+00 2.570928529251458733e-03
-3.750000000000015099e+00 3.002078034156982836e-03
-3.650000000000015454e+00 3.601797900560516248e-03
-3.550000000000015810e+00 4.275129339542623093e-03
-3.450000000000016165e+00 4.942250806231856045e-03
-3.350000000000016520e+00 5.574780841206430568e-03
-3.250000000000016875e+00 6.798152368249057997e-03
-3.150000000000017231e+00 7.783763685018697115e-03
-3.050000000000017586e+00 9.119829793614756680e-03
-2.950000000000017941e+00 1.080450656278266267e-02
-2.850000000000018296e+00 1.225410549441150604e-02
-2.750000000000018652e+00 1.438766756111893239e-02
-2.650000000000019007e+00 1.679536951830329361e-02
-2.550000000000019362e+00 1.962979925658959665e-02
-2.450000000000019718e+00 2.306125950319985046e-02
-2.350000000000020073e+00 2.658321490285198499e-02
-2.250000000000020428e+00 3.120617952959810204e-02
-2.150000000000020783e+00 3.645631643119659482e-02
-2.050000000000021139e+00 4.183253183663553088e-02
-1.950000000000021272e+00 4.851621534553324927e-02
-1.850000000000021627e+00 5.642610643181207586e-02
-1.750000000000021982e+00 6.465619179251239079e-02
-1.650000000000022338e+00 7.503651324001278655e-02
-1.550000000000022693e+00 8.737419140991482813e-02
-1.450000000000023048e+00 1.005821109276449909e-01
-1.350000000000023404e+00 1.156903867471808234e-01
-1.250000000000023759e+00 1.342246183609455412e-01
-1.150000000000024114e+00 1.539603154577591226e-01
-1.050000000000024469e+00 1.770901221579325169e-01
-9.500000000000248246e-01 2.037674017254589298e-01
-8.500000000000251799e-01 2.324485185054174785e-01
-7.500000000000255351e-01 2.658453094197377187e-01
-6.500000000000258904e-01 3.035174252632791281e-01
-5.500000000000262457e-01 3.421439209431397233e-01
-4.500000000000266565e-01 3.858782340920970944e-01
-3.500000000000270117e-01 4.334758555271367442e-01
-2.500000000000273670e-01 4.776823291453770048e-01
-1.500000000000277223e-01 5.207459094039366132e-01
-5.000000000002806366e-02 5.522973256721508406e-01
4.999999999997158107e-02 5.541385649936252378e-01
1.499999999999712119e-01 5.207248206453851669e-01
2.499999999999708566e-01 4.771834986263593370e-01
3.499999999999705014e-01 4.295083887518995058e-01
4.499999999999701461e-01 3.832057386369306373e-01
5.499999999999698463e-01 3.400455999452934308e-01
6.499999999999694911e-01 2.993151181522553106e-01
7.499999999999691358e-01 2.622194120766459524e-01
8.499999999999687805e-01 2.297543684787010099e-01
9.499999999999684253e-01 2.003101236412846153e-01
1.049999999999968070e+00 1.752275915028828068e-01
1.149999999999967715e+00 1.513353622651634200e-01
1.249999999999967359e+00 1.307940033411605640e-01
1.349999999999967004e+00 1.139407672194000937e-01
1.449999999999966649e+00 9.847770569372792104e-02
1.549999999999966294e+00 8.577549027514608238e-02
1.649999999999965938e+00 7.416358951945101197e-02
1.749999999999965583e+00 6.369078209539527635e-02
1.849999999999965228e+00 5.451500666837943987e-02
1.949999999999964873e+00 4.662385726450982842e-02
2.049999999999964295e+00 4.030211245570567563e-02
2.149999999999963940e+00 3.459768359902583301e-02
2.249999999999963585e+00 2.976536117746549082e-02
2.349999999999963229e+00 2.574836830148975741e-02
2.449999999999962874e+00 2.189289058789414127e-02
2.549999999999962519e+00 1.880298580273784270e-02
2.649999999999962164e+00 1.624532943024277823e-02
2.749999999999961808e+00 1.391216111126427311e-02
2.849999999999961453e+00 1.196755963004013726e-02
2.949999999999961098e+00 1.030236498992154193e-02
3.049999999999960743e+00 8.544048706792421732e-03
3.149999999999960387e+00 7.326908108079654633e-03
3.249999999999960032e+00 6.188687944648031680e-03
3.349999999999959677e+00 5.404478113984421614e-03
3.449999999999959321e+00 4.651276232711234158e-03
3.549999999999958966e+00 3.943339391323142859e-03
3.649999999999958611e+00 3.301930982013088264e-03
3.749999999999958256e+00 2.765211948128639460e-03
3.849999999999957900e+00 2.405040540487381629e-03
3.949999999999957545e+00 2.072363453368921641e-03
4.049999999999957190e+00 1.794688977987380545e-03
4.149999999999956835e+00 1.497490461482561559e-03
4.249999999999956479e+00 1.240220180777619431e-03
4.349999999999956124e+00 1.100939373637357596e-03
4.449999999999955769e+00 9.199630382449152516e-04
4.549999999999955413e+00 8.010864257812523852e-04
4.649999999999955058e+00 6.759998410247112892e-04
4.749999999999954703e+00 5.544618118641007030e-04
4.849999999999954348e+00 4.258266715116294223e-04
4.949999999999953992e+00 4.604250885719492377e-04
5.049999999999953637e+00 3.663883652797977723e-04
5.149999999999953282e+00 2.936429755632277401e-04
5.249999999999952927e+00 2.803358920784893580e-04
5.349999999999952571e+00 2.173490302507275233e-04
5.449999999999952216e+00 1.747663630995645756e-04
5.549999999999951861e+00 1.854120298873553193e-04
5.649999999999951505e+00 1.241994458575585770e-04
5.749999999999951150e+00 1.002466955850294240e-04
5.849999999999950795e+00 7.895536200944795020e-05
5.949999999999950440e+00 6.830969522165722006e-05
6.049999999999950084e+00 6.742255632267464679e-05
6.149999999999949729e+00 5.411547283793623751e-05
6.249999999999949374e+00 6.653541742369210063e-05
6.349999999999949019e+00 3.903411155523269524e-05
6.449999999999948663e+00 3.814697265625013553e-05
6.549999999999948308e+00 3.282413926235476368e-05
6.649999999999947953e+00 3.992125045421525496e-05
6.749999999999947597e+00 3.193700036337220396e-05
6.849999999999947242e+00 2.129133357558147044e-05
6.949999999999946887e+00 2.750130586845939861e-05
7.049999999999946532e+00 1.862991687863378790e-05
7.149999999999946176e+00 1.153280568677329663e-05
7.249999999999945821e+00 1.596850018168610198e-05
7.349999999999945466e+00 1.064566678779073522e-05
7.449999999999945111e+00 1.241994458575585804e-05
7.549999999999944755e+00 7.097111191860490429e-06
7.649999999999944400e+00 1.064566678779073522e-05
7.749999999999944045e+00 7.097111191860490429e-06
7.849999999999943689e+00 7.984250090843050991e-06
7.949999999999943334e+00 9.758527888808173810e-06
