-7.950000000000000178e+00 0.000000000000000000e+00
-7.850000000000000533e+00 0.000000000000000000e+00
-7.750000000000000888e+00 0.000000000000000000e+00
-7.650000000000001243e+00 0.000000000000000000e+00
-7.550000000000001599e+00 0.000000000000000000e+00
-7.450000000000001954e+00 0.000000000000000000e+00
-7.350000000000002309e+00 0.000000000000000000e+00
-7.250000000000002665e+00 0.000000000000000000e+00
-7.150000000000003020e+00 8.871388989825612401e-06
-7.050000000000003375e+00 5.322833393895367610e-06
-6.950000000000003730e+00 3.548555595930245214e-06
-6.850000000000004086e+00 7.984250090843050991e-06
-6.750000000000004441e+00 2.661416696947683805e-06
-6.650000000000004796e+00 1.241994458575585634e-05
-6.550000000000005151e+00 1.330708348473841945e-05
-6.450000000000005507e+00 2.129133357558147044e-05
-6.350000000000005862e+00 1.774277797965122480e-05
-6.250000000000006217e+00 3.725983375726756903e-05
-6.150000000000006573e+00 4.524408384811062002e-05
-6.050000000000006928e+00 4.435694494912806709e-05
-5.950000000000007283e+00 4.879263944404087244e-05
-5.850000000000007638e+00 5.500261173691879722e-05
-5.750000000000007994e+00 6.830969522165722006e-05
-5.650000000000008349e+00 7.718108421148283077e-05
-5.550000000000008704e+00 7.097111191860491276e-05
-5.450000000000009059e+00 9.581100109011659834e-05
-5.350000000000009415e+00 1.366193904433144401e-04
-5.250000000000009770e+00 1.472650572311051567e-04
-5.150000000000010125e+00 1.951705577761634627e-04
-5.050000000000010481e+00 2.111390579578495917e-04
-4.950000000000010836e+00 2.670288085937509216e-04
-4.850000000000011191e+00 3.326770871184604218e-04
-4.750000000000011546e+00 3.912282544513094444e-04
-4.650000000000011902e+00 4.329237827034897916e-04
-4.550000000000012257e+00 5.580103674600307793e-04
-4.450000000000012612e+00 6.112387013989844164e-04
-4.350000000000012967e+00 7.434223973473858818e-04
-4.250000000000013323e+00 8.481047874273280095e-04
-4.150000000000013678e+00 9.971441224563980417e-04
-4.050000000000014033e+00 1.207396041515264654e-03
-3.950000000000014388e+00 1.409663710483288323e-03
-3.850000000000014744e+00 1.604834268259451406e-03
-3.750000000000015099e+00 1.789359159247823827e-03
-3.650000000000015454e+00 2.240025719930964325e-03
-3.550000000000015810e+00 2.717306447583581371e-03
-3.450000000000016165e+00 3.250476925872100749e-03
-3.350000000000016520e+00 3.817358682321960080e-03
-3.250000000000016875e+00 4.580298135446967886e-03
-3.150000000000017231e+00 5.547279535337970580e-03
-3.050000000000017586e+00 6.781289743822728477e-03
-2.950000000000017941e+00 7.813032283339458803e-03
-2.850000000000018296e+00 9.636102720748645351e-03
-2.750000000000018652e+00 1.152659571448050660e-02
-2.650000000000019007e+00 1.360871071039260541e-02
-2.550000000000019362e+00 1.654691474382288460e-02
-2.450000000000019718e+00 1.994820528252206487e-02
-2.350000000000020073e+00 2.411953238553812481e-02
-2.250000000000020428e+00 2.863861793695534480e-02
-2.150000000000020783e+00 3.450438033702811491e-02
-2.050000000000021139e+00 4.236709239871065680e-02
-1.950000000000021272e+00 5.084104316179217931e-02
-1.850000000000021627e+00 6.099523499954664918e-02
-1.750000000000021982e+00 7.314460222111188181e-02
-1.650000000000022338e+00 8.655193240143428668e-02
-1.550000000000022693e+00 1.016430522120257418e-01
-1.450000000000023048e+00 1.202809533407495496e-01
-1.350000000000023404e+00 1.400366494821912999e-01
-1.250000000000023759e+00 1.623082715411476307e-01
-1.150000000000024114e+00 1.860569798669106101e-01
-1.050000000000024469e+00 2.115338347678917263e-01
-9.500000000000248246e-01 2.388683585233428719e-01
-8.500000000000251799e-01 2.677748924077897330e-01
-7.500000000000255351e-01 2.976430848587343636e-01
-6.500000000000258904e-01 3.293627361918560759e-01
-5.500000000000262457e-01 3.568028294762864983e-01
-4.500000000000266565e-01 3.801079683525594999e-01
-3.500000000000270117e-01 4.013008295103551726e-01
-2.500000000000273670e-01 4.184572086777796907e-01
-1.500000000000277223e-01 4.275015897529075293e-01
-5.000000000002806366e-02 4.341515829396808135e-01
4.999999999997158107e-02 4.360119132108477569e-01
1.499999999999712119e-01 4.292155421057418652e-01
2.499999999999708566e-01 4.170466578283976156e-01
3.499999999999705014e-01 4.005236958348466492e-01
4.499999999999701461e-01 3.819070860396961420e-01
5.499999999999698463e-01 3.571035695630415119e-01
6.499999999999694911e-01 3.287142376566998814e-01
7.499999999999691358e-01 2.989915359851876286e-01
8.499999999999687805e-01 2.679248188817179854e-01
9.499999999999684253e-01 2.406683633493785224e-01
1.049999999999968070e+00 2.119330472724340608e-01
1.149999999999967715e+00 1.876156829124228653e-01
1.249999999999967359e+00 1.637276937795197340e-01
1.349999999999967004e+00 1.411633158838990487e-01
1.449999999999966649e+00 1.211902707122066158e-01
1.549999999999966294e+00 1.021664641624253911e-01
1.649999999999965938e+00 8.596908214480279697e-02
1.749999999999965583e+00 7.257328477016715407e-02
1.849999999999965228e+00 6.001405937727191664e-02
1.949999999999964873e+00 5.098475966342734533e-02
2.049999999999964295e+00 4.223757011945919460e-02
2.149999999999963940e+00 3.524247990098160893e-02
2.249999999999963585e+00 2.907509027525477519e-02
2.349999999999963229e+00 2.373540124227866907e-02
2.449999999999962874e+00 1.965367516805985315e-02
2.549999999999962519e+00 1.619915629542171762e-02
2.649999999999962164e+00 1.363798629405903011e-02
2.749999999999961808e+00 1.145296318586495193e-02
2.849999999999961453e+00 9.661829748819138891e-03
2.949999999999961098e+00 8.016187091206468732e-03
3.049999999999960743e+00 6.528455157612695313e-03
3.149999999999960387e+00 5.392917366915003265e-03
3.249999999999960032e+00 4.365610521893185589e-03
3.349999999999959677e+00 3.741064737009459212e-03
3.449999999999959321e+00 2.994980922965122250e-03
3.549999999999958966e+00 2.578912779342301675e-03
3.649999999999958611e+00 2.221395803052330503e-03
3.749999999999958256e+00 1.882508743640992502e-03
3.849999999999957900e+00 1.564025878906253686e-03
3.949999999999957545e+00 1.236671625181689138e-03
4.049999999999957190e+00 1.147957735283433329e-03
4.149999999999956835e+00 1.008676928143171277e-03
4.249999999999956479e+00 8.977845657703512451e-04
4.349999999999956124e+00 7.398738417514556971e-04
4.449999999999955769e+00 6.981783134992754040e-04
4.549999999999955413e+00 5.207505337027632441e-04
4.649999999999955058e+00 4.222781159156990751e-04
4.749999999999954703e+00 3.708240597747105845e-04
4.849999999999954348e+00 2.936429755632277401e-04
4.949999999999953992e+00 2.554960029069776317e-04
5.049999999999953637e+00 2.129133357558147112e-04
5.149999999999953282e+00 1.525878906250005421e-04
5.249999999999952927e+00 1.463779183321225834e-04
5.349999999999952571e+00 1.375065293422969863e-04
5.449999999999952216e+00 1.055695289789247823e-04
5.549999999999951861e+00 8.339105650436074877e-05
5.649999999999951505e+00 6.298686182776184821e-05
5.749999999999951150e+00 5.766402843386648315e-05
5.849999999999950795e+00 6.298686182776186177e-05
5.949999999999950440e+00 5.234119503997111808e-05
6.049999999999950084e+00 4.613122274709318652e-05
6.149999999999949729e+00 4.790550054505830595e-05
6.249999999999949374e+00 2.661416696947683890e-05
6.349999999999949019e+00 2.306561137354659326e-05
6.449999999999948663e+00 7.097111191860490429e-06
6.549999999999948308e+00 8.871388989825612401e-06
6.649999999999947953e+00 3.548555595930245214e-06
6.749999999999947597e+00 2.661416696947683805e-06
6.849999999999947242e+00 3.548555595930245214e-06
6.949999999999946887e+00 6.209972292877929019e-06
7.049999999999946532e+00 4.435694494912806200e-06
7.149999999999946176e+00 0.000000000000000000e+00
7.249999999999945821e+00 0.000000000000000000e+00
7.349999999999945466e+00 0.000000000000000000e+00
7.449999999999945111e+00 0.000000000000000000e+00
7.549999999999944755e+00 0.000000000000000000e+00
7.649999999999944400e+00 0.000000000000000000e+00
7.749999999999944045e+00 0.000000000000000000e+00
7.849999999999943689e+00 0.000000000000000000e+00
7.949999999999943334e+00 0.000000000000000000e+00
