0.0	17.6255
2.275	17.619
4.55	17.6146
6.825	17.6758
9.1	17.7151
11.375	17.7663
13.65	17.8144
15.925	17.8239
18.2	17.8307
20.475	17.8248
22.75	17.843
25.025	17.9388
27.3	17.9827
29.575	18.0246
31.85	18.0872
34.125	18.1258
36.4	18.1277
38.675	18.1943
40.95	18.2426
43.225	18.2875
45.5	18.3403
47.775	18.371
50.05	18.4149
52.325	18.4265
54.6	18.4449
56.875	18.5219
59.15	18.5659
61.425	18.5812
63.7	18.6425
65.975	18.6954
68.25	18.6971
70.525	18.7227
72.8	18.7588
75.075	18.7663
77.35	18.7838
79.625	18.8082
81.9	18.8377
84.175	18.8347
86.45	18.9367
88.725	19.0468
91.0	19.1482
93.275	19.1578
95.55	19.1894
97.825	19.2984
100.1	19.345
102.375	19.4071
104.65	19.4362
106.925	19.4629
109.2	19.4665
111.475	19.5316
113.75	19.567
116.025	19.624
118.3	19.6437
120.575	19.7212
122.85	19.7464
125.125	19.7972
127.4	19.9385
129.675	19.9678
131.95	20.0694
134.225	20.0859
136.5	20.107
138.775	20.2192
141.05	20.2729
143.325	20.3243
145.6	20.3566
147.875	20.4241
150.15	20.518
152.425	20.5404
154.7	20.6162
156.975	20.6337
159.25	20.6531
161.525	20.6823
163.8	20.7471
166.075	20.8066
168.35	20.871
170.625	21.1168
172.9	21.1338
175.175	21.1447
177.45	21.1748
179.725	21.2004
182.0	21.2127
184.275	21.2783
186.55	21.3113
188.825	21.3323
191.1	21.3856
193.375	21.4533
195.65	21.5634
197.925	21.5711
200.2	21.5876
202.475	21.7379
204.75	21.7633
207.025	21.8594
209.3	21.97
211.575	21.9864
213.85	22.007
216.125	22.1383
218.4	22.2599
220.675	22.3947
222.95	22.4125
225.225	22.4263
227.5	22.4969
229.775	22.5199
232.05	22.6071
234.325	22.6645
236.6	22.6878
238.875	22.7081
241.15	22.7557
243.425	22.8272
245.7	22.9162
247.975	22.937
250.25	23.0424
252.525	23.0598
254.8	23.0774
257.075	23.0991
259.35	23.1556
261.625	23.1716
263.9	23.2392
266.175	23.2995
268.45	23.3241
270.725	23.332
273.0	23.3532
275.275	23.413
277.55	23.4683
279.825	23.5178
282.1	23.5435
284.375	23.5913
286.65	23.6079
288.925	23.7026
291.2	23.7257
293.475	23.7361
295.75	23.8326
298.025	23.8436
300.3	23.8612
302.575	23.9522
304.85	23.9597
307.125	23.9798
309.4	24.069
311.675	24.0854
313.95	24.0997
316.225	24.1543
318.5	24.2029
320.775	24.27
323.05	24.3682
325.325	24.4358
327.6	24.4374
329.875	24.4592
332.15	24.499
334.425	24.5642
336.7	24.5677
338.975	24.5837
341.25	24.5998
343.525	24.6211
345.8	24.6679
348.075	24.6803
350.35	24.6963
352.625	24.7085
354.9	24.7234
357.175	24.7395
359.45	24.7544
361.725	24.8078
364.0	24.9096
366.275	24.9177
368.55	24.9342
370.825	24.9461
373.1	25.0138
375.375	25.0173
377.65	25.0377
379.925	25.0521
382.2	25.1042
384.475	25.156
386.75	25.21
389.025	25.2648
391.3	25.3197
393.575	25.4118
395.85	25.4729
398.125	25.533
400.4	25.5901
402.675	25.6847
404.95	25.7006
407.225	25.7191
409.5	25.8178
411.775	25.877
414.05	25.9607
416.325	26.0751
418.6	26.1247
420.875	26.2223
423.15	26.3147
425.425	26.3876
427.7	26.4333
429.975	26.4538
432.25	26.5109
434.525	26.5353
436.8	26.5896
439.075	26.6067
441.35	26.6686
443.625	26.6875
445.9	26.8377
448.175	26.8542
450.45	26.9182
452.725	26.9868
455.0	27.0749
457.275	27.1322
459.55	27.2397
461.825	27.2681
464.1	27.2753
466.375	27.2561
468.65	27.3182
470.925	27.3787
473.2	27.4732
475.475	27.6185
477.75	27.6824
480.025	27.6999
482.3	27.8104
484.575	27.8717
486.85	28.0559
489.125	28.0766
491.4	28.1373
493.675	28.1497
495.95	28.1615
498.225	28.2312
500.5	28.2513
502.775	28.2767
505.05	28.3363
507.325	28.3661
509.6	28.4281
511.875	28.4944
514.15	28.5172
516.425	28.5421
518.7	28.5996
520.975	28.711
523.25	28.806
525.525	28.9474
527.8	28.9657
530.075	29.0299
532.35	29.0916
534.625	29.1231
536.9	29.1401
539.175	29.1676
541.45	29.2199
543.725	29.2477
546.0	29.3032
548.275	29.3729
550.55	29.4305
552.825	29.4904
555.1	29.5078
557.375	29.4836
559.65	29.5022
561.925	29.5194
564.2	29.585
566.475	29.601
568.75	29.6226
571.025	29.7223
573.3	29.7481
575.575	29.7585
577.85	29.9052
580.125	29.9705
582.4	30.0343
584.675	30.0856
586.95	30.1476
589.225	30.21
591.5	30.2266
593.775	30.2466
596.05	30.309
598.325	30.3315
600.6	30.3569
602.875	30.3767
605.15	30.4368
607.425	30.4567
609.7	30.4745
611.975	30.4962
614.25	30.5167
616.525	30.535
618.8	30.5943
621.075	30.6998
623.35	30.7173
625.625	30.7414
627.9	30.7971
630.175	30.8558
632.45	30.9872
634.725	31.0567
637.0	31.1302
639.275	31.1844
641.55	31.3004
643.825	31.3214
646.1	31.3416
648.375	31.3643
650.65	31.4545
652.925	31.6177
655.2	31.6286
657.475	31.6885
659.75	31.6988
662.025	31.7766
664.3	31.8215
666.575	31.8892
668.85	31.9092
671.125	31.9367
673.4	31.9502
675.675	31.9727
677.95	31.9853
680.225	32.0145
682.5	32.0232
684.775	32.0448
687.05	32.0174
689.325	32.0773
691.6	32.0967
693.875	32.1157
696.15	32.2129
698.425	32.2948
700.7	32.3842
702.975	32.5307
705.25	32.5586
707.525	32.6604
709.8	32.8421
712.075	32.9453
714.35	33.0758
716.625	33.1014
718.9	33.1569
721.175	33.2237
723.45	33.2775
725.725	33.2996
728.0	33.3179
730.275	33.3361
732.55	33.4043
734.825	33.4189
737.1	33.4757
739.375	33.5311
741.65	33.5524
743.925	33.5643
746.2	33.5792
748.475	33.5956
750.75	33.6133
753.025	33.6624
755.3	33.7913
757.575	33.8073
759.85	33.8634
762.125	33.9141
764.4	33.9239
766.675	33.9879
768.95	34.0239
771.225	34.0415
773.5	34.0923
775.775	34.187
778.05	34.1928
780.325	34.2525
782.6	34.2573
784.875	34.3072
787.15	34.3155
789.425	34.3297
791.7	34.3348
793.975	34.344
796.25	34.433
798.525	34.4813
800.8	34.5228
803.075	34.5332
805.35	34.5545
807.625	34.6021
809.9	34.6076
812.175	34.7629
814.45	34.7651
816.725	34.7749
819.0	34.8596
821.275	34.8689
823.55	34.8793
825.825	34.9152
828.1	34.9994
830.375	35.1039
832.65	35.1209
834.925	35.2374
837.2	35.2574
839.475	35.2928
841.75	35.3467
844.025	35.3811
846.3	35.4341
848.575	35.4734
850.85	35.4852
853.125	35.4943
855.4	35.5046
857.675	35.5526
859.95	35.6324
862.225	35.7238
864.5	35.7738
866.775	35.8561
869.05	35.9435
871.325	35.9868
873.6	36.0013
875.875	36.0072
878.15	36.0183
880.425	36.0656
882.7	36.0892
884.975	36.1305
887.25	36.194
889.525	36.237
891.8	36.297
894.075	36.3875
896.35	36.4474
898.625	36.4951
900.9	36.5083
903.175	36.5589
905.45	36.5739
907.725	36.6259
910.0	36.6715
912.275	36.7208
914.55	36.7291
916.825	36.7461
919.1	36.8204
921.375	36.8934
923.65	36.9445
925.925	36.9923
928.2	37.0466
930.475	37.0534
932.75	37.0688
935.025	37.2011
937.3	37.2116
939.575	37.258
941.85	37.3059
944.125	37.3442
946.4	37.4332
948.675	37.5188
950.95	37.5248
953.225	37.5392
955.5	37.5752
957.775	37.6121
960.05	37.6156
962.325	37.7305
964.6	37.7962
966.875	37.8126
969.15	37.8734
971.425	37.9279
973.7	37.961
975.975	38.0604
978.25	38.0656
980.525	38.1161
982.8	38.1592
985.075	38.2355
987.35	38.3583
989.625	38.4011
991.9	38.4518
994.175	38.4668
996.45	38.4774
998.725	38.5623
1001.0	38.5687
1003.28	38.5903
1005.55	38.6002
1007.83	38.6109
1010.1	38.6284
1012.38	38.6777
1014.65	38.7268
1016.92	38.8027
1019.2	38.8911
1021.47	38.8988
1023.75	38.9402
1026.03	39.0212
1028.3	39.0371
1030.57	39.0467
1032.85	39.0595
1035.12	39.0881
1037.4	39.1011
1039.68	39.1605
1041.95	39.2452
1044.22	39.2786
1046.5	39.2916
1048.78	39.2995
1051.05	39.3163
1053.32	39.3596
1055.6	39.3689
1057.88	39.4225
1060.15	39.4362
1062.43	39.4512
1064.7	39.5106
1066.97	39.5952
1069.25	39.6521
1071.53	39.6878
1073.8	39.702
1076.07	39.7153
1078.35	39.7799
1080.62	39.8668
1082.9	39.9542
1085.18	40.0648
1087.45	40.0858
1089.72	40.1374
1092.0	40.2408
1094.28	40.302
1096.55	40.3302
1098.82	40.3513
1101.1	40.4373
1103.38	40.4615
1105.65	40.5539
1107.93	40.5699
1110.2	40.5789
1112.47	40.6351
1114.75	40.6464
1117.03	40.6964
1119.3	40.7015
1121.57	40.7773
1123.85	40.8198
1126.12	40.8661
1128.4	40.9219
1130.68	40.9688
1132.95	41.0428
1135.22	41.0503
1137.5	41.094
1139.78	41.136
1142.05	41.1894
1144.32	41.1993
1146.6	41.2448
1148.88	41.2467
1151.15	41.2557
1153.43	41.3181
1155.7	41.3539
1157.97	41.3623
1160.25	41.3726
1162.53	41.4047
1164.8	41.4488
1167.07	41.4594
1169.35	41.5017
1171.62	41.5156
1173.9	41.5467
1176.18	41.5591
1178.45	41.6018
1180.72	41.6129
1183.0	41.6219
1185.28	41.6682
1187.55	41.7246
1189.82	41.7338
1192.1	41.7458
1194.38	41.8313
1196.65	41.8842
1198.93	41.9824
1201.2	42.0383
1203.47	42.0938
1205.75	42.0984
1208.03	42.1443
1210.3	42.1977
1212.57	42.2077
1214.85	42.2128
1217.12	42.2614
1219.4	42.2674
1221.68	42.3863
1223.95	42.4255
1226.22	42.4552
1228.5	42.5247
1230.78	42.5829
1233.05	42.6614
1235.32	42.6618
1237.6	42.6782
1239.88	42.6836
1242.15	42.7019
1244.43	42.7097
1246.7	42.7547
1248.97	42.7633
1251.25	42.778
1253.53	42.8823
1255.8	42.9218
1258.07	42.9346
1260.35	42.9408
1262.62	42.9529
1264.9	42.9586
1267.18	43.03
1269.45	43.0476
1271.72	43.1616
1274.0	43.27
1276.28	43.2874
1278.55	43.3296
1280.82	43.384
1283.1	43.3977
1285.38	43.3866
1287.65	43.4647
1289.93	43.4766
1292.2	43.5227
1294.47	43.5638
1296.75	43.5943
1299.03	43.6393
1301.3	43.755
1303.57	43.8421
1305.85	43.8468
1308.12	43.8608
1310.4	43.9368
1312.68	44.0062
1314.95	44.0183
1317.22	44.0285
1319.5	44.0406
1321.78	44.0719
1324.05	44.1397
1326.32	44.1473
1328.6	44.1553
1330.88	44.1814
1333.15	44.1958
1335.43	44.2406
1337.7	44.3061
1339.97	44.3073
1342.25	44.3174
1344.53	44.3198
1346.8	44.3629
1349.07	44.4
1351.35	44.4361
1353.62	44.4399
1355.9	44.4596
1358.18	44.4708
1360.45	44.4855
1362.72	44.4986
1365.0	44.6019
1367.28	44.6347
1369.55	44.66
1371.82	44.627
1374.1	44.6508
1376.38	44.6668
1378.65	44.7603
1380.93	44.8189
1383.2	44.8422
1385.47	44.8599
1387.75	44.8792
1390.03	44.8895
1392.3	44.9113
1394.57	44.9562
1396.85	45.0416
1399.12	45.0644
1401.4	45.1097
1403.68	45.1517
1405.95	45.1935
1408.22	45.2137
1410.5	45.3414
1412.78	45.4027
1415.05	45.4224
1417.32	45.5136
1419.6	45.5353
1421.88	45.6354
1424.15	45.7023
1426.43	45.7403
1428.7	45.759
1430.97	45.7715
1433.25	45.7953
1435.53	45.812
1437.8	45.8718
1440.07	45.8893
1442.35	45.9847
1444.62	46.0064
1446.9	46.0318
1449.18	46.057
1451.45	46.0951
1453.72	46.1239
1456.0	46.1637
1458.28	46.2166
1460.55	46.2774
1462.82	46.3312
1465.1	46.3482
1467.38	46.4111
1469.65	46.4647
1471.93	46.5198
1474.2	46.5397
1476.47	46.5984
1478.75	46.62
1481.03	46.7224
1483.3	46.7434
1485.57	46.7861
1487.85	46.8099
1490.12	46.8302
1492.4	46.8769
1494.68	46.9339
1496.95	46.9533
1499.22	46.9731
1501.5	47.0288
1503.78	47.0453
1506.05	47.1042
1508.32	47.1576
1510.6	47.224
1512.88	47.2994
1515.15	47.3437
1517.43	47.439
1519.7	47.4542
1521.97	47.4832
1524.25	47.4971
1526.53	47.5215
1528.8	47.5581
1531.07	47.6602
1533.35	47.7079
1535.62	47.7304
1537.9	47.7461
1540.18	47.7733
1542.45	47.8356
1544.72	47.8565
1547.0	47.876
1549.28	47.8968
1551.55	47.9252
1553.82	48.055
1556.1	48.1029
1558.38	48.1437
1560.65	48.1573
1562.93	48.1733
1565.2	48.2294
1567.47	48.3076
1569.75	48.327
1572.03	48.4038
1574.3	48.4208
1576.57	48.4648
1578.85	48.4801
1581.12	48.5227
1583.4	48.5521
1585.68	48.5601
1587.95	48.5907
1590.22	48.6147
1592.5	48.6351
1594.78	48.6626
1597.05	48.688
1599.32	48.7036
1601.6	48.7238
1603.88	48.7884
1606.15	48.8316
1608.43	48.8511
1610.7	48.865
1612.97	48.9474
1615.25	49.0238
1617.53	49.0474
1619.8	49.0616
1622.07	49.0796
1624.35	49.0915
1626.62	49.1435
1628.9	49.1532
1631.18	49.2346
1633.45	49.2806
1635.72	49.2988
1638.0	49.3615
1640.28	49.4269
1642.55	49.4462
1644.82	49.5313
1647.1	49.5469
1649.38	49.5559
1651.65	49.565
1653.93	49.6541
1656.2	49.7888
1658.47	49.8778
1660.75	49.8867
1663.03	49.9751
1665.3	50.0013
1667.57	50.0048
1669.85	50.0452
1672.12	50.0587
1674.4	50.0684
1676.68	50.0701
1678.95	50.0871
1681.22	50.0949
1683.5	50.1352
1685.78	50.205
1688.05	50.286
1690.32	50.3263
1692.6	50.3308
1694.88	50.335
1697.15	50.3495
1699.43	50.395
1701.7	50.4022
1703.97	50.4779
1706.25	50.4829
1708.53	50.4758
1710.8	50.4789
1713.07	50.481
1715.35	50.5242
1717.62	50.5508
1719.9	50.626
1722.18	50.6617
1724.45	50.6673
1726.72	50.6902
1729.0	50.7206
1731.28	50.7201
1733.55	50.729
1735.82	50.7379
1738.1	50.7448
1740.38	50.7802
1742.65	50.7912
1744.93	50.8438
1747.2	50.8505
1749.47	50.8547
1751.75	50.8937
1754.03	50.9022
1756.3	50.9122
1758.57	50.9663
1760.85	50.9975
1763.12	51.0685
1765.4	51.1481
1767.68	51.1625
1769.95	51.1722
1772.22	51.1868
1774.5	51.2431
1776.78	51.2598
1779.05	51.3129
1781.32	51.3557
1783.6	51.3753
1785.88	51.3626
1788.15	51.3736
1790.43	51.3957
1792.7	51.4835
1794.97	51.4968
1797.25	51.5044
1799.53	51.5157
1801.8	51.5292
1804.07	51.577
1806.35	51.6885
1808.62	51.7123
1810.9	51.761
1813.18	51.7731
1815.45	51.8374
1817.72	51.8908
1820.0	51.9329
1822.28	51.9493
1824.55	51.9609
1826.82	52.0157
1829.1	52.0415
1831.38	52.0566
1833.65	52.1282
1835.93	52.1453
1838.2	52.1828
1840.47	52.1868
1842.75	52.191
1845.03	52.2318
1847.3	52.2721
1849.57	52.3257
1851.85	52.3379
1854.12	52.3837
1856.4	52.4322
1858.68	52.4877
1860.95	52.4951
1863.22	52.5581
1865.5	52.5688
1867.78	52.6279
1870.05	52.6529
1872.32	52.6659
1874.6	52.6961
1876.88	52.7127
1879.15	52.765
1881.43	52.8004
1883.7	52.843
1885.97	52.8708
1888.25	52.888
1890.53	52.8914
1892.8	52.9279
1895.07	52.9359
1897.35	52.9519
1899.62	52.9589
1901.9	53.0024
1904.18	53.0105
1906.45	53.0213
1908.72	53.0658
1911.0	53.0767
1913.28	53.0832
1915.55	53.1388
1917.82	53.1407
1920.1	53.1936
1922.38	53.2075
1924.65	53.2193
1926.93	53.3007
1929.2	53.3459
1931.47	53.3556
1933.75	53.3994
1936.03	53.4148
1938.3	53.4318
1940.57	53.4991
1942.85	53.55
1945.12	53.5574
1947.4	53.5718
1949.68	53.5812
1951.95	53.5948
1954.22	53.6272
1956.5	53.6391
1958.78	53.6725
1961.05	53.6842
1963.32	53.7408
1965.6	53.7542
1967.88	53.8413
1970.15	53.9712
1972.43	53.9865
1974.7	54.042
1976.97	54.1045
1979.25	54.1208
1981.53	54.1493
1983.8	54.2369
1986.07	54.2471
1988.35	54.2988
1990.62	54.3189
1992.9	54.3868
1995.18	54.4515
1997.45	54.4693
1999.72	54.481
2002.0	54.4921
2004.28	54.5627
2006.55	54.6393
2008.82	54.6599
2011.1	54.7061
2013.38	54.723
2015.65	54.7383
2017.93	54.7933
2020.2	54.8716
2022.47	54.9115
2024.75	54.9909
2027.03	55.0515
2029.3	55.1137
2031.57	55.2333
2033.85	55.2785
2036.12	55.2896
2038.4	55.3374
2040.68	55.3704
2042.95	55.3832
2045.22	55.4475
2047.5	55.4893
2049.77	55.5041
2052.05	55.5144
2054.32	55.5475
2056.6	55.5575
2058.88	55.5727
2061.15	55.5396
2063.43	55.5121
2065.7	55.5389
2067.98	55.5507
2070.25	55.5673
2072.52	55.5795
2074.8	55.6237
2077.07	55.5861
2079.35	55.5986
2081.62	55.6108
2083.9	55.6199
2086.18	55.7416
2088.45	55.7978
2090.73	55.8069
2093.0	55.8541
2095.27	55.865
2097.55	55.8759
2099.82	56.0169
2102.1	56.0572
2104.38	56.0683
2106.65	56.0803
2108.93	56.0916
2111.2	56.0965
2113.48	56.125
2115.75	56.1382
2118.02	56.1719
2120.3	56.2049
2122.57	56.2262
2124.85	56.273
2127.12	56.3814
2129.4	56.4192
2131.68	56.4154
2133.95	56.4284
2136.23	56.428
2138.5	56.4802
2140.77	56.5362
2143.05	56.5532
2145.32	56.5669
2147.6	56.6156
2149.88	56.6755
2152.15	56.6851
2154.43	56.7995
2156.7	56.8128
2158.98	56.8213
2161.25	56.9073
2163.52	56.9961
2165.8	57.0639
2168.07	57.0738
2170.35	57.088
2172.62	57.1384
2174.9	57.1479
2177.18	57.2005
2179.45	57.2345
2181.73	57.2465
2184.0	57.2974
2186.27	57.307
2188.55	57.3215
2190.82	57.3622
2193.1	57.4794
2195.38	57.5131
2197.65	57.5661
2199.93	57.601
2202.2	57.6507
2204.48	57.658
2206.75	57.6624
2209.02	57.6998
2211.3	57.7088
2213.57	57.7184
2215.85	57.7489
2218.12	57.793
2220.4	57.802
2222.68	57.8111
2224.95	57.8194
2227.23	57.8911
2229.5	57.9053
2231.77	57.9142
2234.05	57.997
2236.32	58.0556
2238.6	58.1111
2240.88	58.1329
2243.15	58.1625
2245.43	58.1928
2247.7	58.2037
2249.98	58.2127
2252.25	58.222
2254.52	58.2667
2256.8	58.3098
2259.07	58.352
2261.35	58.4287
2263.62	58.4392
2265.9	58.4549
2268.18	58.4684
2270.45	58.4816
2272.73	58.4918
2275.0	58.5232
2277.27	58.5319
2279.55	58.588
2281.82	58.596
2284.1	58.6045
2286.38	58.676
2288.65	58.7313
2290.93	58.7495
2293.2	58.7632
2295.48	58.822
2297.75	58.8309
2300.02	58.8481
2302.3	58.8624
2304.57	58.9567
2306.85	59.0271
2309.12	59.1005
2311.4	59.1162
2313.68	59.1338
2315.95	59.1875
2318.23	59.2368
2320.5	59.2817
2322.77	59.323
2325.05	59.3966
2327.32	59.4142
2329.6	59.5012
2331.88	59.5145
2334.15	59.5302
2336.43	59.5981
2338.7	59.6543
2340.98	59.6636
2343.25	59.6816
2345.52	59.688
2347.8	59.7085
2350.07	59.7522
2352.35	59.7708
2354.62	59.7814
2356.9	59.8005
2359.18	59.8424
2361.45	59.8582
2363.73	59.8675
2366.0	59.8893
2368.27	59.9009
2370.55	59.9069
2372.82	59.9647
2375.1	59.9813
2377.38	60.0174
2379.65	60.0316
2381.93	60.0484
2384.2	60.0619
2386.48	60.0795
2388.75	60.1042
2391.02	60.1455
2393.3	60.1634
2395.57	60.2624
2397.85	60.2754
2400.12	60.2892
2402.4	60.3281
2404.68	60.3473
2406.95	60.381
2409.23	60.4617
2411.5	60.5048
2413.77	60.52
2416.05	60.5741
2418.32	60.6216
2420.6	60.6747
2422.88	60.6882
2425.15	60.7009
2427.43	60.7185
2429.7	60.7785
2431.98	60.7944
2434.25	60.8272
2436.52	60.8624
2438.8	60.876
2441.07	60.933
2443.35	60.9984
2445.62	61.0093
2447.9	61.0236
2450.18	61.0743
2452.45	61.1279
2454.73	61.1424
2457.0	61.1495
2459.27	61.1598
2461.55	61.1759
2463.82	61.1604
2466.1	61.2357
2468.38	61.2512
2470.65	61.3038
2472.93	61.4206
2475.2	61.4272
2477.48	61.4848
2479.75	61.5156
2482.02	61.5242
2484.3	61.5631
2486.57	61.5894
2488.85	61.6006
2491.12	61.6151
2493.4	61.6199
2495.68	61.6978
2497.95	61.7019
2500.23	61.744
2502.5	61.7516
2504.77	61.7801
2507.05	61.7792
2509.32	61.8656
2511.6	61.8698
2513.88	61.9189
2516.15	61.9972
2518.43	62.0632
2520.7	62.0681
2522.98	62.0861
2525.25	62.0932
2527.52	62.1217
2529.8	62.1473
2532.07	62.1687
2534.35	62.1648
2536.62	62.1748
2538.9	62.2392
2541.18	62.2634
2543.45	62.2876
2545.73	62.3995
2548.0	62.412
2550.27	62.4221
2552.55	62.4315
2554.82	62.4528
2557.1	62.5056
2559.38	62.5177
2561.65	62.5331
2563.93	62.5024
2566.2	62.5156
2568.48	62.5561
2570.75	62.5951
2573.02	62.6059
2575.3	62.619
2577.57	62.659
2579.85	62.6775
2582.12	62.6883
2584.4	62.7083
2586.68	62.723
2588.95	62.734
2591.23	62.7828
2593.5	62.8159
2595.77	62.8239
2598.05	62.8661
2600.32	62.9337
2602.6	62.9665
2604.88	63.0094
2607.15	63.0295
2609.43	63.0749
2611.7	63.084
2613.98	63.1338
2616.25	63.1373
2618.52	63.1523
2620.8	63.1593
2623.07	63.2705
2625.35	63.278
2627.62	63.2883
2629.9	63.323
2632.18	63.3765
2634.45	63.4094
2636.73	63.4175
2639.0	63.495
2641.27	63.5327
2643.55	63.5424
2645.82	63.554
2648.1	63.6044
2650.38	63.5664
2652.65	63.5992
2654.93	63.6085
2657.2	63.6452
2659.48	63.6472
2661.75	63.6506
2664.02	63.7022
2666.3	63.6928
2668.57	63.7051
2670.85	63.7151
2673.12	63.7223
2675.4	63.7324
2677.68	63.746
2679.95	63.7525
2682.23	63.7582
2684.5	63.8065
2686.77	63.8204
2689.05	63.8383
2691.32	63.8563
2693.6	63.8668
2695.88	63.8782
2698.15	63.8902
2700.43	63.9476
2702.7	63.9605
2704.98	64.0021
2707.25	64.0124
2709.52	64.0108
2711.8	64.0252
2714.07	64.0297
2716.35	64.0457
2718.62	64.0917
2720.9	64.1327
2723.18	64.1482
2725.45	64.1596
2727.73	64.1672
2730.0	64.1748
2732.27	64.2261
2734.55	64.252
2736.82	64.2946
2739.1	64.367
2741.38	64.3831
2743.65	64.381
2745.93	64.3911
2748.2	64.3982
2750.48	64.4111
2752.75	64.4218
2755.02	64.4713
2757.3	64.4846
2759.57	64.4917
2761.85	64.5019
2764.12	64.5105
2766.4	64.5187
2768.68	64.5821
2770.95	64.6254
2773.23	64.7096
2775.5	64.7203
2777.77	64.7292
2780.05	64.7389
2782.32	64.7752
2784.6	64.8287
2786.88	64.8401
2789.15	64.8854
2791.43	64.8956
2793.7	64.9029
2795.98	64.9129
2798.25	64.9228
2800.52	64.9661
2802.8	65.0145
2805.07	65.0532
2807.35	65.0722
2809.62	65.0827
2811.9	65.1268
2814.18	65.1394
2816.45	65.145
2818.73	65.1841
2821.0	65.2129
2823.27	65.2493
2825.55	65.2954
2827.82	65.3586
2830.1	65.4034
2832.38	65.4313
2834.65	65.445
2836.93	65.4488
2839.2	65.4569
2841.48	65.4897
2843.75	65.5031
2846.02	65.5867
2848.3	65.5956
2850.57	65.6145
2852.85	65.6257
2855.12	65.6634
2857.4	65.6976
2859.68	65.7253
2861.95	65.7635
2864.23	65.767
2866.5	65.7254
2868.77	65.7482
2871.05	65.7979
2873.32	65.8062
2875.6	65.8071
2877.88	65.8346
2880.15	65.8382
2882.43	65.8441
2884.7	65.8481
2886.98	65.8768
2889.25	65.9155
2891.52	65.9476
2893.8	65.9598
2896.07	66.0024
2898.35	66.0194
2900.62	66.0191
2902.9	66.0297
2905.18	66.0483
2907.45	66.0567
2909.73	66.1107
2912.0	66.204
2914.27	66.305
2916.55	66.3116
2918.82	66.3197
2921.1	66.4078
2923.38	66.4142
2925.65	66.4209
2927.93	66.4281
2930.2	66.4346
2932.48	66.4424
2934.75	66.4744
2937.02	66.4831
2939.3	66.4989
2941.57	66.5387
2943.85	66.5684
2946.12	66.6118
2948.4	66.6144
2950.68	66.62
2952.95	66.6388
2955.23	66.6463
2957.5	66.6528
2959.77	66.6909
2962.05	66.7367
2964.32	66.784
2966.6	66.7926
2968.88	66.8147
2971.15	66.8198
2973.43	66.8139
2975.7	66.8193
2977.98	66.8638
2980.25	66.8561
2982.52	66.8705
2984.8	66.8769
2987.07	66.9223
2989.35	66.9326
2991.62	66.9387
2993.9	66.9407
2996.18	66.9821
2998.45	66.9862
3000.73	67.0277
3003.0	67.0743
3005.27	67.0752
3007.55	67.0825
3009.82	67.0657
3012.1	67.0729
3014.38	67.0732
3016.65	67.0861
3018.93	67.086
3021.2	67.1552
3023.48	67.1544
3025.75	67.1579
3028.02	67.1937
3030.3	67.2522
3032.57	67.2146
3034.85	67.2453
3037.12	67.2763
3039.4	67.3215
3041.68	67.2791
3043.95	67.2546
3046.23	67.2439
3048.5	67.2433
3050.77	67.2688
3053.05	67.3222
3055.32	67.3235
3057.6	67.333
3059.88	67.3383
3062.15	67.3775
3064.43	67.3731
3066.7	67.4072
3068.98	67.4155
3071.25	67.4184
3073.52	67.4238
3075.8	67.454
3078.07	67.4588
3080.35	67.4669
3082.62	67.474
3084.9	67.4881
3087.18	67.5246
3089.45	67.5298
3091.73	67.5581
3094.0	67.5945
3096.27	67.6157
3098.55	67.6152
3100.82	67.6369
3103.1	67.6639
3105.38	67.6353
3107.65	67.6435
3109.93	67.6661
3112.2	67.677
3114.48	67.6813
3116.75	67.6891
3119.02	67.7044
3121.3	67.7228
3123.57	67.6968
3125.85	67.6995
3128.12	67.673
3130.4	67.6828
3132.68	67.6567
3134.95	67.6756
3137.23	67.7281
3139.5	67.7365
3141.77	67.7597
3144.05	67.8139
3146.32	67.8296
3148.6	67.8326
3150.88	67.8622
3153.15	67.8694
3155.43	67.8784
3157.7	67.9026
3159.98	67.9105
3162.25	67.9154
3164.52	67.9304
3166.8	67.9634
3169.07	67.9739
3171.35	67.9806
3173.62	68.0228
3175.9	68.06
3178.18	68.0424
3180.45	68.0694
3182.73	68.0746
3185.0	68.0841
3187.27	68.1146
3189.55	68.1213
3191.82	68.0811
3194.1	68.0843
3196.38	68.096
3198.65	68.1015
3200.93	68.1132
3203.2	68.1173
3205.48	68.1244
3207.75	68.1284
3210.02	68.1383
3212.3	68.1839
3214.57	68.1764
3216.85	68.1571
3219.12	68.1652
3221.4	68.1459
3223.68	68.1642
3225.95	68.1852
3228.23	68.1767
3230.5	68.1631
3232.77	68.1258
3235.05	68.1385
3237.32	68.1443
3239.6	68.1707
3241.88	68.1879
3244.15	68.2026
3246.43	68.2086
3248.7	68.2248
3250.98	68.2557
3253.25	68.3035
3255.52	68.3056
3257.8	68.299
3260.07	68.2945
3262.35	68.3029
3264.62	68.3085
3266.9	68.3335
3269.18	68.3365
3271.45	68.3708
3273.73	68.3919
3276.0	68.396
3278.27	68.414
3280.55	68.4431
3282.82	68.4441
3285.1	68.452
3287.38	68.4262
3289.65	68.4353
3291.93	68.4467
3294.2	68.4573
3296.48	68.464
3298.75	68.4962
3301.02	68.5405
3303.3	68.5482
3305.57	68.5576
3307.85	68.5721
3310.12	68.5845
3312.4	68.5912
3314.68	68.6347
3316.95	68.649
3319.23	68.6808
3321.5	68.695
3323.77	68.6981
3326.05	68.6832
3328.32	68.6531
3330.6	68.686
3332.88	68.6963
3335.15	68.7018
3337.43	68.6689
3339.7	68.6771
3341.98	68.7021
3344.25	68.7108
3346.52	68.7182
3348.8	68.7679
3351.07	68.779
3353.35	68.7865
3355.62	68.763
3357.9	68.7609
3360.18	68.7935
3362.45	68.7786
3364.73	68.7823
3367.0	68.7853
3369.27	68.7898
3371.55	68.7937
3373.82	68.8001
3376.1	68.8027
3378.38	68.8098
3380.65	68.8152
3382.93	68.845
3385.2	68.8924
3387.48	68.8664
3389.75	68.8707
3392.02	68.8678
3394.3	68.8755
3396.57	68.8814
3398.85	68.8544
3401.12	68.8524
3403.4	68.8666
3405.68	68.8358
3407.95	68.8398
3410.23	68.8421
3412.5	68.8335
3414.77	68.878
3417.05	68.8731
3419.32	68.8774
3421.6	68.8721
3423.88	68.877
3426.15	68.8555
3428.43	68.8628
3430.7	68.8811
3432.98	68.9108
3435.25	68.9133
3437.52	68.9163
3439.8	68.9077
3442.07	68.9116
3444.35	68.9252
3446.62	68.9085
3448.9	68.9138
3451.18	68.9158
3453.45	68.9243
3455.73	68.9224
3458.0	68.9308
3460.27	68.9326
3462.55	68.9281
3464.82	68.9674
3467.1	68.9717
3469.38	69.0749
3471.65	69.077
3473.93	69.0427
3476.2	69.0381
3478.48	69.0704
3480.75	69.0721
3483.02	69.0419
3485.3	69.0889
3487.57	69.1525
3489.85	69.1848
3492.12	69.1862
3494.4	69.1903
3496.68	69.192
3498.95	69.1924
3501.23	69.188
3503.5	69.1953
3505.77	69.1539
3508.05	69.1514
3510.32	69.1691
3512.6	69.1666
3514.88	69.1996
3517.15	69.2015
3519.43	69.2408
3521.7	69.2425
3523.98	69.2382
3526.25	69.2644
3528.52	69.3025
3530.8	69.3069
3533.07	69.3412
3535.35	69.365
3537.62	69.3604
3539.9	69.3688
3542.18	69.3858
3544.45	69.4268
3546.73	69.429
3549.0	69.4514
3551.27	69.4328
3553.55	69.4468
3555.82	69.4469
3558.1	69.4533
3560.38	69.4529
3562.65	69.4631
3564.93	69.4642
3567.2	69.4942
3569.48	69.4975
3571.75	69.5011
3574.02	69.567
3576.3	69.5841
3578.57	69.5892
3580.85	69.6399
3583.12	69.6467
3585.4	69.6508
3587.68	69.6558
3589.95	69.6677
3592.23	69.677
3594.5	69.6687
3596.77	69.675
3599.05	69.6789
3601.32	69.6935
3603.6	69.7023
3605.88	69.6831
3608.15	69.6826
3610.43	69.6901
3612.7	69.6915
3614.98	69.6596
3617.25	69.6608
3619.52	69.7041
3621.8	69.7081
3624.07	69.6598
3626.35	69.6772
3628.62	69.6775
3630.9	69.6762
3633.18	69.6728
3635.45	69.675
3637.73	69.6749
3640.0	69.6763
3642.27	69.688
3644.55	69.6865
3646.82	69.6968
3649.1	69.7018
3651.38	69.7002
3653.65	69.6963
3655.93	69.7081
3658.2	69.7063
3660.48	69.7076
3662.75	69.7074
3665.02	69.7026
3667.3	69.7011
3669.57	69.7009
3671.85	69.7033
3674.12	69.7212
3676.4	69.725
3678.68	69.7198
3680.95	69.7257
3683.23	69.7603
3685.5	69.7852
3687.77	69.7948
3690.05	69.7967
3692.32	69.8253
3694.6	69.826
3696.88	69.7895
3699.15	69.79
3701.43	69.805
3703.7	69.8086
3705.98	69.8063
3708.25	69.8092
3710.52	69.8541
3712.8	69.8576
3715.07	69.8966
3717.35	69.8966
3719.62	69.8671
3721.9	69.8771
3724.18	69.8459
3726.45	69.8492
3728.73	69.8526
3731.0	69.8521
3733.27	69.8597
3735.55	69.8634
3737.82	69.8649
3740.1	69.8418
3742.38	69.8495
3744.65	69.8749
3746.93	69.8764
3749.2	69.9143
3751.48	69.9218
3753.75	69.9192
3756.02	69.8873
3758.3	69.8644
3760.57	69.8675
3762.85	69.8619
3765.12	69.8386
3767.4	69.8276
3769.68	69.8778
3771.95	69.878
3774.23	69.9238
3776.5	69.9401
3778.77	69.9405
3781.05	69.9405
3783.32	69.9962
3785.6	69.9959
3787.88	69.9854
3790.15	69.9809
3792.43	70.0647
3794.7	70.034
3796.98	70.0753
3799.25	70.0737
3801.52	70.0746
3803.8	70.0966
3806.07	70.1004
3808.35	70.1002
3810.62	70.1263
3812.9	70.1256
3815.18	70.1251
3817.45	70.1453
3819.73	70.2288
3822.0	70.2319
3824.27	70.2321
3826.55	70.2071
3828.82	70.2074
3831.1	70.2163
3833.38	70.2686
3835.65	70.27
3837.93	70.3222
3840.2	70.3243
3842.48	70.3492
3844.75	70.3494
3847.02	70.3874
3849.3	70.347
3851.57	70.3444
3853.85	70.3732
3856.12	70.4078
3858.4	70.4379
3860.68	70.4386
3862.95	70.4332
3865.23	70.4297
3867.5	70.4094
3869.77	70.4072
3872.05	70.4111
3874.32	70.4425
3876.6	70.3908
3878.88	70.3493
3881.15	70.3535
3883.43	70.3608
3885.7	70.3668
3887.98	70.382
3890.25	70.3794
3892.52	70.3847
3894.8	70.3896
3897.07	70.3878
3899.35	70.3859
3901.62	70.389
3903.9	70.3874
3906.18	70.3572
3908.45	70.391
3910.73	70.4296
3913.0	70.4528
3915.27	70.4599
3917.55	70.463
3919.82	70.4427
3922.1	70.467
3924.38	70.4669
3926.65	70.5073
3928.93	70.5096
3931.2	70.5092
3933.48	70.4787
3935.75	70.524
3938.02	70.5097
3940.3	70.5075
3942.57	70.5012
3944.85	70.4981
3947.12	70.508
3949.4	70.5087
3951.68	70.5221
3953.95	70.5212
3956.23	70.5309
3958.5	70.5125
3960.77	70.5137
3963.05	70.5573
3965.32	70.5598
3967.6	70.528
3969.88	70.5637
3972.15	70.6103
3974.43	70.6084
3976.7	70.6107
3978.98	70.6206
3981.25	70.6197
3983.52	70.6055
3985.8	70.6044
3988.07	70.5864
3990.35	70.5854
3992.62	70.5853
3994.9	70.5684
3997.18	70.6135
3999.45	70.6142
4001.73	70.6167
4004.0	70.6188
4006.27	70.6562
4008.55	70.6731
4010.82	70.6737
4013.1	70.6786
4015.38	70.6797
4017.65	70.7293
4019.93	70.7194
4022.2	70.727
4024.48	70.7268
4026.75	70.7613
4029.02	70.7329
4031.3	70.7292
4033.57	70.7469
4035.85	70.7978
4038.12	70.8005
4040.4	70.8004
4042.68	70.8003
4044.95	70.802
4047.23	70.8035
4049.5	70.8009
4051.77	70.8292
4054.05	70.8351
4056.32	70.8342
4058.6	70.8368
4060.88	70.8316
4063.15	70.8352
4065.43	70.8772
4067.7	70.8766
4069.98	70.7926
4072.25	70.7913
4074.52	70.794
4076.8	70.7938
4079.07	70.7977
4081.35	70.7956
4083.62	70.8018
4085.9	70.8062
4088.18	70.7776
4090.45	70.7426
4092.73	70.7883
4095.0	70.8107
4097.27	70.9315
4099.55	70.9336
4101.83	70.9308
4104.1	70.9344
4106.38	70.9266
4108.65	70.8982
4110.92	70.901
4113.2	70.9285
4115.48	70.9297
4117.75	70.9725
4120.02	70.9739
4122.3	70.9825
4124.58	70.986
4126.85	70.9907
4129.12	70.9944
4131.4	71.004
4133.67	70.9996
4135.95	71.0022
4138.23	71.0755
4140.5	71.0769
4142.77	71.1019
4145.05	71.1072
4147.33	71.1066
4149.6	71.1082
4151.88	71.1123
4154.15	71.1086
4156.42	71.1169
4158.7	71.1182
4160.98	71.1231
4163.25	71.1362
4165.52	71.1617
4167.8	71.1551
4170.08	71.1879
4172.35	71.1856
4174.62	71.1885
4176.9	71.1738
4179.17	71.1735
4181.45	71.1695
4183.73	71.2037
4186.0	71.2031
4188.27	71.2002
4190.55	71.2064
4192.83	71.2043
4195.1	71.2086
4197.38	71.202
4199.65	71.1954
4201.92	71.1574
4204.2	71.1553
4206.48	71.16
4208.75	71.1619
4211.02	71.1659
4213.3	71.1503
4215.58	71.1904
4217.85	71.189
4220.12	71.1992
4222.4	71.1917
4224.67	71.1912
4226.95	71.2384
4229.23	71.2451
4231.5	71.2466
4233.77	71.2698
4236.05	71.2781
4238.33	71.2781
4240.6	71.2689
4242.88	71.2841
4245.15	71.2889
4247.42	71.3158
4249.7	71.2945
4251.98	71.3183
4254.25	71.3242
4256.52	71.3303
4258.8	71.3061
4261.08	71.3402
4263.35	71.378
4265.62	71.3482
4267.9	71.3496
4270.17	71.3828
4272.45	71.3922
4274.73	71.4311
4277.0	71.4491
4279.27	71.4722
4281.55	71.4741
4283.83	71.4779
4286.1	71.5187
4288.38	71.5183
4290.65	71.5201
4292.92	71.5194
4295.2	71.4886
4297.48	71.4919
4299.75	71.4909
4302.02	71.5136
4304.3	71.5143
4306.58	71.5297
4308.85	71.5736
4311.12	71.5605
4313.4	71.5652
4315.67	71.5664
4317.95	71.6194
4320.23	71.6949
4322.5	71.673
4324.77	71.6736
4327.05	71.6771
4329.33	71.6737
4331.6	71.6069
4333.88	71.6143
4336.15	71.6285
4338.42	71.6732
4340.7	71.6807
4342.98	71.6861
4345.25	71.7249
4347.52	71.7265
4349.8	71.7143
4352.08	71.734
4354.35	71.7766
4356.62	71.8001
4358.9	71.792
4361.17	71.795
4363.45	71.7967
4365.73	71.808
4368.0	71.8097
4370.27	71.7777
4372.55	71.7798
4374.83	71.7863
4377.1	71.7853
4379.38	71.7531
4381.65	71.7767
4383.92	71.7814
4386.2	71.7884
4388.48	71.7888
4390.75	71.8193
4393.02	71.8303
4395.3	71.8624
4397.58	71.8701
4399.85	71.847
4402.12	71.9235
4404.4	71.9529
4406.67	71.9623
4408.95	71.965
4411.23	71.9697
4413.5	71.9722
4415.77	72.0201
4418.05	72.0409
4420.33	72.0207
4422.6	71.979
4424.88	72.003
4427.15	72.0053
4429.42	71.9672
4431.7	71.9864
4433.98	72.0036
4436.25	72.0071
4438.52	72.008
4440.8	72.0101
4443.08	72.0073
4445.35	72.0508
4447.62	72.0518
4449.9	72.0472
4452.17	72.0507
4454.45	72.0975
4456.73	72.184
4459.0	72.1865
4461.27	72.2076
4463.55	72.2135
4465.83	72.2182
4468.1	72.2572
4470.38	72.259
4472.65	72.2868
4474.92	72.2937
4477.2	72.2722
4479.48	72.2819
4481.75	72.308
4484.02	72.3505
4486.3	72.3389
4488.58	72.375
4490.85	72.379
4493.12	72.3647
4495.4	72.3725
4497.67	72.3777
4499.95	72.3659
4502.23	72.3701
4504.5	72.3817
4506.77	72.3676
4509.05	72.3874
4511.33	72.4282
4513.6	72.4631
4515.88	72.4613
4518.15	72.5271
4520.42	72.5311
4522.7	72.5347
4524.98	72.5408
4527.25	72.5159
4529.52	72.4582
4531.8	72.4661
4534.08	72.4884
4536.35	72.4952
4538.62	72.4983
4540.9	72.5355
4543.17	72.5359
4545.45	72.5841
4547.73	72.6371
4550.0	72.6428
4552.27	72.6506
4554.55	72.6586
4556.83	72.6088
4559.1	72.7123
4561.38	72.739
4563.65	72.7189
4565.92	72.7206
4568.2	72.727
4570.48	72.7267
4572.75	72.7673
4575.02	72.7917
4577.3	72.7816
4579.58	72.7665
4581.85	72.769
4584.12	72.7714
4586.4	72.8203
4588.67	72.8947
4590.95	72.898
4593.23	72.9378
4595.5	72.9386
4597.77	72.9585
4600.05	72.9405
4602.33	72.9777
4604.6	72.9953
4606.88	72.9888
4609.15	72.9915
4611.42	73.0312
4613.7	73.0106
4615.98	72.9645
4618.25	72.9251
4620.52	72.9242
4622.8	72.8942
4625.08	72.9306
4627.35	72.9334
4629.62	72.9676
4631.9	72.97
4634.17	72.9725
4636.45	73.006
4638.73	72.9496
4641.0	72.9521
4643.27	72.9279
4645.55	72.9306
4647.83	72.9419
4650.1	72.9459
4652.38	72.9482
4654.65	72.9176
4656.92	72.9532
4659.2	72.9823
4661.48	72.9585
4663.75	72.958
4666.02	72.9963
4668.3	73.0013
4670.58	72.9714
4672.85	72.989
4675.12	73.0269
4677.4	72.9591
4679.67	72.9987
4681.95	72.9969
4684.23	73.074
4686.5	73.1314
4688.77	73.1232
4691.05	73.1504
4693.33	73.2299
4695.6	73.2262
4697.88	73.1826
4700.15	73.2022
4702.42	73.2354
4704.7	73.2325
4706.98	73.2687
4709.25	73.2724
4711.52	73.3185
4713.8	73.3409
4716.08	73.3434
4718.35	73.311
4720.62	73.3318
4722.9	73.3317
4725.17	73.358
4727.45	73.3523
4729.73	73.3953
4732.0	73.3988
4734.27	73.4013
4736.55	73.3627
4738.83	73.368
4741.1	73.3783
4743.38	73.3826
4745.65	73.3184
4747.92	73.3218
4750.2	73.3375
4752.48	73.32
4754.75	73.3138
4757.02	73.3208
4759.3	73.3251
4761.58	73.3298
4763.85	73.3374
4766.12	73.3429
4768.4	73.3455
4770.67	73.3607
4772.95	73.3614
4775.23	73.3646
4777.5	73.3911
4779.77	73.3959
4782.05	73.3363
4784.33	73.3641
4786.6	73.4031
4788.88	73.4387
4791.15	73.392
4793.42	73.3971
4795.7	73.4001
4797.98	73.4039
4800.25	73.403
4802.52	73.4093
4804.8	73.3939
4807.08	73.3597
4809.35	73.3726
4811.62	73.376
4813.9	73.3559
4816.17	73.357
4818.45	73.3
4820.73	73.3027
4823.0	73.3404
4825.27	73.3272
4827.55	73.3267
4829.83	73.3301
4832.1	73.3298
4834.38	73.2759
4836.65	73.2774
4838.92	73.283
4841.2	73.278
4843.48	73.3009
4845.75	73.262
4848.02	73.2663
4850.3	73.2629
4852.58	73.2882
4854.85	73.2866
4857.12	73.2471
4859.4	73.2529
4861.67	73.2199
4863.95	73.2465
4866.23	73.2162
4868.5	73.2176
4870.77	73.326
4873.05	73.3103
4875.33	73.2888
4877.6	73.2952
4879.88	73.295
4882.15	73.2975
4884.42	73.301
4886.7	73.2784
4888.98	73.2844
4891.25	73.2723
4893.52	73.2892
4895.8	73.2852
4898.08	73.3099
4900.35	73.3133
4902.62	73.3171
4904.9	73.3228
4907.17	73.3596
4909.45	73.3621
4911.73	73.3695
4914.0	73.3878
4916.27	73.4119
4918.55	73.4205
4920.83	73.3948
4923.1	73.371
4925.38	73.3757
4927.65	73.3815
4929.92	73.3568
4932.2	73.359
4934.48	73.3514
4936.75	73.3573
4939.02	73.3618
4941.3	73.3561
4943.58	73.3568
4945.85	73.357
4948.12	73.3628
4950.4	73.3534
4952.67	73.4064
4954.95	73.439
4957.23	73.4411
4959.5	73.4507
4961.77	73.443
4964.05	73.449
4966.33	73.4918
4968.6	73.5057
4970.88	73.5095
4973.15	73.4921
4975.42	73.5912
4977.7	73.6117
4979.98	73.6032
4982.25	73.5952
4984.52	73.5946
4986.8	73.5967
4989.08	73.5793
4991.35	73.5827
4993.62	73.513
4995.9	73.4858
4998.17	73.4506
5000.45	73.4523
5002.73	73.4546
5005.0	73.5005
5007.27	73.5041
5009.55	73.487
5011.83	73.4873
5014.1	73.461
5016.38	73.5054
5018.65	73.4681
5020.92	73.4713
5023.2	73.4381
5025.48	73.4099
5027.75	73.4944
5030.02	73.4572
5032.3	73.4259
5034.58	73.382
5036.85	73.406
5039.12	73.5219
5041.4	73.525
5043.67	73.5365
5045.95	73.5398
5048.23	73.5395
5050.5	73.5428
5052.77	73.5419
5055.05	73.5303
5057.33	73.5661
5059.6	73.5692
5061.88	73.5687
5064.15	73.5729
5066.42	73.5462
5068.7	73.5476
5070.98	73.5499
5073.25	73.5157
5075.52	73.5526
5077.8	73.5494
5080.08	73.561
5082.35	73.5672
5084.62	73.6073
5086.9	73.6063
5089.17	73.6065
5091.45	73.6107
5093.73	73.5745
5096.0	73.5761
5098.27	73.5793
5100.55	73.5908
5102.83	73.5935
5105.1	73.5795
5107.38	73.5779
5109.65	73.6175
5111.92	73.6162
5114.2	73.6169
5116.48	73.6204
5118.75	73.5753
5121.02	73.5778
5123.3	73.5816
5125.58	73.5396
5127.85	73.5948
5130.12	73.6053
5132.4	73.5848
5134.67	73.5963
5136.95	73.5962
5139.23	73.5997
5141.5	73.6007
5143.77	73.6011
5146.05	73.6096
5148.33	73.6054
5150.6	73.608
5152.88	73.6082
5155.15	73.6145
5157.42	73.6313
5159.7	73.6304
5161.98	73.6833
5164.25	73.6679
5166.52	73.6699
5168.8	73.6332
5171.08	73.6344
5173.35	73.6373
5175.62	73.576
5177.9	73.5781
5180.17	73.5763
5182.45	73.5787
5184.73	73.6688
5187.0	73.6691
5189.27	73.6367
5191.55	73.6641
5193.83	73.695
5196.1	73.663
5198.38	73.6573
5200.65	73.6564
5202.92	73.6558
5205.2	73.6528
5207.48	73.6544
5209.75	73.6545
5212.02	73.6422
5214.3	73.625
5216.58	73.6186
5218.85	73.6458
5221.12	73.6437
5223.4	73.6286
5225.67	73.6022
5227.95	73.6034
5230.23	73.6367
5232.5	73.6775
5234.77	73.6754
5237.05	73.6859
5239.33	73.6708
5241.6	73.7062
5243.88	73.7029
5246.15	73.6688
5248.42	73.7485
5250.7	73.744
5252.98	73.7261
5255.25	73.7635
5257.52	73.7689
5259.8	73.7651
5262.08	73.7741
5264.35	73.7731
5266.62	73.7878
5268.9	73.7614
5271.17	73.7994
5273.45	73.7983
5275.73	73.7581
5278.0	73.7432
5280.27	73.7456
5282.55	73.7793
5284.83	73.7738
5287.1	73.7552
5289.38	73.7957
5291.65	73.8128
5293.92	73.7982
5296.2	73.8349
5298.48	73.7989
5300.75	73.8017
5303.02	73.7983
5305.3	73.7979
5307.58	73.8031
5309.85	73.7837
5312.12	73.7759
5314.4	73.7804
5316.67	73.7766
5318.95	73.7924
5321.23	73.8004
5323.5	73.8488
5325.77	73.8528
5328.05	73.833
5330.33	73.8715
5332.6	73.8701
5334.88	73.8327
5337.15	73.794
5339.42	73.7948
5341.7	73.796
5343.98	73.7744
5346.25	73.8521
5348.52	73.8571
5350.8	73.8572
5353.08	73.863
5355.35	73.8654
5357.62	73.8993
5359.9	73.9009
5362.17	73.911
5364.45	73.9075
5366.73	73.8772
5369.0	73.8324
5371.27	73.8381
5373.55	73.7756
5375.83	73.785
5378.1	73.8276
5380.38	73.833
5382.65	73.8357
5384.92	73.8378
5387.2	73.8546
5389.48	73.8594
5391.75	73.86
5394.02	73.8218
5396.3	73.8635
5398.58	73.8534
5400.85	73.8535
5403.12	73.8539
5405.4	73.8617
5407.67	73.8672
5409.95	73.8291
5412.23	73.8237
5414.5	73.822
5416.77	73.7844
5419.05	73.7881
5421.33	73.7468
5423.6	73.7142
5425.88	73.6695
5428.15	73.672
5430.42	73.6876
5432.7	73.687
5434.98	73.6865
5437.25	73.7736
5439.52	73.7666
5441.8	73.767
5444.08	73.7663
5446.35	73.7777
5448.62	73.781
5450.9	73.8451
5453.17	73.8498
5455.45	73.8428
5457.73	73.8572
5460.0	73.8569
5462.27	73.8676
5464.55	73.8568
5466.83	73.8583
5469.1	73.8921
5471.38	73.8565
5473.65	73.8167
5475.92	73.8172
5478.2	73.8714
5480.48	73.8749
5482.75	73.8744
5485.02	73.871
5487.3	73.8901
5489.58	73.8678
5491.85	73.8659
5494.12	73.8678
5496.4	73.866
5498.67	73.8644
5500.95	73.8248
5503.23	73.782
5505.5	73.7834
5507.77	73.7832
5510.05	73.7847
5512.33	73.7859
5514.6	73.8144
5516.88	73.8187
5519.15	73.8282
5521.42	73.8239
5523.7	73.8417
5525.98	73.8407
5528.25	73.8493
5530.52	73.8473
5532.8	73.8497
5535.08	73.8527
5537.35	73.8513
5539.62	73.8877
5541.9	73.8862
5544.17	73.8893
5546.45	73.8897
5548.73	73.945
5551.0	73.9611
5553.27	73.9899
5555.55	73.9912
5557.83	73.9899
5560.1	73.9918
5562.38	74.0305
5564.65	74.0316
5566.92	73.9909
5569.2	73.9933
5571.48	73.9764
5573.75	73.9593
5576.02	73.9534
5578.3	73.9572
5580.58	73.96
5582.85	73.9575
5585.12	73.9583
5587.4	73.9684
5589.67	73.9679
5591.95	73.9682
5594.23	73.9213
5596.5	73.9232
5598.77	73.9211
5601.05	73.8844
5603.33	73.8857
5605.6	73.8998
5607.88	73.935
5610.15	73.9299
5612.42	73.9343
5614.7	73.9008
5616.98	73.9007
5619.25	73.8992
5621.52	73.9013
5623.8	73.9024
5626.08	73.9418
5628.35	73.9601
5630.62	73.96
5632.9	73.9445
5635.17	73.9191
5637.45	73.8824
5639.73	73.8835
5642.0	73.8709
5644.27	73.8635
5646.55	73.8725
5648.83	73.8756
5651.1	73.8042
5653.38	73.8032
5655.65	73.8093
5657.92	73.7766
5660.2	73.7444
5662.48	73.7443
5664.75	73.7864
5667.02	73.821
5669.3	73.7442
5671.58	73.7609
5673.85	73.7286
5676.12	73.7271
5678.4	73.7066
5680.67	73.7183
5682.95	73.7112
5685.23	73.6603
5687.5	73.6603
5689.77	73.6634
5692.05	73.6887
5694.33	73.6903
5696.6	73.6913
5698.88	73.7017
5701.15	73.7209
5703.42	73.7458
5705.7	73.708
5707.98	73.681
5710.25	73.6375
5712.52	73.6353
5714.8	73.624
5717.08	73.6034
5719.35	73.6059
5721.62	73.5932
5723.9	73.5916
5726.17	73.588
5728.45	73.6049
5730.73	73.6312
5733.0	73.6329
5735.27	73.5936
5737.55	73.59
5739.83	73.5902
5742.1	73.5515
5744.38	73.5549
5746.65	73.5556
5748.92	73.5542
5751.2	73.5152
5753.48	73.5055
5755.75	73.5488
5758.02	73.5478
5760.3	73.5623
5762.58	73.5992
5764.85	73.6049
5767.12	73.6374
5769.4	73.6742
5771.67	73.7194
5773.95	73.7153
5776.23	73.7104
5778.5	73.6895
5780.77	73.6889
5783.05	73.7108
5785.33	73.6494
5787.6	73.5793
5789.88	73.5792
5792.15	73.5771
5794.42	73.6136
5796.7	73.6154
5798.98	73.6103
5801.25	73.612
5803.52	73.6442
5805.8	73.6183
5808.08	73.6179
5810.35	73.6189
5812.62	73.6419
5814.9	73.6385
5817.17	73.6388
5819.45	73.6594
5821.73	73.656
5824.0	73.6675
5826.27	73.6714
5828.55	73.6638
5830.83	73.6689
5833.1	73.6905
5835.38	73.6622
5837.65	73.6629
5839.92	73.6732
5842.2	73.6615
5844.48	73.6333
5846.75	73.6297
5849.02	73.6286
5851.3	73.6303
5853.58	73.6269
5855.85	73.6298
5858.12	73.6283
5860.4	73.6315
5862.67	73.6527
5864.95	73.6769
5867.23	73.7095
5869.5	73.7118
5871.77	73.7119
5874.05	73.7051
5876.33	73.6938
5878.6	73.6573
5880.88	73.6583
5883.15	73.6803
5885.42	73.707
5887.7	73.7352
5889.98	73.7293
5892.25	73.7264
5894.52	73.7333
5896.8	73.7305
5899.08	73.7288
5901.35	73.7314
5903.62	73.7151
5905.9	73.6994
5908.17	73.681
5910.45	73.647
5912.73	73.6446
5915.0	73.6419
5917.27	73.6147
5919.55	73.611
5921.83	73.6355
5924.1	73.6113
5926.38	73.6379
5928.65	73.673
5930.92	73.6997
5933.2	73.7052
5935.48	73.7052
5937.75	73.7051
5940.02	73.7031
5942.3	73.6775
5944.58	73.6789
5946.85	73.6751
5949.12	73.6754
5951.4	73.6721
5953.67	73.6836
5955.95	73.6507
5958.23	73.6489
5960.5	73.7228
5962.77	73.7231
5965.05	73.7196
5967.33	73.7146
5969.6	73.7134
5971.88	73.7145
5974.15	73.6913
5976.42	73.6884
5978.7	73.6795
5980.98	73.6434
5983.25	73.6661
5985.52	73.6635
5987.8	73.6838
5990.08	73.7114
5992.35	73.6581
5994.62	73.676
5996.9	73.674
5999.17	73.6776
6001.45	73.7142
6003.73	73.7613
6006.0	73.799
6008.27	73.8449
6010.55	73.8478
6012.83	73.8618
6015.1	73.8375
6017.38	73.8369
6019.65	73.8374
6021.92	73.8057
6024.2	73.7631
6026.48	73.7635
6028.75	73.766
6031.02	73.7659
6033.3	73.7678
6035.58	73.7693
6037.85	73.7672
6040.12	73.8115
6042.4	73.7956
6044.67	73.7989
6046.95	73.7529
6049.23	73.7503
6051.5	73.7084
6053.77	73.7459
6056.05	73.7449
6058.33	73.7459
6060.6	73.7443
6062.88	73.726
6065.15	73.7285
6067.42	73.7047
6069.7	73.6852
6071.98	73.6819
6074.25	73.7125
6076.52	73.6974
6078.8	73.6923
6081.08	73.7202
6083.35	73.7145
6085.62	73.7366
6087.9	73.7155
6090.17	73.7857
6092.45	73.785
6094.73	73.7687
6097.0	73.7911
6099.27	73.8192
6101.55	73.7957
6103.83	73.7921
6106.1	73.793
6108.38	73.8335
6110.65	73.8338
6112.92	73.833
6115.2	73.7909
6117.48	73.7948
6119.75	73.7877
6122.02	73.7879
6124.3	73.7635
6126.58	73.78
6128.85	73.7799
6131.12	73.778
6133.4	73.7644
6135.67	73.7318
6137.95	73.736
6140.23	73.7385
6142.5	73.7366
6144.77	73.7184
6147.05	73.7488
6149.33	73.7553
6151.6	73.7536
6153.88	73.7523
6156.15	73.7542
6158.42	73.785
6160.7	73.7839
6162.98	73.7831
6165.25	73.7693
6167.52	73.769
6169.8	73.7682
6172.08	73.7679
6174.35	73.767
6176.62	73.7659
6178.9	73.7666
6181.17	73.7634
6183.45	73.7609
6185.73	73.7583
6188.0	73.7549
6190.27	73.7532
6192.55	73.7523
6194.83	73.7873
6197.1	73.8204
6199.38	73.8471
6201.65	73.889
6203.92	73.8832
6206.2	73.8855
6208.48	73.8818
6210.75	73.8543
6213.02	73.9059
6215.3	73.8989
6217.58	73.8967
6219.85	73.8984
6222.12	73.9115
6224.4	73.9113
6226.67	73.9093
6228.95	73.909
6231.23	73.9168
6233.5	73.9464
6235.77	73.9056
6238.05	73.9021
6240.33	73.8995
6242.6	73.8705
6244.88	73.8358
6247.15	73.8342
6249.42	73.7996
6251.7	73.799
6253.98	73.7345
6256.25	73.7061
6258.52	73.7098
6260.8	73.7091
6263.08	73.7532
6265.35	73.7556
6267.62	73.7416
6269.9	73.7376
6272.17	73.7336
6274.45	73.7526
6276.73	73.7507
6279.0	73.684
6281.27	73.6544
6283.55	73.6943
6285.83	73.7066
6288.1	73.6607
6290.38	73.6578
6292.65	73.6605
6294.92	73.662
6297.2	73.6593
6299.48	73.6578
6301.75	73.6584
6304.02	73.6615
6306.3	73.661
6308.58	73.673
6310.85	73.6743
6313.12	73.6733
6315.4	73.6748
6317.67	73.6762
6319.95	73.6617
6322.23	73.66
6324.5	73.6576
6326.77	73.6583
6329.05	73.6545
6331.33	73.6569
6333.6	73.6569
6335.88	73.6535
6338.15	73.6966
6340.42	73.7132
6342.7	73.6987
6344.98	73.6686
6347.25	73.6762
6349.52	73.6595
6351.8	73.6875
6354.08	73.6889
6356.35	73.6847
6358.62	73.7026
6360.9	73.6935
6363.17	73.691
6365.45	73.6656
6367.73	73.7056
6370.0	73.701
6372.27	73.7017
6374.55	73.6919
6376.83	73.6899
6379.1	73.703
6381.38	73.715
6383.65	73.7137
6385.92	73.7114
6388.2	73.6572
6390.48	73.6423
6392.75	73.6399
6395.02	73.6534
6397.3	73.6436
6399.58	73.6387
6401.85	73.608
6404.12	73.6079
6406.4	73.608
6408.67	73.6054
6410.95	73.6034
6413.23	73.6017
6415.5	73.6006
6417.77	73.541
6420.05	73.5415
6422.33	73.5436
6424.6	73.5406
6426.88	73.5464
6429.15	73.5461
6431.42	73.5957
6433.7	73.6011
6435.98	73.6363
6438.25	73.6343
6440.52	73.6345
6442.8	73.582
6445.08	73.5806
6447.35	73.579
6449.62	73.6121
6451.9	73.6089
6454.17	73.6864
6456.45	73.6498
6458.73	73.6503
6461.0	73.6456
6463.27	73.6705
6465.55	73.6873
6467.83	73.723
6470.1	73.7246
6472.38	73.689
6474.65	73.6855
6476.92	73.6857
6479.2	73.6856
6481.48	73.698
6483.75	73.7257
6486.02	73.7378
6488.3	73.755
6490.58	73.731
6492.85	73.7244
6495.12	73.7496
6497.4	73.7487
6499.67	73.6985
6501.95	73.7966
6504.23	73.795
6506.5	73.8382
6508.77	73.8285
6511.05	73.8279
6513.33	73.8245
6515.6	73.7976
6517.88	73.7659
6520.15	73.8081
6522.42	73.8137
6524.7	73.8736
6526.98	73.8411
6529.25	73.8394
6531.52	73.8545
6533.8	73.8529
6536.08	73.8511
6538.35	73.8763
6540.62	73.8761
6542.9	73.8763
6545.17	73.844
6547.45	73.8551
6549.73	73.873
6552.0	73.871
6554.27	73.8425
6556.55	73.7869
6558.83	73.7912
6561.1	73.7886
6563.38	73.7528
6565.65	73.752
6567.92	73.7417
6570.2	73.7359
6572.48	73.68
6574.75	73.6804
6577.02	73.68
6579.3	73.673
6581.58	73.6536
6583.85	73.6175
6586.12	73.591
6588.4	73.59
6590.67	73.5889
6592.95	73.546
6595.23	73.5451
6597.5	73.5435
6599.77	73.5199
6602.05	73.5167
6604.33	73.5116
6606.6	73.5152
6608.88	73.5213
6611.15	73.5182
6613.42	73.5122
6615.7	73.4686
6617.98	73.4509
6620.25	73.4436
6622.52	73.4804
6624.8	73.4429
6627.08	73.4402
6629.35	73.5001
6631.62	73.5225
6633.9	73.5174
6636.17	73.5129
6638.45	73.4866
6640.73	73.5119
6643.0	73.4733
6645.27	73.4997
6647.55	73.4942
6649.83	73.5371
6652.1	73.5664
6654.38	73.565
6656.65	73.563
6658.92	73.5582
6661.2	73.5954
6663.48	73.5903
6665.75	73.5974
6668.02	73.5946
6670.3	73.579
6672.58	73.5331
6674.85	73.5322
6677.12	73.5159
6679.4	73.512
6681.67	73.5115
6683.95	73.5384
6686.23	73.5311
6688.5	73.5289
6690.77	73.5283
6693.05	73.5557
6695.33	73.5514
6697.6	73.5794
6699.88	73.577
6702.15	73.569
6704.42	73.5637
6706.7	73.6172
6708.98	73.6732
6711.25	73.7153
6713.52	73.7101
6715.8	73.7085
6718.08	73.7049
6720.35	73.6482
6722.62	73.6434
6724.9	73.6346
6727.17	73.6433
6729.45	73.657
6731.73	73.6201
6734.0	73.6623
6736.27	73.6428
6738.55	73.6417
6740.83	73.6392
6743.1	73.6342
6745.38	73.6209
6747.65	73.6168
6749.92	73.6143
6752.2	73.6333
6754.48	73.5916
6756.75	73.5857
6759.02	73.5726
6761.3	73.5794
6763.58	73.5784
6765.85	73.577
6768.12	73.576
6770.4	73.5717
6772.67	73.5704
6774.95	73.5428
6777.23	73.5402
6779.5	73.5429
6781.77	73.5438
6784.05	73.524
6786.33	73.5045
6788.6	73.4996
6790.88	73.4533
6793.15	73.4718
6795.42	73.4857
6797.7	73.4892
6799.98	73.4897
6802.25	73.5322
6804.52	73.5322
6806.8	73.5269
6809.08	73.5303
6811.35	73.5302
6813.62	73.5269
6815.9	73.5246
6818.17	73.5213
6820.45	73.5084
6822.73	73.5523
6825.0	73.548
6827.27	73.5596
6829.55	73.5909
6831.83	73.5528
6834.1	73.6004
6836.38	73.5983
6838.65	73.6423
6840.92	73.5549
6843.2	73.4734
6845.48	73.4219
6847.75	73.3774
6850.02	73.3752
6852.3	73.3443
6854.58	73.3386
6856.85	73.3349
6859.12	73.3344
6861.4	73.3742
6863.67	73.3714
6865.95	73.2868
6868.23	73.2836
6870.5	73.3209
6872.77	73.2934
6875.05	73.2993
6877.33	73.3463
6879.6	73.3417
6881.88	73.3428
6884.15	73.3345
6886.42	73.3745
6888.7	73.3711
6890.98	73.4122
6893.25	73.407
6895.52	73.4059
6897.8	73.4261
6900.08	73.4236
6902.35	73.4293
6904.62	73.4178
6906.9	73.389
6909.17	73.387
6911.45	73.3831
6913.73	73.3797
6916.0	73.3788
6918.27	73.3735
6920.55	73.3682
6922.83	73.3307
6925.1	73.3398
6927.38	73.3364
6929.65	73.3314
6931.92	73.3304
6934.2	73.3503
6936.48	73.322
6938.75	73.3187
6941.02	73.2874
6943.3	73.2824
6945.58	73.2776
6947.85	73.3036
6950.12	73.3042
6952.4	73.3403
6954.67	73.3344
6956.95	73.3336
6959.23	73.3439
6961.5	73.313
6963.77	73.3146
6966.05	73.3136
6968.33	73.3403
6970.6	73.3891
6972.88	73.3751
6975.15	73.371
6977.42	73.3704
6979.7	73.3635
6981.98	73.3632
6984.25	73.3615
6986.52	73.3609
6988.8	73.363
6991.08	73.34
6993.35	73.3399
6995.62	73.3358
6997.9	73.3373
7000.17	73.3359
7002.45	73.3344
7004.73	73.3319
7007.0	73.3216
7009.27	73.3199
7011.55	73.3203
7013.83	73.3313
7016.1	73.3287
7018.38	73.3287
7020.65	73.3277
7022.92	73.3305
7025.2	73.3885
7027.48	73.4258
7029.75	73.425
7032.02	73.4217
7034.3	73.4239
7036.58	73.4203
7038.85	73.3877
7041.12	73.3838
7043.4	73.3823
7045.67	73.3828
7047.95	73.387
7050.23	73.3567
7052.5	73.3511
7054.77	73.3733
7057.05	73.3707
7059.33	73.3552
7061.6	73.3503
7063.88	73.3517
7066.15	73.3456
7068.42	73.3339
7070.7	73.3707
7072.98	73.3769
7075.25	73.3553
7077.52	73.3597
7079.8	73.3309
7082.08	73.3296
7084.35	73.3453
7086.62	73.3174
7088.9	73.3109
7091.17	73.2744
7093.45	73.2653
7095.73	73.2874
7098.0	73.3476
7100.27	73.3279
7102.55	73.3248
7104.83	73.3784
7107.1	73.3725
7109.38	73.3848
7111.65	73.3828
7113.92	73.3908
7116.2	73.3907
7118.48	73.4299
7120.75	73.4299
7123.02	73.4083
7125.3	73.4078
7127.58	73.4074
7129.85	73.3371
7132.12	73.3816
7134.4	73.3756
7136.67	73.3539
7138.95	73.3342
7141.23	73.3081
7143.5	73.3368
7145.77	73.3384
7148.05	73.3363
7150.33	73.3078
7152.6	73.3282
7154.88	73.2971
7157.15	73.2832
7159.42	73.2947
7161.7	73.2951
7163.98	73.2885
7166.25	73.3125
7168.52	73.2882
7170.8	73.3798
7173.08	73.4301
7175.35	73.4462
7177.62	73.4436
7179.9	73.4232
7182.17	73.4017
7184.45	73.3912
7186.73	73.3866
7189.0	73.3867
7191.27	73.3844
7193.55	73.383
7195.83	73.3798
7198.1	73.3759
7200.38	73.3787
7202.65	73.362
7204.92	73.3633
7207.2	73.38
7209.48	73.3995
7211.75	73.3947
7214.02	73.3776
7216.3	73.3694
7218.58	73.3666
7220.85	73.364
7223.12	73.3588
7225.4	73.333
7227.67	73.2875
7229.95	73.2888
7232.23	73.3076
7234.5	73.3035
7236.77	73.2985
7239.05	73.297
7241.33	73.2945
7243.6	73.3332
7245.88	73.3308
7248.15	73.3241
7250.42	73.3238
7252.7	73.3215
7254.98	73.3506
7257.25	73.3483
7259.52	73.3508
7261.8	73.3366
7264.08	73.3415
7266.35	73.3399
7268.62	73.3764
7270.9	73.3737
7273.17	73.3467
7275.45	73.2735
7277.73	73.2483
7280.0	73.2372
7282.27	73.2335
7284.55	73.269
7286.83	73.3038
7289.1	73.3265
7291.38	73.3064
7293.65	73.2863
7295.92	73.2692
7298.2	73.2817
7300.48	73.2808
7302.75	73.3041
7305.02	73.3051
7307.3	73.3062
7309.58	73.2975
7311.85	73.2927
7314.12	73.2724
7316.4	73.3216
7318.67	73.2978
7320.95	73.295
7323.23	73.3304
7325.5	73.3369
7327.77	73.336
7330.05	73.3315
7332.33	73.2996
7334.6	73.258
7336.88	73.2566
7339.15	73.2535
7341.42	73.2503
7343.7	73.2422
7345.98	73.2404
7348.25	73.2908
7350.52	73.2868
7352.8	73.2824
7355.08	73.2476
7357.35	73.2447
7359.62	73.3055
7361.9	73.3138
7364.17	73.3504
7366.45	73.3929
7368.73	73.3452
7371.0	73.339
7373.27	73.3336
7375.55	73.3696
7377.83	73.3876
7380.1	73.4124
7382.38	73.4059
7384.65	73.4338
7386.92	73.432
7389.2	73.425
7391.48	73.4199
7393.75	73.4155
7396.02	73.4136
7398.3	73.3942
7400.58	73.3917
7402.85	73.3912
7405.12	73.3924
7407.4	73.3902
7409.67	73.4811
7411.95	73.4765
7414.23	73.4428
7416.5	73.4058
7418.77	73.3968
7421.05	73.4357
7423.33	73.4459
7425.6	73.4442
7427.88	73.428
7430.15	73.4194
7432.42	73.4182
7434.7	73.4169
7436.98	73.4184
7439.25	73.3918
7441.52	73.3886
7443.8	73.359
7446.08	73.3598
7448.35	73.3257
7450.62	73.3275
7452.9	73.3366
7455.17	73.4259
7457.45	73.3842
7459.73	73.3442
7462.0	73.3227
7464.27	73.316
7466.55	73.352
7468.83	73.3972
7471.1	73.4021
7473.38	73.4076
7475.65	73.4051
7477.92	73.45
7480.2	73.4548
7482.48	73.4548
7484.75	73.4684
7487.02	73.4665
7489.3	73.4705
7491.58	73.469
7493.85	73.464
7496.12	73.4695
7498.4	73.468
7500.67	73.4579
7502.95	73.458
7505.23	73.4485
7507.5	73.4164
7509.77	73.4185
7512.05	73.456
7514.33	73.4182
7516.6	73.4202
7518.88	73.4194
7521.15	73.4201
7523.42	73.4199
7525.7	73.4192
7527.98	73.4227
7530.25	73.4637
7532.52	73.4631
7534.8	73.4634
7537.08	73.5028
7539.35	73.5028
7541.62	73.5415
7543.9	73.5425
7546.17	73.5405
7548.45	73.5377
7550.73	73.5116
7553.0	73.4684
7555.27	73.4818
7557.55	73.4652
7559.83	73.4664
7562.1	73.4467
7564.38	73.438
7566.65	73.4395
7568.92	73.4755
7571.2	73.4762
7573.48	73.4741
7575.75	73.4741
7578.02	73.4438
7580.3	73.4354
7582.58	73.438
7584.85	73.4733
7587.12	73.4747
7589.4	73.4732
7591.67	73.4751
7593.95	73.4776
7596.23	73.4559
7598.5	73.4222
7600.77	73.4014
7603.05	73.4403
7605.33	73.4597
7607.6	73.4677
7609.88	73.4929
7612.15	73.4953
7614.42	73.484
7616.7	73.5089
7618.98	73.5104
7621.25	73.5089
7623.52	73.5516
7625.8	73.5784
7628.08	73.5767
7630.35	73.5901
7632.62	73.6446
7634.9	73.6441
7637.17	73.624
7639.45	73.6116
7641.73	73.6102
7644.0	73.6142
7646.27	73.6126
7648.55	73.6285
7650.83	73.6271
7653.1	73.6402
7655.38	73.6396
7657.65	73.6268
7659.92	73.6296
7662.2	73.6618
7664.48	73.6608
7666.75	73.7118
7669.02	73.6705
7671.3	73.6763
7673.58	73.6816
7675.85	73.6413
7678.12	73.6673
7680.4	73.6713
7682.67	73.7166
7684.95	73.7164
7687.23	73.6982
7689.5	73.7042
7691.77	73.7228
7694.05	73.725
7696.33	73.691
7698.6	73.6494
7700.88	73.5785
7703.15	73.5808
7705.42	73.6214
7707.7	73.591
7709.98	73.5585
7712.25	73.5111
7714.52	73.4432
7716.8	73.4444
7719.08	73.4469
7721.35	73.4474
7723.62	73.4202
7725.9	73.4482
7728.17	73.4525
7730.45	73.4976
7732.73	73.4978
7735.0	73.4685
7737.27	73.4677
7739.55	73.4526
7741.83	73.4228
7744.1	73.4292
7746.38	73.4109
7748.65	73.4238
7750.92	73.4217
7753.2	73.4443
7755.48	73.3912
7757.75	73.3815
7760.02	73.4087
7762.3	73.3903
7764.58	73.3807
7766.85	73.3938
7769.12	73.4246
7771.4	73.4152
7773.67	73.4108
7775.95	73.3375
7778.23	73.336
7780.5	73.3012
7782.77	73.2995
7785.05	73.3045
7787.33	73.2773
7789.6	73.2651
7791.88	73.2786
7794.15	73.2614
7796.42	73.2588
7798.7	73.2603
7800.98	73.2612
7803.25	73.2878
7805.52	73.2868
7807.8	73.2579
7810.08	73.2615
7812.35	73.2731
7814.62	73.2714
7816.9	73.3713
7819.17	73.3992
7821.45	73.4006
7823.73	73.4008
7826.0	73.4456
7828.27	73.4422
7830.55	73.4437
7832.83	73.4541
7835.1	73.4547
7837.38	73.5305
7839.65	73.4967
7841.92	73.5002
7844.2	73.5007
7846.48	73.4978
7848.75	73.4706
7851.02	73.4543
7853.3	73.4624
7855.58	73.4402
7857.85	73.4419
7860.12	73.4434
7862.4	73.4005
7864.67	73.4048
7866.95	73.4066
7869.23	73.4064
7871.5	73.4105
7873.77	73.3483
7876.05	73.3765
7878.33	73.3953
7880.6	73.4369
7882.88	73.4381
7885.15	73.4396
7887.42	73.4863
7889.7	73.4866
7891.98	73.49
7894.25	73.5345
7896.52	73.5385
7898.8	73.5573
7901.08	73.5553
7903.35	73.6016
7905.62	73.6015
7907.9	73.5785
7910.17	73.5706
7912.45	73.5492
7914.73	73.5522
7917.0	73.5374
7919.27	73.5466
7921.55	73.5805
7923.83	73.5836
7926.1	73.5858
7928.38	73.5772
7930.65	73.6339
7932.92	73.6766
7935.2	73.6813
7937.48	73.6903
7939.75	73.6934
7942.02	73.6926
7944.3	73.6918
7946.58	73.7209
7948.85	73.7207
7951.12	73.7811
7953.4	73.7417
7955.67	73.7439
7957.95	73.7676
7960.23	73.775
7962.5	73.7768
7964.77	73.7896
7967.05	73.7607
7969.33	73.7605
7971.6	73.7628
7973.88	73.7721
7976.15	73.7767
7978.42	73.7786
7980.7	73.7884
7982.98	73.7878
7985.25	73.7899
7987.52	73.7914
7989.8	73.7759
7992.08	73.8092
7994.35	73.8097
7996.62	73.812
7998.9	73.8122
8001.17	73.8122
8003.45	73.7475
8005.73	73.7485
8008.0	73.7478
8010.27	73.7143
8012.55	73.6926
8014.83	73.6949
8017.1	73.694
8019.38	73.7208
8021.65	73.6959
8023.92	73.694
8026.2	73.7344
8028.48	73.7351
8030.75	73.7375
8033.02	73.7475
8035.3	73.7436
8037.58	73.7554
8039.85	73.755
8042.12	73.7565
8044.4	73.759
8046.67	73.7399
8048.95	73.738
8051.23	73.738
8053.5	73.7379
8055.77	73.7384
8058.05	73.742
8060.33	73.7718
8062.6	73.7733
8064.88	73.7211
8067.15	73.7205
8069.42	73.7379
8071.7	73.7507
8073.98	73.7525
8076.25	73.7196
8078.52	73.7174
8080.8	73.7218
8083.08	73.6929
8085.35	73.6915
8087.62	73.6946
8089.9	73.6875
8092.17	73.6582
8094.45	73.6563
8096.73	73.7279
8099.0	73.6907
8101.27	73.6464
8103.55	73.6729
8105.83	73.7104
8108.1	73.7356
8110.38	73.739
8112.65	73.7383
8114.92	73.7432
8117.2	73.7275
8119.48	73.7272
8121.75	73.7191
8124.02	73.682
8126.3	73.6832
8128.58	73.6867
8130.85	73.6865
8133.12	73.6922
8135.4	73.681
8137.67	73.685
8139.95	73.7059
8142.23	73.7058
8144.5	73.7213
8146.77	73.7267
8149.05	73.7243
8151.33	73.7284
8153.6	73.7317
8155.88	73.7272
8158.15	73.6871
8160.42	73.6864
8162.7	73.7254
8164.98	73.7218
8167.25	73.7186
8169.52	73.6928
8171.8	73.6926
8174.08	73.6583
8176.35	73.6505
8178.62	73.6241
8180.9	73.6253
8183.17	73.6031
8185.45	73.5403
8187.73	73.5448
8190.0	73.5483
8192.28	73.5391
8194.55	73.5415
8196.83	73.5409
8199.1	73.5028
8201.38	73.4871
8203.65	73.4868
8205.92	73.469
8208.2	73.5669
8210.47	73.5844
8212.75	73.6048
8215.03	73.5953
8217.3	73.5921
8219.58	73.5906
8221.85	73.5635
8224.12	73.5536
8226.4	73.5533
8228.67	73.5514
8230.95	73.5517
8233.22	73.5104
8235.5	73.5514
8237.78	73.5487
8240.05	73.5493
8242.33	73.5887
8244.6	73.5814
8246.88	73.5824
8249.15	73.5511
8251.42	73.5499
8253.7	73.5635
8255.97	73.5578
8258.25	73.5494
8260.53	73.5523
8262.8	73.5582
8265.08	73.5384
8267.35	73.5373
8269.62	73.5725
8271.9	73.554
8274.17	73.5825
8276.45	73.5856
8278.72	73.5883
8281.0	73.5854
8283.28	73.5524
8285.55	73.5853
8287.83	73.5865
8290.1	73.5879
8292.38	73.5869
8294.65	73.5901
8296.92	73.5851
8299.2	73.5834
8301.47	73.5742
8303.75	73.6326
8306.03	73.6339
8308.3	73.5465
8310.58	73.5339
8312.85	73.5391
8315.12	73.5324
8317.4	73.6292
8319.67	73.6534
8321.95	73.6544
8324.22	73.6846
8326.5	73.6841
8328.78	73.6875
8331.05	73.7162
8333.33	73.7213
8335.6	73.7222
8337.88	73.7536
8340.15	73.7994
8342.42	73.8235
8344.7	73.8255
8346.97	73.8438
8349.25	73.8732
8351.53	73.8943
8353.8	73.8978
8356.08	73.9488
8358.35	73.9551
8360.62	73.9733
8362.9	73.9548
8365.17	73.9578
8367.45	73.9303
8369.72	73.934
8372.0	73.9361
8374.28	73.9416
8376.55	73.9039
8378.83	73.9068
8381.1	73.9017
8383.38	73.9048
8385.65	73.9084
8387.92	73.9114
8390.2	73.9162
8392.47	73.9061
8394.75	73.9098
8397.03	73.9217
8399.3	73.8841
8401.58	73.8855
8403.85	73.9774
8406.12	73.9865
8408.4	73.9356
8410.67	73.949
8412.95	73.9518
8415.22	73.9542
8417.5	73.9558
8419.78	73.9571
8422.05	73.9787
8424.33	73.9848
8426.6	74.0236
8428.88	74.0282
8431.15	74.0261
8433.42	74.1123
8435.7	74.084
8437.97	74.0689
8440.25	74.0924
8442.53	74.0936
8444.8	74.0965
8447.08	74.0938
8449.35	74.0929
8451.62	74.1333
8453.9	74.1027
8456.17	74.1041
8458.45	74.1495
8460.72	74.1291
8463.0	74.1033
8465.28	74.1059
8467.55	74.1489
8469.83	74.1599
8472.1	74.1769
8474.38	74.1359
8476.65	74.1127
8478.92	74.1167
8481.2	74.1139
8483.47	74.0653
8485.75	74.0663
8488.03	74.0908
8490.3	74.0823
8492.58	74.0424
8494.85	74.0421
8497.12	74.0837
8499.4	74.0016
8501.67	73.9959
8503.95	73.9942
8506.22	74.0073
8508.5	74.0418
8510.78	74.0416
8513.05	73.9943
8515.33	73.9955
8517.6	73.9794
8519.88	73.993
8522.15	73.9905
8524.42	73.9903
8526.7	73.9682
8528.97	73.9603
8531.25	74.0017
8533.53	73.9984
8535.8	73.9534
8538.08	73.9493
8540.35	73.9468
8542.62	73.9726
8544.9	73.9698
8547.17	73.9692
8549.45	73.9684
8551.72	73.9438
8554.0	73.9422
8556.28	73.9379
8558.55	73.9127
8560.83	73.9412
8563.1	73.913
8565.38	73.9143
8567.65	73.9542
8569.92	73.9969
8572.2	74.0141
8574.47	74.0327
8576.75	74.0675
8579.03	74.0928
8581.3	74.0888
8583.58	74.0792
8585.85	74.0802
8588.12	74.1225
8590.4	74.1198
8592.67	74.1491
8594.95	74.1817
8597.22	74.1794
8599.5	74.1054
8601.78	74.1054
8604.05	74.1474
8606.33	74.1207
8608.6	74.1243
8610.88	74.2058
8613.15	74.2284
8615.42	74.2169
8617.7	74.2188
8619.97	74.2185
8622.25	74.1716
8624.53	74.1809
8626.8	74.1762
8629.08	74.1625
8631.35	74.1323
8633.62	74.1322
8635.9	74.0899
8638.17	74.0897
8640.45	74.0907
8642.72	74.0921
8645.0	74.1083
8647.28	74.1059
8649.55	74.1054
8651.83	74.1007
8654.1	74.1178
8656.38	74.0914
8658.65	74.1355
8660.92	74.1317
8663.2	74.0999
8665.47	74.1422
8667.75	74.1049
8670.03	74.1049
8672.3	74.1566
8674.58	74.192
8676.85	74.1942
8679.12	74.2299
8681.4	74.2431
8683.67	74.2427
8685.95	74.2444
8688.22	74.2427
8690.5	74.2418
8692.78	74.1738
8695.05	74.1721
8697.33	74.2102
8699.6	74.2119
8701.88	74.2122
8704.15	74.2094
8706.42	74.232
8708.7	74.2589
8710.97	74.2569
8713.25	74.2178
8715.53	74.2135
8717.8	74.1997
8720.08	74.1947
8722.35	74.1946
8724.62	74.2242
8726.9	74.2009
8729.17	74.1672
8731.45	74.1659
8733.72	74.1489
8736.0	74.1459
8738.28	74.1189
8740.55	74.1374
8742.83	74.1212
8745.1	74.0825
8747.38	74.0823
8749.65	74.0929
8751.92	74.0873
8754.2	74.0863
8756.47	74.0853
8758.75	74.0948
8761.03	74.134
8763.3	74.1253
8765.58	74.1134
8767.85	74.1118
8770.12	74.0915
8772.4	74.0914
8774.67	74.1065
8776.95	74.106
8779.22	74.1426
8781.5	74.1421
8783.78	74.1893
8786.05	74.1876
8788.33	74.153
8790.6	74.0909
8792.88	74.0632
8795.15	74.0633
8797.42	74.0268
8799.7	74.0394
8801.97	74.111
8804.25	74.109
8806.53	74.1067
8808.8	74.0839
8811.08	74.0853
8813.35	74.0862
8815.62	74.0578
8817.9	74.0885
8820.17	74.0362
8822.45	74.0328
8824.72	73.9889
8827.0	74.0042
8829.28	74.0022
8831.55	73.9996
8833.83	73.9974
8836.1	73.9524
8838.38	74.0058
8840.65	74.0297
8842.92	74.0272
8845.2	74.008
8847.47	74.0026
8849.75	74.0101
8852.03	74.0102
8854.3	74.028
8856.58	74.0652
8858.85	74.0657
8861.12	74.1062
8863.4	74.132
8865.67	74.1316
8867.95	74.1409
8870.22	74.1971
8872.5	74.1986
8874.78	74.1955
8877.05	74.1953
8879.33	74.1551
8881.6	74.1911
8883.88	74.192
8886.15	74.2304
8888.42	74.2329
8890.7	74.2451
8892.97	74.2428
8895.25	74.2662
8897.53	74.2626
8899.8	74.284
8902.08	74.2416
8904.35	74.2365
8906.62	74.2885
8908.9	74.2347
8911.17	74.2427
8913.45	74.2429
8915.72	74.2528
8918.0	74.2569
8920.28	74.1762
8922.55	74.1756
8924.83	74.1726
8927.1	74.1656
8929.38	74.1624
8931.65	74.1582
8933.92	74.2043
8936.2	74.2443
8938.47	74.1952
8940.75	74.1952
8943.03	74.168
8945.3	74.1762
8947.58	74.1669
8949.85	74.1642
8952.12	74.1239
8954.4	74.0897
8956.67	74.1132
8958.95	74.1229
8961.22	74.1235
8963.5	74.0791
8965.78	74.0511
8968.05	74.0278
8970.33	74.0693
8972.6	74.0678
8974.88	74.0173
8977.15	74.0133
8979.42	73.9728
8981.7	74.0015
8983.97	74.0311
8986.25	73.9848
8988.53	74.0234
8990.8	74.0515
8993.08	74.1293
8995.35	74.1271
8997.62	74.1068
8999.9	74.1351
9002.17	74.1693
9004.45	74.1209
9006.72	74.1179
9009.0	74.1187
9011.28	74.1183
9013.55	74.1121
9015.83	74.1083
9018.1	74.0994
9020.38	74.0968
9022.65	74.094
9024.92	74.0906
9027.2	74.0598
9029.47	74.0853
9031.75	74.0813
9034.03	74.0784
9036.3	74.0748
9038.58	73.9716
9040.85	73.968
9043.12	73.9949
9045.4	73.9908
9047.67	73.9344
9049.95	73.8907
9052.22	73.8895
9054.5	73.8889
9056.78	73.8854
9059.05	73.8994
9061.33	73.8941
9063.6	73.9064
9065.88	73.9013
9068.15	73.8412
9070.42	73.8424
9072.7	73.8208
9074.97	73.8178
9077.25	73.8037
9079.53	73.7723
9081.8	73.7688
9084.08	73.7509
9086.35	73.7946
9088.62	73.7482
9090.9	73.7055
9093.17	73.7018
9095.45	73.6993
9097.72	73.6105
9100.0	73.6053
9102.28	73.6451
9104.55	73.6416
9106.83	73.61
9109.1	73.6058
9111.38	73.6033
9113.65	73.5969
9115.92	73.5978
9118.2	73.59
9120.47	73.6375
9122.75	73.6691
9125.03	73.6666
9127.3	73.6629
9129.58	73.66
9131.85	73.6594
9134.12	73.6568
9136.4	73.6812
9138.67	73.6773
9140.95	73.592
9143.22	73.6093
9145.5	73.6028
9147.78	73.5578
9150.05	73.5797
9152.33	73.5641
9154.6	73.557
9156.88	73.5387
9159.15	73.5377
9161.42	73.5597
9163.7	73.5576
9165.97	73.6
9168.25	73.6206
9170.53	73.6103
9172.8	73.6277
9175.08	73.6277
9177.35	73.6159
9179.62	73.6473
9181.9	73.6843
9184.17	73.6922
9186.45	73.6924
9188.72	73.6922
9191.0	73.6946
9193.28	73.6953
9195.55	73.6704
9197.83	73.6695
9200.1	73.6691
9202.38	73.6727
9204.65	73.6672
9206.92	73.6764
9209.2	73.6796
9211.47	73.716
9213.75	73.7071
9216.03	73.7095
9218.3	73.7115
9220.58	73.7429
9222.85	73.7776
9225.12	73.7763
9227.4	73.7358
9229.67	73.7431
9231.95	73.7611
9234.22	73.7861
9236.5	73.7802
9238.78	73.813
9241.05	73.7813
9243.33	73.7831
9245.6	73.7468
9247.88	73.7055
9250.15	73.7312
9252.42	73.7348
9254.7	73.676
9256.97	73.6766
9259.25	73.6897
9261.53	73.6922
9263.8	73.7017
9266.08	73.7015
9268.35	73.7493
9270.62	73.7513
9272.9	73.7471
9275.17	73.7595
9277.45	73.7592
9279.72	73.7399
9282.0	73.7729
9284.28	73.7692
9286.55	73.7267
9288.83	73.7265
9291.1	73.725
9293.38	73.7239
9295.65	73.7168
9297.92	73.7493
9300.2	73.7467
9302.47	73.74
9304.75	73.76
9307.03	73.7609
9309.3	73.7949
9311.58	73.7932
9313.85	73.7749
9316.12	73.6697
9318.4	73.6673
9320.67	73.651
9322.95	73.6823
9325.22	73.6814
9327.5	73.708
9329.78	73.7242
9332.05	73.7397
9334.33	73.7135
9336.6	73.6687
9338.88	73.7023
9341.15	73.7038
9343.42	73.6791
9345.7	73.6895
9347.97	73.6907
9350.25	73.689
9352.53	73.6881
9354.8	73.6877
9357.08	73.6771
9359.35	73.6758
9361.62	73.6732
9363.9	73.5887
9366.17	73.5875
9368.45	73.5883
9370.72	73.5865
9373.0	73.5695
9375.28	73.5363
9377.55	73.5607
9379.83	73.5589
9382.1	73.5593
9384.38	73.5593
9386.65	73.5255
9388.92	73.5389
9391.2	73.5382
9393.47	73.537
9395.75	73.5569
9398.03	73.5538
9400.3	73.5522
9402.58	73.5866
9404.85	73.5933
9407.12	73.6276
9409.4	73.6238
9411.67	73.6254
9413.95	73.6181
9416.22	73.617
9418.5	73.5624
9420.78	73.5608
9423.05	73.5836
9425.33	73.5666
9427.6	73.5705
9429.88	73.6065
9432.15	73.5794
9434.42	73.6021
9436.7	73.616
9438.97	73.6146
9441.25	73.6138
9443.53	73.5591
9445.8	73.5147
9448.08	73.4721
9450.35	73.4869
9452.62	73.4991
9454.9	73.4811
9457.17	73.4812
9459.45	73.5256
9461.72	73.535
9464.0	73.4969
9466.28	73.5402
9468.55	73.5681
9470.83	73.539
9473.1	73.5393
9475.38	73.5378
9477.65	73.5481
9479.92	73.5495
9482.2	73.5458
9484.47	73.5447
9486.75	73.5432
9489.03	73.5449
9491.3	73.5435
9493.58	73.5434
9495.85	73.4958
9498.12	73.5173
9500.4	73.4834
9502.67	73.4602
9504.95	73.4588
9507.22	73.4623
9509.5	73.4768
9511.78	73.4531
9514.05	73.4068
9516.33	73.4101
9518.6	73.3787
9520.88	73.3726
9523.15	73.3712
9525.42	73.3883
9527.7	73.3789
9529.97	73.3858
9532.25	73.3849
9534.53	73.3654
9536.8	73.3636
9539.08	73.3925
9541.35	73.3937
9543.62	73.3925
9545.9	73.3941
9548.17	73.4165
9550.45	73.3985
9552.72	73.4462
9555.0	73.4473
9557.28	73.4453
9559.55	73.4462
9561.83	73.4449
9564.1	73.4448
9566.38	73.5277
9568.65	73.5245
9570.92	73.5561
9573.2	73.6052
9575.47	73.6054
9577.75	73.6154
9580.03	73.6151
9582.3	73.6164
9584.58	73.6368
9586.85	73.6351
9589.12	73.6751
9591.4	73.6773
9593.67	73.6529
9595.95	73.7074
9598.22	73.7073
9600.5	73.7056
9602.78	73.7457
9605.05	73.7291
9607.33	73.7951
9609.6	73.7719
9611.88	73.7839
9614.15	73.7818
9616.42	73.7836
9618.7	73.764
9620.97	73.7645
9623.25	73.8006
9625.53	73.8232
9627.8	73.8248
9630.08	73.8439
9632.35	73.8598
9634.62	73.8564
9636.9	73.8567
9639.17	73.8558
9641.45	73.8625
9643.72	73.8715
9646.0	73.8688
9648.28	73.8685
9650.55	73.8206
9652.83	73.8206
9655.1	73.8176
9657.38	73.7666
9659.65	73.7646
9661.92	73.8039
9664.2	73.8007
9666.47	73.85
9668.75	73.8496
9671.03	73.8165
9673.3	73.8175
9675.58	73.8155
9677.85	73.7858
9680.12	73.7871
9682.4	73.7624
9684.67	73.7397
9686.95	73.741
9689.22	73.7127
9691.5	73.7116
9693.78	73.6996
9696.05	73.6706
9698.33	73.6706
9700.6	73.6737
9702.88	73.6692
9705.15	73.6722
9707.42	73.7027
9709.7	73.6634
9711.97	73.6654
9714.25	73.7011
9716.53	73.7001
9718.8	73.6757
9721.08	73.6753
9723.35	73.677
9725.62	73.644
9727.9	73.656
9730.17	73.6743
9732.45	73.6743
9734.72	73.6581
9737.0	73.6568
9739.28	73.6556
9741.55	73.6534
9743.83	73.6201
9746.1	73.6204
9748.38	73.5884
9750.65	73.5454
9752.92	73.5431
9755.2	73.5408
9757.47	73.5837
9759.75	73.6185
9762.03	73.6217
9764.3	73.6301
9766.58	73.6011
9768.85	73.6528
9771.12	73.7025
9773.4	73.7263
9775.67	73.7251
9777.95	73.7222
9780.22	73.7336
9782.5	73.7782
9784.78	73.7673
9787.05	73.7673
9789.33	73.8147
9791.6	73.8207
9793.88	73.8628
9796.15	73.9032
9798.42	73.95
9800.7	73.865
9802.97	73.8997
9805.25	73.9017
9807.53	73.9161
9809.8	73.9121
9812.08	73.9099
9814.35	73.8812
9816.62	73.8802
9818.9	73.8247
9821.17	73.8217
9823.45	73.923
9825.72	73.9196
9828.0	73.9169
9830.28	73.9181
9832.55	73.9139
9834.83	73.888
9837.1	73.8711
9839.38	73.8719
9841.65	73.8685
9843.92	73.869
9846.2	73.8305
9848.47	73.8609
9850.75	73.8983
9853.03	73.8927
9855.3	73.8944
9857.58	73.8906
9859.85	73.8896
9862.12	73.8733
9864.4	73.8737
9866.67	73.8538
9868.95	73.8593
9871.22	73.8559
9873.5	73.8561
9875.78	73.8857
9878.05	73.8879
9880.33	73.917
9882.6	73.8751
9884.88	73.8733
9887.15	73.8305
9889.42	73.8177
9891.7	73.7926
9893.97	73.7903
9896.25	73.7384
9898.53	73.7535
9900.8	73.7871
9903.08	73.7675
9905.35	73.7354
9907.62	73.7523
9909.9	73.7491
9912.17	73.7744
9914.45	73.7746
9916.72	73.77
9919.0	73.7669
9921.28	73.8007
9923.55	73.7988
9925.83	73.7951
9928.1	73.7924
9930.38	73.8309
9932.65	73.7773
9934.92	73.7458
9937.2	73.7282
9939.47	73.7262
9941.75	73.6878
9944.03	73.7
9946.3	73.6966
9948.58	73.7046
9950.85	73.672
9953.12	73.6539
9955.4	73.6095
9957.67	73.5943
9959.95	73.565
9962.22	73.5135
9964.5	73.5548
9966.78	73.5266
9969.05	73.5206
9971.33	73.5221
9973.6	73.5344
9975.88	73.5311
9978.15	73.5762
9980.42	73.5745
9982.7	73.5845
9984.97	73.5822
9987.25	73.6211
9989.53	73.6173
9991.8	73.6156
9994.08	73.6263
9996.35	73.6464
9998.62	73.6413
10000.9	73.6796
10003.2	73.6341
10005.5	73.6541
10007.7	73.6521
10010.0	73.6546
10012.3	73.6618
10014.5	73.6575
10016.8	73.6571
10019.1	73.6535
10021.4	73.6494
10023.7	73.6461
10025.9	73.6192
10028.2	73.6089
10030.5	73.5669
10032.8	73.6049
10035.0	73.5724
10037.3	73.5719
10039.6	73.5652
10041.8	73.5801
10044.1	73.5786
10046.4	73.5593
10048.7	73.5207
10051.0	73.5064
10053.2	73.5196
10055.5	73.5129
10057.8	73.4894
10060.0	73.4877
10062.3	73.4851
10064.6	73.4819
10066.9	73.4739
10069.2	73.4746
10071.4	73.4909
10073.7	73.4901
10076.0	73.4876
10078.2	73.4458
10080.5	73.4242
10082.8	73.5025
10085.1	73.4748
10087.3	73.4537
10089.6	73.4496
10091.9	73.4497
10094.2	73.3991
10096.5	73.4089
10098.7	73.4029
10101.0	73.3996
10103.3	73.3626
10105.5	73.3062
10107.8	73.2804
10110.1	73.3171
10112.4	73.3149
10114.7	73.3263
10116.9	73.3197
10119.2	73.3152
10121.5	73.3279
10123.8	73.4535
10126.0	73.4047
10128.3	73.4183
10130.6	73.4146
10132.8	73.4101
10135.1	73.4234
10137.4	73.4205
10139.7	73.4249
10142.0	73.3797
10144.2	73.3793
10146.5	73.404
10148.8	73.3359
10151.0	73.3351
10153.3	73.328
10155.6	73.2706
10157.9	73.1975
10160.2	73.1328
10162.4	73.1085
10164.7	73.1257
10167.0	73.1567
10169.2	73.1516
10171.5	73.0511
10173.8	73.0476
10176.1	73.1057
10178.3	73.0986
10180.6	73.1585
10182.9	73.1583
10185.2	73.199
10187.5	73.1806
10189.7	73.1773
10192.0	73.18
10194.3	73.1748
10196.5	73.1446
10198.8	73.1371
10201.1	73.133
10203.4	73.1268
10205.7	73.1203
10207.9	73.1222
10210.2	73.1032
10212.5	73.0658
10214.8	73.0579
10217.0	73.0818
10219.3	73.0776
10221.6	73.0566
10223.8	73.0472
10226.1	73.0648
10228.4	73.0372
10230.7	73.0371
10233.0	73.0293
10235.2	73.0258
10237.5	73.0206
10239.8	72.9742
10242.0	72.9712
10244.3	72.9686
10246.6	72.9882
10248.9	73.0373
10251.2	73.0759
10253.4	73.0833
10255.7	73.1288
10258.0	73.1658
10260.2	73.1614
10262.5	73.1578
10264.8	73.1322
10267.1	73.1405
10269.3	73.1752
10271.6	73.1322
10273.9	73.149
10276.2	73.12
10278.5	73.1176
10280.7	73.1019
10283.0	73.1022
10285.3	73.1091
10287.5	73.1199
10289.8	73.1078
10292.1	73.1017
10294.4	73.1004
10296.7	73.0939
10298.9	73.1374
10301.2	73.1294
10303.5	73.1278
10305.8	73.1264
10308.0	73.1198
10310.3	73.1558
10312.6	73.1518
10314.8	73.196
10317.1	73.2145
10319.4	73.2106
10321.7	73.2055
10324.0	73.2397
10326.2	73.2169
10328.5	73.2144
10330.8	73.1831
10333.0	73.1808
10335.3	73.2046
10337.6	73.2
10339.9	73.196
10342.2	73.1918
10344.4	73.1949
10346.7	73.1932
10349.0	73.144
10351.2	73.1348
10353.5	73.1307
10355.8	73.1284
10358.1	73.1269
10360.3	73.1586
10362.6	73.1832
10364.9	73.1817
10367.2	73.1771
10369.5	73.1743
10371.7	73.195
10374.0	73.1909
10376.3	73.1647
10378.5	73.1626
10380.8	73.1202
10383.1	73.1146
10385.4	73.1939
10387.7	73.1864
10389.9	73.2394
10392.2	73.2147
10394.5	73.2121
10396.8	73.2085
10399.0	73.2378
10401.3	73.2479
10403.6	73.2779
10405.8	73.2739
10408.1	73.2679
10410.4	73.3018
10412.7	73.3759
10415.0	73.3633
10417.2	73.3449
10419.5	73.3095
10421.8	73.2618
10424.0	73.2173
10426.3	73.2132
10428.6	73.2097
10430.9	73.1562
10433.2	73.1769
10435.4	73.1714
10437.7	73.1678
10440.0	73.1649
10442.2	73.1609
10444.5	73.1563
10446.8	73.1479
10449.1	73.1455
10451.3	73.1431
10453.6	73.1407
10455.9	73.141
10458.2	73.1394
10460.5	73.1325
10462.7	73.1324
10465.0	73.186
10467.3	73.184
10469.5	73.2197
10471.8	73.2238
10474.1	73.2197
10476.4	73.2177
10478.7	73.2142
10480.9	73.2266
10483.2	73.2241
10485.5	73.2452
10487.8	73.2858
10490.0	73.3044
10492.3	73.2685
10494.6	73.2477
10496.8	73.2918
10499.1	73.2863
10501.4	73.2828
10503.7	73.2499
10506.0	73.2118
10508.2	73.2117
10510.5	73.2097
10512.8	73.2479
10515.0	73.2187
10517.3	73.2509
10519.6	73.2452
10521.9	73.2411
10524.2	73.2426
10526.4	73.2043
10528.7	73.1989
10531.0	73.173
10533.2	73.1557
10535.5	73.1629
10537.8	73.1285
10540.1	73.1282
10542.3	73.1249
10544.6	73.1207
10546.9	73.1215
10549.2	73.0767
10551.5	73.0737
10553.7	73.0617
10556.0	73.0732
10558.3	73.0592
10560.5	73.0503
10562.8	73.0465
10565.1	73.0497
10567.4	73.0489
10569.7	73.047
10571.9	73.0192
10574.2	73.0315
10576.5	73.0301
10578.8	73.0231
10581.0	73.0675
10583.3	73.0709
10585.6	73.1363
10587.8	73.1764
10590.1	73.1529
10592.4	73.1898
10594.7	73.1916
10597.0	73.2025
10599.2	73.1664
10601.5	73.1209
10603.8	73.1207
10606.0	73.155
10608.3	73.1045
10610.6	73.1048
10612.9	73.1038
10615.2	73.1398
10617.4	73.1516
10619.7	73.1541
10622.0	73.1452
10624.2	73.146
10626.5	73.1445
10628.8	73.1229
10631.1	73.1207
10633.3	73.1142
10635.6	73.1132
10637.9	73.1106
10640.2	73.1104
10642.5	73.1547
10644.7	73.1754
10647.0	73.1729
10649.3	73.1707
10651.5	73.1729
10653.8	73.1723
10656.1	73.1727
10658.4	73.1367
10660.7	73.1303
10662.9	73.1306
10665.2	73.1314
10667.5	73.1265
10669.8	73.1282
10672.0	73.0946
10674.3	73.1209
10676.6	73.1432
10678.8	73.1239
10681.1	73.1135
10683.4	73.0721
10685.7	73.0667
10688.0	73.0819
10690.2	73.0678
10692.5	73.0618
10694.8	73.0601
10697.0	73.1303
10699.3	73.1483
10701.6	73.1752
10703.9	73.2148
10706.2	73.2152
10708.4	73.2486
10710.7	73.2484
10713.0	73.2212
10715.2	73.2836
10717.5	73.2873
10719.8	73.2893
10722.1	73.2992
10724.3	73.2967
10726.6	73.2164
10728.9	73.2159
10731.2	73.258
10733.5	73.2478
10735.7	73.3319
10738.0	73.3303
10740.3	73.2886
10742.5	73.2902
10744.8	73.2427
10747.1	73.2489
10749.4	73.2474
10751.7	73.2723
10753.9	73.2819
10756.2	73.2676
10758.5	73.271
10760.8	73.3076
10763.0	73.3314
10765.3	73.2969
10767.6	73.267
10769.8	73.2231
10772.1	73.2379
10774.4	73.2389
10776.7	73.2395
10779.0	73.2386
10781.2	73.218
10783.5	73.2157
10785.8	73.2448
10788.0	73.2448
10790.3	73.2735
10792.6	73.2755
10794.9	73.3264
10797.2	73.3241
10799.4	73.3387
10801.7	73.3377
10804.0	73.3385
10806.2	73.32
10808.5	73.3436
10810.8	73.3267
10813.1	73.3276
10815.3	73.3567
10817.6	73.3565
10819.9	73.3453
10822.2	73.3294
10824.5	73.3293
10826.7	73.3289
10829.0	73.3415
10831.3	73.3442
10833.5	73.3453
10835.8	73.3425
10838.1	73.3451
10840.4	73.3453
10842.7	73.3257
10844.9	73.3288
10847.2	73.3335
10849.5	73.3327
10851.8	73.3283
10854.0	73.3292
10856.3	73.3276
10858.6	73.3301
10860.8	73.3295
10863.1	73.3307
10865.4	73.3298
10867.7	73.2996
10870.0	73.3349
10872.2	73.3334
10874.5	73.3226
10876.8	73.3226
10879.0	73.3236
10881.3	73.3149
10883.6	73.2862
10885.9	73.2843
10888.2	73.2816
10890.4	73.2463
10892.7	73.2475
10895.0	73.2354
10897.2	73.2351
10899.5	73.21
10901.8	73.2102
10904.1	73.1622
10906.3	73.1631
10908.6	73.1397
10910.9	73.1552
10913.2	73.1538
10915.5	73.1552
10917.7	73.1023
10920.0	73.1307
10922.3	73.1322
10924.5	73.1754
10926.8	73.175
10929.1	73.1859
10931.4	73.1837
10933.7	73.1871
10935.9	73.1432
10938.2	73.1881
10940.5	73.1766
10942.8	73.1896
10945.0	73.1928
10947.3	73.1954
10949.6	73.1958
10951.8	73.198
10954.1	73.1954
10956.4	73.2326
10958.7	73.2521
10961.0	73.2581
10963.2	73.2177
10965.5	73.2226
10967.8	73.2081
10970.0	73.1868
10972.3	73.2308
10974.6	73.2649
10976.9	73.3045
10979.2	73.2867
10981.4	73.2882
10983.7	73.2957
10986.0	73.3428
10988.2	73.3397
10990.5	73.3468
10992.8	73.3211
10995.1	73.3203
10997.3	73.3188
10999.6	73.357
11001.9	73.3585
11004.2	73.3611
11006.5	73.3608
11008.7	73.376
11011.0	73.3739
11013.3	73.3808
11015.5	73.3789
11017.8	73.4157
11020.1	73.4114
11022.4	73.4129
11024.7	73.3538
11026.9	73.3326
11029.2	73.4041
11031.5	73.3952
11033.8	73.3954
11036.0	73.3948
11038.3	73.3945
11040.6	73.3962
11042.8	73.3942
11045.1	73.3962
11047.4	73.3588
11049.7	73.4366
11052.0	73.4695
11054.2	73.4665
11056.5	73.4697
11058.8	73.4598
11061.0	73.4594
11063.3	73.459
11065.6	73.4584
11067.9	73.4613
11070.2	73.4591
11072.4	73.4608
11074.7	73.4615
11077.0	73.4328
11079.2	73.4347
11081.5	73.4334
11083.8	73.438
11086.1	73.4756
11088.3	73.4562
11090.6	73.4209
11092.9	73.4192
11095.2	73.4235
11097.5	73.4174
11099.7	73.4106
11102.0	73.4118
11104.3	73.4577
11106.5	73.4744
11108.8	73.4787
11111.1	73.4948
11113.4	73.4949
11115.7	73.4536
11117.9	73.4523
11120.2	73.4976
11122.5	73.4664
11124.8	73.4193
11127.0	73.4143
11129.3	73.4135
11131.6	73.421
11133.8	73.4773
11136.1	73.3943
11138.4	73.3685
11140.7	73.4112
11143.0	73.4373
11145.2	73.4345
11147.5	73.438
11149.8	73.4367
11152.0	73.4369
11154.3	73.4355
11156.6	73.4192
11158.9	73.4405
11161.2	73.4082
11163.4	73.4099
11165.7	73.4076
11168.0	73.4281
11170.2	73.4277
11172.5	73.4294
11174.8	73.4293
11177.1	73.4066
11179.3	73.4051
11181.6	73.4086
11183.9	73.3865
11186.2	73.4611
11188.5	73.4307
11190.7	73.4496
11193.0	73.4938
11195.3	73.4963
11197.5	73.5434
11199.8	73.5253
11202.1	73.5269
11204.4	73.5296
11206.7	73.5442
11208.9	73.5826
11211.2	73.6324
11213.5	73.6305
11215.8	73.6399
11218.0	73.6426
11220.3	73.6425
11222.6	73.6452
11224.8	73.6556
11227.1	73.665
11229.4	73.7038
11231.7	73.7046
11234.0	73.7254
11236.2	73.7744
11238.5	73.8172
11240.8	73.8161
11243.0	73.8017
11245.3	73.8427
11247.6	73.8467
11249.9	73.8424
11252.2	73.8898
11254.4	73.909
11256.7	73.9048
11259.0	73.909
11261.2	73.9086
11263.5	73.9057
11265.8	73.9058
11268.1	73.9074
11270.3	73.9206
11272.6	73.9285
11274.9	73.9277
11277.2	73.9209
11279.5	73.955
11281.7	73.9583
11284.0	73.9597
11286.3	73.9206
11288.5	73.9211
11290.8	73.9178
11293.1	73.9239
11295.4	73.9549
11297.7	73.9122
11299.9	73.8853
11302.2	73.9248
11304.5	73.9193
11306.8	73.8833
11309.0	73.9044
11311.3	73.8634
11313.6	73.8452
11315.8	73.847
11318.1	73.8161
11320.4	73.8234
11322.7	73.7551
11325.0	73.838
11327.2	73.8374
11329.5	73.8146
11331.8	73.8215
11334.0	73.8158
11336.3	73.8514
11338.6	73.842
11340.9	73.8446
11343.2	73.8428
11345.4	73.8159
11347.7	73.8152
11350.0	73.783
11352.2	73.7793
11354.5	73.7775
11356.8	73.8096
11359.1	73.8106
11361.3	73.8437
11363.6	73.8786
11365.9	73.878
11368.2	73.88
11370.5	73.8385
11372.7	73.813
11375.0	73.8556
11377.3	73.9005
11379.5	73.8991
11381.8	73.9009
11384.1	73.9427
11386.4	73.9455
11388.7	73.9447
11390.9	73.9529
11393.2	73.9542
11395.5	73.9531
11397.8	73.9004
11400.0	73.8958
11402.3	73.9329
11404.6	73.9463
11406.8	73.9051
11409.1	73.9396
11411.4	73.9207
11413.7	73.9529
11416.0	73.9728
11418.2	73.9746
11420.5	73.9731
11422.8	73.9742
11425.0	73.9491
11427.3	73.9471
11429.6	73.9472
11431.9	73.9487
11434.2	73.9487
11436.4	73.9498
11438.7	73.9284
11441.0	73.9276
11443.2	73.9289
11445.5	73.9275
11447.8	73.989
11450.1	73.9825
11452.3	73.9814
11454.6	73.9606
11456.9	73.9629
11459.2	73.9737
11461.5	73.9708
11463.7	73.9701
11466.0	73.9885
11468.3	73.9905
11470.5	73.9824
11472.8	73.9522
11475.1	73.9315
11477.4	73.9318
11479.7	73.8739
11481.9	73.8744
11484.2	73.8935
11486.5	73.8924
11488.8	73.9138
11491.0	73.9144
11493.3	73.9575
11495.6	73.9946
11497.8	73.9754
11500.1	73.9732
11502.4	73.9843
11504.7	73.9838
11507.0	73.96
11509.2	73.9923
11511.5	73.9924
11513.8	73.976
11516.0	73.9463
11518.3	73.9311
11520.6	74.0014
11522.9	74.0325
11525.2	74.0331
11527.4	74.0234
11529.7	74.0391
11532.0	74.0195
11534.2	74.0193
11536.5	74.0206
11538.8	74.0209
11541.1	74.0041
11543.3	74.0024
11545.6	74.0338
11547.9	74.0342
11550.2	74.0313
11552.5	74.0316
11554.7	73.9951
11557.0	73.971
11559.3	73.9381
11561.5	73.9375
11563.8	73.8953
11566.1	73.8485
11568.4	73.8209
11570.7	73.8225
11572.9	73.8618
11575.2	73.8612
11577.5	73.8604
11579.8	73.8405
11582.0	73.8792
11584.3	73.8761
11586.6	73.8756
11588.8	73.8761
11591.1	73.8736
11593.4	73.821
11595.7	73.8212
11598.0	73.8207
11600.2	73.819
11602.5	73.8185
11604.8	73.7873
11607.0	73.7957
11609.3	73.7773
11611.6	73.7745
11613.9	73.7722
11616.2	73.7388
11618.4	73.7194
11620.7	73.7206
11623.0	73.7537
11625.2	73.7533
11627.5	73.7537
11629.8	73.7317
11632.1	73.7295
11634.3	73.7303
11636.6	73.7281
11638.9	73.6888
11641.2	73.6682
11643.5	73.637
11645.7	73.6351
11648.0	73.636
11650.3	73.6347
11652.5	73.6341
11654.8	73.6344
11657.1	73.6335
11659.4	73.6413
11661.7	73.6406
11663.9	73.6899
11666.2	73.6456
11668.5	73.6113
11670.8	73.6104
11673.0	73.6101
11675.3	73.5663
11677.6	73.5767
11679.8	73.6032
11682.1	73.6068
11684.4	73.5779
11686.7	73.6176
11689.0	73.6171
11691.2	73.6159
11693.5	73.6031
11695.8	73.604
11698.0	73.6034
11700.3	73.5706
11702.6	73.5328
11704.9	73.5711
11707.2	73.572
11709.4	73.5707
11711.7	73.5895
11714.0	73.588
11716.2	73.5871
11718.5	73.6237
11720.8	73.5766
11723.1	73.5768
11725.3	73.6326
11727.6	73.6318
11729.9	73.6312
11732.2	73.628
11734.5	73.6268
11736.7	73.6588
11739.0	73.6558
11741.3	73.6579
11743.5	73.6389
11745.8	73.7069
11748.1	73.7068
11750.4	73.7048
11752.7	73.7005
11754.9	73.6986
11757.2	73.7022
11759.5	73.6844
11761.8	73.6301
11764.0	73.6249
11766.3	73.6376
11768.6	73.626
11770.8	73.6282
11773.1	73.6143
11775.4	73.6546
11777.7	73.6481
11780.0	73.6882
11782.2	73.6784
11784.5	73.6341
11786.8	73.6329
11789.0	73.6344
11791.3	73.6644
11793.6	73.6604
11795.9	73.6605
11798.2	73.6599
11800.4	73.6954
11802.7	73.6936
11805.0	73.7035
11807.2	73.7008
11809.5	73.6297
11811.8	73.6613
11814.1	73.7091
11816.3	73.724
11818.6	73.6874
11820.9	73.6848
11823.2	73.6844
11825.5	73.6885
11827.7	73.6845
11830.0	73.6864
11832.3	73.6417
11834.5	73.6448
11836.8	73.6444
11839.1	73.6439
11841.4	73.646
11843.7	73.647
11845.9	73.6301
11848.2	73.5878
11850.5	73.5882
11852.8	73.5585
11855.0	73.5664
11857.3	73.5153
11859.6	73.555
11861.8	73.5474
11864.1	73.5462
11866.4	73.5741
